Time,Channel 1,Channel 2
24634.20894908905,0.544,-0.008
24634.209217282732,0.528,0.0
24634.209485476415,0.536,-0.016
24634.209753670097,0.52,0.0
24634.21002186378,0.528,-0.016
24634.21029005746,0.544,0.0
24634.210558251143,0.528,-0.016
24634.210826444825,0.544,0.0
24634.211094638507,0.528,-0.016
24634.21136283219,0.544,0.0
24634.21163102587,0.544,0.0
24634.211899219554,0.528,-0.016
24634.212167413236,0.528,-0.016
24634.212435606918,0.536,0.0
24634.2127038006,0.536,-0.016
24634.212971994282,0.528,0.0
24634.213240187964,0.52,0.0
24634.213508381647,0.544,-0.016
24634.21377657533,0.544,0.0
24634.214044769007,0.528,-0.016
24634.21431296269,0.528,-0.008
24634.21458115637,0.544,0.024
24634.214849350054,0.528,0.024
24634.215117543736,0.544,0.12
24634.215385737418,0.528,0.128
24634.2156539311,0.544,0.272
24634.215922124782,0.528,0.28800000000000003
24634.216190318464,0.544,0.368
24634.216458512146,0.528,0.368
24634.21672670583,0.536,0.392
24634.21699489951,0.52,0.392
24634.217263093193,0.544,0.4
24634.217531286875,0.528,0.40800000000000003
24634.217799480557,0.536,0.392
24634.21806767424,0.528,0.392
24634.21833586792,0.544,0.40800000000000003
24634.218604061603,0.528,0.41600000000000004
24634.218872255286,0.544,0.4
24634.219140448968,0.552,0.4
24634.21940864265,0.528,0.40800000000000003
24634.219676836332,0.528,0.40800000000000003
24634.219945030014,0.544,0.4
24634.220213223696,0.528,0.4
24634.22048141738,0.544,0.40800000000000003
24634.22074961106,0.528,0.4
24634.221017804743,0.536,0.40800000000000003
24634.221285998425,0.536,0.40800000000000003
24634.221554192107,0.52,0.392
24634.22182238579,0.528,0.4
24634.22209057947,0.544,0.40800000000000003
24634.222358773153,0.528,0.4
24634.222626966835,0.544,0.40800000000000003
24634.222895160518,0.552,0.4
24634.2231633542,0.52,0.40800000000000003
24634.22343154788,0.536,0.40800000000000003
24634.223699741564,0.52,0.4
24634.223967935246,0.52,0.392
24634.224236128925,0.544,0.40800000000000003
24634.224504322607,0.536,0.4
24634.22477251629,0.52,0.40800000000000003
24634.22504070997,0.536,0.4
24634.225308903653,0.52,0.40800000000000003
24634.225577097335,0.528,0.392
24634.225845291017,0.544,0.40800000000000003
24634.2261134847,0.528,0.392
24634.22638167838,0.536,0.4
24634.226649872064,0.528,0.392
24634.226918065746,0.552,0.40800000000000003
24634.227186259428,0.536,0.4
24634.22745445311,0.52,0.392
24634.227722646792,0.52,0.392
24634.227990840474,0.536,0.4
24634.228259034157,0.52,0.4
24634.22852722784,0.536,0.41600000000000004
24634.22879542152,0.528,0.392
24634.229063615203,0.536,0.424
24634.229331808885,0.536,0.424
24634.229600002567,0.52,0.40800000000000003
24634.22986819625,0.528,0.424
24634.23013638993,0.536,0.41600000000000004
24634.230404583614,0.528,0.41600000000000004
24634.230672777296,0.544,0.4
24634.230940970978,0.528,0.4
24634.23120916466,0.544,0.40800000000000003
24634.231477358342,0.544,0.4
24634.231745552024,0.528,0.392
24634.232013745706,0.528,0.392
24634.23228193939,0.552,0.41600000000000004
24634.23255013307,0.536,0.424
24634.232818326753,0.52,0.40800000000000003
24634.233086520435,0.528,0.40800000000000003
24634.233354714117,0.544,0.424
24634.2336229078,0.536,0.424
24634.23389110148,0.544,0.41600000000000004
24634.23415929516,0.544,0.424
24634.234427488842,0.528,0.4
24634.234695682524,0.528,0.40800000000000003
24634.234963876206,0.544,0.4
24634.23523206989,0.536,0.40800000000000003
24634.23550026357,0.52,0.392
24634.235768457253,0.528,0.40800000000000003
24634.236036650935,0.544,0.424
24634.236304844617,0.528,0.424
24634.2365730383,0.552,0.40800000000000003
24634.23684123198,0.552,0.41600000000000004
24634.237109425663,0.528,0.4
24634.237377619345,0.528,0.392
24634.237645813027,0.544,0.40800000000000003
24634.23791400671,0.528,0.40800000000000003
24634.23818220039,0.544,0.424
24634.238450394074,0.544,0.424
24634.238718587756,0.528,0.40800000000000003
24634.238986781438,0.52,0.41600000000000004
24634.23925497512,0.536,0.4
24634.239523168802,0.528,0.392
24634.239791362485,0.536,0.41600000000000004
24634.240059556167,0.536,0.424
24634.24032774985,0.528,0.40800000000000003
24634.24059594353,0.544,0.41600000000000004
24634.240864137213,0.528,0.424
24634.241132330895,0.536,0.424
24634.241400524577,0.52,0.40800000000000003
24634.24166871826,0.528,0.40800000000000003
24634.24193691194,0.536,0.392
24634.242205105624,0.536,0.392
24634.242473299306,0.528,0.41600000000000004
24634.242741492988,0.528,0.4
24634.24300968667,0.544,0.392
24634.243277880352,0.528,0.392
24634.243546074034,0.544,0.40800000000000003
24634.243814267717,0.528,0.41600000000000004
24634.2440824614,0.536,0.424
24634.244350655077,0.528,0.41600000000000004
24634.24461884876,0.544,0.424
24634.24488704244,0.528,0.41600000000000004
24634.245155236124,0.544,0.424
24634.245423429806,0.544,0.41600000000000004
24634.245691623488,0.528,0.424
24634.24595981717,0.544,0.41600000000000004
24634.246228010852,0.528,0.432
24634.246496204534,0.544,0.41600000000000004
24634.246764398216,0.52,0.432
24634.2470325919,0.528,0.41600000000000004
24634.24730078558,0.544,0.424
24634.247568979263,0.544,0.424
24634.247837172945,0.528,0.40800000000000003
24634.248105366627,0.528,0.40800000000000003
24634.24837356031,0.536,0.392
24634.24864175399,0.528,0.392
24634.248909947673,0.552,0.41600000000000004
24634.249178141356,0.552,0.4
24634.249446335038,0.52,0.40800000000000003
24634.24971452872,0.52,0.40800000000000003
24634.249982722402,0.536,0.4
24634.250250916084,0.528,0.4
24634.250519109766,0.544,0.40800000000000003
24634.25078730345,0.528,0.4
24634.25105549713,0.544,0.40800000000000003
24634.251323690813,0.528,0.392
24634.251591884495,0.544,0.40800000000000003
24634.251860078177,0.528,0.392
24634.25212827186,0.544,0.40800000000000003
24634.25239646554,0.552,0.4
24634.252664659223,0.528,0.424
24634.252932852905,0.544,0.41600000000000004
24634.253201046587,0.52,0.424
24634.25346924027,0.528,0.41600000000000004
24634.25373743395,0.52,0.432
24634.254005627634,0.52,0.41600000000000004
24634.254273821312,0.536,0.424
24634.254542014995,0.52,0.424
24634.254810208677,0.544,0.40800000000000003
24634.25507840236,0.536,0.4
24634.25534659604,0.52,0.41600000000000004
24634.255614789723,0.528,0.4
24634.255882983405,0.536,0.40800000000000003
24634.256151177087,0.536,0.4
24634.25641937077,0.52,0.40800000000000003
24634.25668756445,0.528,0.4
24634.256955758134,0.544,0.40800000000000003
24634.257223951816,0.528,0.4
24634.257492145498,0.536,0.40800000000000003
24634.25776033918,0.528,0.4
24634.258028532862,0.544,0.40800000000000003
24634.258296726544,0.528,0.392
24634.258564920226,0.544,0.40800000000000003
24634.25883311391,0.528,0.4
24634.25910130759,0.552,0.40800000000000003
24634.259369501273,0.552,0.4
24634.259637694955,0.528,0.40800000000000003
24634.259905888637,0.528,0.4
24634.26017408232,0.544,0.4
24634.260442276,0.528,0.40800000000000003
24634.260710469684,0.536,0.392
24634.260978663366,0.528,0.392
24634.261246857048,0.536,0.40800000000000003
24634.26151505073,0.544,0.4
24634.261783244412,0.528,0.424
24634.262051438094,0.536,0.41600000000000004
24634.262319631776,0.528,0.424
24634.26258782546,0.544,0.41600000000000004
24634.26285601914,0.52,0.432
24634.263124212823,0.528,0.41600000000000004
24634.263392406505,0.544,0.4
24634.263660600187,0.528,0.40800000000000003
24634.26392879387,0.544,0.4
24634.26419698755,0.544,0.40800000000000003
24634.26446518123,0.528,0.392
24634.264733374912,0.544,0.4
24634.265001568594,0.52,0.392
24634.265269762276,0.528,0.4
24634.26553795596,0.544,0.392
24634.26580614964,0.528,0.392
24634.266074343323,0.552,0.40800000000000003
24634.266342537005,0.552,0.424
24634.266610730687,0.528,0.4
24634.26687892437,0.528,0.41600000000000004
24634.26714711805,0.544,0.392
24634.267415311733,0.528,0.392
24634.267683505415,0.544,0.424
24634.267951699097,0.544,0.424
24634.26821989278,0.528,0.40800000000000003
24634.26848808646,0.544,0.41600000000000004
24634.268756280144,0.528,0.4
24634.269024473826,0.528,0.4
24634.269292667508,0.536,0.40800000000000003
24634.26956086119,0.528,0.40800000000000003
24634.269829054872,0.536,0.392
24634.270097248555,0.528,0.4
24634.270365442237,0.536,0.392
24634.27063363592,0.528,0.4
24634.2709018296,0.552,0.424
24634.271170023283,0.536,0.41600000000000004
24634.271438216965,0.544,0.4
24634.271706410647,0.544,0.4
24634.27197460433,0.52,0.41600000000000004
24634.27224279801,0.544,0.40800000000000003
24634.272510991694,0.52,0.4
24634.272779185376,0.528,0.40800000000000003
24634.273047379058,0.544,0.392
24634.27331557274,0.528,0.392
24634.273583766422,0.536,0.424
24634.273851960104,0.528,0.40800000000000003
24634.274120153786,0.544,0.424
24634.274388347465,0.528,0.41600000000000004
24634.274656541147,0.536,0.4
24634.27492473483,0.528,0.40800000000000003
24634.27519292851,0.544,0.4
24634.275461122194,0.528,0.40800000000000003
24634.275729315876,0.544,0.392
24634.275997509558,0.528,0.392
24634.27626570324,0.544,0.41600000000000004
24634.276533896922,0.528,0.40800000000000003
24634.276802090604,0.544,0.424
24634.277070284286,0.544,0.41600000000000004
24634.27733847797,0.528,0.424
24634.27760667165,0.536,0.41600000000000004
24634.277874865333,0.528,0.4
24634.278143059015,0.536,0.40800000000000003
24634.278411252697,0.528,0.4
24634.27867944638,0.528,0.4
24634.27894764006,0.544,0.4
24634.279215833743,0.544,0.4
24634.279484027425,0.528,0.40800000000000003
24634.279752221108,0.528,0.4
24634.28002041479,0.536,0.392
24634.280288608472,0.528,0.392
24634.280556802154,0.536,0.40800000000000003
24634.280824995836,0.544,0.4
24634.28109318952,0.528,0.41600000000000004
24634.2813613832,0.552,0.4
24634.281629576883,0.52,0.336
24634.281897770565,0.536,0.328
24634.282165964247,0.52,0.176
24634.28243415793,0.544,0.176
24634.28270235161,0.528,0.064
24634.282970545293,0.536,0.048
24634.283238738975,0.52,0.016
24634.283506932657,0.528,0.008
24634.28377512634,0.544,-0.008
24634.28404332002,0.528,0.0
24634.284311513704,0.536,-0.008
24634.284579707382,0.544,0.0
24634.284847901064,0.528,-0.008
24634.285116094747,0.528,0.0
24634.28538428843,0.544,-0.008
24634.28565248211,0.536,0.0
24634.285920675793,0.52,-0.016
24634.286188869475,0.52,0.0
24634.286457063157,0.536,-0.016
24634.28672525684,0.536,0.0
24634.28699345052,0.528,-0.016
24634.287261644204,0.528,0.0
24634.287529837886,0.544,-0.016
24634.287798031568,0.528,0.0
24634.28806622525,0.544,-0.016
24634.288334418932,0.528,-0.008
24634.288602612614,0.552,0.0
24634.288870806296,0.544,0.0
24634.28913899998,0.52,-0.016
24634.28940719366,0.52,0.0
24634.289675387343,0.536,-0.008
24634.289943581025,0.544,0.0
24634.290211774707,0.52,-0.008
24634.29047996839,0.528,0.0
24634.29074816207,0.544,-0.008
24634.291016355754,0.544,0.0
24634.291284549436,0.528,-0.008
24634.291552743118,0.528,-0.008
24634.2918209368,0.544,0.0
24634.292089130482,0.544,0.0
24634.292357324164,0.528,-0.008
24634.292625517846,0.544,-0.008
24634.29289371153,0.52,0.0
24634.29316190521,0.528,0.0
24634.293430098893,0.536,-0.008
24634.293698292575,0.528,-0.008
24634.293966486257,0.552,0.0
24634.29423467994,0.528,0.0
24634.294502873618,0.544,-0.008
24634.2947710673,0.536,0.0
24634.295039260982,0.528,-0.008
24634.295307454664,0.528,-0.008
24634.295575648346,0.544,0.0
24634.29584384203,0.528,-0.008
24634.29611203571,0.544,0.0
24634.296380229393,0.536,0.0
24634.296648423075,0.52,-0.016
24634.296916616757,0.528,0.0
24634.29718481044,0.536,-0.008
24634.29745300412,0.536,0.0
24634.297721197803,0.528,-0.008
24634.297989391485,0.528,0.0
24634.298257585167,0.544,-0.016
24634.29852577885,0.528,0.0
24634.29879397253,0.536,-0.016
24634.299062166214,0.528,0.0
24634.299330359896,0.544,-0.008
24634.299598553578,0.528,0.0
24634.29986674726,0.544,-0.016
24634.300134940942,0.528,0.0
24634.300403134625,0.544,-0.008
24634.300671328307,0.536,0.0
24634.30093952199,0.528,-0.016
24634.30120771567,0.544,0.0
24634.301475909353,0.528,-0.016
24634.301744103035,0.552,0.0
24634.302012296717,0.528,-0.016
24634.3022804904,0.528,0.0
24634.30254868408,0.544,-0.016
24634.302816877764,0.528,0.0
24634.303085071446,0.544,-0.008
24634.303353265128,0.544,0.0
24634.30362145881,0.528,-0.016
24634.303889652492,0.528,0.0
24634.304157846174,0.552,-0.008
24634.304426039856,0.552,0.0
24634.304694233535,0.52,-0.016
24634.304962427217,0.52,-0.008
24634.3052306209,0.536,0.0
24634.30549881458,0.52,0.0
24634.305767008264,0.536,-0.016
24634.306035201946,0.536,-0.016
24634.306303395628,0.52,0.0
24634.30657158931,0.52,0.0
24634.306839782992,0.536,-0.016
24634.307107976674,0.528,0.0
24634.307376170356,0.544,-0.016
24634.30764436404,0.528,0.0
24634.30791255772,0.544,-0.016
24634.308180751403,0.544,0.0
24634.308448945085,0.528,-0.016
24634.308717138767,0.52,0.0
24634.30898533245,0.536,-0.016
24634.30925352613,0.544,0.0
24634.309521719813,0.52,-0.016
24634.309789913495,0.544,0.0
24634.310058107178,0.52,-0.016
24634.31032630086,0.528,0.0
24634.310594494542,0.536,-0.016
24634.310862688224,0.528,0.0
24634.311130881906,0.544,-0.016
24634.31139907559,0.528,0.0
24634.31166726927,0.544,-0.016
24634.311935462953,0.528,-0.008
24634.312203656635,0.544,0.0
24634.312471850317,0.528,0.0
24634.312740044,0.544,-0.016
24634.31300823768,0.528,-0.016
24634.313276431363,0.544,0.0
24634.313544625045,0.536,-0.016
24634.313812818727,0.52,0.0
24634.31408101241,0.528,0.0
24634.31434920609,0.52,-0.016
24634.31461739977,0.536,0.0
24634.314885593452,0.52,-0.016
24634.315153787134,0.536,0.0
24634.315421980817,0.52,-0.016
24634.3156901745,0.528,0.0
24634.31595836818,0.536,-0.008
24634.316226561863,0.52,0.0
24634.316494755545,0.536,-0.016
24634.316762949227,0.52,0.0
24634.31703114291,0.544,-0.016
24634.31729933659,0.536,0.0
24634.317567530274,0.52,-0.016
24634.317835723956,0.528,0.0
24634.318103917638,0.536,-0.016
24634.31837211132,0.528,0.0
24634.318640305002,0.552,-0.016
24634.318908498684,0.552,0.0
24634.319176692366,0.528,-0.016
24634.31944488605,0.528,-0.016
24634.31971307973,0.544,0.0
24634.319981273413,0.528,-0.016
24634.320249467095,0.544,0.0
24634.320517660777,0.552,0.0
24634.32078585446,0.528,-0.016
24634.32105404814,0.536,-0.016
24634.321322241824,0.52,0.0
24634.321590435506,0.544,-0.016
24634.321858629188,0.52,0.0
24634.32212682287,0.528,-0.016
24634.322395016552,0.544,0.0
24634.322663210234,0.544,-0.016
24634.322931403916,0.528,0.0
24634.3231995976,0.528,-0.016
24634.32346779128,0.544,0.0
24634.323735984963,0.552,-0.016
24634.324004178645,0.52,0.0
24634.324272372327,0.52,0.0
24634.32454056601,0.536,-0.016
24634.324808759688,0.528,0.0
24634.32507695337,0.544,-0.008
24634.325345147052,0.528,-0.016
24634.325613340734,0.544,0.0
24634.325881534416,0.528,-0.016
24634.3261497281,0.544,0.0
24634.32641792178,0.536,-0.016
24634.326686115463,0.52,0.0
24634.326954309145,0.52,0.0
24634.327222502827,0.544,-0.016
24634.32749069651,0.536,0.0
24634.32775889019,0.52,-0.016
24634.328027083873,0.528,-0.008
24634.328295277555,0.52,0.0
24634.328563471237,0.52,0.0
24634.32883166492,0.536,-0.016
24634.3290998586,0.536,0.0
24634.329368052284,0.52,-0.016
24634.329636245966,0.528,0.0
24634.329904439648,0.544,-0.016
24634.33017263333,0.528,0.0
24634.330440827012,0.544,-0.016
24634.330709020694,0.544,0.0
24634.330977214377,0.528,-0.016
24634.33124540806,0.528,-0.016
24634.33151360174,0.544,0.0
24634.331781795423,0.544,0.0
24634.332049989105,0.528,-0.016
24634.332318182787,0.544,0.0
24634.33258637647,0.52,-0.016
24634.33285457015,0.52,0.0
24634.333122763834,0.536,-0.016
24634.333390957516,0.528,0.0
24634.333659151198,0.544,-0.016
24634.33392734488,0.552,0.0
24634.334195538562,0.528,-0.016
24634.334463732244,0.528,0.0
24634.334731925923,0.536,-0.016
24634.335000119605,0.528,0.0
24634.335268313287,0.544,-0.016
24634.33553650697,0.552,-0.016
24634.33580470065,0.528,0.0
24634.336072894333,0.528,-0.016
24634.336341088016,0.536,0.0
24634.336609281698,0.544,0.0
24634.33687747538,0.52,-0.016
24634.337145669062,0.528,0.0
24634.337413862744,0.544,-0.016
24634.337682056426,0.528,0.0
24634.33795025011,0.536,-0.016
24634.33821844379,0.528,-0.016
24634.338486637473,0.544,0.0
24634.338754831155,0.528,0.0
24634.339023024837,0.536,-0.016
24634.33929121852,0.528,-0.016
24634.3395594122,0.544,0.0
24634.339827605883,0.528,0.0
24634.340095799565,0.552,-0.016
24634.340363993248,0.528,0.0
24634.34063218693,0.544,-0.016
24634.340900380612,0.552,-0.016
24634.341168574294,0.528,0.0
24634.341436767976,0.536,0.0
24634.34170496166,0.52,-0.016
24634.34197315534,0.52,-0.016
24634.342241349023,0.544,0.0
24634.342509542705,0.528,0.0
24634.342777736387,0.544,-0.016
24634.34304593007,0.528,0.0
24634.34331412375,0.544,-0.016
24634.343582317433,0.528,-0.008
24634.343850511115,0.544,0.0
24634.344118704797,0.528,0.0
24634.34438689848,0.544,-0.016
24634.34465509216,0.528,0.0
24634.34492328584,0.544,-0.016
24634.345191479522,0.528,-0.016
24634.345459673204,0.536,0.0
24634.345727866887,0.528,-0.016
24634.34599606057,0.552,0.0
24634.34626425425,0.528,-0.008
24634.346532447933,0.552,0.0
24634.346800641615,0.528,-0.016
24634.347068835297,0.536,0.0
24634.34733702898,0.544,0.0
24634.34760522266,0.528,-0.016
24634.347873416344,0.528,0.0
24634.348141610026,0.552,-0.008
24634.348409803708,0.536,-0.008
24634.34867799739,0.52,0.024
24634.348946191072,0.528,0.016
24634.349214384754,0.544,0.12
24634.349482578436,0.544,0.128
24634.34975077212,0.528,0.28800000000000003
24634.3500189658,0.536,0.296
24634.350287159483,0.552,0.368
24634.350555353165,0.544,0.368
24634.350823546847,0.52,0.392
24634.35109174053,0.52,0.384
24634.35135993421,0.536,0.4
24634.351628127893,0.528,0.4
24634.351896321576,0.536,0.424
24634.352164515258,0.544,0.424
24634.35243270894,0.528,0.4
24634.352700902622,0.544,0.40800000000000003
24634.352969096304,0.528,0.392
24634.353237289986,0.528,0.392
24634.35350548367,0.52,0.41600000000000004
24634.35377367735,0.528,0.41600000000000004
24634.354041871033,0.536,0.4
24634.354310064715,0.528,0.4
24634.354578258397,0.552,0.392
24634.354846452075,0.536,0.4
24634.355114645758,0.56,0.40800000000000003
24634.35538283944,0.56,0.4
24634.355651033122,0.528,0.40800000000000003
24634.355919226804,0.528,0.40800000000000003
24634.356187420486,0.544,0.4
24634.35645561417,0.544,0.4
24634.35672380785,0.528,0.424
24634.356992001532,0.528,0.41600000000000004
24634.357260195215,0.536,0.432
24634.357528388897,0.544,0.424
24634.35779658258,0.528,0.4
24634.35806477626,0.528,0.40800000000000003
24634.358332969943,0.552,0.4
24634.358601163625,0.528,0.4
24634.358869357307,0.544,0.40800000000000003
24634.35913755099,0.528,0.4
24634.35940574467,0.544,0.40800000000000003
24634.359673938354,0.528,0.4
24634.359942132036,0.536,0.40800000000000003
24634.360210325718,0.528,0.40800000000000003
24634.3604785194,0.552,0.392
24634.360746713082,0.56,0.4
24634.361014906764,0.52,0.40800000000000003
24634.361283100447,0.52,0.4
24634.36155129413,0.536,0.40800000000000003
24634.36181948781,0.528,0.4
24634.362087681493,0.536,0.40800000000000003
24634.362355875175,0.528,0.4
24634.362624068857,0.544,0.424
24634.36289226254,0.528,0.41600000000000004
24634.36316045622,0.544,0.40800000000000003
24634.363428649904,0.528,0.41600000000000004
24634.363696843586,0.544,0.4
24634.363965037268,0.552,0.4
24634.36423323095,0.512,0.40800000000000003
24634.364501424632,0.52,0.4
24634.364769618314,0.536,0.40800000000000003
24634.365037811993,0.536,0.392
24634.365306005675,0.52,0.40800000000000003
24634.365574199357,0.528,0.392
24634.36584239304,0.544,0.40800000000000003
24634.36611058672,0.544,0.4
24634.366378780403,0.528,0.40800000000000003
24634.366646974086,0.528,0.4
24634.366915167768,0.544,0.4
24634.36718336145,0.528,0.392
24634.367451555132,0.552,0.40800000000000003
24634.367719748814,0.536,0.4
24634.367987942496,0.52,0.40800000000000003
24634.36825613618,0.52,0.4
24634.36852432986,0.536,0.41600000000000004
24634.368792523543,0.52,0.4
24634.369060717225,0.536,0.40800000000000003
24634.369328910907,0.536,0.392
24634.36959710459,0.528,0.41600000000000004
24634.36986529827,0.528,0.40800000000000003
24634.370133491953,0.552,0.424
24634.370401685635,0.544,0.40800000000000003
24634.370669879318,0.528,0.4
24634.370938073,0.544,0.40800000000000003
24634.371206266682,0.52,0.392
24634.371474460364,0.52,0.4
24634.371742654046,0.536,0.424
24634.37201084773,0.536,0.4
24634.37227904141,0.52,0.41600000000000004
24634.372547235092,0.52,0.4
24634.372815428775,0.536,0.40800000000000003
24634.373083622457,0.536,0.40800000000000003
24634.37335181614,0.52,0.392
24634.37362000982,0.536,0.392
24634.373888203503,0.52,0.424
24634.374156397185,0.52,0.424
24634.374424590867,0.544,0.40800000000000003
24634.37469278455,0.536,0.41600000000000004
24634.374960978228,0.52,0.4
24634.37522917191,0.52,0.4
24634.375497365592,0.544,0.40800000000000003
24634.375765559274,0.536,0.392
24634.376033752957,0.52,0.40800000000000003
24634.37630194664,0.528,0.4
24634.37657014032,0.544,0.392
24634.376838334003,0.528,0.40800000000000003
24634.377106527685,0.544,0.41600000000000004
24634.377374721367,0.52,0.41600000000000004
24634.37764291505,0.544,0.424
24634.37791110873,0.528,0.41600000000000004
24634.378179302414,0.544,0.432
24634.378447496096,0.552,0.41600000000000004
24634.378715689778,0.528,0.432
24634.37898388346,0.528,0.41600000000000004
24634.379252077142,0.544,0.432
24634.379520270824,0.544,0.424
24634.379788464506,0.52,0.4
24634.38005665819,0.528,0.40800000000000003
24634.38032485187,0.544,0.4
24634.380593045553,0.536,0.40800000000000003
24634.380861239235,0.528,0.4
24634.381129432917,0.536,0.4
24634.3813976266,0.52,0.40800000000000003
24634.38166582028,0.528,0.40800000000000003
24634.381934013963,0.544,0.392
24634.382202207646,0.544,0.392
24634.382470401328,0.52,0.40800000000000003
24634.38273859501,0.52,0.4
24634.383006788692,0.536,0.424
24634.383274982374,0.528,0.41600000000000004
24634.383543176056,0.544,0.4
24634.38381136974,0.52,0.40800000000000003
24634.38407956342,0.544,0.392
24634.384347757103,0.528,0.392
24634.384615950785,0.544,0.41600000000000004
24634.384884144467,0.536,0.41600000000000004
24634.385152338145,0.52,0.4
24634.385420531828,0.528,0.4
24634.38568872551,0.544,0.40800000000000003
24634.38595691919,0.528,0.40800000000000003
24634.386225112874,0.544,0.4
24634.386493306556,0.528,0.4
24634.38676150024,0.544,0.40800000000000003
24634.38702969392,0.552,0.40800000000000003
24634.387297887602,0.52,0.392
24634.387566081285,0.528,0.4
24634.387834274967,0.544,0.40800000000000003
24634.38810246865,0.528,0.4
24634.38837066233,0.544,0.424
24634.388638856013,0.528,0.41600000000000004
24634.388907049695,0.552,0.424
24634.389175243377,0.528,0.41600000000000004
24634.38944343706,0.536,0.4
24634.38971163074,0.528,0.40800000000000003
24634.389979824424,0.536,0.4
24634.390248018106,0.528,0.4
24634.390516211788,0.544,0.40800000000000003
24634.39078440547,0.528,0.4
24634.391052599152,0.544,0.40800000000000003
24634.391320792834,0.56,0.4
24634.391588986517,0.528,0.40800000000000003
24634.3918571802,0.536,0.40800000000000003
24634.39212537388,0.52,0.392
24634.392393567563,0.52,0.4
24634.392661761245,0.544,0.424
24634.392929954927,0.528,0.40800000000000003
24634.39319814861,0.544,0.4
24634.39346634229,0.528,0.4
24634.393734535974,0.544,0.40800000000000003
24634.394002729656,0.528,0.4
24634.394270923338,0.544,0.4
24634.39453911702,0.528,0.392
24634.394807310702,0.544,0.40800000000000003
24634.39507550438,0.544,0.4
24634.395343698063,0.52,0.424
24634.395611891745,0.544,0.41600000000000004
24634.395880085427,0.52,0.4
24634.39614827911,0.528,0.40800000000000003
24634.39641647279,0.552,0.392
24634.396684666473,0.544,0.392
24634.396952860156,0.52,0.424
24634.397221053838,0.536,0.41600000000000004
24634.39748924752,0.52,0.424
24634.397757441202,0.52,0.40800000000000003
24634.398025634884,0.536,0.4
24634.398293828566,0.52,0.4
24634.39856202225,0.536,0.41600000000000004
24634.39883021593,0.528,0.41600000000000004
24634.399098409613,0.544,0.4
24634.399366603295,0.528,0.4
24634.399634796977,0.544,0.41600000000000004
24634.39990299066,0.528,0.40800000000000003
24634.40017118434,0.56,0.424
24634.400439378023,0.552,0.41600000000000004
24634.400707571705,0.52,0.424
24634.400975765388,0.544,0.41600000000000004
24634.40124395907,0.52,0.424
24634.401512152752,0.528,0.41600000000000004
24634.401780346434,0.544,0.424
24634.402048540116,0.536,0.424
24634.4023167338,0.528,0.40800000000000003
24634.40258492748,0.552,0.41600000000000004
24634.402853121162,0.528,0.4
24634.403121314845,0.536,0.40800000000000003
24634.403389508527,0.52,0.4
24634.40365770221,0.528,0.4
24634.40392589589,0.536,0.392
24634.404194089573,0.536,0.4
24634.404462283255,0.52,0.41600000000000004
24634.404730476937,0.52,0.432
24634.40499867062,0.536,0.40800000000000003
24634.405266864298,0.528,0.40800000000000003
24634.40553505798,0.544,0.4
24634.405803251662,0.528,0.4
24634.406071445344,0.544,0.41600000000000004
24634.406339639027,0.544,0.41600000000000004
24634.40660783271,0.528,0.4
24634.40687602639,0.528,0.41600000000000004
24634.407144220073,0.544,0.392
24634.407412413755,0.528,0.392
24634.407680607437,0.544,0.41600000000000004
24634.40794880112,0.528,0.424
24634.4082169948,0.536,0.40800000000000003
24634.408485188484,0.528,0.424
24634.408753382166,0.544,0.4
24634.409021575848,0.544,0.41600000000000004
24634.40928976953,0.52,0.4
24634.409557963212,0.52,0.4
24634.409826156894,0.544,0.4
24634.410094350576,0.544,0.4
24634.41036254426,0.52,0.40800000000000003
24634.41063073794,0.528,0.424
24634.410898931623,0.536,0.4
24634.411167125305,0.536,0.40800000000000003
24634.411435318987,0.52,0.392
24634.41170351267,0.544,0.392
24634.41197170635,0.52,0.424
24634.412239900033,0.544,0.41600000000000004
24634.412508093716,0.528,0.40800000000000003
24634.412776287398,0.528,0.40800000000000003
24634.41304448108,0.544,0.4
24634.413312674762,0.544,0.392
24634.413580868444,0.528,0.424
24634.413849062126,0.536,0.41600000000000004
24634.41411725581,0.528,0.4
24634.41438544949,0.528,0.40800000000000003
24634.414653643173,0.552,0.392
24634.414921836855,0.52,0.392
24634.415190030533,0.536,0.40800000000000003
24634.415458224215,0.52,0.384
24634.415726417898,0.536,0.32
24634.41599461158,0.528,0.32
24634.41626280526,0.544,0.176
24634.416530998944,0.544,0.168
24634.416799192626,0.528,0.056
24634.41706738631,0.528,0.056
24634.41733557999,0.544,0.016
24634.417603773672,0.544,0.016
24634.417871967355,0.528,-0.008
24634.418140161037,0.528,-0.008
24634.41840835472,0.552,0.0
24634.4186765484,0.552,0.0
24634.418944742083,0.528,-0.008
24634.419212935765,0.528,0.0
24634.419481129447,0.544,-0.008
24634.41974932313,0.528,0.0
24634.42001751681,0.544,-0.008
24634.420285710494,0.552,0.0
24634.420553904176,0.528,-0.008
24634.420822097858,0.52,0.0
24634.42109029154,0.536,-0.008
24634.421358485222,0.52,-0.008
24634.421626678904,0.544,0.0
24634.421894872587,0.544,-0.008
24634.42216306627,0.528,0.0
24634.42243125995,0.528,0.0
24634.422699453633,0.544,-0.008
24634.422967647315,0.544,0.0
24634.423235840997,0.536,-0.008
24634.42350403468,0.56,0.0
24634.42377222836,0.528,-0.008
24634.424040422044,0.528,0.0
24634.424308615726,0.536,-0.008
24634.424576809408,0.544,0.0
24634.42484500309,0.528,-0.008
24634.425113196772,0.544,0.0
24634.42538139045,0.52,-0.008
24634.425649584133,0.52,0.0
24634.425917777815,0.536,-0.008
24634.426185971497,0.536,0.0
24634.42645416518,0.52,-0.016
24634.42672235886,0.536,0.0
24634.426990552543,0.52,-0.016
24634.427258746226,0.544,-0.008
24634.427526939908,0.528,0.0
24634.42779513359,0.528,0.0
24634.428063327272,0.552,-0.008
24634.428331520954,0.552,-0.008
24634.428599714636,0.528,0.0
24634.42886790832,0.544,0.0
24634.429136102,0.52,-0.016
24634.429404295683,0.528,0.0
24634.429672489365,0.544,-0.008
24634.429940683047,0.528,-0.008
24634.43020887673,0.544,0.0
24634.43047707041,0.528,0.0
24634.430745264093,0.544,-0.016
24634.431013457775,0.52,0.0
24634.431281651458,0.544,-0.008
24634.43154984514,0.528,0.0
24634.43181803882,0.544,-0.008
24634.432086232504,0.544,-0.008
24634.432354426186,0.528,0.0
24634.43262261987,0.544,0.0
24634.43289081355,0.528,-0.008
24634.433159007232,0.56,-0.008
24634.433427200915,0.528,0.0
24634.433695394597,0.544,0.0
24634.43396358828,0.52,-0.016
24634.43423178196,0.536,-0.016
24634.434499975643,0.52,0.0
24634.434768169325,0.528,0.0
24634.435036363007,0.552,-0.016
24634.435304556686,0.536,0.0
24634.435572750368,0.552,-0.016
24634.43584094405,0.536,0.0
24634.436109137732,0.544,-0.008
24634.436377331414,0.536,0.0
24634.436645525097,0.536,-0.016
24634.43691371878,0.536,0.0
24634.43718191246,0.552,-0.008
24634.437450106143,0.544,0.0
24634.437718299825,0.536,-0.016
24634.437986493507,0.528,0.0
24634.43825468719,0.552,-0.016
24634.43852288087,0.528,0.0
24634.438791074554,0.552,-0.016
24634.439059268236,0.536,-0.016
24634.439327461918,0.552,0.0
24634.4395956556,0.552,0.0
24634.439863849282,0.528,-0.008
24634.440132042964,0.536,0.0
24634.440400236646,0.544,-0.016
24634.44066843033,0.536,0.0
24634.44093662401,0.552,-0.016
24634.441204817693,0.536,0.0
24634.441473011375,0.544,-0.008
24634.441741205057,0.536,0.0
24634.44200939874,0.552,-0.016
24634.44227759242,0.536,-0.016
24634.442545786103,0.552,0.0
24634.442813979786,0.536,0.0
24634.443082173468,0.552,-0.016
24634.44335036715,0.536,0.0
24634.443618560832,0.552,-0.016
24634.443886754514,0.552,0.0
24634.444154948196,0.528,-0.016
24634.44442314188,0.536,0.0
24634.44469133556,0.544,-0.016
24634.444959529243,0.536,0.0
24634.445227722925,0.552,-0.016
24634.445495916603,0.528,0.0
24634.445764110285,0.552,-0.016
24634.446032303968,0.536,0.0
24634.44630049765,0.544,-0.016
24634.44656869133,0.536,0.0
24634.446836885014,0.552,-0.016
24634.447105078696,0.536,0.0
24634.447373272378,0.544,-0.016
24634.44764146606,0.536,0.0
24634.447909659742,0.552,-0.016
24634.448177853425,0.536,0.0
24634.448446047107,0.552,-0.016
24634.44871424079,0.536,0.0
24634.44898243447,0.552,-0.016
24634.449250628153,0.552,0.0
24634.449518821835,0.528,-0.016
24634.449787015517,0.544,0.0
24634.4500552092,0.528,-0.016
24634.45032340288,0.536,-0.016
24634.450591596564,0.552,0.0
24634.450859790246,0.544,-0.016
24634.451127983928,0.528,0.0
24634.45139617761,0.528,0.0
24634.451664371292,0.544,-0.016
24634.451932564974,0.528,0.0
24634.452200758657,0.544,-0.016
24634.45246895234,0.536,0.0
24634.45273714602,0.52,-0.016
24634.453005339703,0.528,0.0
24634.453273533385,0.536,-0.016
24634.453541727067,0.528,0.0
24634.45380992075,0.536,-0.016
24634.45407811443,0.528,0.0
24634.454346308114,0.552,-0.016
24634.454614501796,0.52,0.0
24634.454882695478,0.544,-0.016
24634.45515088916,0.528,-0.016
24634.45541908284,0.544,0.0
24634.45568727652,0.544,-0.016
24634.455955470203,0.528,0.0
24634.456223663885,0.528,0.0
24634.456491857567,0.544,-0.016
24634.45676005125,0.528,0.0
24634.45702824493,0.56,-0.016
24634.457296438613,0.544,0.0
24634.457564632296,0.52,-0.016
24634.457832825978,0.52,0.0
24634.45810101966,0.536,-0.016
24634.458369213342,0.52,0.0
24634.458637407024,0.536,-0.016
24634.458905600706,0.52,0.0
24634.45917379439,0.544,-0.008
24634.45944198807,0.528,-0.016
24634.459710181753,0.544,0.0
24634.459978375435,0.56,0.0
24634.460246569117,0.52,-0.016
24634.4605147628,0.52,0.0
24634.46078295648,0.544,-0.016
24634.461051150163,0.528,-0.016
24634.461319343845,0.544,0.0
24634.461587537528,0.528,-0.016
24634.46185573121,0.544,0.0
24634.46212392489,0.528,0.0
24634.462392118574,0.544,-0.016
24634.462660312256,0.544,0.0
24634.462928505938,0.528,-0.016
24634.46319669962,0.528,-0.016
24634.463464893302,0.536,0.0
24634.463733086985,0.536,-0.016
24634.464001280667,0.528,0.0
24634.46426947435,0.536,0.0
24634.46453766803,0.52,-0.016
24634.464805861713,0.52,0.0
24634.465074055395,0.544,-0.016
24634.465342249077,0.528,0.0
24634.465610442756,0.544,-0.016
24634.465878636438,0.544,0.0
24634.46614683012,0.528,-0.016
24634.466415023802,0.52,-0.016
24634.466683217484,0.544,0.0
24634.466951411167,0.528,0.0
24634.46721960485,0.544,-0.016
24634.46748779853,0.528,-0.016
24634.467755992213,0.536,0.0
24634.468024185895,0.528,-0.016
24634.468292379577,0.544,0.0
24634.46856057326,0.528,-0.016
24634.46882876694,0.544,0.0
24634.469096960624,0.52,0.0
24634.469365154306,0.536,-0.016
24634.469633347988,0.528,0.0
24634.46990154167,0.544,-0.016
24634.470169735352,0.536,0.0
24634.470437929034,0.528,-0.016
24634.470706122716,0.52,0.0
24634.4709743164,0.544,-0.016
24634.47124251008,0.528,0.0
24634.471510703763,0.536,-0.016
24634.471778897445,0.528,-0.016
24634.472047091127,0.536,0.0
24634.47231528481,0.528,0.0
24634.47258347849,0.544,-0.016
24634.472851672173,0.528,0.0
24634.473119865856,0.544,-0.016
24634.473388059538,0.544,-0.016
24634.47365625322,0.528,0.0
24634.473924446902,0.536,0.0
24634.474192640584,0.52,-0.016
24634.474460834266,0.528,0.0
24634.47472902795,0.544,-0.016
24634.47499722163,0.52,0.0
24634.475265415313,0.544,-0.016
24634.47553360899,0.544,0.0
24634.475801802673,0.528,-0.016
24634.476069996355,0.544,0.0
24634.476338190037,0.528,-0.016
24634.47660638372,0.52,-0.016
24634.4768745774,0.536,0.0
24634.477142771084,0.52,0.0
24634.477410964766,0.536,-0.016
24634.477679158448,0.536,-0.016
24634.47794735213,0.552,0.0
24634.478215545812,0.528,-0.016
24634.478483739495,0.544,0.0
24634.478751933177,0.544,0.0
24634.47902012686,0.528,-0.016
24634.47928832054,0.544,0.0
24634.479556514223,0.528,-0.016
24634.479824707905,0.544,0.0
24634.480092901587,0.52,-0.016
24634.48036109527,0.52,0.0
24634.48062928895,0.536,-0.016
24634.480897482634,0.52,0.0
24634.481165676316,0.544,-0.016
24634.481433869998,0.544,0.0
24634.48170206368,0.52,-0.016
24634.481970257362,0.52,0.0
24634.482238451044,0.544,-0.016
24634.482506644727,0.52,-0.008
24634.48277483841,0.536,0.024
24634.48304303209,0.528,0.016
24634.483311225773,0.536,0.12
24634.483579419455,0.528,0.128
24634.483847613137,0.544,0.28
24634.48411580682,0.528,0.28800000000000003
24634.4843840005,0.544,0.384
24634.484652194184,0.528,0.384
24634.484920387866,0.544,0.4
24634.485188581548,0.528,0.4
24634.48545677523,0.552,0.41600000000000004
24634.48572496891,0.52,0.40800000000000003
24634.48599316259,0.536,0.41600000000000004
24634.486261356273,0.536,0.40800000000000003
24634.486529549955,0.52,0.41600000000000004
24634.486797743637,0.536,0.40800000000000003
24634.48706593732,0.52,0.41600000000000004
24634.487334131,0.52,0.40800000000000003
24634.487602324683,0.536,0.41600000000000004
24634.487870518366,0.52,0.40800000000000003
24634.488138712048,0.536,0.41600000000000004
24634.48840690573,0.536,0.40800000000000003
24634.488675099412,0.52,0.40800000000000003
24634.488943293094,0.544,0.40800000000000003
24634.489211486776,0.528,0.40800000000000003
24634.48947968046,0.528,0.40800000000000003
24634.48974787414,0.544,0.424
24634.490016067823,0.528,0.40800000000000003
24634.490284261505,0.536,0.424
24634.490552455187,0.552,0.40800000000000003
24634.49082064887,0.528,0.41600000000000004
24634.49108884255,0.528,0.40800000000000003
24634.491357036233,0.544,0.41600000000000004
24634.491625229915,0.544,0.40800000000000003
24634.491893423598,0.528,0.41600000000000004
24634.49216161728,0.544,0.40800000000000003
24634.49242981096,0.528,0.41600000000000004
24634.492698004644,0.536,0.40800000000000003
24634.492966198326,0.528,0.41600000000000004
24634.493234392008,0.528,0.40800000000000003
24634.49350258569,0.536,0.41600000000000004
24634.493770779372,0.52,0.40800000000000003
24634.494038973055,0.536,0.40800000000000003
24634.494307166737,0.544,0.40800000000000003
24634.49457536042,0.52,0.41600000000000004
24634.4948435541,0.52,0.41600000000000004
24634.495111747783,0.544,0.4
24634.495379941465,0.528,0.4
24634.495648135144,0.544,0.40800000000000003
24634.495916328826,0.536,0.4
24634.496184522508,0.552,0.40800000000000003
24634.49645271619,0.552,0.40800000000000003
24634.496720909872,0.52,0.392
24634.496989103554,0.52,0.392
24634.497257297237,0.536,0.4
24634.49752549092,0.52,0.4
24634.4977936846,0.544,0.424
24634.498061878283,0.528,0.41600000000000004
24634.498330071965,0.536,0.392
24634.498598265647,0.528,0.4
24634.49886645933,0.56,0.41600000000000004
24634.49913465301,0.552,0.4
24634.499402846694,0.528,0.41600000000000004
24634.499671040376,0.528,0.4
24634.499939234058,0.544,0.40800000000000003
24634.50020742774,0.528,0.4
24634.500475621422,0.552,0.40800000000000003
24634.500743815104,0.56,0.4
24634.501012008786,0.528,0.40800000000000003
24634.50128020247,0.528,0.392
24634.50154839615,0.536,0.41600000000000004
24634.501816589833,0.528,0.424
24634.502084783515,0.544,0.4
24634.502352977197,0.528,0.40800000000000003
24634.50262117088,0.544,0.4
24634.50288936456,0.528,0.40800000000000003
24634.503157558243,0.552,0.392
24634.503425751926,0.528,0.392
24634.503693945608,0.544,0.40800000000000003
24634.50396213929,0.528,0.4
24634.504230332972,0.536,0.41600000000000004
24634.504498526654,0.528,0.424
24634.504766720336,0.544,0.41600000000000004
24634.50503491402,0.528,0.40800000000000003
24634.5053031077,0.544,0.424
24634.505571301383,0.528,0.40800000000000003
24634.50583949506,0.544,0.4
24634.506107688743,0.528,0.4
24634.506375882425,0.544,0.4
24634.506644076107,0.528,0.4
24634.50691226979,0.544,0.40800000000000003
24634.50718046347,0.528,0.4
24634.507448657154,0.544,0.40800000000000003
24634.507716850836,0.528,0.40800000000000003
24634.507985044518,0.544,0.392
24634.5082532382,0.52,0.40800000000000003
24634.508521431882,0.544,0.384
24634.508789625565,0.536,0.392
24634.509057819247,0.552,0.41600000000000004
24634.50932601293,0.552,0.424
24634.50959420661,0.52,0.40800000000000003
24634.509862400293,0.536,0.40800000000000003
24634.510130593975,0.528,0.4
24634.510398787657,0.528,0.4
24634.51066698134,0.536,0.392
24634.51093517502,0.528,0.392
24634.511203368704,0.544,0.424
24634.511471562386,0.528,0.424
24634.511739756068,0.552,0.4
24634.51200794975,0.52,0.4
24634.512276143432,0.536,0.41600000000000004
24634.512544337114,0.528,0.40800000000000003
24634.512812530797,0.544,0.392
24634.51308072448,0.528,0.40800000000000003
24634.51334891816,0.536,0.392
24634.513617111843,0.528,0.4
24634.513885305525,0.544,0.41600000000000004
24634.514153499207,0.528,0.40800000000000003
24634.51442169289,0.544,0.424
24634.51468988657,0.544,0.424
24634.514958080254,0.52,0.40800000000000003
24634.515226273936,0.528,0.41600000000000004
24634.515494467618,0.52,0.392
24634.515762661296,0.536,0.392
24634.51603085498,0.52,0.4
24634.51629904866,0.528,0.392
24634.516567242343,0.544,0.4
24634.516835436025,0.528,0.4
24634.517103629707,0.544,0.41600000000000004
24634.51737182339,0.552,0.40800000000000003
24634.51764001707,0.52,0.392
24634.517908210753,0.528,0.392
24634.518176404436,0.544,0.40800000000000003
24634.518444598118,0.528,0.4
24634.5187127918,0.544,0.40800000000000003
24634.518980985482,0.544,0.4
24634.519249179164,0.528,0.40800000000000003
24634.519517372846,0.528,0.40800000000000003
24634.51978556653,0.544,0.392
24634.52005376021,0.528,0.4
24634.520321953893,0.544,0.392
24634.520590147575,0.544,0.4
24634.520858341257,0.528,0.41600000000000004
24634.52112653494,0.536,0.4
24634.52139472862,0.52,0.40800000000000003
24634.521662922303,0.528,0.40800000000000003
24634.521931115985,0.544,0.384
24634.522199309667,0.528,0.392
24634.52246750335,0.536,0.41600000000000004
24634.52273569703,0.544,0.4
24634.523003890714,0.528,0.40800000000000003
24634.523272084396,0.56,0.4
24634.523540278078,0.528,0.40800000000000003
24634.52380847176,0.52,0.4
24634.524076665442,0.536,0.40800000000000003
24634.524344859125,0.52,0.4
24634.524613052807,0.536,0.392
24634.52488124649,0.528,0.4
24634.52514944017,0.544,0.424
24634.525417633853,0.528,0.41600000000000004
24634.525685827535,0.536,0.4
24634.525954021214,0.528,0.40800000000000003
24634.526222214896,0.536,0.392
24634.526490408578,0.528,0.392
24634.52675860226,0.544,0.40800000000000003
24634.527026795942,0.528,0.40800000000000003
24634.527294989624,0.544,0.392
24634.527563183306,0.528,0.40800000000000003
24634.52783137699,0.552,0.392
24634.52809957067,0.544,0.40800000000000003
24634.528367764353,0.52,0.392
24634.528635958035,0.528,0.40800000000000003
24634.528904151717,0.536,0.4
24634.5291723454,0.528,0.4
24634.52944053908,0.552,0.40800000000000003
24634.529708732764,0.528,0.4
24634.529976926446,0.552,0.392
24634.530245120128,0.528,0.4
24634.53051331381,0.544,0.40800000000000003
24634.550770044327,0.536,0.0
24634.551000999807,0.52,-0.016
24634.55123195529,0.52,-0.016
24634.55146291077,0.536,0.0
24634.55169386625,0.52,-0.016
24634.551924821735,0.536,0.0
24634.552155777215,0.528,0.0
24634.5523867327,0.544,-0.016
24634.55261768818,0.536,-0.016
24634.55284864366,0.52,0.0
24634.553079599144,0.528,0.0
24634.553310554624,0.544,-0.016
24634.553541510104,0.528,0.0
24634.553772465588,0.544,-0.016
24634.554003421068,0.528,0.0
24634.55423437655,0.536,-0.016
24634.554465332032,0.544,0.0
24634.554696287512,0.52,-0.016
24634.554927242993,0.528,-0.008
24634.555158198476,0.544,0.0
24634.555389153957,0.528,-0.008
24634.55562010944,0.544,0.024
24634.55585106492,0.528,0.024
24634.5560820204,0.544,0.136
24634.556312975885,0.544,0.14400000000000002
24634.556543931365,0.528,0.28800000000000003
24634.556774886845,0.52,0.28800000000000003
24634.55700584233,0.536,0.36
24634.55723679781,0.528,0.36
24634.55746775329,0.544,0.376
24634.557698708773,0.52,0.368
24634.557929664254,0.536,0.392
24634.558160619737,0.528,0.392
24634.558391575218,0.544,0.40800000000000003
24634.558622530698,0.536,0.4
24634.55885348618,0.52,0.41600000000000004
24634.559084441662,0.528,0.4
24634.559315397142,0.52,0.41600000000000004
24634.559546352626,0.52,0.392
24634.559777308106,0.536,0.4
24634.560008263586,0.528,0.384
24634.56023921907,0.544,0.4
24634.56047017455,0.536,0.384
24634.56070113003,0.52,0.392
24634.560932085515,0.528,0.384
24634.561163040995,0.544,0.392
24634.56139399648,0.528,0.392
24634.56162495196,0.544,0.40800000000000003
24634.56185590744,0.528,0.4
24634.562086862923,0.544,0.41600000000000004
24634.562317818403,0.528,0.41600000000000004
24634.562548773883,0.536,0.4
24634.562779729367,0.528,0.41600000000000004
24634.563010684848,0.544,0.4
24634.563241640328,0.528,0.4
24634.56347259581,0.552,0.392
24634.563703551292,0.544,0.392
24634.563934506776,0.52,0.384
24634.564165462256,0.52,0.384
24634.564396417736,0.544,0.40800000000000003
24634.56462737322,0.544,0.4
24634.5648583287,0.52,0.41600000000000004
24634.56508928418,0.528,0.4
24634.565320239664,0.544,0.41600000000000004
24634.565551195145,0.536,0.40800000000000003
24634.565782150625,0.52,0.384
24634.56601310611,0.528,0.4
24634.56624406159,0.544,0.384
24634.56647501707,0.528,0.384
24634.566705972553,0.544,0.40800000000000003
24634.566936928033,0.528,0.4
24634.567167883517,0.544,0.384
24634.567398838997,0.544,0.384
24634.567629794477,0.52,0.40800000000000003
24634.56786074996,0.52,0.4
24634.56809170544,0.536,0.384
24634.56832266092,0.528,0.376
24634.568553616406,0.536,0.4
24634.568784571886,0.536,0.384
24634.569015527366,0.52,0.40800000000000003
24634.56924648285,0.528,0.40800000000000003
24634.56947743833,0.552,0.392
24634.569708393814,0.544,0.4
24634.569939349294,0.52,0.384
24634.570170304774,0.52,0.384
24634.57040126026,0.536,0.40800000000000003
24634.57063221574,0.536,0.41600000000000004
24634.57086317122,0.528,0.392
24634.571094126703,0.528,0.4
24634.571325082183,0.544,0.384
24634.571556037663,0.536,0.384
24634.571786993147,0.52,0.4
24634.572017948627,0.528,0.384
24634.572248904107,0.544,0.4
24634.57247985959,0.528,0.4
24634.57271081507,0.536,0.40800000000000003
24634.572941770555,0.528,0.40800000000000003
24634.573172726035,0.536,0.4
24634.573403681516,0.528,0.40800000000000003
24634.573634637,0.544,0.4
24634.57386559248,0.544,0.40800000000000003
24634.57409654796,0.528,0.392
24634.574327503444,0.536,0.384
24634.574558458924,0.52,0.4
24634.574789414404,0.52,0.4
24634.575020369888,0.536,0.40800000000000003
24634.57525132537,0.528,0.40800000000000003
24634.575482280852,0.536,0.384
24634.575713236332,0.528,0.376
24634.575944191813,0.552,0.40800000000000003
24634.576175147296,0.544,0.4
24634.576406102777,0.528,0.40800000000000003
24634.576637058257,0.528,0.4
24634.57686801374,0.544,0.40800000000000003
24634.57709896922,0.528,0.4
24634.5773299247,0.544,0.392
24634.577560880185,0.552,0.4
24634.577791835665,0.52,0.384
24634.578022791145,0.52,0.384
24634.57825374663,0.544,0.4
24634.57848470211,0.528,0.384
24634.578715657593,0.544,0.392
24634.578946613074,0.544,0.384
24634.579177568554,0.528,0.4
24634.579408524038,0.52,0.384
24634.579639479518,0.544,0.392
24634.579870434998,0.528,0.384
24634.580101390482,0.544,0.40800000000000003
24634.580332345962,0.544,0.4
24634.580563301442,0.528,0.41600000000000004
24634.580794256926,0.528,0.41600000000000004
24634.581025212407,0.544,0.4
24634.58125616789,0.544,0.41600000000000004
24634.58148712337,0.528,0.4
24634.58171807885,0.52,0.4
24634.581949034335,0.536,0.41600000000000004
24634.582179989815,0.528,0.40800000000000003
24634.582410945295,0.536,0.392
24634.58264190078,0.528,0.392
24634.58287285626,0.544,0.4
24634.58310381174,0.536,0.384
24634.583334767223,0.52,0.4
24634.583565722703,0.52,0.392
24634.583796678184,0.536,0.4
24634.584027633668,0.52,0.4
24634.584258589148,0.544,0.384
24634.58448954463,0.544,0.384
24634.584720500112,0.52,0.40800000000000003
24634.584951455592,0.52,0.4
24634.585182411076,0.536,0.41600000000000004
24634.585413366556,0.52,0.4
24634.585644322036,0.544,0.384
24634.58587527752,0.536,0.384
24634.586106233,0.52,0.41600000000000004
24634.58633718848,0.52,0.41600000000000004
24634.586568143965,0.544,0.4
24634.586799099445,0.536,0.40800000000000003
24634.58703005493,0.544,0.41600000000000004
24634.58726101041,0.544,0.4
24634.58749196589,0.528,0.41600000000000004
24634.587722921373,0.544,0.40800000000000003
24634.587953876853,0.528,0.4
24634.588184832333,0.528,0.41600000000000004
24634.588415787817,0.544,0.4
24634.588646743297,0.536,0.4
24634.588877698778,0.552,0.384
24634.58910865426,0.544,0.384
24634.58933960974,0.528,0.40800000000000003
24634.589570565222,0.536,0.40800000000000003
24634.589801520706,0.544,0.392
24634.590032476186,0.528,0.384
24634.59026343167,0.544,0.4
24634.59049438715,0.528,0.392
24634.59072534263,0.544,0.376
24634.590956298114,0.528,0.384
24634.591187253594,0.544,0.40800000000000003
24634.591418209075,0.544,0.4
24634.59164916456,0.528,0.384
24634.59188012004,0.528,0.392
24634.59211107552,0.544,0.384
24634.592342031003,0.536,0.384
24634.592572986483,0.528,0.4
24634.592803941967,0.528,0.4
24634.593034897447,0.544,0.384
24634.593265852927,0.544,0.384
24634.59349680841,0.536,0.4
24634.59372776389,0.528,0.392
24634.59395871937,0.544,0.384
24634.594189674855,0.528,0.384
24634.594420630336,0.544,0.4
24634.594651585816,0.536,0.4
24634.5948825413,0.544,0.41600000000000004
24634.59511349678,0.528,0.41600000000000004
24634.59534445226,0.536,0.4
24634.595575407744,0.528,0.40800000000000003
24634.595806363224,0.544,0.392
24634.596037318708,0.528,0.392
24634.59626827419,0.536,0.384
24634.59649922967,0.528,0.384
24634.596730185152,0.544,0.4
24634.596961140633,0.544,0.4
24634.597192096113,0.528,0.40800000000000003
24634.597423051597,0.528,0.4
24634.597654007077,0.544,0.41600000000000004
24634.597884962557,0.528,0.4
24634.59811591804,0.536,0.40800000000000003
24634.59834687352,0.528,0.4
24634.598577829005,0.544,0.392
24634.598808784485,0.544,0.384
24634.599039739966,0.528,0.4
24634.59927069545,0.528,0.392
24634.59950165093,0.544,0.40800000000000003
24634.59973260641,0.536,0.4
24634.599963561894,0.544,0.392
24634.600194517374,0.528,0.4
24634.600425472854,0.544,0.384
24634.600656428338,0.528,0.384
24634.60088738382,0.536,0.392
24634.6011183393,0.528,0.384
24634.601349294782,0.552,0.4
24634.601580250262,0.528,0.376
24634.601811205746,0.544,0.40800000000000003
24634.602042161227,0.544,0.4
24634.602273116707,0.528,0.41600000000000004
24634.60250407219,0.528,0.4
24634.60273502767,0.544,0.384
24634.60296598315,0.528,0.384
24634.603196938635,0.544,0.392
24634.603427894115,0.536,0.384
24634.603658849595,0.544,0.40800000000000003
24634.60388980508,0.528,0.4
24634.60412076056,0.552,0.41600000000000004
24634.604351716043,0.544,0.40800000000000003
24634.604582671524,0.528,0.384
24634.604813627004,0.528,0.392
24634.605044582488,0.544,0.384
24634.605275537968,0.528,0.392
24634.605506493448,0.536,0.384
24634.605737448932,0.528,0.384
24634.605968404412,0.552,0.4
24634.606199359892,0.544,0.41600000000000004
24634.606430315376,0.528,0.392
24634.606661270856,0.52,0.4
24634.606892226337,0.536,0.384
24634.60712318182,0.528,0.384
24634.6073541373,0.544,0.4
24634.607585092785,0.528,0.4
24634.607816048265,0.536,0.40800000000000003
24634.608047003745,0.528,0.4
24634.60827795923,0.536,0.41600000000000004
24634.60850891471,0.528,0.4
24634.60873987019,0.536,0.41600000000000004
24634.608970825673,0.528,0.40800000000000003
24634.609201781153,0.552,0.392
24634.609432736634,0.536,0.392
24634.609663692117,0.52,0.384
24634.609894647598,0.52,0.392
24634.61012560308,0.536,0.40800000000000003
24634.61035655856,0.52,0.4
24634.610587514042,0.544,0.41600000000000004
24634.610818469526,0.528,0.4
24634.611049425006,0.536,0.41600000000000004
24634.611280380486,0.544,0.41600000000000004
24634.61151133597,0.52,0.392
24634.61174229145,0.52,0.4
24634.61197324693,0.544,0.384
24634.612204202414,0.544,0.384
24634.612435157895,0.52,0.392
24634.612666113375,0.52,0.392
24634.61289706886,0.528,0.368
24634.61312802434,0.52,0.376
24634.613358979823,0.544,0.296
24634.613589935303,0.552,0.296
24634.613820890783,0.528,0.152
24634.614051846267,0.52,0.14400000000000002
24634.614282801747,0.536,0.04
24634.614513757228,0.52,0.048
24634.61474471271,0.536,0.008
24634.61497566819,0.52,0.008
24634.615206623672,0.544,-0.008
24634.615437579156,0.52,0.0
24634.615668534636,0.536,-0.008
24634.61589949012,0.52,0.0
24634.6161304456,0.544,-0.008
24634.61636140108,0.528,0.0
24634.616592356564,0.544,-0.008
24634.616823312044,0.528,-0.008
24634.617054267525,0.536,0.0
24634.61728522301,0.528,0.0
24634.61751617849,0.536,-0.008
24634.61774713397,0.528,-0.008
24634.617978089453,0.536,0.0
24634.618209044933,0.528,-0.008
24634.618440000413,0.544,0.0
24634.618670955897,0.536,0.0
24634.618901911377,0.52,-0.008
24634.61913286686,0.528,0.0
24634.61936382234,0.544,-0.016
24634.61959477782,0.544,-0.016
24634.619825733305,0.52,0.0
24634.620056688786,0.52,0.0
24634.620287644266,0.536,-0.016
24634.62051859975,0.528,0.0
24634.62074955523,0.536,-0.016
24634.62098051071,0.528,0.0
24634.621211466194,0.544,-0.016
24634.621442421674,0.528,0.0
24634.621673377158,0.544,-0.008
24634.62190433264,0.544,0.0
24634.62213528812,0.528,-0.016
24634.622366243602,0.528,0.0
24634.622597199083,0.544,-0.008
24634.622828154563,0.528,0.0
24634.623059110047,0.544,-0.008
24634.623290065527,0.528,0.0
24634.623521021007,0.552,-0.016
24634.62375197649,0.544,-0.008
24634.62398293197,0.52,0.0
24634.62421388745,0.52,0.0
24634.624444842935,0.536,-0.008
24634.624675798415,0.528,0.0
24634.6249067539,0.544,-0.008
24634.62513770938,0.544,-0.008
24634.62536866486,0.52,0.0
24634.625599620344,0.52,-0.008
24634.625830575824,0.536,0.0
24634.626061531304,0.52,0.0
24634.626292486788,0.536,-0.008
24634.626523442268,0.52,0.0
24634.62675439775,0.536,-0.016
24634.626985353232,0.528,-0.008
24634.627216308712,0.544,0.0
24634.627447264196,0.536,-0.008
24634.627678219676,0.52,0.0
24634.627909175157,0.528,-0.016
24634.62814013064,0.536,0.0
24634.62837108612,0.528,0.0
24634.6286020416,0.544,-0.016
24634.628832997085,0.536,0.0
24634.629063952565,0.52,-0.016
24634.629294908045,0.52,0.0
24634.62952586353,0.536,-0.016
24634.62975681901,0.52,-0.016
24634.62998777449,0.536,0.0
24634.630218729973,0.52,0.0
24634.630449685454,0.544,-0.016
24634.630680640937,0.528,0.0
24634.630911596418,0.544,-0.016
24634.631142551898,0.528,0.0
24634.63137350738,0.544,-0.008
24634.631604462862,0.544,0.0
24634.631835418342,0.52,-0.016
24634.632066373826,0.52,0.0
24634.632297329306,0.528,-0.016
24634.632528284787,0.52,-0.008
24634.63275924027,0.544,0.0
24634.63299019575,0.528,0.0
24634.633221151234,0.552,-0.008
24634.633452106715,0.544,-0.008
24634.633683062195,0.52,0.0
24634.63391401768,0.52,0.0
24634.63414497316,0.544,-0.016
24634.63437592864,0.528,-0.016
24634.634606884123,0.544,0.0
24634.634837839603,0.528,0.0
24634.635068795083,0.544,-0.016
24634.635299750567,0.528,-0.016
24634.635530706048,0.536,0.0
24634.635761661528,0.544,-0.008
24634.63599261701,0.528,0.0
24634.636223572492,0.528,0.0
24634.636454527976,0.52,-0.016
24634.636685483456,0.52,0.0
24634.636916438936,0.544,-0.016
24634.63714739442,0.528,-0.016
24634.6373783499,0.552,0.0
24634.63760930538,0.528,0.0
24634.637840260864,0.544,-0.016
24634.638071216345,0.52,0.0
24634.638302171825,0.544,-0.016
24634.63853312731,0.528,0.0
24634.63876408279,0.544,-0.008
24634.638995038273,0.552,0.0
24634.639225993753,0.52,-0.016
24634.639456949233,0.544,-0.008
24634.639687904717,0.528,0.0
24634.639918860197,0.528,-0.016
24634.640149815677,0.536,0.0
24634.64038077116,0.52,-0.008
24634.64061172664,0.536,0.0
24634.64084268212,0.528,0.0
24634.641073637606,0.536,-0.008
24634.641304593086,0.528,0.0
24634.641535548566,0.544,-0.016
24634.64176650405,0.552,-0.016
24634.64199745953,0.528,0.0
24634.642228415014,0.536,0.0
24634.642459370494,0.52,-0.016
24634.642690325974,0.536,-0.016
24634.64292128146,0.52,0.0
24634.64315223694,0.528,-0.008
24634.64338319242,0.544,-0.016
24634.643614147903,0.528,-0.016
24634.643845103383,0.552,0.0
24634.644076058863,0.544,-0.016
24634.644307014347,0.52,0.0
24634.644537969827,0.52,0.0
24634.64476892531,0.536,-0.016
24634.64499988079,0.52,-0.016
24634.64523083627,0.528,0.0
24634.645461791755,0.528,-0.016
24634.645692747235,0.544,0.0
24634.645923702716,0.528,-0.016
24634.6461546582,0.552,0.0
24634.64638561368,0.536,0.0
24634.64661656916,0.52,-0.016
24634.646847524644,0.536,-0.016
24634.647078480124,0.52,0.0
24634.647309435604,0.544,-0.016
24634.647540391088,0.52,0.0
24634.64777134657,0.536,-0.016
24634.648002302052,0.528,0.0
24634.648233257532,0.528,0.0
24634.648464213013,0.536,-0.016
24634.648695168496,0.528,-0.016
24634.648926123977,0.544,0.0
24634.649157079457,0.536,0.0
24634.64938803494,0.52,-0.016
24634.64961899042,0.52,-0.016
24634.6498499459,0.536,0.0
24634.650080901385,0.528,0.0
24634.650311856865,0.544,-0.016
24634.65054281235,0.536,0.0
24634.65077376783,0.52,-0.016
24634.65100472331,0.52,0.0
24634.651235678793,0.536,-0.016
24634.651466634274,0.528,-0.016
24634.651697589754,0.552,0.0
24634.651928545238,0.52,-0.016
24634.652159500718,0.544,0.0
24634.6523904562,0.536,-0.016
24634.652621411682,0.52,0.0
24634.652852367162,0.52,-0.016
24634.653083322642,0.544,0.0
24634.653314278126,0.528,-0.016
24634.653545233607,0.536,0.0
24634.65377618909,0.528,0.0
24634.65400714457,0.544,-0.016
24634.65423810005,0.528,0.0
24634.654469055535,0.552,-0.016
24634.654700011015,0.536,0.0
24634.654930966495,0.52,-0.016
24634.65516192198,0.52,-0.016
24634.65539287746,0.528,0.0
24634.65562383294,0.52,-0.016
24634.655854788423,0.536,0.0
24634.656085743904,0.528,-0.016
24634.656316699387,0.544,0.0
24634.656547654868,0.544,-0.016
24634.656778610348,0.528,0.0
24634.65700956583,0.52,-0.016
24634.657240521312,0.536,0.0
24634.657471476792,0.528,0.0
24634.657702432276,0.552,-0.016
24634.657933387756,0.536,-0.016
24634.658164343236,0.528,0.0
24634.65839529872,0.528,-0.016
24634.6586262542,0.544,0.0
24634.65885720968,0.528,-0.016
24634.659088165165,0.536,0.0
24634.659319120645,0.536,0.0
24634.65955007613,0.52,-0.016
24634.65978103161,0.544,0.0
24634.66001198709,0.528,-0.016
24634.660242942573,0.544,0.0
24634.660473898053,0.528,-0.016
24634.660704853533,0.528,0.0
24634.660935809017,0.544,-0.016
24634.661166764497,0.528,-0.016
24634.661397719978,0.536,0.0
24634.66162867546,0.528,0.0
24634.66185963094,0.544,-0.016
24634.662090586426,0.528,0.0
24634.662321541906,0.544,-0.016
24634.662552497386,0.544,-0.016
24634.66278345287,0.52,0.0
24634.66301440835,0.528,0.0
24634.66324536383,0.552,-0.016
24634.663476319314,0.52,-0.016
24634.663707274794,0.536,0.0
24634.663938230275,0.528,0.0
24634.66416918576,0.536,-0.016
24634.66440014124,0.52,-0.016
24634.66463109672,0.544,0.0
24634.664862052203,0.536,0.0
24634.665093007683,0.52,-0.016
24634.665323963167,0.528,0.0
24634.665554918647,0.544,-0.016
24634.665785874127,0.544,-0.016
24634.66601682961,0.52,0.0
24634.66624778509,0.528,0.0
24634.66647874057,0.536,-0.016
24634.666709696055,0.528,-0.016
24634.666940651536,0.544,0.0
24634.667171607016,0.536,-0.016
24634.6674025625,0.528,0.0
24634.66763351798,0.52,0.0
24634.667864473464,0.544,-0.016
24634.668095428944,0.528,0.0
24634.668326384424,0.544,-0.016
24634.668557339908,0.544,-0.016
24634.66878829539,0.528,0.0
24634.66901925087,0.528,-0.016
24634.669250206352,0.544,0.0
24634.669481161833,0.552,-0.016
24634.669712117313,0.52,0.0
24634.669943072797,0.52,-0.016
24634.670174028277,0.544,0.0
24634.670404983757,0.528,0.0
24634.67063593924,0.544,-0.016
24634.67086689472,0.528,-0.008
24634.671097850205,0.544,0.024
24634.671328805685,0.52,0.032
24634.671559761166,0.536,0.136
24634.67179071665,0.528,0.136
24634.67202167213,0.544,0.28800000000000003
24634.67225262761,0.528,0.296
24634.672483583094,0.552,0.36
24634.672714538574,0.528,0.368
24634.672945494054,0.536,0.392
24634.673176449538,0.52,0.376
24634.67340740502,0.528,0.384
24634.673638360502,0.52,0.392
24634.673869315982,0.536,0.376
24634.674100271463,0.52,0.376
24634.674331226946,0.536,0.392
24634.674562182427,0.52,0.392
24634.674793137907,0.536,0.40800000000000003
24634.67502409339,0.52,0.40800000000000003
24634.67525504887,0.544,0.392
24634.67548600435,0.536,0.4
24634.675716959835,0.528,0.392
24634.675947915315,0.52,0.384
24634.676178870795,0.536,0.392
24634.67640982628,0.528,0.384
24634.67664078176,0.544,0.4
24634.676871737243,0.552,0.384
24634.677102692724,0.52,0.4
24634.677333648204,0.52,0.376
24634.677564603688,0.536,0.40800000000000003
24634.677795559168,0.528,0.4
24634.678026514648,0.544,0.41600000000000004
24634.678257470132,0.528,0.40800000000000003
24634.678488425612,0.536,0.392
24634.678719381092,0.528,0.4
24634.678950336576,0.536,0.384
24634.679181292056,0.528,0.384
24634.67941224754,0.536,0.4
24634.67964320302,0.528,0.41600000000000004
24634.6798741585,0.544,0.392
24634.680105113985,0.528,0.4
24634.680336069465,0.544,0.384
24634.680567024945,0.544,0.392
24634.68079798043,0.52,0.384
24634.68102893591,0.52,0.384
24634.68125989139,0.544,0.392
24634.681490846873,0.536,0.384
24634.681721802353,0.528,0.384
24634.681952757834,0.52,0.392
24634.682183713317,0.536,0.376
24634.682414668798,0.528,0.384
24634.68264562428,0.536,0.40800000000000003
24634.68287657976,0.528,0.392
24634.683107535242,0.544,0.384
24634.683338490726,0.52,0.384
24634.683569446206,0.536,0.392
24634.683800401686,0.52,0.392
24634.68403135717,0.536,0.40800000000000003
24634.68426231265,0.544,0.4
24634.68449326813,0.52,0.41600000000000004
24634.684724223614,0.52,0.41600000000000004
24634.684955179095,0.544,0.4
24634.68518613458,0.56,0.4
24634.68541709006,0.528,0.384
24634.68564804554,0.528,0.384
24634.685879001023,0.544,0.41600000000000004
24634.686109956503,0.544,0.4
24634.686340911983,0.52,0.384
24634.686571867467,0.52,0.384
24634.686802822947,0.536,0.4
24634.687033778428,0.536,0.384
24634.68726473391,0.52,0.384
24634.68749568939,0.52,0.384
24634.687726644872,0.536,0.392
24634.687957600356,0.528,0.384
24634.688188555836,0.536,0.384
24634.68841951132,0.528,0.384
24634.6886504668,0.536,0.40800000000000003
24634.68888142228,0.544,0.392
24634.689112377764,0.52,0.4
24634.689343333244,0.52,0.384
24634.689574288725,0.536,0.4
24634.68980524421,0.528,0.384
24634.69003619969,0.536,0.4
24634.69026715517,0.544,0.384
24634.690498110653,0.52,0.4
24634.690729066133,0.512,0.4
24634.690960021617,0.544,0.384
24634.691190977097,0.528,0.4
24634.691421932577,0.544,0.384
24634.69165288806,0.528,0.392
24634.69188384354,0.536,0.376
24634.69211479902,0.552,0.392
24634.692345754505,0.528,0.40800000000000003
24634.692576709986,0.528,0.4
24634.692807665466,0.544,0.40800000000000003
24634.69303862095,0.528,0.4
24634.69326957643,0.544,0.40800000000000003
24634.69350053191,0.52,0.41600000000000004
24634.693731487394,0.544,0.4
24634.693962442874,0.544,0.41600000000000004
24634.694193398358,0.528,0.392
24634.69442435384,0.528,0.392
24634.69465530932,0.536,0.384
24634.694886264802,0.52,0.384
24634.695117220283,0.544,0.4
24634.695348175763,0.552,0.384
24634.695579131247,0.52,0.392
24634.695810086727,0.52,0.392
24634.696041042207,0.536,0.40800000000000003
24634.69627199769,0.52,0.40800000000000003
24634.69650295317,0.544,0.392
24634.696733908655,0.528,0.392
24634.696964864135,0.536,0.376
24634.697195819615,0.528,0.376
24634.6974267751,0.544,0.40800000000000003
24634.69765773058,0.528,0.4
24634.69788868606,0.544,0.41600000000000004
24634.698119641544,0.52,0.41600000000000004
24634.698350597024,0.536,0.392
24634.698581552504,0.536,0.4
24634.698812507988,0.52,0.384
24634.699043463468,0.528,0.384
24634.69927441895,0.544,0.392
24634.699505374432,0.544,0.392
24634.699736329912,0.52,0.384
24634.699967285396,0.512,0.384
24634.700198240876,0.536,0.40800000000000003
24634.700429196357,0.528,0.41600000000000004
24634.70066015184,0.552,0.392
24634.70089110732,0.544,0.4
24634.7011220628,0.52,0.384
24634.701353018285,0.52,0.384
24634.701583973765,0.536,0.392
24634.701814929245,0.528,0.392
24634.70204588473,0.544,0.376
24634.70227684021,0.528,0.376
24634.702507795693,0.552,0.40800000000000003
24634.702738751173,0.552,0.4
24634.702969706654,0.52,0.40800000000000003
24634.703200662138,0.528,0.40800000000000003
24634.703431617618,0.544,0.384
24634.703662573098,0.528,0.4
24634.703893528582,0.536,0.384
24634.704124484062,0.536,0.384
24634.704355439542,0.52,0.392
24634.704586395026,0.52,0.384
24634.704817350506,0.528,0.392
24634.705048305987,0.52,0.376
24634.70527926147,0.536,0.392
24634.70551021695,0.52,0.384
24634.705741172435,0.536,0.40800000000000003
24634.705972127915,0.528,0.4
24634.706203083395,0.544,0.41600000000000004
24634.70643403888,0.528,0.40800000000000003
24634.70666499436,0.544,0.4
24634.70689594984,0.528,0.41600000000000004
24634.707126905323,0.544,0.392
24634.707357860803,0.544,0.4
24634.707588816284,0.52,0.384
24634.707819771767,0.52,0.384
24634.708050727248,0.536,0.392
24634.70828168273,0.528,0.384
24634.70851263821,0.544,0.4
24634.708743593692,0.52,0.384
24634.708974549176,0.536,0.4
24634.709205504656,0.52,0.376
24634.709436460136,0.536,0.392
24634.70966741562,0.528,0.392
24634.7098983711,0.544,0.40800000000000003
24634.71012932658,0.528,0.4
24634.710360282064,0.544,0.41600000000000004
24634.710591237545,0.528,0.4
24634.710822193025,0.544,0.40800000000000003
24634.71105314851,0.552,0.40800000000000003
24634.71128410399,0.528,0.392
24634.711515059473,0.544,0.4
24634.711746014953,0.528,0.384
24634.711976970433,0.552,0.376
24634.712207925917,0.52,0.4
24634.712438881397,0.536,0.384
24634.712669836877,0.528,0.4
24634.71290079236,0.52,0.4
24634.71313174784,0.536,0.384
24634.71336270332,0.528,0.384
24634.713593658806,0.544,0.4
24634.713824614286,0.52,0.4
24634.71405556977,0.536,0.384
24634.71428652525,0.52,0.4
24634.71451748073,0.536,0.376
24634.714748436214,0.52,0.376
24634.714979391694,0.536,0.41600000000000004
24634.715210347174,0.528,0.40800000000000003
24634.71544130266,0.536,0.4
24634.71567225814,0.528,0.392
24634.71590321362,0.544,0.384
24634.716134169103,0.544,0.384
24634.716365124583,0.528,0.392
24634.716596080063,0.528,0.384
24634.716827035547,0.544,0.392
24634.717057991027,0.536,0.384
24634.71728894651,0.528,0.392
24634.71751990199,0.52,0.384
24634.71775085747,0.536,0.392
24634.717981812955,0.52,0.384
24634.718212768435,0.528,0.392
24634.718443723916,0.528,0.384
24634.7186746794,0.544,0.4
24634.71890563488,0.544,0.4
24634.71913659036,0.52,0.392
24634.719367545844,0.52,0.384
24634.719598501324,0.536,0.392
24634.719829456808,0.528,0.4
24634.720060412288,0.552,0.384
24634.72029136777,0.544,0.384
24634.720522323252,0.52,0.392
24634.720753278732,0.52,0.384
24634.720984234213,0.536,0.392
24634.721215189697,0.52,0.384
24634.721446145177,0.536,0.40800000000000003
24634.721677100657,0.528,0.40800000000000003
24634.72190805614,0.552,0.392
24634.72213901162,0.52,0.40800000000000003
24634.7223699671,0.544,0.392
24634.722600922585,0.528,0.392
24634.722831878065,0.544,0.40800000000000003
24634.72306283355,0.528,0.4
24634.72329378903,0.544,0.392
24634.72352474451,0.52,0.392
24634.723755699993,0.544,0.4
24634.723986655474,0.528,0.40800000000000003
24634.724217610954,0.552,0.392
24634.724448566438,0.544,0.392
24634.724679521918,0.528,0.40800000000000003
24634.7249104774,0.528,0.40800000000000003
24634.725141432882,0.544,0.392
24634.725372388362,0.528,0.40800000000000003
24634.725603343846,0.536,0.392
24634.725834299326,0.544,0.392
24634.726065254807,0.528,0.4
24634.72629621029,0.528,0.4
24634.72652716577,0.544,0.384
24634.72675812125,0.52,0.392
24634.726989076735,0.544,0.384
24634.727220032215,0.528,0.384
24634.727450987695,0.544,0.392
24634.72768194318,0.528,0.384
24634.72791289866,0.544,0.376
24634.72814385414,0.536,0.4
24634.728374809623,0.544,0.384
24634.728605765104,0.544,0.376
24634.728836720587,0.52,0.312
24634.729067676068,0.52,0.304
24634.729298631548,0.536,0.152
24634.72952958703,0.528,0.152
24634.729760542512,0.544,0.056
24634.729991497992,0.528,0.048
24634.730222453476,0.552,0.008
24634.730453408956,0.544,0.008
24634.730684364436,0.52,-0.008
24634.73091531992,0.528,-0.008
24634.7311462754,0.544,0.0
24634.731377230884,0.528,-0.008
24634.731608186365,0.536,0.0
24634.731839141845,0.528,0.0
24634.73207009733,0.544,-0.008
24634.73230105281,0.528,-0.008
24634.73253200829,0.544,0.0
24634.732762963773,0.52,-0.008
24634.732993919253,0.536,0.0
24634.733224874733,0.528,0.0
24634.733455830217,0.544,-0.008
24634.733686785698,0.52,0.0
24634.733917741178,0.544,-0.008
24634.73414869666,0.52,0.0
24634.73437965214,0.544,-0.008
24634.734610607626,0.528,0.0
24634.734841563106,0.544,-0.016
24634.735072518586,0.544,0.0
24634.73530347407,0.52,-0.008
24634.73553442955,0.528,0.0
24634.73576538503,0.552,-0.008
24634.735996340514,0.552,0.0
24634.736227295994,0.52,-0.016
24634.736458251475,0.552,0.0
24634.73668920696,0.528,-0.016
24634.73692016244,0.536,0.0
24634.737151117923,0.528,-0.008
24634.737382073403,0.528,0.0
24634.737613028883,0.536,-0.008
24634.737843984367,0.536,-0.008
24634.738074939847,0.544,0.0
24634.738305895327,0.536,-0.008
24634.73853685081,0.552,0.0
24634.73876780629,0.528,0.0
24634.73899876177,0.544,-0.008
24634.739229717256,0.528,0.0
24634.739460672736,0.552,-0.008
24634.739691628216,0.552,0.0
24634.7399225837,0.528,-0.008
24634.74015353918,0.536,0.0
24634.740384494664,0.552,-0.008
24634.740615450144,0.536,0.0
24634.740846405624,0.528,-0.016
24634.74107736111,0.552,-0.016
24634.74130831659,0.528,0.0
24634.74153927207,0.528,-0.016
24634.741770227552,0.544,0.0
24634.742001183033,0.528,-0.016
24634.742232138513,0.544,0.0
24634.742463093997,0.528,0.0
24634.742694049477,0.544,-0.016
24634.74292500496,0.528,0.0
24634.74315596044,0.552,-0.016
24634.74338691592,0.536,0.0
24634.743617871405,0.544,-0.016
24634.743848826885,0.528,0.0
24634.744079782366,0.544,-0.016
24634.74431073785,0.528,0.0
24634.74454169333,0.552,-0.008
24634.74477264881,0.528,0.0
24634.745003604294,0.544,-0.016
24634.745234559774,0.528,-0.008
24634.745465515254,0.552,0.0
24634.745696470738,0.536,0.0
24634.74592742622,0.544,-0.008
24634.746158381702,0.528,0.0
24634.746389337182,0.544,-0.016
24634.746620292663,0.528,0.0
24634.746851248146,0.544,-0.008
24634.747082203627,0.544,0.0
24634.747313159107,0.528,-0.016
24634.74754411459,0.536,0.0
24634.74777507007,0.552,-0.016
24634.74800602555,0.528,0.0
24634.748236981035,0.544,-0.016
24634.748467936515,0.536,0.0
24634.748698892,0.544,-0.016
24634.74892984748,0.528,0.0
24634.74916080296,0.552,-0.016
24634.749391758443,0.544,-0.016
24634.749622713924,0.528,0.0
24634.749853669404,0.528,-0.008
24634.750084624888,0.544,0.0
24634.750315580368,0.528,0.0
24634.750546535848,0.544,-0.016
24634.750777491332,0.528,-0.016
24634.751008446812,0.544,0.0
24634.751239402292,0.536,-0.016
24634.751470357776,0.544,0.0
24634.751701313256,0.528,0.0
24634.75193226874,0.536,-0.016
24634.75216322422,0.536,0.0
24634.7523941797,0.544,-0.016
24634.752625135185,0.544,0.0
24634.752856090665,0.528,-0.016
24634.753087046145,0.528,-0.016
24634.75331800163,0.544,0.0
24634.75354895711,0.544,0.0
24634.75377991259,0.528,-0.016
24634.754010868073,0.528,0.0
24634.754241823553,0.544,-0.016
24634.754472779037,0.544,0.0
24634.754703734518,0.528,-0.016
24634.754934689998,0.544,0.0
24634.75516564548,0.52,-0.016
24634.755396600962,0.528,-0.016
24634.755627556442,0.544,0.0
24634.755858511926,0.528,-0.016
24634.756089467406,0.536,0.0
24634.756320422886,0.528,0.0
24634.75655137837,0.552,-0.016
24634.75678233385,0.536,-0.016
24634.75701328933,0.52,0.0
24634.757244244815,0.544,0.0
24634.757475200295,0.528,-0.016
24634.75770615578,0.52,0.0
24634.75793711126,0.536,-0.016
24634.75816806674,0.544,0.0
24634.758399022223,0.52,-0.016
24634.758629977703,0.528,0.0
24634.758860933183,0.544,-0.016
24634.759091888667,0.528,-0.016
24634.759322844147,0.544,0.0
24634.759553799628,0.52,-0.016
24634.75978475511,0.536,0.0
24634.76001571059,0.528,0.0
24634.760246666076,0.52,-0.016
24634.760477621556,0.52,-0.016
24634.760708577036,0.536,0.0
24634.76093953252,0.528,-0.016
24634.761170488,0.536,0.0
24634.76140144348,0.528,-0.008
24634.761632398964,0.552,0.0
24634.761863354444,0.544,-0.016
24634.762094309925,0.52,0.0
24634.76232526541,0.52,-0.016
24634.76255622089,0.528,0.0
24634.76278717637,0.52,0.0
24634.763018131853,0.536,-0.016
24634.763249087333,0.528,0.0
24634.763480042817,0.544,-0.016
24634.763710998297,0.528,-0.016
24634.763941953777,0.552,0.0
24634.76417290926,0.528,0.0
24634.76440386474,0.544,-0.016
24634.76463482022,0.528,-0.016
24634.764865775705,0.544,0.0
24634.765096731186,0.536,-0.016
24634.765327686666,0.544,0.0
24634.76555864215,0.528,-0.016
24634.76578959763,0.544,0.0
24634.766020553114,0.528,-0.016
24634.766251508594,0.544,0.0
24634.766482464074,0.536,0.0
24634.766713419558,0.552,-0.016
24634.76694437504,0.528,-0.016
24634.76717533052,0.544,0.0
24634.767406286002,0.528,-0.016
24634.767637241483,0.544,0.0
24634.767868196963,0.528,0.0
24634.768099152447,0.536,-0.016
24634.768330107927,0.528,0.0
24634.768561063407,0.544,-0.016
24634.76879201889,0.528,-0.016
24634.76902297437,0.552,0.0
24634.769253929855,0.544,-0.016
24634.769484885335,0.528,0.0
24634.769715840815,0.528,-0.016
24634.7699467963,0.544,0.0
24634.77017775178,0.528,0.0
24634.77040870726,0.544,-0.016
24634.770639662744,0.528,-0.016
24634.770870618224,0.544,0.0
24634.771101573704,0.536,-0.016
24634.771332529188,0.52,0.0
24634.771563484668,0.52,0.0
24634.771794440152,0.528,-0.016
24634.772025395632,0.52,-0.016
24634.772256351112,0.536,0.0
24634.772487306596,0.52,-0.016
24634.772718262077,0.536,0.0
24634.772949217557,0.536,-0.016
24634.77318017304,0.52,0.0
24634.77341112852,0.536,0.0
24634.773642084,0.52,-0.016
24634.773873039485,0.528,-0.016
24634.774103994965,0.544,0.0
24634.774334950445,0.552,0.0
24634.77456590593,0.528,-0.016
24634.77479686141,0.52,-0.016
24634.775027816893,0.536,0.0
24634.775258772373,0.52,0.0
24634.775489727854,0.536,-0.016
24634.775720683338,0.536,-0.016
24634.775951638818,0.52,0.0
24634.776182594298,0.528,0.0
24634.776413549782,0.544,-0.016
24634.776644505262,0.552,0.0
24634.776875460742,0.52,-0.016
24634.777106416226,0.52,0.0
24634.777337371706,0.536,-0.016
24634.77756832719,0.528,0.0
24634.77779928267,0.544,-0.016
24634.77803023815,0.544,0.0
24634.778261193635,0.52,-0.016
24634.778492149115,0.52,0.0
24634.778723104595,0.536,-0.016
24634.77895406008,0.528,0.0
24634.77918501556,0.544,-0.016
24634.77941597104,0.536,0.0
24634.779646926523,0.52,-0.016
24634.779877882003,0.52,0.0
24634.780108837484,0.536,-0.016
24634.780339792967,0.52,0.0
24634.780570748448,0.544,-0.016
24634.78080170393,0.52,0.0
24634.78103265941,0.536,-0.016
24634.781263614892,0.52,0.0
24634.781494570376,0.544,-0.016
24634.781725525856,0.52,-0.016
24634.781956481336,0.536,0.0
24634.78218743682,0.52,0.0
24634.7824183923,0.536,-0.016
24634.78264934778,0.528,-0.016
24634.782880303264,0.536,0.0
24634.783111258745,0.528,0.0
24634.78334221423,0.544,-0.016
24634.78357316971,0.528,0.0
24634.78380412519,0.552,-0.016
24634.784035080673,0.544,0.0
24634.784266036153,0.52,-0.016
24634.784496991633,0.528,-0.016
24634.784727947117,0.544,0.0
24634.784958902597,0.528,0.0
24634.785189858078,0.544,-0.016
24634.78542081356,0.52,0.0
24634.78565176904,0.536,-0.016
24634.78588272452,0.528,0.0
24634.786113680006,0.544,-0.008
24634.786344635486,0.528,-0.008
24634.78657559097,0.536,0.024
24634.78680654645,0.528,0.032
24634.78703750193,0.536,0.14400000000000002
24634.787268457414,0.544,0.14400000000000002
24634.787499412894,0.52,0.28
24634.787730368374,0.52,0.28800000000000003
24634.78796132386,0.528,0.352
24634.78819227934,0.52,0.352
24634.78842323482,0.536,0.392
24634.788654190303,0.52,0.392
24634.788885145783,0.544,0.384
24634.789116101267,0.544,0.384
24634.789347056747,0.52,0.4
24634.789578012227,0.536,0.4
24634.78980896771,0.52,0.392
24634.79003992319,0.52,0.4
24634.79027087867,0.536,0.384
24634.790501834155,0.528,0.384
24634.790732789636,0.544,0.392
24634.790963745116,0.528,0.384
24634.7911947006,0.544,0.392
24634.79142565608,0.52,0.384
24634.79165661156,0.536,0.4
24634.791887567044,0.52,0.392
24634.792118522524,0.536,0.4
24634.792349478008,0.52,0.392
24634.79258043349,0.536,0.384
24634.79281138897,0.52,0.384
24634.793042344452,0.536,0.4
24634.793273299932,0.52,0.4
24634.793504255413,0.536,0.384
24634.793735210897,0.528,0.384
24634.793966166377,0.536,0.4
24634.794197121857,0.544,0.4
24634.79442807734,0.52,0.41600000000000004
24634.79465903282,0.536,0.4
24634.794889988305,0.52,0.392
24634.795120943785,0.528,0.4
24634.795351899265,0.536,0.384
24634.79558285475,0.536,0.384
24634.79581381023,0.52,0.4
24634.79604476571,0.52,0.4
24634.796275721194,0.544,0.4
24634.796506676674,0.528,0.4
24634.796737632154,0.544,0.41600000000000004
24634.796968587638,0.52,0.40800000000000003
24634.797199543118,0.544,0.4
24634.7974304986,0.528,0.4
24634.797661454082,0.544,0.40800000000000003
24634.797892409562,0.536,0.4
24634.798123365046,0.52,0.384
24634.798354320526,0.528,0.384
24634.798585276007,0.552,0.4
24634.79881623149,0.52,0.4
24634.79904718697,0.536,0.40800000000000003
24634.79927814245,0.528,0.4
24634.799509097935,0.544,0.41600000000000004
24634.799740053415,0.544,0.4
24634.799971008895,0.52,0.40800000000000003
24634.80020196438,0.528,0.40800000000000003
24634.80043291986,0.536,0.392
24634.800663875343,0.528,0.4
24634.800894830823,0.536,0.384
24634.801125786304,0.536,0.384
24634.801356741787,0.52,0.4
24634.801587697268,0.52,0.384
24634.801818652748,0.536,0.40800000000000003
24634.80204960823,0.52,0.4
24634.802280563712,0.544,0.41600000000000004
24634.802511519192,0.544,0.4
24634.802742474676,0.528,0.41600000000000004
24634.802973430156,0.544,0.4
24634.803204385636,0.52,0.41600000000000004
24634.80343534112,0.52,0.41600000000000004
24634.8036662966,0.536,0.4
24634.803897252084,0.528,0.4
24634.804128207565,0.544,0.392
24634.804359163045,0.536,0.4
24634.80459011853,0.52,0.384
24634.80482107401,0.52,0.384
24634.80505202949,0.544,0.4
24634.805282984973,0.544,0.392
24634.805513940453,0.52,0.384
24634.805744895933,0.528,0.376
24634.805975851417,0.544,0.4
24634.806206806898,0.544,0.4
24634.80643776238,0.528,0.41600000000000004
24634.80666871786,0.528,0.41600000000000004
24634.806899673342,0.544,0.4
24634.807130628826,0.528,0.4
24634.807361584306,0.544,0.41600000000000004
24634.807592539786,0.552,0.4
24634.80782349527,0.528,0.384
24634.80805445075,0.52,0.392
24634.80828540623,0.536,0.40800000000000003
24634.808516361714,0.528,0.41600000000000004
24634.808747317195,0.544,0.4
24634.808978272675,0.544,0.40800000000000003
24634.80920922816,0.52,0.4
24634.80944018364,0.544,0.40800000000000003
24634.809671139123,0.52,0.392
24634.809902094603,0.52,0.392
24634.810133050083,0.528,0.40800000000000003
24634.810364005567,0.52,0.392
24634.810594961047,0.528,0.40800000000000003
24634.810825916527,0.544,0.392
24634.81105687201,0.52,0.40800000000000003
24634.81128782749,0.528,0.4
24634.81151878297,0.544,0.40800000000000003
24634.811749738456,0.536,0.392
24634.811980693936,0.52,0.4
24634.81221164942,0.52,0.4
24634.8124426049,0.544,0.4
24634.81267356038,0.528,0.4
24634.812904515864,0.544,0.392
24634.813135471344,0.528,0.392
24634.813366426824,0.536,0.40800000000000003
24634.81359738231,0.544,0.4
24634.81382833779,0.52,0.40800000000000003
24634.81405929327,0.536,0.4
24634.814290248753,0.52,0.392
24634.814521204233,0.528,0.392
24634.814752159713,0.544,0.40800000000000003
24634.814983115197,0.52,0.4
24634.815214070677,0.544,0.40800000000000003
24634.81544502616,0.528,0.392
24634.81567598164,0.544,0.40800000000000003
24634.81590693712,0.536,0.4
24634.816137892605,0.52,0.4
24634.816368848085,0.52,0.4
24634.816599803566,0.536,0.40800000000000003
24634.81683075905,0.544,0.4
24634.81706171453,0.52,0.384
24634.81729267001,0.52,0.4
24634.817523625494,0.536,0.384
24634.817754580974,0.52,0.392
24634.817985536458,0.536,0.40800000000000003
24634.818216491938,0.52,0.392
24634.81844744742,0.544,0.4
24634.818678402902,0.528,0.384
24634.818909358382,0.544,0.4
24634.819140313863,0.528,0.384
24634.819371269346,0.544,0.392
24634.819602224827,0.552,0.384
24634.819833180307,0.52,0.40800000000000003
24634.82006413579,0.52,0.4
24634.82029509127,0.544,0.40800000000000003
24634.82052604675,0.536,0.41600000000000004
24634.820757002235,0.528,0.4
24634.820987957715,0.536,0.4
24634.8212189132,0.52,0.40800000000000003
24634.82144986868,0.536,0.392
24634.82168082416,0.52,0.4
24634.821911779643,0.528,0.392
24634.822142735124,0.544,0.384
24634.822373690604,0.528,0.384
24634.822604646088,0.536,0.40800000000000003
24634.822835601568,0.52,0.4
24634.823066557048,0.544,0.41600000000000004
24634.823297512532,0.528,0.40800000000000003
24634.823528468012,0.544,0.392
24634.823759423496,0.544,0.392
24634.823990378976,0.528,0.4
24634.824221334457,0.528,0.392
24634.82445228994,0.544,0.4
24634.82468324542,0.528,0.4
24634.8249142009,0.544,0.384
24634.825145156385,0.52,0.384
24634.825376111865,0.536,0.40800000000000003
24634.825607067345,0.52,0.4
24634.82583802283,0.528,0.384
24634.82606897831,0.52,0.384
24634.82629993379,0.536,0.4
24634.826530889273,0.52,0.4
24634.826761844753,0.544,0.41600000000000004
24634.826992800237,0.528,0.4
24634.827223755718,0.536,0.41600000000000004
24634.827454711198,0.52,0.4
24634.82768566668,0.544,0.392
24634.837939977646,0.536,-0.008
24634.838204665182,0.52,0.0
24634.838469352722,0.528,0.0
24634.83873404026,0.544,-0.016
24634.8389987278,0.528,0.0
24634.839263415335,0.544,-0.016
24634.839528102875,0.552,0.0
24634.83979279041,0.528,-0.016
24634.84005747795,0.536,-0.016
24634.840322165488,0.52,0.0
24634.840586853028,0.52,-0.016
24634.840851540564,0.544,0.0
24634.841116228105,0.536,0.0
24634.84138091564,0.52,-0.016
24634.84164560318,0.528,-0.016
24634.841910290717,0.544,0.0
24634.842174978257,0.536,0.0
24634.842439665794,0.52,-0.008
24634.842704353334,0.52,0.0
24634.84296904087,0.544,-0.008
24634.84323372841,0.528,-0.008
24634.843498415947,0.544,0.024
24634.843763103487,0.528,0.032
24634.844027791023,0.536,0.136
24634.844292478563,0.528,0.14400000000000002
24634.8445571661,0.544,0.28800000000000003
24634.844821853636,0.536,0.296
24634.845086541176,0.52,0.352
24634.845351228712,0.536,0.36
24634.845615916252,0.52,0.376
24634.84588060379,0.544,0.376
24634.84614529133,0.52,0.376
24634.846409978865,0.528,0.376
24634.846674666405,0.544,0.392
24634.84693935394,0.528,0.392
24634.84720404148,0.544,0.4
24634.847468729018,0.528,0.384
24634.84773341656,0.544,0.392
24634.847998104095,0.528,0.392
24634.848262791635,0.544,0.376
24634.84852747917,0.544,0.384
24634.84879216671,0.528,0.4
24634.849056854247,0.528,0.4
24634.849321541788,0.536,0.40800000000000003
24634.849586229324,0.528,0.40800000000000003
24634.849850916864,0.536,0.4
24634.8501156044,0.528,0.4
24634.85038029194,0.552,0.41600000000000004
24634.850644979477,0.544,0.40800000000000003
24634.850909667017,0.52,0.392
24634.851174354553,0.52,0.4
24634.85143904209,0.536,0.41600000000000004
24634.85170372963,0.528,0.40800000000000003
24634.851968417166,0.544,0.384
24634.852233104706,0.552,0.384
24634.852497792243,0.52,0.4
24634.852762479783,0.544,0.40800000000000003
24634.85302716732,0.52,0.4
24634.85329185486,0.536,0.4
24634.853556542395,0.52,0.392
24634.853821229935,0.528,0.392
24634.854085917472,0.544,0.384
24634.854350605012,0.528,0.384
24634.85461529255,0.544,0.4
24634.85487998009,0.528,0.4
24634.855144667625,0.52,0.392
24634.855409355165,0.52,0.40800000000000003
24634.8556740427,0.544,0.392
24634.85593873024,0.536,0.4
24634.856203417778,0.52,0.392
24634.856468105318,0.528,0.40800000000000003
24634.856732792854,0.544,0.384
24634.856997480394,0.528,0.4
24634.85726216793,0.536,0.376
24634.85752685547,0.528,0.384
24634.857791543007,0.536,0.4
24634.858056230543,0.528,0.384
24634.858320918083,0.544,0.4
24634.85858560562,0.52,0.392
24634.85885029316,0.544,0.40800000000000003
24634.859114980696,0.536,0.392
24634.859379668236,0.52,0.376
24634.859644355773,0.528,0.384
24634.859909043313,0.544,0.40800000000000003
24634.86017373085,0.544,0.4
24634.86043841839,0.528,0.392
24634.860703105925,0.52,0.392
24634.860967793466,0.544,0.4
24634.861232481002,0.528,0.392
24634.861497168542,0.544,0.4
24634.86176185608,0.528,0.392
24634.86202654362,0.536,0.392
24634.862291231155,0.528,0.392
24634.862555918695,0.544,0.392
24634.86282060623,0.528,0.4
24634.86308529377,0.544,0.392
24634.863349981308,0.544,0.392
24634.863614668848,0.52,0.4
24634.863879356384,0.52,0.392
24634.864144043924,0.536,0.392
24634.86440873146,0.52,0.392
24634.864673418997,0.536,0.4
24634.864938106537,0.544,0.392
24634.865202794073,0.52,0.4
24634.865467481613,0.528,0.4
24634.86573216915,0.52,0.392
24634.86599685669,0.536,0.392
24634.866261544226,0.52,0.4
24634.866526231766,0.528,0.392
24634.866790919303,0.536,0.4
24634.867055606843,0.528,0.392
24634.86732029438,0.544,0.392
24634.86758498192,0.528,0.392
24634.867849669456,0.552,0.4
24634.868114356996,0.544,0.4
24634.868379044532,0.528,0.392
24634.868643732072,0.552,0.392
24634.86890841961,0.528,0.4
24634.86917310715,0.552,0.392
24634.869437794685,0.52,0.4
24634.869702482225,0.544,0.4
24634.86996716976,0.52,0.392
24634.8702318573,0.52,0.392
24634.870496544838,0.544,0.4
24634.870761232378,0.528,0.392
24634.871025919914,0.544,0.4
24634.87129060745,0.528,0.392
24634.87155529499,0.544,0.392
24634.871819982527,0.528,0.392
24634.872084670067,0.544,0.4
24634.872349357604,0.536,0.392
24634.872614045144,0.552,0.4
24634.87287873268,0.528,0.392
24634.87314342022,0.552,0.4
24634.873408107756,0.528,0.392
24634.873672795296,0.544,0.4
24634.873937482833,0.552,0.392
24634.874202170373,0.52,0.4
24634.87446685791,0.52,0.4
24634.87473154545,0.536,0.392
24634.874996232986,0.544,0.392
24634.875260920526,0.52,0.4
24634.875525608062,0.52,0.392
24634.875790295602,0.536,0.4
24634.87605498314,0.528,0.392
24634.87631967068,0.52,0.4
24634.876584358215,0.528,0.392
24634.876849045755,0.536,0.4
24634.87711373329,0.528,0.4
24634.87737842083,0.536,0.392
24634.877643108368,0.544,0.4
24634.877907795904,0.52,0.392
24634.878172483444,0.528,0.392
24634.87843717098,0.536,0.4
24634.87870185852,0.528,0.392
24634.878966546057,0.544,0.4
24634.879231233597,0.528,0.392
24634.879495921134,0.56,0.40800000000000003
24634.879760608674,0.544,0.392
24634.88002529621,0.52,0.4
24634.88028998375,0.536,0.392
24634.880554671287,0.52,0.392
24634.880819358827,0.528,0.392
24634.881084046363,0.544,0.4
24634.881348733903,0.528,0.392
24634.88161342144,0.544,0.4
24634.88187810898,0.536,0.392
24634.882142796516,0.528,0.4
24634.882407484056,0.52,0.392
24634.882672171592,0.552,0.4
24634.882936859132,0.544,0.392
24634.88320154667,0.52,0.40800000000000003
24634.88346623421,0.52,0.392
24634.883730921745,0.544,0.4
24634.883995609285,0.528,0.392
24634.88426029682,0.536,0.40800000000000003
24634.884524984358,0.536,0.392
24634.884789671898,0.528,0.4
24634.885054359434,0.528,0.392
24634.885319046974,0.544,0.392
24634.88558373451,0.52,0.4
24634.88584842205,0.536,0.384
24634.886113109587,0.52,0.384
24634.886377797127,0.536,0.392
24634.886642484664,0.52,0.384
24634.886907172204,0.536,0.4
24634.88717185974,0.544,0.384
24634.88743654728,0.528,0.392
24634.887701234817,0.528,0.392
24634.887965922357,0.536,0.376
24634.888230609893,0.528,0.384
24634.888495297433,0.544,0.4
24634.88875998497,0.544,0.392
24634.88902467251,0.528,0.4
24634.889289360046,0.528,0.392
24634.889554047586,0.544,0.384
24634.889818735122,0.528,0.384
24634.890083422662,0.544,0.392
24634.8903481102,0.536,0.392
24634.89061279774,0.52,0.384
24634.890877485275,0.528,0.384
24634.89114217281,0.536,0.384
24634.89140686035,0.544,0.376
24634.891671547888,0.528,0.392
24634.891936235428,0.528,0.392
24634.892200922965,0.536,0.40800000000000003
24634.892465610505,0.528,0.4
24634.89273029804,0.544,0.41600000000000004
24634.89299498558,0.552,0.392
24634.893259673117,0.52,0.41600000000000004
24634.893524360657,0.52,0.392
24634.893789048194,0.536,0.40800000000000003
24634.894053735734,0.536,0.41600000000000004
24634.89431842327,0.52,0.384
24634.89458311081,0.52,0.392
24634.894847798347,0.536,0.384
24634.895112485887,0.528,0.384
24634.895377173423,0.536,0.4
24634.895641860963,0.536,0.376
24634.8959065485,0.52,0.392
24634.89617123604,0.528,0.392
24634.896435923576,0.544,0.40800000000000003
24634.896700611116,0.528,0.40800000000000003
24634.896965298653,0.536,0.392
24634.897229986193,0.528,0.392
24634.89749467373,0.544,0.376
24634.897759361265,0.528,0.376
24634.898024048805,0.544,0.4
24634.89828873634,0.536,0.4
24634.898553423882,0.52,0.384
24634.89881811142,0.52,0.392
24634.89908279896,0.536,0.384
24634.899347486495,0.528,0.384
24634.899612174035,0.544,0.376
24634.89987686157,0.528,0.384
24634.90014154911,0.544,0.40800000000000003
24634.900406236648,0.52,0.4
24634.900670924188,0.536,0.384
24634.900935611724,0.536,0.384
24634.901200299264,0.52,0.376
24634.9014649868,0.528,0.40800000000000003
24634.90172967434,0.536,0.384
24634.901994361877,0.528,0.384
24634.902259049417,0.544,0.392
24634.902523736953,0.528,0.392
24634.902788424493,0.552,0.376
24634.90305311203,0.528,0.376
24634.90331779957,0.544,0.4
24634.903582487106,0.528,0.392
24634.903847174646,0.544,0.40800000000000003
24634.904111862183,0.52,0.40800000000000003
24634.90437654972,0.536,0.4
24634.90464123726,0.544,0.4
24634.904905924795,0.528,0.40800000000000003
24634.905170612335,0.528,0.4
24634.905435299872,0.536,0.40800000000000003
24634.905699987412,0.528,0.4
24634.90596467495,0.536,0.41600000000000004
24634.90622936249,0.528,0.4
24634.906494050025,0.544,0.40800000000000003
24634.906758737565,0.536,0.4
24634.9070234251,0.52,0.40800000000000003
24634.90728811264,0.52,0.40800000000000003
24634.907552800178,0.536,0.384
24634.907817487718,0.528,0.384
24634.908082175254,0.544,0.392
24634.908346862794,0.528,0.392
24634.90861155033,0.544,0.384
24634.90887623787,0.528,0.384
24634.909140925407,0.544,0.368
24634.909405612947,0.528,0.368
24634.909670300483,0.536,0.296
24634.909934988023,0.544,0.28800000000000003
24634.91019967556,0.528,0.152
24634.9104643631,0.536,0.14400000000000002
24634.910729050636,0.528,0.056
24634.910993738173,0.528,0.048
24634.911258425713,0.544,0.008
24634.91152311325,0.544,0.008
24634.91178780079,0.52,-0.008
24634.912052488326,0.544,-0.008
24634.912317175866,0.528,0.0
24634.912581863402,0.528,-0.008
24634.912846550942,0.544,0.0
24634.91311123848,0.544,0.0
24634.91337592602,0.52,-0.008
24634.913640613555,0.528,-0.008
24634.913905301095,0.536,0.0
24634.91416998863,0.544,0.0
24634.91443467617,0.52,-0.008
24634.914699363708,0.52,-0.008
24634.914964051248,0.536,0.0
24634.915228738784,0.544,-0.008
24634.915493426324,0.52,0.0
24634.91575811386,0.536,-0.008
24634.9160228014,0.52,0.0
24634.916287488937,0.528,-0.008
24634.916552176477,0.544,0.0
24634.916816864014,0.552,-0.008
24634.917081551554,0.528,0.0
24634.91734623909,0.528,0.0
24634.917610926626,0.544,-0.008
24634.917875614166,0.528,0.0
24634.918140301703,0.544,-0.008
24634.918404989243,0.528,0.0
24634.91866967678,0.544,-0.008
24634.91893436432,0.528,0.0
24634.919199051856,0.536,-0.008
24634.919463739396,0.528,-0.008
24634.919728426932,0.544,0.0
24634.919993114472,0.536,0.0
24634.92025780201,0.528,-0.008
24634.92052248955,0.528,0.0
24634.920787177085,0.544,-0.008
24634.921051864625,0.552,-0.008
24634.92131655216,0.528,0.0
24634.9215812397,0.528,-0.008
24634.921845927238,0.544,0.0
24634.922110614778,0.536,0.0
24634.922375302314,0.52,-0.008
24634.922639989854,0.528,0.0
24634.92290467739,0.52,-0.008
24634.92316936493,0.528,-0.008
24634.923434052467,0.544,0.0
24634.923698740007,0.544,0.0
24634.923963427544,0.52,-0.008
24634.92422811508,0.536,-0.008
24634.92449280262,0.52,0.0
24634.924757490156,0.52,0.0
24634.925022177697,0.536,-0.008
24634.925286865233,0.528,0.0
24634.925551552773,0.536,-0.008
24634.92581624031,0.528,0.0
24634.92608092785,0.536,-0.008
24634.926345615386,0.528,-0.008
24634.926610302926,0.544,0.0
24634.926874990462,0.544,0.0
24634.927139678002,0.528,-0.008
24634.92740436554,0.52,0.0
24634.92766905308,0.544,-0.008
24634.927933740615,0.528,-0.008
24634.928198428155,0.536,0.0
24634.92846311569,0.528,0.0
24634.92872780323,0.552,-0.008
24634.928992490768,0.52,0.0
24634.929257178308,0.544,-0.008
24634.929521865844,0.528,-0.008
24634.929786553384,0.552,0.0
24634.93005124092,0.536,0.0
24634.93031592846,0.552,-0.016
24634.930580615997,0.544,0.0
24634.930845303534,0.528,-0.008
24634.931109991074,0.536,0.0
24634.93137467861,0.52,-0.008
24634.93163936615,0.528,0.0
24634.931904053687,0.544,-0.016
24634.932168741227,0.536,0.0
24634.932433428763,0.528,-0.008
24634.932698116303,0.528,0.0
24634.93296280384,0.544,-0.016
24634.93322749138,0.544,-0.016
24634.933492178916,0.52,0.0
24634.933756866456,0.52,0.0
24634.934021553992,0.544,-0.016
24634.934286241532,0.528,-0.008
24634.93455092907,0.536,0.0
24634.93481561661,0.528,0.0
24634.935080304145,0.544,-0.016
24634.935344991685,0.552,0.0
24634.93560967922,0.528,-0.016
24634.93587436676,0.528,0.0
24634.936139054298,0.544,-0.008
24634.936403741838,0.528,0.0
24634.936668429375,0.536,-0.008
24634.936933116915,0.528,0.0
24634.93719780445,0.544,-0.008
24634.937462491987,0.528,0.0
24634.937727179527,0.56,-0.008
24634.937991867064,0.52,0.0
24634.938256554604,0.544,-0.008
24634.93852124214,0.536,0.0
24634.93878592968,0.552,-0.008
24634.939050617217,0.552,-0.008
24634.939315304757,0.536,0.0
24634.939579992293,0.536,-0.008
24634.939844679833,0.552,0.0
24634.94010936737,0.544,0.0
24634.94037405491,0.536,-0.016
24634.940638742446,0.536,0.0
24634.940903429986,0.544,-0.016
24634.941168117522,0.528,-0.008
24634.941432805063,0.552,0.0
24634.9416974926,0.536,-0.008
24634.94196218014,0.552,0.0
24634.942226867675,0.552,0.0
24634.942491555215,0.528,-0.008
24634.94275624275,0.552,0.0
24634.943020930292,0.528,-0.016
24634.94328561783,0.552,0.0
24634.94355030537,0.528,-0.016
24634.943814992905,0.536,0.0
24634.94407968044,0.552,-0.016
24634.94434436798,0.528,-0.008
24634.944609055518,0.552,0.0
24634.944873743058,0.536,0.0
24634.945138430594,0.552,-0.008
24634.945403118134,0.536,0.0
24634.94566780567,0.544,-0.016
24634.94593249321,0.536,0.0
24634.946197180747,0.544,-0.016
24634.946461868287,0.544,0.0
24634.946726555823,0.528,-0.016
24634.946991243363,0.528,0.0
24634.9472559309,0.544,-0.008
24634.94752061844,0.544,-0.008
24634.947785305976,0.528,0.0
24634.948049993516,0.544,-0.008
24634.948314681053,0.528,0.0
24634.948579368593,0.544,-0.016
24634.94884405613,0.52,0.0
24634.94910874367,0.552,0.0
24634.949373431205,0.52,-0.008
24634.949638118745,0.52,-0.008
24634.949902806282,0.536,0.0
24634.950167493822,0.536,0.0
24634.95043218136,0.52,-0.008
24634.950696868895,0.536,-0.008
24634.950961556435,0.52,0.0
24634.95122624397,0.536,0.0
24634.95149093151,0.52,-0.016
24634.951755619048,0.536,0.0
24634.952020306588,0.52,-0.008
24634.952284994124,0.52,-0.008
24634.952549681664,0.536,0.0
24634.9528143692,0.544,0.0
24634.95307905674,0.52,-0.016
24634.953343744277,0.536,-0.016
24634.953608431817,0.52,0.0
24634.953873119353,0.544,0.0
24634.954137806893,0.52,-0.016
24634.95440249443,0.536,-0.016
24634.95466718197,0.528,0.0
24634.954931869506,0.544,-0.008
24634.955196557046,0.528,0.0
24634.955461244583,0.528,0.0
24634.955725932123,0.552,-0.016
24634.95599061966,0.536,-0.008
24634.9562553072,0.52,0.0
24634.956519994736,0.528,0.0
24634.956784682276,0.544,-0.016
24634.957049369812,0.528,-0.016
24634.95731405735,0.544,0.0
24634.95757874489,0.544,-0.008
24634.957843432425,0.52,0.0
24634.958108119965,0.544,0.0
24634.9583728075,0.528,-0.008
24634.95863749504,0.536,0.0
24634.958902182578,0.544,-0.008
24634.959166870118,0.544,0.0
24634.959431557654,0.528,-0.016
24634.959696245194,0.528,0.0
24634.95996093273,0.544,-0.016
24634.96022562027,0.536,0.0
24634.960490307807,0.544,-0.008
24634.960754995347,0.544,-0.008
24634.961019682883,0.528,0.0
24634.961284370424,0.528,0.0
24634.96154905796,0.552,-0.016
24634.9618137455,0.544,0.0
24634.962078433036,0.528,-0.008
24634.962343120576,0.528,-0.008
24634.962607808113,0.552,0.0
24634.962872495653,0.536,0.0
24634.96313718319,0.552,-0.016
24634.96340187073,0.544,0.0
24634.963666558266,0.528,-0.008
24634.963931245802,0.536,-0.016
24634.964195933342,0.544,0.0
24634.96446062088,0.544,-0.008
24634.96472530842,0.528,0.0
24634.964989995955,0.536,0.0
24634.965254683495,0.552,-0.008
24634.96551937103,0.536,0.0
24634.96578405857,0.544,-0.016
24634.966048746108,0.544,-0.016
24634.966313433648,0.536,0.0
24634.966578121184,0.536,-0.016
24634.966842808724,0.544,0.0
24634.96710749626,0.536,-0.008
24634.9673721838,0.552,0.0
24634.967636871337,0.536,-0.008
24634.967901558877,0.544,0.0
24634.968166246414,0.528,0.0
24634.968430933954,0.544,-0.016
24634.96869562149,0.544,0.0
24634.96896030903,0.528,-0.016
24634.969224996566,0.544,0.0
24634.969489684107,0.528,-0.016
24634.969754371643,0.544,0.0
24634.970019059183,0.528,-0.016
24634.97028374672,0.544,0.0
24634.970548434256,0.528,-0.016
24634.970813121796,0.536,0.0
24634.971077809332,0.544,-0.016
24634.971342496872,0.528,-0.008
24634.97160718441,0.552,0.0
24634.97187187195,0.544,0.0
24634.972136559485,0.528,-0.016
24634.972401247025,0.536,-0.016
24634.97266593456,0.544,0.0
24634.9729306221,0.536,0.0
24634.973195309638,0.528,-0.016
24634.973459997178,0.536,0.0
24634.973724684714,0.552,-0.016
24634.973989372254,0.544,0.0
24634.97425405979,0.528,-0.016
24634.97451874733,0.536,0.0
24634.974783434867,0.552,-0.016
24634.975048122407,0.544,0.0
24634.975312809944,0.528,-0.008
24634.975577497484,0.536,-0.008
24634.97584218502,0.544,0.024
24634.97610687256,0.552,0.032
24634.976371560097,0.528,0.136
24634.976636247637,0.536,0.14400000000000002
24634.976900935173,0.528,0.28
24634.97716562271,0.536,0.28800000000000003
24634.97743031025,0.544,0.368
24634.977694997786,0.544,0.368
24634.977959685326,0.528,0.376
24634.978224372862,0.528,0.384
24634.978489060402,0.544,0.392
24634.97875374794,0.528,0.392
24634.97901843548,0.544,0.384
24634.979283123015,0.544,0.384
24634.979547810555,0.52,0.376
24634.97981249809,0.544,0.368
24634.98007718563,0.52,0.384
24634.980341873168,0.52,0.392
24634.980606560708,0.536,0.384
24634.980871248245,0.528,0.392
24634.981135935785,0.544,0.376
24634.98140062332,0.544,0.392
24634.98166531086,0.528,0.4
24634.981929998397,0.536,0.4
24634.982194685937,0.52,0.40800000000000003
24634.982459373474,0.52,0.4
24634.982724061014,0.536,0.40800000000000003
24634.98298874855,0.528,0.4
24634.98325343609,0.544,0.40800000000000003
24634.983518123627,0.528,0.4
24634.983782811163,0.544,0.40800000000000003
24634.984047498703,0.52,0.40800000000000003
24634.98431218624,0.544,0.4
24634.98457687378,0.544,0.40800000000000003
24634.984841561316,0.528,0.384
24634.985106248856,0.544,0.384
24634.985370936392,0.52,0.392
24634.985635623932,0.528,0.376
24634.98590031147,0.544,0.4
24634.98616499901,0.528,0.4
24634.986429686545,0.536,0.384
24634.986694374085,0.528,0.384
24634.98695906162,0.536,0.4
24634.98722374916,0.528,0.384
24634.9874884367,0.544,0.392
24634.98775312424,0.536,0.384
24634.988017811775,0.52,0.392
24634.988282499315,0.52,0.392
24634.98854718685,0.536,0.376
24634.98881187439,0.528,0.384
24634.989076561928,0.52,0.40800000000000003
24634.989341249468,0.52,0.40800000000000003
24634.989605937004,0.544,0.392
24634.989870624544,0.536,0.4
24634.99013531208,0.52,0.384
24634.990399999617,0.544,0.384
24634.990664687157,0.528,0.392
24634.990929374693,0.552,0.384
24634.991194062233,0.528,0.376
24634.99145874977,0.544,0.376
24634.99172343731,0.52,0.4
24634.991988124846,0.528,0.4
24634.992252812386,0.536,0.4
24634.992517499923,0.544,0.40800000000000003
24634.992782187463,0.528,0.384
24634.993046875,0.552,0.384
24634.99331156254,0.528,0.384
24634.993576250075,0.528,0.384
24634.993840937615,0.544,0.392
24634.994105625152,0.544,0.384
24634.994370312692,0.52,0.392
24634.99463500023,0.536,0.384
24634.99489968777,0.52,0.40800000000000003
24634.995164375305,0.528,0.392
24634.995429062845,0.544,0.384
24634.99569375038,0.528,0.384
24634.99595843792,0.544,0.4
24634.996223125458,0.536,0.384
24634.996487812998,0.52,0.384
24634.996752500534,0.528,0.376
24634.99701718807,0.544,0.392
24634.99728187561,0.528,0.384
24634.997546563147,0.544,0.40800000000000003
24634.997811250687,0.528,0.4
24634.998075938223,0.544,0.384
24634.998340625763,0.528,0.392
24634.9986053133,0.544,0.376
24634.99887000084,0.528,0.376
24634.999134688376,0.544,0.4
24634.999399375916,0.536,0.392
24634.999664063453,0.52,0.384
24634.999928750993,0.536,0.384
24635.00019343853,0.52,0.384
24635.00045812607,0.52,0.384
24635.000722813606,0.536,0.392
24635.000987501146,0.528,0.384
24635.001252188682,0.544,0.392
24635.001516876222,0.52,0.384
24635.00178156376,0.544,0.376
24635.0020462513,0.536,0.384
24635.002310938835,0.528,0.4
24635.002575626375,0.528,0.384
24635.00284031391,0.552,0.4
24635.00310500145,0.536,0.384
24635.003369688988,0.52,0.4
24635.003634376524,0.52,0.384
24635.003899064064,0.544,0.392
24635.0041637516,0.528,0.384
24635.00442843914,0.544,0.40800000000000003
24635.004693126677,0.52,0.4
24635.004957814217,0.536,0.392
24635.005222501753,0.528,0.4
24635.005487189293,0.552,0.384
24635.00575187683,0.536,0.384
24635.00601656437,0.52,0.392
24635.006281251906,0.52,0.392
24635.006545939446,0.544,0.376
24635.006810626983,0.544,0.392
24635.007075314523,0.52,0.376
24635.00734000206,0.528,0.384
24635.0076046896,0.536,0.4
24635.007869377136,0.528,0.4
24635.008134064676,0.544,0.384
24635.008398752212,0.528,0.384
24635.008663439752,0.544,0.384
24635.00892812729,0.544,0.384
24635.00919281483,0.528,0.392
24635.009457502365,0.536,0.376
24635.009722189905,0.52,0.40800000000000003
24635.00998687744,0.52,0.4
24635.010251564978,0.544,0.40800000000000003
24635.010516252518,0.536,0.4
24635.010780940054,0.52,0.384
24635.011045627594,0.52,0.384
24635.01131031513,0.536,0.392
24635.01157500267,0.52,0.384
24635.011839690207,0.536,0.392
24635.012104377747,0.52,0.384
24635.012369065284,0.544,0.384
24635.012633752824,0.56,0.384
24635.01289844036,0.52,0.40800000000000003
24635.0131631279,0.52,0.4
24635.013427815436,0.544,0.41600000000000004
24635.013692502976,0.544,0.4
24635.013957190513,0.528,0.40800000000000003
24635.014221878053,0.544,0.4
24635.01448656559,0.528,0.384
24635.01475125313,0.528,0.384
24635.015015940666,0.552,0.392
24635.015280628206,0.536,0.4
24635.015545315742,0.52,0.384
24635.015810003282,0.528,0.384
24635.01607469082,0.52,0.392
24635.01633937836,0.528,0.384
24635.016604065895,0.536,0.40800000000000003
24635.01686875343,0.52,0.40800000000000003
24635.01713344097,0.536,0.4
24635.017398128508,0.52,0.4
24635.017662816048,0.544,0.40800000000000003
24635.017927503584,0.544,0.4
24635.018192191124,0.52,0.40800000000000003
24635.01845687866,0.52,0.4
24635.0187215662,0.544,0.4
24635.018986253737,0.528,0.4
24635.019250941277,0.544,0.392
24635.019515628814,0.528,0.392
24635.019780316354,0.52,0.384
24635.02004500389,0.52,0.384
24635.02030969143,0.544,0.376
24635.020574378967,0.536,0.384
24635.020839066507,0.52,0.4
24635.021103754043,0.52,0.4
24635.021368441583,0.544,0.40800000000000003
24635.02163312912,0.528,0.40800000000000003
24635.02189781666,0.552,0.392
24635.022162504196,0.552,0.392
24635.022427191736,0.52,0.384
24635.022691879272,0.52,0.392
24635.022956566812,0.544,0.40800000000000003
24635.02322125435,0.544,0.4
24635.023485941885,0.52,0.40800000000000003
24635.023750629425,0.528,0.40800000000000003
24635.02401531696,0.536,0.4
24635.0242800045,0.528,0.4
24635.024544692038,0.552,0.384
24635.024809379578,0.552,0.376
24635.025074067114,0.528,0.4
24635.025338754655,0.52,0.4
24635.02560344219,0.544,0.40800000000000003
24635.02586812973,0.528,0.40800000000000003
24635.026132817267,0.544,0.392
24635.026397504807,0.552,0.392
24635.026662192344,0.528,0.384
24635.026926879884,0.52,0.384
24635.02719156742,0.536,0.384
24635.02745625496,0.536,0.384
24635.027720942497,0.52,0.40800000000000003
24635.027985630037,0.544,0.4
24635.028250317573,0.52,0.384
24635.028515005113,0.528,0.384
24635.02877969265,0.544,0.4
24635.02904438019,0.528,0.40800000000000003
24635.029309067726,0.536,0.384
24635.029573755266,0.528,0.392
24635.029838442802,0.544,0.384
24635.03010313034,0.544,0.392
24635.03036781788,0.52,0.376
24635.030632505415,0.528,0.384
24635.030897192955,0.544,0.40800000000000003
24635.03116188049,0.528,0.4
24635.03142656803,0.544,0.384
24635.031691255568,0.544,0.392
24635.03195594311,0.528,0.384
24635.032220630645,0.52,0.384
24635.032485318185,0.536,0.392
24635.03275000572,0.528,0.384
24635.03301469326,0.52,0.384
24635.033279380797,0.52,0.384
24635.033544068338,0.544,0.4
24635.033808755874,0.544,0.392
24635.034073443414,0.52,0.384
24635.03433813095,0.52,0.392
24635.03460281849,0.536,0.384
24635.034867506027,0.52,0.392
24635.035132193567,0.544,0.376
24635.035396881103,0.528,0.392
24635.035661568643,0.536,0.4
24635.03592625618,0.52,0.392
24635.03619094372,0.536,0.384
24635.036455631256,0.528,0.384
24635.036720318793,0.52,0.392
24635.036985006333,0.528,0.384
24635.03724969387,0.544,0.392
24635.03751438141,0.528,0.384
24635.037779068945,0.544,0.392
24635.038043756485,0.528,0.384
24635.038308444022,0.544,0.376
24635.038573131562,0.544,0.376
24635.0388378191,0.528,0.4
24635.03910250664,0.52,0.4
24635.039367194175,0.544,0.392
24635.039631881715,0.528,0.4
24635.03989656925,0.544,0.40800000000000003
24635.04016125679,0.544,0.40800000000000003
24635.040425944328,0.52,0.392
24635.040690631868,0.536,0.392
24635.040955319404,0.52,0.376
24635.041220006944,0.544,0.368
24635.04148469448,0.528,0.384
24635.04174938202,0.544,0.368
24635.042014069557,0.528,0.304
24635.042278757097,0.544,0.304
24635.042543444633,0.52,0.16
24635.042808132173,0.528,0.152
24635.04307281971,0.52,0.056
24635.043337507246,0.52,0.048
24635.043602194786,0.528,0.008
24635.043866882323,0.528,0.016
24635.044131569863,0.544,-0.008
24635.0443962574,0.528,0.0
24635.04466094494,0.544,-0.008
24635.044925632475,0.528,-0.008
24635.045190320016,0.536,0.0
24635.045455007552,0.528,-0.008
24635.045719695092,0.544,0.0
24635.04598438263,0.552,-0.008
24635.04624907017,0.528,0.0
24635.046513757705,0.544,-0.008
24635.046778445245,0.52,0.0
24635.04704313278,0.52,-0.008
24635.04730782032,0.536,0.0
24635.047572507858,0.52,-0.008
24635.047837195398,0.536,0.0
24635.048101882934,0.52,-0.008
24635.048366570474,0.536,0.0
24635.04863125801,0.528,0.0
24635.04889594555,0.544,-0.008
24635.049160633087,0.544,0.0
24635.049425320627,0.52,-0.008
24635.049690008163,0.528,0.0
24635.0499546957,0.536,-0.008
24635.05021938324,0.528,0.0
24635.050484070776,0.544,-0.008
24635.050748758316,0.528,0.0
24635.051013445853,0.536,-0.008
24635.051278133393,0.528,0.0
24635.05154282093,0.544,-0.008
24635.05180750847,0.552,0.0
24635.052072196006,0.52,-0.016
24635.052336883546,0.52,-0.016
24635.052601571082,0.544,0.0
24635.052866258622,0.52,0.0
24635.05313094616,0.544,-0.016
24635.0533956337,0.528,-0.016
24635.053660321235,0.544,0.0
24635.053925008775,0.528,0.0
24635.05418969631,0.544,-0.008
24635.05445438385,0.528,0.0
24635.054719071388,0.544,-0.008
24635.054983758928,0.536,0.0
24635.055248446464,0.552,-0.008
24635.055513134004,0.544,-0.008
24635.05577782154,0.52,0.0
24635.05604250908,0.536,-0.008
24635.056307196617,0.52,0.0
24635.056571884154,0.528,0.0
24635.056836571694,0.544,-0.008
24635.05710125923,0.544,0.0
24635.05736594677,0.528,-0.008
24635.057630634306,0.528,-0.008
24635.057895321846,0.544,0.0
24635.058160009383,0.544,-0.008
24635.058424696923,0.528,0.0
24635.05868938446,0.544,-0.008
24635.058954072,0.528,0.0
24635.059218759536,0.536,-0.008
24635.059483447076,0.52,0.0
24635.059748134612,0.536,0.0
24635.060012822152,0.52,-0.008
24635.06027750969,0.528,-0.008
24635.06054219723,0.536,0.0
24635.060806884765,0.528,0.0
24635.061071572305,0.544,-0.008
24635.06133625984,0.552,0.0
24635.06160094738,0.52,-0.008
24635.061865634918,0.536,-0.008
24635.062130322458,0.52,0.0
24635.062395009994,0.52,-0.008
24635.062659697534,0.536,0.0
24635.06292438507,0.52,-0.008
24635.063189072607,0.536,0.0
24635.063453760147,0.536,0.0
24635.063718447684,0.528,-0.008
24635.063983135224,0.528,0.0
24635.06424782276,0.544,-0.008
24635.0645125103,0.528,-0.008
24635.064777197837,0.544,0.0
24635.065041885377,0.528,-0.008
24635.065306572913,0.552,0.0
24635.065571260453,0.528,0.0
24635.06583594799,0.544,-0.008
24635.06610063553,0.528,0.0
24635.066365323066,0.544,-0.008
24635.066630010606,0.528,-0.008
24635.066894698142,0.544,0.0
24635.067159385682,0.528,0.0
24635.06742407322,0.544,-0.008
24635.06768876076,0.52,-0.008
24635.067953448295,0.544,0.0
24635.068218135835,0.528,0.0
24635.06848282337,0.544,-0.008
24635.06874751091,0.544,0.0
24635.069012198448,0.52,-0.008
24635.069276885988,0.528,0.0
24635.069541573524,0.536,-0.008
24635.06980626106,0.528,0.0
24635.0700709486,0.536,-0.008
24635.070335636137,0.536,-0.008
24635.070600323677,0.528,0.0
24635.070865011214,0.528,-0.016
24635.071129698754,0.544,0.0
24635.07139438629,0.552,0.0
24635.07165907383,0.52,-0.016
24635.071923761367,0.52,0.0
24635.072188448907,0.536,-0.008
24635.072453136443,0.528,0.0
24635.072717823983,0.544,-0.008
24635.07298251152,0.528,0.0
24635.07324719906,0.544,-0.016
24635.073511886596,0.544,-0.008
24635.073776574136,0.52,0.0
24635.074041261672,0.528,0.0
24635.074305949212,0.536,-0.008
24635.07457063675,0.536,0.0
24635.07483532429,0.552,-0.008
24635.075100011825,0.544,0.0
24635.075364699365,0.52,-0.008
24635.0756293869,0.52,0.0
24635.07589407444,0.544,-0.016
24635.076158761978,0.536,0.0
24635.076423449515,0.52,-0.008
24635.076688137055,0.52,-0.016
24635.07695282459,0.536,0.0
24635.07721751213,0.528,0.0
24635.077482199667,0.536,-0.016
24635.077746887207,0.528,0.0
24635.078011574744,0.544,-0.008
24635.078276262284,0.552,0.0
24635.07854094982,0.52,-0.016
24635.07880563736,0.536,-0.008
24635.079070324897,0.52,0.0
24635.079335012437,0.52,0.0
24635.079599699973,0.544,-0.008
24635.079864387513,0.528,-0.008
24635.08012907505,0.544,0.0
24635.08039376259,0.544,0.0
24635.080658450126,0.52,-0.016
24635.080923137666,0.528,-0.008
24635.081187825203,0.544,0.0
24635.081452512743,0.528,0.0
24635.08171720028,0.544,-0.016
24635.08198188782,0.544,0.0
24635.082246575355,0.52,-0.016
24635.082511262895,0.536,-0.008
24635.082775950432,0.52,0.0
24635.08304063797,0.536,0.0
24635.08330532551,0.52,-0.016
24635.083570013045,0.52,-0.016
24635.083834700585,0.544,0.0
24635.08409938812,0.552,-0.008
24635.08436407566,0.528,0.0
24635.084628763198,0.528,0.0
24635.084893450738,0.552,-0.008
24635.085158138274,0.544,0.0
24635.085422825814,0.52,-0.008
24635.08568751335,0.536,-0.008
24635.08595220089,0.52,0.0
24635.086216888427,0.536,0.0
24635.086481575967,0.52,-0.016
24635.086746263503,0.528,0.0
24635.087010951043,0.536,-0.016
24635.08727563858,0.528,0.0
24635.08754032612,0.536,-0.016
24635.087805013656,0.52,0.0
24635.088069701196,0.536,-0.016
24635.088334388733,0.528,0.0
24635.088599076273,0.552,-0.016
24635.08886376381,0.544,0.0
24635.08912845135,0.52,-0.016
24635.089393138885,0.528,0.0
24635.089657826422,0.544,-0.016
24635.089922513962,0.528,0.0
24635.0901872015,0.544,-0.008
24635.09045188904,0.528,0.0
24635.090716576575,0.544,-0.008
24635.090981264115,0.536,-0.008
24635.09124595165,0.528,0.0
24635.09151063919,0.528,0.0
24635.091775326728,0.544,-0.016
24635.092040014268,0.528,0.0
24635.092304701804,0.544,-0.016
24635.092569389344,0.528,0.0
24635.09283407688,0.544,-0.008
24635.09309876442,0.544,0.0
24635.093363451957,0.528,-0.016
24635.093628139497,0.552,-0.008
24635.093892827033,0.528,0.0
24635.094157514573,0.52,0.0
24635.09442220211,0.544,-0.016
24635.09468688965,0.552,-0.016
24635.094951577186,0.528,0.0
24635.095216264726,0.536,-0.008
24635.095480952263,0.52,0.0
24635.095745639803,0.528,0.0
24635.09601032734,0.544,-0.016
24635.096275014876,0.536,-0.008
24635.096539702416,0.528,0.0
24635.096804389952,0.536,-0.008
24635.097069077492,0.528,0.0
24635.09733376503,0.528,0.0
24635.09759845257,0.536,-0.008
24635.097863140105,0.528,0.0
24635.098127827645,0.544,-0.016
24635.09839251518,0.528,-0.008
24635.09865720272,0.544,0.0
24635.098921890258,0.536,0.0
24635.099186577798,0.52,-0.016
24635.099451265334,0.544,0.0
24635.099715952874,0.52,-0.016
24635.09998064041,0.52,-0.016
24635.10024532795,0.552,0.0
24635.100510015487,0.536,0.0
24635.100774703027,0.552,-0.016
24635.101039390564,0.544,0.0
24635.101304078104,0.528,-0.016
24635.10156876564,0.544,-0.016
24635.10183345318,0.528,0.0
24635.102098140716,0.544,-0.016
24635.102362828256,0.528,0.0
24635.102627515793,0.536,0.0
24635.10289220333,0.552,-0.016
24635.10315689087,0.536,0.0
24635.103421578406,0.552,-0.008
24635.103686265946,0.544,0.0
24635.103950953482,0.528,-0.016
24635.104215641022,0.528,-0.008
24635.10448032856,0.544,0.0
24635.1047450161,0.528,0.0
24635.105009703635,0.544,-0.008
24635.105274391175,0.544,0.0
24635.10553907871,0.528,-0.008
24635.10580376625,0.544,0.0
24635.106068453788,0.528,-0.016
24635.106333141328,0.536,0.0
24635.106597828864,0.544,-0.008
24635.106862516404,0.544,0.0
24635.10712720394,0.536,-0.016
24635.10739189148,0.544,0.0
24635.107656579017,0.528,-0.008
24635.107921266557,0.544,0.0
24635.108185954094,0.528,0.024
24635.108450641634,0.544,0.024
24635.10871532917,0.536,0.136
24635.10898001671,0.544,0.14400000000000002
24635.109244704247,0.528,0.28800000000000003
24635.109509391783,0.552,0.28800000000000003
24635.109774079323,0.528,0.36
24635.11003876686,0.536,0.368
24635.1103034544,0.544,0.384
24635.110568141936,0.528,0.384
24635.110832829476,0.552,0.4
24635.111097517012,0.536,0.392
24635.111362204552,0.544,0.4
24635.11162689209,0.544,0.392
24635.11189157963,0.528,0.4
24635.112156267165,0.552,0.392
24635.112420954705,0.528,0.4
24635.11268564224,0.528,0.4
24635.11295032978,0.552,0.384
24635.113215017318,0.544,0.392
24635.113479704858,0.528,0.384
24635.113744392394,0.528,0.384
24635.114009079934,0.544,0.4
24635.11427376747,0.544,0.4
24635.11453845501,0.528,0.40800000000000003
24635.114803142547,0.536,0.40800000000000003
24635.115067830087,0.52,0.384
24635.115332517624,0.528,0.376
24635.115597205164,0.552,0.4
24635.1158618927,0.536,0.4
24635.116126580237,0.52,0.392
24635.116391267777,0.528,0.40800000000000003
24635.116655955313,0.52,0.392
24635.116920642853,0.52,0.4
24635.11718533039,0.536,0.384
24635.11745001793,0.536,0.392
24635.117714705466,0.52,0.384
24635.117979393006,0.536,0.384
24635.118244080542,0.52,0.392
24635.118508768082,0.528,0.384
24635.11877345562,0.544,0.384
24635.11903814316,0.528,0.384
24635.119302830695,0.544,0.384
24635.119567518235,0.528,0.376
24635.11983220577,0.544,0.4
24635.12009689331,0.552,0.4
24635.120361580848,0.528,0.40800000000000003
24635.120626268388,0.52,0.40800000000000003
24635.120890955925,0.536,0.392
24635.121155643465,0.528,0.4
24635.121420331,0.544,0.384
24635.12168501854,0.528,0.392
24635.121949706077,0.552,0.376
24635.122214393617,0.552,0.376
24635.122479081154,0.528,0.4
24635.12274376869,0.52,0.4
24635.12300845623,0.544,0.40800000000000003
24635.123273143767,0.536,0.4
24635.123537831307,0.52,0.40800000000000003
24635.123802518843,0.528,0.4
24635.124067206383,0.544,0.40800000000000003
24635.12433189392,0.536,0.4
24635.12459658146,0.52,0.40800000000000003
24635.124861268996,0.536,0.40800000000000003
24635.125125956536,0.52,0.384
24635.125390644072,0.52,0.392
24635.125655331613,0.528,0.376
24635.12592001915,0.536,0.384
24635.12618470669,0.52,0.4
24635.126449394225,0.528,0.40800000000000003
24635.126714081765,0.544,0.392
24635.1269787693,0.544,0.4
24635.127243456842,0.52,0.384
24635.12750814438,0.528,0.384
24635.12777283192,0.544,0.392
24635.128037519455,0.528,0.384
24635.128302206995,0.544,0.376
24635.12856689453,0.544,0.376
24635.12883158207,0.528,0.392
24635.129096269608,0.552,0.392
24635.129360957144,0.52,0.384
24635.129625644684,0.52,0.384
24635.12989033222,0.536,0.392
24635.13015501976,0.528,0.384
24635.130419707297,0.536,0.392
24635.130684394837,0.528,0.384
24635.130949082373,0.544,0.376
24635.131213769913,0.52,0.384
24635.13147845745,0.536,0.41600000000000004
24635.13174314499,0.552,0.4
24635.132007832526,0.512,0.41600000000000004
24635.132272520066,0.52,0.4
24635.132537207603,0.544,0.41600000000000004
24635.132801895143,0.528,0.40800000000000003
24635.13306658268,0.552,0.384
24635.13333127022,0.528,0.384
24635.133595957755,0.536,0.4
24635.133860645295,0.52,0.392
24635.134125332832,0.536,0.384
24635.134390020372,0.528,0.376
24635.13465470791,0.552,0.40800000000000003
24635.13491939545,0.52,0.4
24635.135184082985,0.536,0.40800000000000003
24635.135448770525,0.536,0.4
24635.13571345806,0.52,0.41600000000000004
24635.135978145598,0.52,0.4
24635.136242833138,0.536,0.384
24635.136507520674,0.544,0.384
24635.136772208214,0.52,0.376
24635.13703689575,0.52,0.384
24635.13730158329,0.536,0.384
24635.137566270827,0.528,0.384
24635.137830958367,0.544,0.392
24635.138095645903,0.528,0.384
24635.138360333443,0.544,0.40800000000000003
24635.13862502098,0.552,0.4
24635.13888970852,0.528,0.40800000000000003
24635.139154396056,0.544,0.40800000000000003
24635.139419083596,0.52,0.384
24635.139683771133,0.528,0.392
24635.139948458673,0.544,0.384
24635.14021314621,0.552,0.384
24635.14047783375,0.528,0.392
24635.140742521286,0.52,0.384
24635.141007208826,0.544,0.392
24635.141271896362,0.528,0.384
24635.141536583902,0.544,0.392
24635.14180127144,0.544,0.392
24635.14206595898,0.52,0.376
24635.142330646515,0.536,0.376
24635.14259533405,0.52,0.4
24635.14286002159,0.528,0.40800000000000003
24635.143124709128,0.536,0.392
24635.143389396668,0.528,0.4
24635.143654084204,0.52,0.384
24635.143918771744,0.52,0.376
24635.14418345928,0.536,0.392
24635.14444814682,0.528,0.384
24635.144712834357,0.544,0.4
24635.144977521897,0.544,0.4
24635.145242209433,0.528,0.40800000000000003
24635.145506896974,0.528,0.4
24635.14577158451,0.544,0.384
24635.14603627205,0.52,0.392
24635.146300959586,0.544,0.384
24635.146565647126,0.528,0.392
24635.146830334663,0.552,0.40800000000000003
24635.147095022203,0.528,0.4
24635.14735970974,0.544,0.41600000000000004
24635.14762439728,0.528,0.4
24635.147889084816,0.544,0.41600000000000004
24635.148153772356,0.536,0.41600000000000004
24635.148418459892,0.528,0.4
24635.148683147432,0.528,0.41600000000000004
24635.14894783497,0.544,0.4
24635.149212522505,0.544,0.4
24635.149477210045,0.528,0.41600000000000004
24635.14974189758,0.544,0.4
24635.15000658512,0.52,0.41600000000000004
24635.150271272658,0.536,0.40800000000000003
24635.150535960198,0.52,0.384
24635.150800647734,0.528,0.384
24635.151065335274,0.544,0.392
24635.15133002281,0.528,0.384
24635.15159471035,0.544,0.392
24635.151859397887,0.528,0.392
24635.152124085427,0.544,0.384
24635.152388772964,0.544,0.384
24635.152653460504,0.52,0.4
24635.15291814804,0.528,0.384
24635.15318283558,0.536,0.392
24635.153447523116,0.528,0.384
24635.153712210657,0.544,0.392
24635.153976898193,0.544,0.384
24635.154241585733,0.52,0.392
24635.15450627327,0.52,0.392
24635.15477096081,0.544,0.376
24635.155035648346,0.536,0.384
24635.155300335886,0.528,0.4
24635.160608053207,0.536,-0.016
24635.160853628317,0.52,0.0
24635.16109920343,0.528,-0.016
24635.16134477854,0.544,0.0
24635.161590353648,0.528,-0.016
24635.161835928757,0.544,0.0
24635.16208150387,0.544,-0.016
24635.16232707898,0.528,0.0
24635.162572654088,0.528,0.0
24635.162818229197,0.544,-0.016
24635.16306380431,0.528,-0.016
24635.16330937942,0.544,0.0
24635.163554954528,0.552,0.0
24635.163800529637,0.52,-0.016
24635.16404610475,0.52,0.0
24635.16429167986,0.536,-0.016
24635.16453725497,0.544,-0.016
24635.16478283008,0.528,0.0
24635.16502840519,0.544,0.0
24635.1652739803,0.52,-0.016
24635.16551955541,0.52,-0.008
24635.16576513052,0.544,0.024
24635.16601070563,0.52,0.024
24635.16625628074,0.528,0.136
24635.16650185585,0.528,0.14400000000000002
24635.16674743096,0.544,0.28800000000000003
24635.16699300607,0.528,0.296
24635.16723858118,0.536,0.368
24635.16748415629,0.544,0.368
24635.1677297314,0.528,0.392
24635.16797530651,0.52,0.392
24635.16822088162,0.536,0.4
24635.168466456733,0.528,0.392
24635.168712031842,0.544,0.424
24635.16895760695,0.544,0.41600000000000004
24635.16920318206,0.528,0.4
24635.169448757173,0.528,0.392
24635.169694332282,0.552,0.40800000000000003
24635.16993990739,0.536,0.40800000000000003
24635.1701854825,0.52,0.392
24635.170431057613,0.52,0.392
24635.170676632722,0.536,0.40800000000000003
24635.17092220783,0.52,0.40800000000000003
24635.17116778294,0.544,0.424
24635.171413358054,0.544,0.41600000000000004
24635.171658933163,0.528,0.40800000000000003
24635.171904508272,0.544,0.41600000000000004
24635.172150083385,0.52,0.4
24635.172395658494,0.52,0.40800000000000003
24635.172641233603,0.536,0.392
24635.172886808712,0.52,0.392
24635.173132383825,0.544,0.41600000000000004
24635.173377958934,0.52,0.40800000000000003
24635.173623534043,0.544,0.41600000000000004
24635.173869109152,0.528,0.40800000000000003
24635.174114684265,0.544,0.424
24635.174360259374,0.528,0.41600000000000004
24635.174605834483,0.536,0.4
24635.174851409593,0.528,0.40800000000000003
24635.175096984705,0.544,0.392
24635.175342559814,0.536,0.392
24635.175588134924,0.52,0.40800000000000003
24635.175833710036,0.52,0.392
24635.176079285146,0.536,0.40800000000000003
24635.176324860255,0.544,0.4
24635.176570435364,0.52,0.392
24635.176816010477,0.52,0.392
24635.177061585586,0.528,0.4
24635.177307160695,0.52,0.4
24635.177552735804,0.528,0.392
24635.177798310917,0.52,0.4
24635.178043886026,0.536,0.384
24635.178289461135,0.528,0.392
24635.178535036244,0.544,0.424
24635.178780611357,0.536,0.40800000000000003
24635.179026186466,0.52,0.4
24635.179271761575,0.528,0.41600000000000004
24635.179517336688,0.552,0.4
24635.179762911797,0.536,0.4
24635.180008486906,0.52,0.41600000000000004
24635.180254062016,0.52,0.4
24635.18049963713,0.536,0.41600000000000004
24635.180745212238,0.52,0.4
24635.180990787347,0.536,0.41600000000000004
24635.181236362456,0.536,0.4
24635.18148193757,0.52,0.41600000000000004
24635.181727512678,0.528,0.4
24635.181973087787,0.544,0.41600000000000004
24635.182218662896,0.544,0.41600000000000004
24635.18246423801,0.52,0.4
24635.182709813118,0.52,0.41600000000000004
24635.182955388227,0.536,0.4
24635.18320096334,0.528,0.4
24635.18344653845,0.544,0.40800000000000003
24635.18369211356,0.544,0.40800000000000003
24635.183937688667,0.528,0.4
24635.18418326378,0.528,0.4
24635.18442883889,0.52,0.41600000000000004
24635.184674414,0.52,0.4
24635.184919989108,0.536,0.41600000000000004
24635.18516556422,0.52,0.4
24635.18541113933,0.544,0.40800000000000003
24635.18565671444,0.528,0.4
24635.185902289548,0.544,0.41600000000000004
24635.18614786466,0.528,0.41600000000000004
24635.18639343977,0.552,0.392
24635.18663901488,0.536,0.4
24635.18688458999,0.52,0.392
24635.1871301651,0.52,0.392
24635.18737574021,0.536,0.41600000000000004
24635.18762131532,0.528,0.41600000000000004
24635.187866890432,0.536,0.40800000000000003
24635.18811246554,0.528,0.4
24635.18835804065,0.544,0.392
24635.18860361576,0.544,0.392
24635.188849190872,0.52,0.4
24635.18909476598,0.52,0.392
24635.18934034109,0.536,0.40800000000000003
24635.1895859162,0.52,0.41600000000000004
24635.189831491312,0.536,0.4
24635.19007706642,0.528,0.4
24635.19032264153,0.544,0.392
24635.190568216643,0.528,0.384
24635.190813791753,0.536,0.40800000000000003
24635.19105936686,0.52,0.40800000000000003
24635.19130494197,0.528,0.41600000000000004
24635.191550517084,0.52,0.40800000000000003
24635.191796092193,0.536,0.41600000000000004
24635.192041667302,0.52,0.41600000000000004
24635.19228724241,0.544,0.392
24635.192532817524,0.544,0.392
24635.192778392633,0.52,0.4
24635.193023967742,0.528,0.4
24635.19326954285,0.544,0.384
24635.193515117964,0.528,0.392
24635.193760693073,0.544,0.41600000000000004
24635.194006268182,0.544,0.41600000000000004
24635.194251843295,0.52,0.4
24635.194497418404,0.528,0.40800000000000003
24635.194742993514,0.544,0.392
24635.194988568623,0.528,0.40800000000000003
24635.195234143735,0.552,0.392
24635.195479718845,0.528,0.4
24635.195725293954,0.544,0.392
24635.195970869063,0.536,0.392
24635.196216444176,0.52,0.41600000000000004
24635.196462019285,0.536,0.41600000000000004
24635.196707594394,0.52,0.40800000000000003
24635.196953169503,0.52,0.41600000000000004
24635.197198744616,0.544,0.4
24635.197444319725,0.528,0.40800000000000003
24635.197689894834,0.544,0.424
24635.197935469947,0.52,0.41600000000000004
24635.198181045056,0.536,0.392
24635.198426620165,0.528,0.392
24635.198672195274,0.544,0.4
24635.198917770387,0.544,0.392
24635.199163345496,0.52,0.4
24635.199408920605,0.528,0.4
24635.199654495715,0.52,0.40800000000000003
24635.199900070827,0.528,0.40800000000000003
24635.200145645937,0.544,0.424
24635.200391221046,0.52,0.41600000000000004
24635.200636796155,0.536,0.4
24635.200882371268,0.528,0.40800000000000003
24635.201127946377,0.552,0.392
24635.201373521486,0.544,0.4
24635.2016190966,0.528,0.384
24635.201864671708,0.52,0.392
24635.202110246817,0.536,0.41600000000000004
24635.202355821926,0.528,0.424
24635.20260139704,0.544,0.40800000000000003
24635.202846972148,0.536,0.41600000000000004
24635.203092547257,0.52,0.392
24635.203338122366,0.528,0.392
24635.20358369748,0.544,0.41600000000000004
24635.20382927259,0.528,0.41600000000000004
24635.204074847697,0.544,0.4
24635.204320422807,0.536,0.40800000000000003
24635.20456599792,0.52,0.392
24635.20481157303,0.52,0.392
24635.205057148138,0.544,0.40800000000000003
24635.20530272325,0.536,0.41600000000000004
24635.20554829836,0.544,0.4
24635.20579387347,0.544,0.392
24635.206039448578,0.528,0.40800000000000003
24635.20628502369,0.528,0.392
24635.2065305988,0.552,0.4
24635.20677617391,0.544,0.392
24635.207021749018,0.528,0.41600000000000004
24635.20726732413,0.528,0.40800000000000003
24635.20751289924,0.544,0.424
24635.20775847435,0.544,0.40800000000000003
24635.20800404946,0.528,0.424
24635.20824962457,0.528,0.41600000000000004
24635.20849519968,0.544,0.40800000000000003
24635.20874077479,0.528,0.40800000000000003
24635.208986349902,0.544,0.424
24635.20923192501,0.552,0.40800000000000003
24635.20947750012,0.528,0.41600000000000004
24635.20972307523,0.528,0.40800000000000003
24635.209968650342,0.552,0.424
24635.21021422545,0.528,0.40800000000000003
24635.21045980056,0.544,0.424
24635.21070537567,0.544,0.40800000000000003
24635.210950950783,0.528,0.41600000000000004
24635.211196525892,0.544,0.40800000000000003
24635.211442101,0.52,0.392
24635.21168767611,0.528,0.4
24635.211933251223,0.552,0.392
24635.212178826332,0.544,0.4
24635.21242440144,0.52,0.41600000000000004
24635.212669976554,0.52,0.40800000000000003
24635.212915551663,0.544,0.424
24635.213161126772,0.52,0.41600000000000004
24635.21340670188,0.536,0.392
24635.213652276994,0.52,0.392
24635.213897852103,0.536,0.40800000000000003
24635.214143427213,0.536,0.4
24635.21438900232,0.52,0.41600000000000004
24635.214634577434,0.52,0.392
24635.214880152544,0.536,0.40800000000000003
24635.215125727653,0.528,0.392
24635.215371302762,0.544,0.40800000000000003
24635.215616877875,0.528,0.392
24635.215862452984,0.544,0.392
24635.216108028093,0.52,0.392
24635.216353603206,0.544,0.384
24635.216599178315,0.528,0.384
24635.216844753424,0.544,0.40800000000000003
24635.217090328533,0.544,0.40800000000000003
24635.217335903646,0.52,0.392
24635.217581478755,0.52,0.392
24635.217827053864,0.536,0.4
24635.218072628973,0.528,0.392
24635.218318204086,0.536,0.41600000000000004
24635.218563779195,0.552,0.40800000000000003
24635.218809354305,0.52,0.424
24635.219054929414,0.52,0.41600000000000004
24635.219300504526,0.544,0.392
24635.219546079636,0.528,0.392
24635.219791654745,0.544,0.4
24635.220037229858,0.544,0.392
24635.220282804967,0.52,0.41600000000000004
24635.220528380076,0.52,0.424
24635.220773955185,0.536,0.40800000000000003
24635.221019530298,0.544,0.40800000000000003
24635.221265105407,0.52,0.4
24635.221510680516,0.536,0.40800000000000003
24635.221756255625,0.52,0.392
24635.222001830738,0.528,0.392
24635.222247405847,0.544,0.40800000000000003
24635.222492980956,0.528,0.392
24635.222738556065,0.536,0.40800000000000003
24635.22298413118,0.528,0.4
24635.223229706287,0.544,0.41600000000000004
24635.223475281397,0.536,0.40800000000000003
24635.22372085651,0.52,0.41600000000000004
24635.22396643162,0.52,0.40800000000000003
24635.224212006728,0.536,0.392
24635.224457581837,0.52,0.392
24635.22470315695,0.544,0.4
24635.22494873206,0.52,0.392
24635.225194307168,0.536,0.4
24635.225439882277,0.52,0.4
24635.22568545739,0.536,0.384
24635.2259310325,0.528,0.392
24635.226176607608,0.544,0.424
24635.226422182717,0.52,0.41600000000000004
24635.22666775783,0.536,0.384
24635.22691333294,0.52,0.376
24635.22715890805,0.536,0.296
24635.22740448316,0.528,0.296
24635.22765005827,0.536,0.152
24635.22789563338,0.528,0.14400000000000002
24635.22814120849,0.536,0.048
24635.2283867836,0.544,0.048
24635.22863235871,0.52,0.008
24635.22887793382,0.528,0.008
24635.22912350893,0.536,-0.008
24635.22936908404,0.528,-0.008
24635.22961465915,0.512,0.0
24635.22986023426,0.52,0.0
24635.23010580937,0.544,-0.008
24635.23035138448,0.528,0.0
24635.23059695959,0.544,-0.008
24635.2308425347,0.536,0.0
24635.231088109813,0.52,-0.008
24635.231333684922,0.528,0.0
24635.23157926003,0.544,-0.008
24635.23182483514,0.536,-0.008
24635.232070410253,0.528,0.0
24635.232315985362,0.52,0.0
24635.23256156047,0.536,-0.016
24635.23280713558,0.52,0.0
24635.233052710693,0.536,-0.016
24635.233298285802,0.528,0.0
24635.23354386091,0.544,-0.016
24635.23378943602,0.52,0.0
24635.234035011134,0.536,-0.016
24635.234280586243,0.52,0.0
24635.234526161352,0.536,-0.016
24635.234771736465,0.528,0.0
24635.235017311574,0.536,-0.016
24635.235262886683,0.528,-0.016
24635.235508461792,0.544,0.0
24635.235754036905,0.544,-0.016
24635.235999612014,0.52,0.0
24635.236245187123,0.52,0.0
24635.236490762232,0.528,-0.016
24635.236736337345,0.528,0.0
24635.236981912454,0.544,-0.016
24635.237227487563,0.544,-0.008
24635.237473062673,0.528,0.0
24635.237718637785,0.528,-0.008
24635.237964212894,0.544,0.0
24635.238209788004,0.528,0.0
24635.238455363116,0.544,-0.008
24635.238700938226,0.528,-0.016
24635.238946513335,0.536,0.0
24635.239192088444,0.528,0.0
24635.239437663557,0.544,-0.008
24635.239683238666,0.552,-0.016
24635.239928813775,0.528,0.0
24635.240174388884,0.52,-0.008
24635.240419963997,0.544,0.0
24635.240665539106,0.528,0.0
24635.240911114215,0.544,-0.008
24635.241156689324,0.528,0.0
24635.241402264437,0.544,-0.016
24635.241647839546,0.528,0.0
24635.241893414655,0.544,-0.016
24635.242138989768,0.52,-0.008
24635.242384564877,0.536,0.0
24635.242630139986,0.528,0.0
24635.242875715096,0.536,-0.016
24635.24312129021,0.528,-0.016
24635.243366865318,0.544,0.0
24635.243612440427,0.52,0.0
24635.243858015536,0.544,-0.008
24635.24410359065,0.552,-0.008
24635.244349165758,0.52,0.0
24635.244594740867,0.52,0.0
24635.244840315976,0.536,-0.016
24635.24508589109,0.52,0.0
24635.245331466198,0.544,-0.016
24635.245577041307,0.544,0.0
24635.24582261642,0.52,-0.016
24635.24606819153,0.52,-0.016
24635.24631376664,0.536,0.0
24635.246559341747,0.52,0.0
24635.24680491686,0.536,-0.016
24635.24705049197,0.52,0.0
24635.24729606708,0.544,-0.016
24635.247541642188,0.528,-0.016
24635.2477872173,0.544,0.0
24635.24803279241,0.528,0.0
24635.24827836752,0.544,-0.016
24635.248523942628,0.528,0.0
24635.24876951774,0.544,-0.016
24635.24901509285,0.528,0.0
24635.24926066796,0.552,-0.016
24635.24950624307,0.552,-0.016
24635.24975181818,0.52,0.0
24635.24999739329,0.528,0.0
24635.2502429684,0.544,-0.016
24635.250488543512,0.528,-0.016
24635.25073411862,0.552,0.0
24635.25097969373,0.528,0.0
24635.25122526884,0.544,-0.016
24635.251470843952,0.544,-0.016
24635.25171641906,0.528,0.0
24635.25196199417,0.544,0.0
24635.25220756928,0.528,-0.016
24635.252453144392,0.544,0.0
24635.2526987195,0.528,-0.016
24635.25294429461,0.536,-0.016
24635.253189869723,0.544,0.0
24635.253435444833,0.528,-0.016
24635.25368101994,0.544,0.0
24635.25392659505,0.544,-0.016
24635.254172170164,0.528,0.0
24635.254417745273,0.536,0.0
24635.254663320382,0.544,-0.016
24635.25490889549,0.528,0.0
24635.255154470604,0.544,-0.016
24635.255400045713,0.528,-0.016
24635.255645620822,0.544,0.0
24635.25589119593,0.528,0.0
24635.256136771044,0.536,-0.016
24635.256382346153,0.536,-0.016
24635.256627921262,0.544,0.0
24635.256873496375,0.536,-0.016
24635.257119071484,0.528,0.0
24635.257364646593,0.528,0.0
24635.257610221703,0.544,-0.016
24635.257855796815,0.528,0.0
24635.258101371925,0.544,-0.016
24635.258346947034,0.528,-0.016
24635.258592522143,0.544,0.0
24635.258838097256,0.544,-0.016
24635.259083672365,0.528,0.0
24635.259329247474,0.528,0.0
24635.259574822583,0.544,-0.016
24635.259820397696,0.528,0.0
24635.260065972805,0.536,-0.016
24635.260311547914,0.528,-0.016
24635.260557123027,0.544,0.0
24635.260802698136,0.544,0.0
24635.261048273245,0.528,-0.016
24635.261293848354,0.544,-0.016
24635.261539423467,0.528,0.0
24635.261784998576,0.528,0.0
24635.262030573685,0.544,-0.016
24635.262276148795,0.528,-0.016
24635.262521723907,0.544,0.0
24635.262767299017,0.528,0.0
24635.263012874126,0.544,-0.016
24635.263258449235,0.528,-0.016
24635.263504024348,0.544,0.0
24635.263749599457,0.528,0.0
24635.263995174566,0.552,-0.016
24635.26424074968,0.528,-0.016
24635.264486324788,0.544,-0.008
24635.264731899897,0.536,-0.016
24635.264977475006,0.528,0.0
24635.26522305012,0.528,-0.016
24635.265468625228,0.544,0.0
24635.265714200337,0.528,-0.016
24635.265959775446,0.544,0.0
24635.26620535056,0.536,-0.016
24635.26645092567,0.52,0.0
24635.266696500777,0.52,-0.016
24635.266942075887,0.536,0.0
24635.267187651,0.52,-0.016
24635.26743322611,0.528,0.0
24635.267678801218,0.52,-0.016
24635.26792437633,0.536,0.0
24635.26816995144,0.536,-0.016
24635.26841552655,0.52,0.0
24635.268661101658,0.52,-0.016
24635.26890667677,0.544,0.0
24635.26915225188,0.528,0.0
24635.26939782699,0.544,-0.016
24635.269643402098,0.536,0.0
24635.26988897721,0.52,-0.016
24635.27013455232,0.52,-0.016
24635.27038012743,0.536,0.0
24635.27062570254,0.52,-0.016
24635.27087127765,0.528,0.0
24635.27111685276,0.52,-0.016
24635.27136242787,0.536,0.0
24635.271608002982,0.528,0.0
24635.27185357809,0.544,-0.016
24635.2720991532,0.52,-0.016
24635.27234472831,0.544,0.0
24635.272590303422,0.544,-0.016
24635.27283587853,0.52,0.0
24635.27308145364,0.528,-0.016
24635.27332702875,0.544,0.0
24635.273572603863,0.528,-0.016
24635.273818178972,0.552,0.0
24635.27406375408,0.52,0.0
24635.27430932919,0.536,-0.016
24635.274554904303,0.52,-0.016
24635.274800479412,0.536,0.0
24635.27504605452,0.528,0.0
24635.275291629634,0.544,-0.016
24635.275537204743,0.528,-0.016
24635.275782779852,0.552,0.0
24635.27602835496,0.56,0.0
24635.276273930074,0.528,-0.016
24635.276519505183,0.52,0.0
24635.276765080293,0.536,-0.016
24635.2770106554,0.528,-0.016
24635.277256230514,0.536,0.0
24635.277501805624,0.544,-0.016
24635.277747380733,0.52,0.0
24635.277992955842,0.52,-0.016
24635.278238530955,0.528,0.0
24635.278484106064,0.52,-0.016
24635.278729681173,0.544,0.0
24635.278975256286,0.52,-0.016
24635.279220831395,0.528,0.0
24635.279466406504,0.52,-0.016
24635.279711981613,0.536,0.0
24635.279957556726,0.528,0.0
24635.280203131835,0.544,-0.016
24635.280448706944,0.528,0.0
24635.280694282053,0.544,-0.016
24635.280939857166,0.544,0.0
24635.281185432275,0.52,-0.016
24635.281431007385,0.52,0.0
24635.281676582494,0.536,-0.016
24635.281922157606,0.528,0.0
24635.282167732716,0.536,-0.016
24635.282413307825,0.528,-0.016
24635.282658882938,0.536,0.0
24635.282904458047,0.528,0.0
24635.283150033156,0.544,-0.016
24635.283395608265,0.528,-0.016
24635.283641183378,0.552,0.0
24635.283886758487,0.536,-0.016
24635.284132333596,0.52,0.0
24635.284377908705,0.536,0.0
24635.284623483818,0.52,-0.016
24635.284869058927,0.52,0.0
24635.285114634036,0.528,-0.016
24635.285360209145,0.52,-0.016
24635.28560578426,0.536,0.0
24635.285851359367,0.52,0.0
24635.286096934477,0.536,-0.016
24635.28634250959,0.528,0.0
24635.2865880847,0.544,-0.016
24635.286833659808,0.52,0.0
24635.287079234917,0.544,-0.016
24635.28732481003,0.52,0.0
24635.28757038514,0.536,-0.016
24635.287815960248,0.528,-0.016
24635.288061535357,0.544,0.0
24635.28830711047,0.536,-0.008
24635.28855268558,0.52,0.016
24635.288798260688,0.528,0.032
24635.289043835797,0.544,0.136
24635.28928941091,0.528,0.14400000000000002
24635.28953498602,0.544,0.304
24635.28978056113,0.536,0.304
24635.29002613624,0.52,0.376
24635.29027171135,0.528,0.376
24635.29051728646,0.544,0.392
24635.29076286157,0.528,0.384
24635.29100843668,0.544,0.40800000000000003
24635.29125401179,0.528,0.41600000000000004
24635.2914995869,0.536,0.4
24635.29174516201,0.52,0.384
24635.29199073712,0.536,0.4
24635.29223631223,0.52,0.384
24635.29248188734,0.536,0.41600000000000004
24635.29272746245,0.52,0.41600000000000004
24635.29297303756,0.536,0.4
24635.29321861267,0.52,0.4
24635.29346418778,0.536,0.392
24635.293709762893,0.52,0.4
24635.293955338002,0.552,0.392
24635.29420091311,0.544,0.392
24635.29444648822,0.528,0.4
24635.294692063333,0.52,0.4
24635.294937638442,0.536,0.392
24635.29518321355,0.536,0.392
24635.29542878866,0.52,0.40800000000000003
24635.295674363773,0.52,0.40800000000000003
24635.295919938882,0.528,0.392
24635.29616551399,0.52,0.392
24635.2964110891,0.544,0.41600000000000004
24635.296656664214,0.528,0.41600000000000004
24635.296902239323,0.544,0.4
24635.29714781443,0.544,0.40800000000000003
24635.297393389545,0.528,0.392
24635.297638964654,0.544,0.4
24635.297884539763,0.52,0.392
24635.298130114872,0.52,0.392
24635.298375689985,0.544,0.4
24635.298621265094,0.528,0.4
24635.298866840203,0.536,0.392
24635.299112415312,0.52,0.392
24635.299357990425,0.536,0.40800000000000003
24635.299603565534,0.528,0.4
24635.299849140643,0.552,0.41600000000000004
24635.300094715752,0.544,0.40800000000000003
24635.300340290865,0.52,0.424
24635.300585865974,0.52,0.41600000000000004
24635.300831441084,0.536,0.40800000000000003
24635.301077016196,0.536,0.40800000000000003
24635.301322591306,0.52,0.392
24635.301568166415,0.52,0.392
24635.301813741524,0.536,0.40800000000000003
24635.302059316637,0.528,0.40800000000000003
24635.302304891746,0.536,0.424
24635.302550466855,0.536,0.41600000000000004
24635.302796041964,0.52,0.4
24635.303041617077,0.52,0.392
24635.303287192186,0.528,0.40800000000000003
24635.303532767295,0.52,0.392
24635.303778342404,0.536,0.40800000000000003
24635.304023917517,0.528,0.392
24635.304269492626,0.544,0.40800000000000003
24635.304515067735,0.52,0.392
24635.304760642848,0.544,0.40800000000000003
24635.305006217957,0.528,0.392
24635.305251793066,0.544,0.40800000000000003
24635.305497368176,0.528,0.4
24635.30574294329,0.544,0.41600000000000004
24635.305988518397,0.536,0.41600000000000004
24635.306234093507,0.52,0.4
24635.306479668616,0.528,0.392
24635.30672524373,0.544,0.40800000000000003
24635.306970818838,0.528,0.392
24635.307216393947,0.544,0.41600000000000004
24635.307461969056,0.52,0.40800000000000003
24635.30770754417,0.544,0.4
24635.307953119278,0.544,0.40800000000000003
24635.308198694387,0.52,0.392
24635.3084442695,0.536,0.392
24635.30868984461,0.52,0.424
24635.30893541972,0.52,0.40800000000000003
24635.309180994827,0.536,0.424
24635.30942656994,0.52,0.424
24635.30967214505,0.544,0.4
24635.30991772016,0.528,0.40800000000000003
24635.310163295268,0.552,0.392
24635.31040887038,0.544,0.392
24635.31065444549,0.52,0.4
24635.3109000206,0.536,0.392
24635.311145595708,0.52,0.4
24635.31139117082,0.528,0.392
24635.31163674593,0.544,0.40800000000000003
24635.31188232104,0.528,0.40800000000000003
24635.31212789615,0.544,0.424
24635.31237347126,0.52,0.424
24635.31261904637,0.544,0.41600000000000004
24635.31286462148,0.528,0.41600000000000004
24635.313110196592,0.544,0.424
24635.3133557717,0.528,0.424
24635.31360134681,0.544,0.40800000000000003
24635.31384692192,0.536,0.40800000000000003
24635.314092497032,0.52,0.424
24635.31433807214,0.528,0.40800000000000003
24635.31458364725,0.544,0.392
24635.31482922236,0.528,0.384
24635.315074797472,0.544,0.40800000000000003
24635.31532037258,0.52,0.41600000000000004
24635.31556594769,0.536,0.4
24635.315811522803,0.528,0.4
24635.316057097913,0.544,0.40800000000000003
24635.31630267302,0.528,0.392
24635.31654824813,0.544,0.40800000000000003
24635.316793823244,0.528,0.40800000000000003
24635.317039398353,0.536,0.392
24635.317284973462,0.528,0.392
24635.31753054857,0.544,0.4
24635.317776123684,0.544,0.40800000000000003
24635.318021698793,0.528,0.392
24635.318267273902,0.536,0.392
24635.31851284901,0.52,0.41600000000000004
24635.318758424124,0.528,0.41600000000000004
24635.319003999233,0.544,0.4
24635.319249574342,0.528,0.40800000000000003
24635.319495149455,0.52,0.392
24635.319740724564,0.52,0.392
24635.319986299673,0.536,0.40800000000000003
24635.320231874783,0.52,0.4
24635.320477449895,0.536,0.41600000000000004
24635.320723025005,0.528,0.392
24635.320968600114,0.544,0.40800000000000003
24635.321214175223,0.528,0.392
24635.321459750336,0.544,0.40800000000000003
24635.321705325445,0.528,0.392
24635.321950900554,0.544,0.40800000000000003
24635.322196475663,0.512,0.40800000000000003
24635.322442050776,0.536,0.392
24635.322687625885,0.52,0.392
24635.322933200994,0.536,0.40800000000000003
24635.323178776107,0.528,0.384
24635.323424351216,0.544,0.41600000000000004
24635.323669926325,0.528,0.41600000000000004
24635.323915501434,0.544,0.4
24635.324161076547,0.552,0.392
24635.324406651656,0.512,0.40800000000000003
24635.324652226765,0.52,0.392
24635.324897801875,0.536,0.4
24635.325143376987,0.528,0.4
24635.325388952097,0.536,0.424
24635.325634527206,0.544,0.40800000000000003
24635.325880102315,0.52,0.41600000000000004
24635.326125677428,0.528,0.41600000000000004
24635.326371252537,0.544,0.424
24635.326616827646,0.528,0.41600000000000004
24635.32686240276,0.544,0.4
24635.327107977868,0.536,0.4
24635.327353552977,0.52,0.392
24635.327599128086,0.52,0.392
24635.3278447032,0.544,0.41600000000000004
24635.328090278308,0.528,0.41600000000000004
24635.328335853417,0.544,0.392
24635.328581428526,0.552,0.392
24635.32882700364,0.528,0.40800000000000003
24635.32907257875,0.528,0.4
24635.329318153857,0.536,0.392
24635.329563728967,0.528,0.392
24635.32980930408,0.536,0.40800000000000003
24635.33005487919,0.528,0.392
24635.330300454298,0.536,0.4
24635.33054602941,0.528,0.392
24635.33079160452,0.552,0.424
24635.33103717963,0.544,0.40800000000000003
24635.331282754738,0.52,0.424
24635.33152832985,0.536,0.40800000000000003
24635.33177390496,0.52,0.392
24635.33201948007,0.528,0.392
24635.332265055178,0.544,0.40800000000000003
24635.33251063029,0.536,0.392
24635.3327562054,0.512,0.40800000000000003
24635.33300178051,0.52,0.424
24635.33324735562,0.536,0.4
24635.33349293073,0.528,0.40800000000000003
24635.33373850584,0.544,0.392
24635.33398408095,0.528,0.4
24635.334229656062,0.536,0.392
24635.33447523117,0.528,0.4
24635.33472080628,0.544,0.392
24635.33496638139,0.528,0.392
24635.335211956502,0.544,0.40800000000000003
24635.33545753161,0.536,0.41600000000000004
24635.33570310672,0.52,0.4
24635.33594868183,0.52,0.4
24635.336194256943,0.536,0.392
24635.336439832052,0.52,0.392
24635.33668540716,0.544,0.4
24635.33693098227,0.552,0.392
24635.337176557383,0.528,0.4
24635.337422132492,0.528,0.392
24635.3376677076,0.552,0.40800000000000003
24635.337913282714,0.52,0.40800000000000003
24635.338158857823,0.544,0.392
24635.338404432932,0.528,0.392
24635.33865000804,0.544,0.40800000000000003
24635.338895583154,0.52,0.4
24635.339141158263,0.544,0.424
24635.339386733373,0.528,0.40800000000000003
24635.33963230848,0.544,0.424
24635.339877883594,0.528,0.41600000000000004
24635.340123458704,0.544,0.392
24635.340369033813,0.52,0.4
24635.340614608922,0.536,0.392
24635.340860184035,0.52,0.392
24635.341105759144,0.536,0.4
24635.341351334253,0.544,0.392
24635.341596909366,0.52,0.40800000000000003
24635.341842484475,0.52,0.4
24635.342088059584,0.528,0.384
24635.342333634693,0.52,0.4
24635.342579209806,0.536,0.41600000000000004
24635.342824784915,0.52,0.40800000000000003
24635.343070360024,0.544,0.392
24635.343315935133,0.544,0.4
24635.343561510246,0.52,0.40800000000000003
24635.343807085355,0.52,0.392
24635.344052660465,0.536,0.40800000000000003
24635.344298235574,0.52,0.392
24635.344543810686,0.528,0.40800000000000003
24635.344789385796,0.52,0.4
24635.345034960905,0.536,0.392
24635.345280536018,0.52,0.392
24635.345526111127,0.528,0.4
24635.345771686236,0.52,0.392
24635.346017261345,0.536,0.4
24635.346262836458,0.536,0.392
24635.346508411567,0.52,0.40800000000000003
24635.346753986676,0.52,0.392
24635.346999561785,0.536,0.40800000000000003
24635.347245136898,0.52,0.40800000000000003
24635.347490712007,0.544,0.392
24635.347736287116,0.528,0.392
24635.347981862225,0.544,0.4
24635.34822743734,0.528,0.392
24635.348473012447,0.544,0.4
24635.348718587557,0.528,0.392
24635.34896416267,0.536,0.4
24635.34920973778,0.528,0.384
24635.349455312888,0.544,0.4
24635.349700887997,0.528,0.392
24635.34994646311,0.536,0.312
24635.35019203822,0.52,0.304
24635.350437613328,0.544,0.152
24635.350683188437,0.528,0.14400000000000002
24635.35092876355,0.552,0.04
24635.35117433866,0.52,0.048
24635.351419913768,0.536,0.008
24635.351665488877,0.536,0.008
24635.35191106399,0.52,-0.008
24635.3521566391,0.52,-0.008
24635.35240221421,0.544,0.0
24635.35264778932,0.544,0.0
24635.35289336443,0.528,-0.008
24635.35313893954,0.536,-0.008
24635.35338451465,0.52,0.0
24635.35363008976,0.528,0.0
24635.35387566487,0.544,-0.008
24635.35412123998,0.528,0.0
24635.35436681509,0.544,-0.008
24635.3546123902,0.536,-0.016
24635.35485796531,0.52,0.0
24635.35510354042,0.52,0.0
24635.35534911553,0.536,-0.016
24635.35559469064,0.528,-0.008
24635.35584026575,0.544,0.0
24635.35608584086,0.528,0.0
24635.356331415973,0.536,-0.008
24635.356576991082,0.528,-0.008
24635.35682256619,0.544,0.0
24635.3570681413,0.544,0.0
24635.357313716413,0.52,-0.016
24635.357559291522,0.528,-0.016
24635.35780486663,0.544,0.0
24635.35805044174,0.528,0.0
24635.358296016853,0.544,-0.008
24635.358541591962,0.52,-0.008
24635.35878716707,0.536,0.0
24635.35903274218,0.528,0.0
24635.359278317294,0.536,-0.016
24635.359523892403,0.528,0.0
24635.35976946751,0.536,-0.008
24635.360015042625,0.536,0.0
24635.360260617734,0.52,-0.008
24635.360506192843,0.536,0.0
24635.360751767952,0.528,-0.008
24635.360997343065,0.528,0.0
24635.361242918174,0.544,-0.008
24635.361488493283,0.528,0.0
24635.361734068392,0.544,-0.008
24635.361979643505,0.528,0.0
24635.362225218614,0.544,-0.016
24635.362470793723,0.544,0.0
24635.362716368832,0.52,-0.016
24635.362961943945,0.528,-0.016
24635.363207519054,0.544,0.0
24635.363453094164,0.52,0.0
24635.363698669276,0.544,-0.016
24635.363944244385,0.528,0.0
24635.364189819495,0.536,-0.016
24635.364435394604,0.52,-0.016
24635.364680969717,0.536,0.0
24635.364926544826,0.52,-0.008
24635.365172119935,0.536,0.0
24635.365417695044,0.52,-0.008
24635.365663270157,0.536,0.0
24635.365908845266,0.52,0.0
24635.366154420375,0.544,-0.016
24635.366399995484,0.528,0.0
24635.366645570597,0.544,-0.016
24635.366891145706,0.536,0.0
24635.367136720815,0.52,-0.016
24635.367382295928,0.528,0.0
24635.367627871037,0.552,-0.016
24635.367873446146,0.52,-0.016
24635.368119021256,0.536,0.0
24635.36836459637,0.52,0.0
24635.368610171477,0.536,-0.016
24635.368855746587,0.528,0.0
24635.369101321696,0.544,-0.016
24635.36934689681,0.536,0.0
24635.369592471918,0.52,-0.016
24635.369838047027,0.52,0.0
24635.370083622136,0.536,-0.016
24635.37032919725,0.52,-0.016
24635.370574772358,0.528,0.0
24635.370820347467,0.52,0.0
24635.37106592258,0.536,-0.016
24635.37131149769,0.528,0.0
24635.371557072798,0.544,-0.016
24635.371802647907,0.528,-0.016
24635.37204822302,0.552,0.0
24635.37229379813,0.52,-0.016
24635.37253937324,0.544,0.0
24635.372784948348,0.544,-0.016
24635.37303052346,0.52,0.0
24635.37327609857,0.528,-0.016
24635.37352167368,0.544,0.0
24635.373767248788,0.544,0.0
24635.3740128239,0.52,-0.016
24635.37425839901,0.52,-0.016
24635.37450397412,0.536,0.0
24635.37474954923,0.52,-0.016
24635.37499512434,0.544,0.0
24635.37524069945,0.52,-0.016
24635.37548627456,0.544,0.0
24635.375731849672,0.528,0.0
24635.37597742478,0.552,-0.016
24635.37622299989,0.52,-0.016
24635.376468575,0.536,0.0
24635.376714150112,0.52,-0.016
24635.37695972522,0.544,0.0
24635.37720530033,0.528,-0.016
24635.37745087544,0.544,0.0
24635.377696450552,0.544,0.0
24635.37794202566,0.528,-0.016
24635.37818760077,0.544,0.0
24635.378433175883,0.528,-0.016
24635.378678750993,0.528,-0.016
24635.3789243261,0.544,0.0
24635.37916990121,0.528,-0.016
24635.379415476324,0.544,0.0
24635.379661051433,0.536,0.0
24635.379906626542,0.52,-0.016
24635.38015220165,0.528,0.0
24635.380397776764,0.536,-0.016
24635.380643351873,0.544,-0.016
24635.380888926982,0.528,0.0
24635.38113450209,0.528,0.0
24635.381380077204,0.536,-0.016
24635.381625652313,0.536,-0.016
24635.381871227422,0.52,0.0
24635.382116802535,0.528,-0.016
24635.382362377644,0.544,0.0
24635.382607952753,0.544,-0.016
24635.382853527863,0.528,0.0
24635.383099102975,0.528,-0.016
24635.383344678085,0.544,0.0
24635.383590253194,0.528,-0.016
24635.383835828303,0.544,0.0
24635.384081403416,0.544,0.0
24635.384326978525,0.528,-0.016
24635.384572553634,0.528,-0.016
24635.384818128743,0.536,0.0
24635.385063703856,0.528,-0.016
24635.385309278965,0.552,0.0
24635.385554854074,0.544,0.0
24635.385800429187,0.52,-0.016
24635.386046004296,0.52,0.0
24635.386291579405,0.536,-0.016
24635.386537154514,0.528,0.0
24635.386782729627,0.552,-0.016
24635.387028304736,0.528,-0.016
24635.387273879845,0.536,0.0
24635.387519454955,0.528,-0.016
24635.387765030067,0.552,0.0
24635.388010605177,0.544,-0.016
24635.388256180286,0.528,0.0
24635.388501755395,0.528,-0.016
24635.388747330508,0.544,0.0
24635.388992905617,0.52,-0.016
24635.389238480726,0.536,0.0
24635.38948405584,0.528,0.0
24635.389729630948,0.544,-0.016
24635.389975206057,0.544,-0.016
24635.390220781166,0.528,0.0
24635.39046635628,0.52,-0.016
24635.390711931388,0.536,0.0
24635.390957506497,0.528,0.0
24635.391203081606,0.544,-0.016
24635.39144865672,0.536,0.0
24635.39169423183,0.52,-0.016
24635.391939806937,0.528,-0.016
24635.392185382047,0.544,0.0
24635.39243095716,0.528,0.0
24635.39267653227,0.544,-0.016
24635.392922107378,0.544,0.0
24635.39316768249,0.528,-0.016
24635.3934132576,0.528,0.0
24635.39365883271,0.544,-0.016
24635.393904407818,0.544,0.0
24635.39414998293,0.528,-0.016
24635.39439555804,0.544,0.0
24635.39464113315,0.536,-0.016
24635.394886708258,0.528,-0.016
24635.39513228337,0.544,0.0
24635.39537785848,0.536,-0.016
24635.39562343359,0.528,0.0
24635.3958690087,0.536,-0.016
24635.39611458381,0.528,0.0
24635.39636015892,0.528,-0.016
24635.39660573403,0.544,0.0
24635.396851309142,0.528,-0.016
24635.39709688425,0.552,0.0
24635.39734245936,0.52,0.0
24635.39758803447,0.536,-0.016
24635.397833609582,0.544,-0.016
24635.39807918469,0.528,0.0
24635.3983247598,0.544,-0.016
24635.39857033491,0.52,0.0
24635.398815910023,0.536,0.0
24635.399061485132,0.52,-0.016
24635.39930706024,0.528,-0.016
24635.39955263535,0.544,0.0
24635.399798210463,0.52,0.0
24635.400043785572,0.552,-0.016
24635.40028936068,0.544,-0.016
24635.400534935794,0.528,0.0
24635.400780510903,0.528,-0.016
24635.401026086012,0.544,0.0
24635.40127166112,0.528,0.0
24635.401517236234,0.544,-0.016
24635.401762811343,0.528,-0.016
24635.402008386453,0.544,0.0
24635.40225396156,0.528,-0.016
24635.402499536674,0.544,0.0
24635.402745111784,0.544,0.0
24635.402990686893,0.528,-0.016
24635.403236262002,0.528,-0.016
24635.403481837115,0.552,0.0
24635.403727412224,0.544,0.0
24635.403972987333,0.528,-0.016
24635.404218562446,0.528,-0.016
24635.404464137555,0.552,0.0
24635.404709712664,0.544,-0.016
24635.404955287773,0.528,0.0
24635.405200862886,0.544,-0.016
24635.405446437995,0.528,0.0
24635.405692013104,0.528,-0.016
24635.405937588213,0.544,0.0
24635.406183163326,0.528,0.0
24635.406428738435,0.544,-0.016
24635.406674313544,0.52,0.0
24635.406919888654,0.536,-0.016
24635.407165463766,0.528,0.0
24635.407411038876,0.544,-0.016
24635.407656613985,0.536,-0.016
24635.407902189098,0.52,0.0
24635.408147764207,0.52,-0.016
24635.408393339316,0.544,0.0
24635.408638914425,0.536,-0.016
24635.408884489538,0.52,0.0
24635.409130064647,0.528,0.0
24635.409375639756,0.544,-0.016
24635.409621214865,0.544,-0.016
24635.409866789978,0.52,0.0
24635.410112365087,0.52,-0.016
24635.410357940196,0.536,0.0
24635.410603515305,0.52,0.0
24635.41084909042,0.536,-0.016
24635.411094665527,0.536,0.0
24635.411340240636,0.52,0.024
24635.41158581575,0.528,0.024
24635.41183139086,0.536,0.136
24635.412076965968,0.52,0.152
24635.412322541077,0.536,0.304
24635.41256811619,0.528,0.304
24635.4128136913,0.544,0.368
24635.413059266408,0.544,0.368
24635.413304841517,0.52,0.392
24635.41355041663,0.52,0.392
24635.41379599174,0.536,0.4
24635.414041566848,0.528,0.392
24635.414287141957,0.536,0.4
24635.41453271707,0.52,0.4
24635.41477829218,0.536,0.41600000000000004
24635.41502386729,0.52,0.40800000000000003
24635.4152694424,0.536,0.424
24635.41551501751,0.52,0.40800000000000003
24635.41576059262,0.536,0.424
24635.41600616773,0.52,0.424
24635.41625174284,0.536,0.40800000000000003
24635.41649731795,0.528,0.41600000000000004
24635.41674289306,0.544,0.40800000000000003
24635.41698846817,0.528,0.41600000000000004
24635.41723404328,0.544,0.4
24635.41747961839,0.544,0.40800000000000003
24635.4177251935,0.52,0.4
24635.41797076861,0.52,0.4
24635.41821634372,0.536,0.4
24635.41846191883,0.528,0.40800000000000003
24635.41870749394,0.544,0.392
24635.418953069053,0.536,0.392
24635.419198644162,0.528,0.40800000000000003
24635.41944421927,0.528,0.4
24635.41968979438,0.544,0.41600000000000004
24635.419935369493,0.528,0.41600000000000004
24635.420180944602,0.544,0.4
24635.42042651971,0.528,0.392
24635.42067209482,0.544,0.40800000000000003
24635.420917669933,0.528,0.4
24635.421163245042,0.544,0.41600000000000004
24635.42140882015,0.536,0.40800000000000003
24635.42165439526,0.52,0.4
24635.421899970373,0.52,0.4
24635.422145545483,0.528,0.41600000000000004
24635.42239112059,0.528,0.4
24635.422636695705,0.536,0.40800000000000003
24635.422882270814,0.536,0.40800000000000003
24635.423127845923,0.52,0.392
24635.423373421032,0.52,0.392
24635.423618996145,0.544,0.41600000000000004
24635.423864571254,0.528,0.41600000000000004
24635.424110146363,0.544,0.4
24635.424355721472,0.536,0.392
24635.424601296585,0.52,0.40800000000000003
24635.424846871694,0.536,0.40800000000000003
24635.425092446803,0.52,0.392
24635.425338021912,0.528,0.40800000000000003
24635.425583597025,0.536,0.384
24635.425829172134,0.536,0.4
24635.426074747244,0.528,0.41600000000000004
24635.426320322356,0.528,0.424
24635.426565897465,0.544,0.4
24635.426811472575,0.544,0.40800000000000003
24635.427057047684,0.52,0.392
24635.427302622797,0.52,0.392
24635.427548197906,0.536,0.41600000000000004
24635.427793773015,0.552,0.41600000000000004
24635.428039348124,0.528,0.4
24635.428284923237,0.528,0.4
24635.428530498346,0.544,0.41600000000000004
24635.428776073455,0.528,0.4
24635.429021648564,0.544,0.41600000000000004
24635.429267223677,0.528,0.4
24635.429512798786,0.552,0.40800000000000003
24635.429758373895,0.544,0.41600000000000004
24635.430003949008,0.52,0.4
24635.430249524117,0.52,0.4
24635.430495099226,0.536,0.41600000000000004
24635.430740674336,0.52,0.41600000000000004
24635.43098624945,0.544,0.4
24635.431231824557,0.536,0.41600000000000004
24635.431477399667,0.52,0.4
24635.431722974776,0.528,0.4
24635.43196854989,0.536,0.41600000000000004
24635.432214124998,0.52,0.41600000000000004
24635.432459700107,0.536,0.4
24635.432705275216,0.528,0.4
24635.43295085033,0.544,0.41600000000000004
24635.433196425438,0.528,0.41600000000000004
24635.433442000547,0.544,0.4
24635.43368757566,0.544,0.4
24635.43393315077,0.52,0.41600000000000004
24635.434178725878,0.52,0.41600000000000004
24635.434424300987,0.544,0.4
24635.4346698761,0.52,0.41600000000000004
24635.43491545121,0.544,0.4
24635.43516102632,0.544,0.41600000000000004
24635.435406601428,0.528,0.4
24635.43565217654,0.544,0.4
24635.43589775165,0.528,0.41600000000000004
24635.43614332676,0.536,0.40800000000000003
24635.436388901868,0.52,0.41600000000000004
24635.43663447698,0.528,0.41600000000000004
24635.43688005209,0.536,0.4
24635.4371256272,0.528,0.4
24635.43737120231,0.544,0.41600000000000004
24635.43761677742,0.552,0.40800000000000003
24635.43786235253,0.52,0.41600000000000004
24635.43810792764,0.528,0.40800000000000003
24635.438353502752,0.536,0.4
24635.43859907786,0.528,0.4
24635.43884465297,0.544,0.40800000000000003
24635.43909022808,0.528,0.4
24635.439335803192,0.536,0.40800000000000003
24635.4395813783,0.528,0.4
24635.43982695341,0.544,0.41600000000000004
24635.44007252852,0.552,0.4
24635.440318103632,0.512,0.41600000000000004
24635.44056367874,0.52,0.40800000000000003
24635.44080925385,0.536,0.4
24635.441054828963,0.52,0.4
24635.441300404073,0.528,0.41600000000000004
24635.44154597918,0.52,0.4
24635.44179155429,0.544,0.41600000000000004
24635.442037129404,0.544,0.40800000000000003
24635.442282704513,0.52,0.41600000000000004
24635.442528279622,0.52,0.41600000000000004
24635.44277385473,0.544,0.4
24635.443019429844,0.544,0.40800000000000003
24635.443265004953,0.52,0.4
24635.443510580062,0.52,0.4
24635.44375615517,0.544,0.41600000000000004
24635.444001730284,0.528,0.40800000000000003
24635.444247305393,0.544,0.41600000000000004
24635.444492880502,0.52,0.4
24635.444738455615,0.544,0.41600000000000004
24635.444984030724,0.536,0.4
24635.445229605833,0.528,0.41600000000000004
24635.445475180943,0.544,0.41600000000000004
24635.445720756055,0.52,0.4
24635.445966331165,0.52,0.4
24635.446211906274,0.536,0.40800000000000003
24635.446457481383,0.544,0.4
24635.446703056496,0.528,0.41600000000000004
24635.446948631605,0.52,0.41600000000000004
24635.447194206714,0.544,0.4
24635.447439781823,0.536,0.40800000000000003
24635.447685356936,0.52,0.4
24635.447930932045,0.52,0.4
24635.448176507154,0.536,0.41600000000000004
24635.448422082267,0.528,0.4
24635.448667657376,0.544,0.40800000000000003
24635.448913232485,0.528,0.4
24635.449158807594,0.552,0.41600000000000004
24635.449404382707,0.552,0.392
24635.449649957816,0.52,0.40800000000000003
24635.449895532925,0.528,0.392
24635.450141108035,0.544,0.4
24635.450386683147,0.528,0.40800000000000003
24635.450632258257,0.544,0.392
24635.450877833366,0.544,0.40800000000000003
24635.451123408475,0.52,0.424
24635.451368983588,0.52,0.40800000000000003
24635.451614558697,0.536,0.41600000000000004
24635.451860133806,0.544,0.41600000000000004
24635.45210570892,0.52,0.4
24635.452351284028,0.528,0.40800000000000003
24635.452596859137,0.544,0.392
24635.452842434246,0.544,0.4
24635.45308800936,0.52,0.384
24635.453333584468,0.52,0.392
24635.453579159577,0.536,0.4
24635.453824734686,0.544,0.392
24635.4540703098,0.528,0.4
24635.45431588491,0.528,0.4
24635.454561460017,0.536,0.392
24635.454807035127,0.528,0.4
24635.45505261024,0.544,0.392
24635.478237628937,0.528,-0.008
24635.47848810454,0.544,0.0
24635.478738580146,0.544,0.0
24635.47898905575,0.528,-0.008
24635.47923953136,0.528,-0.008
24635.479490006965,0.544,0.0
24635.47974048257,0.536,0.0
24635.479990958174,0.528,-0.016
24635.48024143378,0.52,-0.016
24635.480491909384,0.544,0.0
24635.48074238499,0.528,0.0
24635.480992860594,0.544,-0.016
24635.481243336202,0.536,-0.016
24635.481493811807,0.52,0.0
24635.481744287412,0.512,0.0
24635.481994763017,0.536,-0.016
24635.48224523862,0.528,-0.016
24635.482495714226,0.544,0.0
24635.48274618983,0.536,-0.008
24635.48299666544,0.528,0.0
24635.483247141045,0.536,-0.008
24635.48349761665,0.52,0.024
24635.483748092254,0.528,0.032
24635.48399856786,0.544,0.136
24635.484249043464,0.528,0.136
24635.48449951907,0.544,0.28
24635.484749994674,0.52,0.28800000000000003
24635.485000470282,0.536,0.384
24635.485250945887,0.52,0.376
24635.48550142149,0.544,0.40800000000000003
24635.485751897097,0.52,0.40800000000000003
24635.4860023727,0.536,0.41600000000000004
24635.486252848306,0.528,0.424
24635.48650332391,0.536,0.41600000000000004
24635.48675379952,0.528,0.424
24635.487004275124,0.536,0.4
24635.48725475073,0.536,0.40800000000000003
24635.487505226334,0.52,0.392
24635.48775570194,0.528,0.4
24635.488006177544,0.544,0.40800000000000003
24635.48825665315,0.544,0.4
24635.488507128754,0.52,0.4
24635.488757604362,0.528,0.4
24635.489008079967,0.544,0.40800000000000003
24635.48925855557,0.528,0.392
24635.489509031177,0.544,0.40800000000000003
24635.48975950678,0.528,0.392
24635.490009982386,0.544,0.424
24635.49026045799,0.528,0.41600000000000004
24635.4905109336,0.544,0.4
24635.490761409204,0.544,0.4
24635.49101188481,0.52,0.40800000000000003
24635.491262360414,0.52,0.4
24635.49151283602,0.536,0.40800000000000003
24635.491763311624,0.52,0.40800000000000003
24635.49201378723,0.544,0.392
24635.492264262833,0.528,0.392
24635.492514738442,0.536,0.41600000000000004
24635.492765214047,0.528,0.41600000000000004
24635.49301568965,0.552,0.424
24635.493266165257,0.528,0.41600000000000004
24635.49351664086,0.544,0.424
24635.493767116466,0.552,0.41600000000000004
24635.49401759207,0.52,0.4
24635.49426806768,0.536,0.40800000000000003
24635.494518543284,0.52,0.392
24635.49476901889,0.536,0.392
24635.495019494494,0.52,0.424
24635.4952699701,0.544,0.424
24635.495520445704,0.52,0.41600000000000004
24635.49577092131,0.528,0.41600000000000004
24635.496021396913,0.536,0.392
24635.496271872522,0.528,0.4
24635.496522348127,0.536,0.424
24635.49677282373,0.528,0.41600000000000004
24635.497023299336,0.536,0.424
24635.49727377494,0.528,0.41600000000000004
24635.497524250546,0.544,0.41600000000000004
24635.49777472615,0.544,0.424
24635.49802520176,0.528,0.41600000000000004
24635.498275677364,0.528,0.41600000000000004
24635.49852615297,0.552,0.424
24635.498776628574,0.52,0.424
24635.49902710418,0.544,0.40800000000000003
24635.499277579784,0.544,0.424
24635.49952805539,0.528,0.41600000000000004
24635.499778530993,0.536,0.41600000000000004
24635.500029006602,0.52,0.424
24635.500279482207,0.528,0.424
24635.50052995781,0.536,0.4
24635.500780433416,0.536,0.4
24635.50103090902,0.52,0.40800000000000003
24635.501281384626,0.52,0.4
24635.50153186023,0.528,0.40800000000000003
24635.50178233584,0.544,0.4
24635.502032811444,0.52,0.40800000000000003
24635.50228328705,0.552,0.40800000000000003
24635.502533762654,0.528,0.392
24635.50278423826,0.52,0.4
24635.503034713864,0.536,0.424
24635.50328518947,0.52,0.424
24635.503535665073,0.544,0.41600000000000004
24635.50378614068,0.536,0.41600000000000004
24635.504036616287,0.52,0.4
24635.50428709189,0.536,0.40800000000000003
24635.504537567496,0.52,0.392
24635.5047880431,0.528,0.41600000000000004
24635.505038518706,0.544,0.392
24635.50528899431,0.528,0.40800000000000003
24635.50553946992,0.544,0.392
24635.505789945524,0.528,0.4
24635.50604042113,0.536,0.392
24635.506290896734,0.528,0.392
24635.50654137234,0.544,0.41600000000000004
24635.506791847944,0.528,0.40800000000000003
24635.50704232355,0.544,0.424
24635.507292799153,0.536,0.424
24635.50754327476,0.52,0.40800000000000003
24635.507793750367,0.52,0.41600000000000004
24635.50804422597,0.536,0.4
24635.508294701576,0.52,0.4
24635.50854517718,0.536,0.40800000000000003
24635.508795652786,0.536,0.392
24635.50904612839,0.52,0.40800000000000003
24635.509296604,0.52,0.40800000000000003
24635.509547079604,0.536,0.424
24635.50979755521,0.536,0.41600000000000004
24635.510048030814,0.52,0.4
24635.51029850642,0.52,0.4
24635.510548982023,0.536,0.4
24635.51079945763,0.52,0.40800000000000003
24635.511049933233,0.536,0.392
24635.51130040884,0.536,0.4
24635.511550884446,0.52,0.4
24635.51180136005,0.536,0.4
24635.512051835656,0.52,0.40800000000000003
24635.51230231126,0.528,0.40800000000000003
24635.512552786866,0.544,0.392
24635.51280326247,0.528,0.392
24635.51305373808,0.536,0.40800000000000003
24635.513304213684,0.528,0.4
24635.51355468929,0.544,0.41600000000000004
24635.513805164894,0.528,0.40800000000000003
24635.5140556405,0.544,0.41600000000000004
24635.514306116103,0.544,0.424
24635.51455659171,0.528,0.40800000000000003
24635.514807067313,0.528,0.41600000000000004
24635.51505754292,0.544,0.4
24635.515308018526,0.528,0.40800000000000003
24635.51555849413,0.552,0.392
24635.515808969736,0.552,0.392
24635.51605944534,0.528,0.424
24635.516309920946,0.52,0.41600000000000004
24635.51656039655,0.544,0.424
24635.51681087216,0.528,0.424
24635.517061347764,0.552,0.4
24635.51731182337,0.544,0.40800000000000003
24635.517562298974,0.528,0.4
24635.51781277458,0.52,0.4
24635.518063250183,0.536,0.40800000000000003
24635.518313725788,0.536,0.40800000000000003
24635.518564201393,0.52,0.392
24635.518814677,0.544,0.40800000000000003
24635.519065152606,0.528,0.392
24635.51931562821,0.528,0.4
24635.519566103816,0.544,0.424
24635.51981657942,0.528,0.424
24635.520067055026,0.552,0.40800000000000003
24635.52031753063,0.544,0.40800000000000003
24635.52056800624,0.52,0.4
24635.520818481844,0.52,0.40800000000000003
24635.52106895745,0.536,0.392
24635.521319433054,0.52,0.392
24635.52156990866,0.528,0.40800000000000003
24635.521820384263,0.52,0.4
24635.522070859868,0.536,0.41600000000000004
24635.522321335473,0.528,0.4
24635.52257181108,0.536,0.40800000000000003
24635.522822286686,0.528,0.4
24635.52307276229,0.544,0.4
24635.523323237896,0.544,0.40800000000000003
24635.5235737135,0.52,0.392
24635.523824189106,0.52,0.392
24635.52407466471,0.536,0.40800000000000003
24635.52432514032,0.528,0.392
24635.524575615924,0.536,0.41600000000000004
24635.52482609153,0.544,0.40800000000000003
24635.525076567134,0.52,0.424
24635.52532704274,0.544,0.41600000000000004
24635.525577518343,0.52,0.424
24635.525827993948,0.528,0.41600000000000004
24635.526078469553,0.536,0.432
24635.52632894516,0.528,0.41600000000000004
24635.526579420766,0.544,0.424
24635.52682989637,0.528,0.41600000000000004
24635.527080371976,0.536,0.424
24635.52733084758,0.528,0.41600000000000004
24635.527581323186,0.544,0.424
24635.52783179879,0.528,0.41600000000000004
24635.5280822744,0.544,0.424
24635.528332750004,0.528,0.424
24635.52858322561,0.544,0.41600000000000004
24635.528833701213,0.52,0.424
24635.52908417682,0.528,0.4
24635.529334652423,0.52,0.4
24635.529585128028,0.536,0.40800000000000003
24635.529835603633,0.536,0.4
24635.53008607924,0.52,0.40800000000000003
24635.530336554846,0.52,0.392
24635.53058703045,0.536,0.41600000000000004
24635.530837506056,0.528,0.40800000000000003
24635.53108798166,0.544,0.424
24635.531338457266,0.536,0.424
24635.53158893287,0.52,0.4
24635.53183940848,0.528,0.4
24635.532089884084,0.544,0.392
24635.53234035969,0.528,0.4
24635.532590835293,0.552,0.424
24635.5328413109,0.52,0.40800000000000003
24635.533091786503,0.544,0.424
24635.533342262108,0.544,0.424
24635.533592737713,0.52,0.40800000000000003
24635.53384321332,0.52,0.41600000000000004
24635.534093688926,0.536,0.40800000000000003
24635.53434416453,0.52,0.41600000000000004
24635.534594640136,0.544,0.4
24635.53484511574,0.528,0.4
24635.535095591345,0.544,0.40800000000000003
24635.53534606695,0.528,0.4
24635.53559654256,0.544,0.40800000000000003
24635.535847018164,0.528,0.392
24635.53609749377,0.544,0.41600000000000004
24635.536347969373,0.544,0.40800000000000003
24635.536598444978,0.528,0.4
24635.536848920583,0.536,0.4
24635.537099396188,0.52,0.4
24635.537349871793,0.544,0.40800000000000003
24635.5376003474,0.528,0.392
24635.537850823006,0.52,0.4
24635.53810129861,0.544,0.41600000000000004
24635.538351774216,0.52,0.41600000000000004
24635.53860224982,0.544,0.4
24635.538852725425,0.552,0.40800000000000003
24635.53910320103,0.528,0.4
24635.53935367664,0.528,0.40800000000000003
24635.539604152244,0.544,0.392
24635.53985462785,0.544,0.392
24635.540105103453,0.52,0.41600000000000004
24635.540355579058,0.52,0.4
24635.540606054663,0.536,0.40800000000000003
24635.540856530268,0.528,0.392
24635.541107005873,0.544,0.41600000000000004
24635.54135748148,0.52,0.41600000000000004
24635.541607957086,0.536,0.392
24635.54185843269,0.536,0.392
24635.542108908296,0.52,0.424
24635.5423593839,0.544,0.424
24635.542609859505,0.528,0.40800000000000003
24635.54286033511,0.528,0.40800000000000003
24635.54311081072,0.552,0.41600000000000004
24635.543361286323,0.544,0.40800000000000003
24635.54361176193,0.52,0.41600000000000004
24635.543862237533,0.528,0.40800000000000003
24635.544112713138,0.544,0.41600000000000004
24635.544363188743,0.52,0.40800000000000003
24635.544613664348,0.544,0.41600000000000004
24635.544864139953,0.528,0.40800000000000003
24635.54511461556,0.544,0.41600000000000004
24635.545365091166,0.528,0.41600000000000004
24635.54561556677,0.552,0.392
24635.545866042376,0.536,0.392
24635.54611651798,0.52,0.32
24635.546366993585,0.536,0.312
24635.54661746919,0.52,0.176
24635.5468679448,0.52,0.168
24635.547118420403,0.536,0.048
24635.54736889601,0.552,0.048
24635.547619371613,0.52,0.008
24635.547869847218,0.52,0.016
24635.548120322823,0.536,-0.008
24635.548370798428,0.52,0.0
24635.548621274032,0.536,-0.008
24635.54887174964,0.528,-0.008
24635.549122225246,0.536,0.0
24635.54937270085,0.528,0.0
24635.549623176455,0.536,-0.008
24635.54987365206,0.544,0.0
24635.550124127665,0.528,-0.008
24635.55037460327,0.528,-0.008
24635.55062507888,0.552,0.0
24635.550875554483,0.552,0.0
24635.55112603009,0.52,-0.008
24635.551376505693,0.52,-0.008
24635.551626981298,0.528,0.0
24635.551877456903,0.52,0.0
24635.552127932508,0.536,-0.008
24635.552378408112,0.528,0.0
24635.55262888372,0.544,-0.008
24635.552879359326,0.528,-0.008
24635.55312983493,0.544,0.0
24635.553380310535,0.536,0.0
24635.55363078614,0.52,-0.008
24635.553881261745,0.544,0.0
24635.55413173735,0.528,-0.008
24635.55438221296,0.528,-0.008
24635.554632688563,0.552,0.0
24635.554883164168,0.536,0.0
24635.555133639773,0.52,-0.008
24635.555384115378,0.528,0.0
24635.555634590983,0.544,-0.008
24635.555885066588,0.528,-0.008
24635.556135542192,0.536,0.0
24635.5563860178,0.528,0.0
24635.556636493406,0.544,-0.008
24635.55688696901,0.528,0.0
24635.557137444615,0.544,-0.008
24635.55738792022,0.552,-0.008
24635.557638395825,0.52,0.0
24635.55788887143,0.52,-0.008
24635.55813934704,0.544,0.0
24635.558389822643,0.544,0.0
24635.558640298248,0.528,-0.008
24635.558890773853,0.552,0.0
24635.559141249458,0.52,-0.008
24635.559391725063,0.52,0.0
24635.559642200667,0.536,-0.008
24635.559892676272,0.536,-0.008
24635.56014315188,0.52,0.0
24635.560393627486,0.536,0.0
24635.56064410309,0.52,-0.008
24635.560894578695,0.528,0.0
24635.5611450543,0.544,-0.016
24635.561395529905,0.544,-0.016
24635.56164600551,0.52,0.0
24635.56189648112,0.536,0.0
24635.562146956723,0.52,-0.016
24635.562397432328,0.528,0.0
24635.562647907933,0.544,-0.016
24635.562898383538,0.528,-0.008
24635.563148859143,0.552,0.0
24635.563399334747,0.552,0.0
24635.563649810352,0.52,-0.008
24635.56390028596,0.536,0.0
24635.564150761566,0.52,-0.008
24635.56440123717,0.52,-0.008
24635.564651712775,0.536,0.0
24635.56490218838,0.52,-0.008
24635.565152663985,0.536,0.0
24635.56540313959,0.52,0.0
24635.5656536152,0.536,-0.016
24635.565904090803,0.528,0.0
24635.566154566408,0.536,-0.016
24635.566405042013,0.528,0.0
24635.566655517618,0.544,-0.008
24635.566905993222,0.528,0.0
24635.567156468827,0.544,-0.008
24635.567406944432,0.528,0.0
24635.56765742004,0.544,-0.008
24635.567907895645,0.528,0.0
24635.56815837125,0.544,-0.008
24635.568408846855,0.536,-0.008
24635.56865932246,0.52,0.0
24635.568909798065,0.52,0.0
24635.56916027367,0.536,-0.008
24635.569410749278,0.52,0.0
24635.569661224883,0.536,-0.008
24635.569911700488,0.52,0.0
24635.570162176093,0.544,-0.008
24635.570412651698,0.528,0.0
24635.570663127302,0.536,-0.008
24635.570913602907,0.528,0.0
24635.571164078512,0.544,-0.008
24635.57141455412,0.544,-0.008
24635.571665029725,0.528,0.0
24635.57191550533,0.528,0.0
24635.572165980935,0.544,-0.008
24635.57241645654,0.528,-0.008
24635.572666932145,0.544,0.0
24635.57291740775,0.528,0.0
24635.573167883358,0.544,-0.008
24635.573418358963,0.528,0.0
24635.573668834568,0.544,-0.008
24635.573919310173,0.528,0.0
24635.574169785777,0.544,-0.008
24635.574420261382,0.528,-0.008
24635.574670736987,0.536,0.0
24635.574921212592,0.544,-0.008
24635.5751716882,0.52,0.0
24635.575422163805,0.536,0.0
24635.57567263941,0.52,-0.016
24635.575923115015,0.52,0.0
24635.57617359062,0.536,-0.008
24635.576424066225,0.52,-0.008
24635.57667454183,0.536,0.0
24635.576925017438,0.528,0.0
24635.577175493043,0.536,-0.016
24635.577425968648,0.528,-0.008
24635.577676444253,0.544,0.0
24635.577926919857,0.528,-0.008
24635.578177395462,0.544,0.0
24635.578427871067,0.544,0.0
24635.578678346672,0.52,-0.008
24635.57892882228,0.52,0.0
24635.579179297885,0.536,-0.008
24635.57942977349,0.528,-0.008
24635.579680249095,0.544,0.0
24635.5799307247,0.528,0.0
24635.580181200305,0.536,-0.008
24635.58043167591,0.528,0.0
24635.580682151518,0.544,-0.008
24635.580932627123,0.528,-0.016
24635.581183102728,0.544,0.0
24635.581433578333,0.528,-0.008
24635.581684053937,0.544,0.0
24635.581934529542,0.552,0.0
24635.582185005147,0.52,-0.008
24635.582435480752,0.52,0.0
24635.58268595636,0.536,-0.008
24635.582936431965,0.536,0.0
24635.58318690757,0.52,-0.008
24635.583437383175,0.528,-0.008
24635.58368785878,0.552,0.0
24635.583938334385,0.528,0.0
24635.58418880999,0.544,-0.016
24635.584439285598,0.528,0.0
24635.584689761203,0.536,-0.008
24635.584940236808,0.528,0.0
24635.585190712412,0.552,-0.016
24635.585441188017,0.52,0.0
24635.585691663622,0.536,-0.016
24635.585942139227,0.528,0.0
24635.58619261483,0.544,-0.016
24635.58644309044,0.52,0.0
24635.586693566045,0.544,-0.008
24635.58694404165,0.528,-0.016
24635.587194517255,0.536,0.0
24635.58744499286,0.528,-0.008
24635.587695468465,0.544,0.0
24635.58794594407,0.536,-0.008
24635.588196419678,0.52,0.0
24635.588446895283,0.528,-0.008
24635.588697370888,0.544,0.0
24635.588947846492,0.528,0.0
24635.589198322097,0.544,-0.016
24635.589448797702,0.528,-0.016
24635.589699273307,0.552,0.0
24635.58994974891,0.52,0.0
24635.59020022452,0.544,-0.016
24635.590450700125,0.528,-0.008
24635.59070117573,0.544,0.0
24635.590951651335,0.536,0.0
24635.59120212694,0.536,-0.016
24635.591452602544,0.544,-0.008
24635.59170307815,0.528,0.0
24635.591953553758,0.528,-0.008
24635.592204029363,0.544,0.0
24635.592454504967,0.544,0.0
24635.592704980572,0.528,-0.016
24635.592955456177,0.552,-0.016
24635.593205931782,0.528,0.0
24635.593456407387,0.528,0.0
24635.59370688299,0.552,-0.008
24635.5939573586,0.528,-0.008
24635.594207834205,0.544,0.0
24635.59445830981,0.544,0.0
24635.594708785415,0.528,-0.008
24635.59495926102,0.528,0.0
24635.595209736624,0.544,-0.016
24635.59546021223,0.528,0.0
24635.595710687838,0.544,-0.016
24635.595961163443,0.528,0.0
24635.596211639047,0.552,-0.016
24635.596462114652,0.536,0.0
24635.596712590257,0.544,-0.016
24635.596963065862,0.544,0.0
24635.597213541467,0.528,-0.016
24635.59746401707,0.528,0.0
24635.59771449268,0.544,-0.016
24635.597964968285,0.544,-0.008
24635.59821544389,0.528,0.0
24635.598465919495,0.544,0.0
24635.5987163951,0.52,-0.016
24635.598966870704,0.528,-0.008
24635.59921734631,0.552,0.0
24635.599467821918,0.52,-0.008
24635.599718297522,0.536,0.0
24635.599968773127,0.536,0.0
24635.600219248732,0.52,-0.016
24635.600469724337,0.52,-0.016
24635.600720199942,0.528,0.0
24635.600970675547,0.52,0.0
24635.60122115115,0.536,-0.016
24635.60147162676,0.528,-0.008
24635.601722102365,0.52,0.0
24635.60197257797,0.52,0.0
24635.602223053575,0.536,-0.016
24635.60247352918,0.528,0.0
24635.602724004784,0.52,-0.016
24635.60297448039,0.52,-0.008
24635.603224955998,0.536,0.0
24635.603475431602,0.52,-0.016
24635.603725907207,0.544,0.0
24635.603976382812,0.528,-0.008
24635.604226858417,0.544,0.0
24635.60447733402,0.544,0.0
24635.604727809627,0.52,-0.008
24635.60497828523,0.52,0.0
24635.60522876084,0.536,-0.016
24635.605479236445,0.52,0.0
24635.60572971205,0.536,-0.016
24635.605980187654,0.52,0.0
24635.60623066326,0.536,-0.016
24635.606481138864,0.52,0.0
24635.60673161447,0.544,-0.016
24635.606982090078,0.528,0.0
24635.607232565682,0.536,-0.016
24635.607483041287,0.52,0.0
24635.607733516892,0.544,-0.016
24635.607983992497,0.544,0.0
24635.6082344681,0.52,-0.008
24635.608484943707,0.52,-0.008
24635.60873541931,0.536,0.024
24635.60898589492,0.528,0.024
24635.609236370525,0.536,0.128
24635.60948684613,0.528,0.136
24635.609737321734,0.536,0.28
24635.60998779734,0.528,0.296
24635.610238272944,0.544,0.368
24635.61048874855,0.52,0.36
24635.610739224157,0.544,0.384
24635.610989699762,0.536,0.384
24635.611240175367,0.528,0.40800000000000003
24635.611490650972,0.528,0.40800000000000003
24635.611741126577,0.552,0.4
24635.61199160218,0.544,0.4
24635.612242077787,0.528,0.40800000000000003
24635.61249255339,0.52,0.4
24635.612743029,0.544,0.40800000000000003
24635.612993504605,0.552,0.392
24635.61324398021,0.528,0.4
24635.613494455814,0.544,0.4
24635.61374493142,0.528,0.424
24635.613995407024,0.528,0.4
24635.61424588263,0.544,0.41600000000000004
24635.614496358237,0.544,0.4
24635.614746833842,0.528,0.4
24635.614997309447,0.528,0.4
24635.615247785052,0.544,0.40800000000000003
24635.615498260657,0.528,0.4
24635.61574873626,0.544,0.392
24635.615999211866,0.536,0.40800000000000003
24635.61624968747,0.544,0.392
24635.61650016308,0.552,0.4
24635.616750638685,0.52,0.40800000000000003
24635.61700111429,0.52,0.4
24635.617251589894,0.536,0.41600000000000004
24635.6175020655,0.528,0.4
24635.617752541104,0.544,0.40800000000000003
24635.61800301671,0.528,0.40800000000000003
24635.618253492317,0.536,0.4
24635.618503967922,0.528,0.4
24635.618754443527,0.552,0.392
24635.619004919132,0.528,0.4
24635.619255394737,0.544,0.41600000000000004
24635.61950587034,0.528,0.4
24635.619756345946,0.544,0.41600000000000004
24635.62000682155,0.52,0.4
24635.62025729716,0.536,0.40800000000000003
24635.620507772765,0.536,0.4
24635.62075824837,0.52,0.40800000000000003
24635.621008723974,0.52,0.40800000000000003
24635.62125919958,0.536,0.392
24635.621509675184,0.52,0.40800000000000003
24635.62176015079,0.536,0.392
24635.622010626397,0.536,0.392
24635.622261102002,0.52,0.40800000000000003
24635.622511577607,0.52,0.41600000000000004
24635.62276205321,0.536,0.4
24635.623012528817,0.52,0.40800000000000003
24635.62326300442,0.536,0.424
24635.623513480026,0.536,0.41600000000000004
24635.62376395563,0.52,0.40800000000000003
24635.62401443124,0.52,0.41600000000000004
24635.624264906844,0.544,0.4
24635.62451538245,0.528,0.4
24635.624765858054,0.544,0.40800000000000003
24635.62501633366,0.528,0.40800000000000003
24635.625266809264,0.544,0.4
24635.62551728487,0.528,0.4
24635.625767760477,0.544,0.40800000000000003
24635.626018236082,0.544,0.4
24635.626268711687,0.52,0.392
24635.62651918729,0.528,0.392
24635.626769662897,0.536,0.41600000000000004
24635.6270201385,0.528,0.41600000000000004
24635.627270614106,0.52,0.424
24635.62752108971,0.52,0.4
24635.62777156532,0.536,0.41600000000000004
24635.628022040924,0.52,0.40800000000000003
24635.62827251653,0.536,0.4
24635.628522992134,0.528,0.4
24635.62877346774,0.544,0.40800000000000003
24635.629023943344,0.528,0.40800000000000003
24635.62927441895,0.544,0.4
24635.629524894557,0.552,0.4
24635.629775370162,0.52,0.40800000000000003
24635.630025845767,0.52,0.4
24635.63027632137,0.536,0.40800000000000003
24635.630526796976,0.528,0.4
24635.63077727258,0.544,0.40800000000000003
24635.631027748186,0.528,0.40800000000000003
24635.63127822379,0.544,0.4
24635.6315286994,0.536,0.4
24635.631779175004,0.528,0.392
24635.63202965061,0.528,0.392
24635.632280126214,0.536,0.40800000000000003
24635.63253060182,0.536,0.4
24635.632781077424,0.52,0.40800000000000003
24635.63303155303,0.528,0.4
24635.633282028637,0.536,0.384
24635.633532504242,0.544,0.392
24635.633782979847,0.528,0.40800000000000003
24635.63403345545,0.52,0.392
24635.634283931056,0.536,0.41600000000000004
24635.63453440666,0.536,0.41600000000000004
24635.634784882266,0.52,0.4
24635.63503535787,0.528,0.392
24635.63528583348,0.544,0.41600000000000004
24635.635536309084,0.52,0.41600000000000004
24635.63578678469,0.536,0.4
24635.636037260294,0.528,0.40800000000000003
24635.6362877359,0.544,0.392
24635.636538211504,0.544,0.4
24635.63678868711,0.528,0.392
24635.637039162717,0.528,0.4
24635.63728963832,0.544,0.4
24635.637540113927,0.528,0.40800000000000003
24635.63779058953,0.544,0.392
24635.638041065136,0.528,0.4
24635.63829154074,0.552,0.40800000000000003
24635.638542016346,0.544,0.4
24635.63879249195,0.52,0.40800000000000003
24635.63904296756,0.52,0.40800000000000003
24635.639293443164,0.544,0.392
24635.63954391877,0.544,0.40800000000000003
24635.639794394374,0.528,0.424
24635.64004486998,0.536,0.4
24635.640295345584,0.528,0.41600000000000004
24635.64054582119,0.536,0.4
24635.640796296797,0.52,0.40800000000000003
24635.6410467724,0.528,0.4
24635.641297248007,0.536,0.40800000000000003
24635.64154772361,0.528,0.4
24635.641798199216,0.544,0.40800000000000003
24635.64204867482,0.528,0.4
24635.642299150426,0.544,0.40800000000000003
24635.64254962603,0.528,0.40800000000000003
24635.64280010164,0.544,0.4
24635.643050577244,0.528,0.4
24635.64330105285,0.544,0.41600000000000004
24635.643551528454,0.52,0.424
24635.64380200406,0.536,0.40800000000000003
24635.644052479664,0.544,0.40800000000000003
24635.64430295527,0.52,0.4
24635.644553430877,0.52,0.4
24635.64480390648,0.528,0.40800000000000003
24635.645054382087,0.528,0.40800000000000003
24635.64530485769,0.544,0.392
24635.645555333296,0.528,0.392
24635.6458058089,0.544,0.40800000000000003
24635.646056284506,0.544,0.392
24635.64630676011,0.52,0.424
24635.64655723572,0.528,0.40800000000000003
24635.646807711324,0.544,0.424
24635.64705818693,0.528,0.41600000000000004
24635.647308662534,0.544,0.432
24635.64755913814,0.544,0.424
24635.647809613743,0.52,0.4
24635.64806008935,0.52,0.4
24635.648310564957,0.544,0.40800000000000003
24635.64856104056,0.528,0.4
24635.648811516166,0.544,0.40800000000000003
24635.64906199177,0.544,0.4
24635.649312467376,0.52,0.4
24635.64956294298,0.52,0.4
24635.649813418586,0.536,0.40800000000000003
24635.65006389419,0.52,0.4
24635.6503143698,0.536,0.40800000000000003
24635.650564845404,0.528,0.40800000000000003
24635.65081532101,0.544,0.392
24635.651065796614,0.528,0.392
24635.65131627222,0.552,0.41600000000000004
24635.651566747823,0.536,0.41600000000000004
24635.65181722343,0.52,0.40800000000000003
24635.652067699037,0.528,0.41600000000000004
24635.65231817464,0.544,0.4
24635.652568650246,0.544,0.4
24635.65281912585,0.528,0.4
24635.653069601456,0.528,0.4
24635.65332007706,0.544,0.40800000000000003
24635.653570552666,0.536,0.40800000000000003
24635.65382102827,0.52,0.4
24635.65407150388,0.544,0.40800000000000003
24635.654321979484,0.528,0.392
24635.65457245509,0.528,0.392
24635.654822930694,0.544,0.40800000000000003
24635.6550734063,0.544,0.4
24635.655323881903,0.52,0.424
24635.655574357508,0.52,0.41600000000000004
24635.655824833117,0.528,0.432
24635.65607530872,0.528,0.432
24635.656325784326,0.544,0.4
24635.65657625993,0.528,0.4
24635.656826735536,0.544,0.41600000000000004
24635.65707721114,0.52,0.40800000000000003
24635.657327686746,0.544,0.4
24635.65757816235,0.528,0.4
24635.65782863796,0.544,0.40800000000000003
24635.658079113564,0.536,0.4
24635.65832958917,0.52,0.40800000000000003
24635.658580064774,0.52,0.4
24635.65883054038,0.536,0.392
24635.659081015983,0.528,0.392
24635.659331491588,0.544,0.40800000000000003
24635.659581967197,0.528,0.392
24635.6598324428,0.544,0.40800000000000003
24635.660082918406,0.544,0.40800000000000003
24635.66033339401,0.52,0.4
24635.660583869616,0.52,0.40800000000000003
24635.66083434522,0.536,0.4
24635.661084820826,0.528,0.40800000000000003
24635.66133529643,0.544,0.392
24635.66158577204,0.528,0.4
24635.661836247644,0.536,0.4
24635.66208672325,0.528,0.4
24635.662337198853,0.544,0.41600000000000004
24635.66258767446,0.544,0.40800000000000003
24635.662838150063,0.528,0.424
24635.663088625668,0.52,0.41600000000000004
24635.663339101277,0.536,0.4
24635.66358957688,0.52,0.4
24635.663840052486,0.536,0.40800000000000003
24635.66409052809,0.528,0.4
24635.664341003696,0.536,0.424
24635.6645914793,0.528,0.41600000000000004
24635.664841954906,0.544,0.424
24635.66509243051,0.528,0.424
24635.66534290612,0.552,0.40800000000000003
24635.665593381724,0.544,0.41600000000000004
24635.66584385733,0.52,0.4
24635.666094332933,0.528,0.392
24635.66634480854,0.544,0.40800000000000003
24635.666595284143,0.528,0.40800000000000003
24635.666845759748,0.536,0.4
24635.667096235356,0.544,0.4
24635.66734671096,0.52,0.41600000000000004
24635.667597186566,0.528,0.40800000000000003
24635.66784766217,0.536,0.424
24635.668098137776,0.544,0.424
24635.66834861338,0.528,0.40800000000000003
24635.668599088986,0.528,0.4
24635.66884956459,0.544,0.40800000000000003
24635.6691000402,0.544,0.4
24635.669350515804,0.528,0.392
24635.66960099141,0.52,0.4
24635.669851467013,0.528,0.424
24635.67010194262,0.52,0.41600000000000004
24635.670352418223,0.536,0.4
24635.670602893828,0.52,0.40800000000000003
24635.670853369436,0.536,0.384
24635.67110384504,0.52,0.384
24635.671354320646,0.536,0.312
24635.67160479625,0.52,0.312
24635.671855271856,0.536,0.176
24635.67210574746,0.528,0.168
24635.672356223065,0.544,0.056
24635.67260669867,0.536,0.048
24635.67285717428,0.52,0.008
24635.673107649884,0.528,0.016
24635.67335812549,0.544,-0.008
24635.673608601093,0.52,0.0
24635.673859076698,0.544,-0.008
24635.674109552303,0.544,-0.016
24635.674360027908,0.528,0.008
24635.674610503516,0.536,0.0
24635.67486097912,0.52,-0.016
24635.675111454726,0.52,0.0
24635.67536193033,0.536,-0.008
24635.675612405936,0.528,0.0
24635.67586288154,0.544,-0.016
24635.676113357145,0.52,-0.008
24635.67636383275,0.536,0.0
24635.67661430836,0.52,0.0
24635.676864783964,0.544,-0.008
24635.67711525957,0.544,0.0
24635.677365735173,0.52,-0.008
24635.677616210778,0.544,-0.008
24635.677866686383,0.52,0.0
24635.678117161988,0.544,0.0
24635.678367637596,0.536,-0.008
24635.6786181132,0.528,0.0
24635.678868588806,0.552,-0.008
24635.67911906441,0.544,0.0
24635.679369540016,0.528,-0.008
24635.67962001562,0.528,-0.008
24635.679870491225,0.536,0.0
24635.68012096683,0.536,0.0
24635.68037144244,0.544,-0.008
24635.680621918043,0.528,-0.008
24635.68087239365,0.544,0.0
24635.681122869253,0.536,0.0
24635.681373344858,0.544,-0.008
24635.681623820463,0.544,0.0
24635.681874296068,0.528,-0.008
24635.682124771676,0.536,0.0
24635.68237524728,0.544,-0.008
24635.682625722886,0.528,-0.008
24635.68287619849,0.544,0.0
24635.683126674096,0.528,-0.008
24635.6833771497,0.536,0.0
24635.683627625305,0.528,-0.008
24635.68387810091,0.552,0.0
24635.68412857652,0.528,0.0
24635.684379052123,0.536,-0.008
24635.68462952773,0.528,0.0
24635.684880003333,0.552,-0.008
24635.685130478938,0.528,-0.008
24635.685380954543,0.552,0.0
24635.685631430148,0.544,0.0
24635.685881905756,0.536,-0.008
24635.68613238136,0.544,-0.008
24635.686382856966,0.528,0.0
24635.68663333257,0.544,-0.008
24635.686883808175,0.528,0.0
24635.68713428378,0.544,0.0
24635.687384759385,0.528,-0.008
24635.68763523499,0.536,0.0
24635.6878857106,0.544,-0.008
24635.688136186203,0.544,0.0
24635.68838666181,0.528,-0.008
24635.688637137413,0.528,-0.008
24635.688887613018,0.552,0.0
24635.689138088623,0.528,0.0
24635.689388564228,0.544,-0.008
24635.689639039836,0.528,-0.008
24635.68988951544,0.544,0.0
24635.690139991046,0.536,0.0
24635.69039046665,0.552,-0.008
24635.690640942255,0.536,-0.008
24635.69089141786,0.552,0.0
24635.691141893465,0.544,0.0
24635.69139236907,0.528,-0.016
24635.69164284468,0.536,-0.008
24635.691893320283,0.544,0.0
24635.692143795888,0.544,0.0
24635.692394271493,0.528,-0.008
24635.692644747098,0.528,-0.008
24635.692895222703,0.544,0.0
24635.693145698307,0.528,0.0
24635.693396173916,0.544,-0.008
24635.69364664952,0.544,0.0
24635.693897125126,0.528,-0.008
24635.69414760073,0.544,0.0
24635.694398076335,0.528,-0.008
24635.69464855194,0.536,-0.008
24635.694899027545,0.528,0.0
24635.69514950315,0.528,0.0
24635.69539997876,0.544,-0.008
24635.695650454363,0.528,0.0
24635.695900929968,0.544,-0.008
24635.696151405573,0.528,0.0
24635.696401881178,0.544,-0.008
24635.696652356783,0.528,-0.008
24635.696902832387,0.544,0.0
24635.697153307996,0.544,0.0
24635.6974037836,0.528,-0.016
24635.697654259206,0.528,-0.016
24635.69790473481,0.544,0.0
24635.698155210415,0.528,-0.008
24635.69840568602,0.544,0.0
24635.698656161625,0.528,-0.008
24635.69890663723,0.544,0.0
24635.69915711284,0.528,0.0
24635.699407588443,0.544,-0.008
24635.699658064048,0.528,0.0
24635.699908539653,0.544,-0.008
24635.700159015258,0.552,-0.008
24635.700409490863,0.52,0.0
24635.700659966467,0.528,0.0
24635.700910442076,0.544,-0.008
24635.70116091768,0.52,0.0
24635.701411393286,0.544,-0.016
24635.70166186889,0.536,0.0
24635.701912344495,0.544,-0.016
24635.7021628201,0.552,-0.008
24635.702413295705,0.52,0.0
24635.70266377131,0.52,-0.008
24635.70291424692,0.544,0.0
24635.703164722523,0.544,0.0
24635.703415198128,0.528,-0.016
24635.703665673733,0.52,0.0
24635.703916149338,0.544,-0.008
24635.704166624942,0.52,0.0
24635.704417100547,0.544,-0.008
24635.704667576156,0.536,-0.008
24635.70491805176,0.528,0.0
24635.705168527365,0.536,-0.008
24635.70541900297,0.52,0.0
24635.705669478575,0.52,-0.008
24635.70591995418,0.536,0.0
24635.706170429785,0.536,-0.016
24635.70642090539,0.52,0.0
24635.706671380998,0.528,-0.016
24635.706921856603,0.544,0.0
24635.707172332208,0.536,-0.008
24635.707422807813,0.52,0.0
24635.707673283418,0.528,0.0
24635.707923759022,0.544,-0.008
24635.708174234627,0.528,0.0
24635.708424710236,0.552,-0.008
24635.70867518584,0.544,0.0
24635.708925661445,0.52,-0.016
24635.70917613705,0.528,-0.008
24635.709426612655,0.536,0.0
24635.70967708826,0.544,-0.008
24635.709927563865,0.52,0.0
24635.71017803947,0.52,-0.008
24635.710428515078,0.544,0.0
24635.710678990683,0.544,-0.008
24635.710929466288,0.528,0.0
24635.711179941893,0.536,0.0
24635.711430417497,0.52,-0.016
24635.711680893102,0.52,-0.008
24635.711931368707,0.536,0.0
24635.712181844316,0.52,0.0
24635.71243231992,0.536,-0.016
24635.712682795525,0.52,0.0
24635.71293327113,0.536,-0.016
24635.713183746735,0.536,0.0
24635.71343422234,0.52,-0.008
24635.713684697945,0.52,0.0
24635.71393517355,0.544,-0.008
24635.714185649158,0.528,0.0
24635.714436124763,0.544,-0.008
24635.714686600368,0.544,-0.008
24635.714937075973,0.52,0.0
24635.715187551577,0.52,-0.008
24635.715438027182,0.536,0.0
24635.715688502787,0.536,0.0
24635.715938978396,0.52,-0.016
24635.716189454,0.544,0.0
24635.716439929605,0.52,-0.016
24635.71669040521,0.528,0.0
24635.716940880815,0.544,-0.016
24635.71719135642,0.528,-0.008
24635.717441832025,0.552,0.0
24635.71769230763,0.52,0.0
24635.717942783238,0.528,-0.008
24635.718193258843,0.52,0.0
24635.718443734448,0.536,-0.016
24635.718694210052,0.544,0.0
24635.718944685657,0.52,-0.016
24635.719195161262,0.528,-0.008
24635.719445636867,0.552,0.0
24635.719696112476,0.536,0.0
24635.71994658808,0.52,-0.008
24635.720197063685,0.528,0.0
24635.72044753929,0.52,-0.016
24635.720698014895,0.52,0.0
24635.7209484905,0.544,-0.008
24635.721198966105,0.536,0.0
24635.72144944171,0.52,-0.008
24635.721699917318,0.52,0.0
24635.721950392923,0.544,-0.016
24635.722200868528,0.544,0.0
24635.722451344132,0.52,-0.016
24635.722701819737,0.528,0.0
24635.722952295342,0.544,-0.016
24635.723202770947,0.528,-0.008
24635.723453246555,0.544,0.0
24635.72370372216,0.544,0.0
24635.723954197765,0.52,-0.016
24635.72420467337,0.528,0.0
24635.724455148975,0.552,-0.016
24635.72470562458,0.544,-0.008
24635.724956100184,0.52,0.0
24635.72520657579,0.52,0.0
24635.725457051398,0.536,-0.008
24635.725707527003,0.528,0.0
24635.725958002608,0.552,-0.016
24635.726208478212,0.52,0.0
24635.726458953817,0.536,-0.016
24635.726709429422,0.528,0.0
24635.726959905027,0.544,-0.008
24635.727210380635,0.528,0.0
24635.72746085624,0.536,-0.016
24635.727711331845,0.52,-0.016
24635.72796180745,0.544,0.0
24635.728212283055,0.528,0.0
24635.72846275866,0.552,-0.016
24635.728713234264,0.536,-0.008
24635.72896370987,0.52,0.0
24635.729214185478,0.52,0.0
24635.729464661083,0.536,-0.016
24635.729715136687,0.52,0.0
24635.729965612292,0.544,-0.008
24635.730216087897,0.528,0.0
24635.730466563502,0.544,-0.016
24635.730717039107,0.528,-0.016
24635.730967514715,0.552,0.0
24635.73121799032,0.552,-0.016
24635.731468465925,0.528,0.0
24635.73171894153,0.544,-0.016
24635.731969417135,0.52,0.0
24635.73221989274,0.52,0.0
24635.732470368344,0.528,-0.016
24635.73272084395,0.52,0.0
24635.732971319558,0.528,-0.016
24635.733221795163,0.52,-0.008
24635.733472270767,0.528,0.0
24635.733722746372,0.536,-0.008
24635.733973221977,0.52,0.024
24635.734223697582,0.528,0.024
24635.734474173187,0.544,0.136
24635.734724648795,0.552,0.14400000000000002
24635.7349751244,0.528,0.28800000000000003
24635.735225600005,0.52,0.28800000000000003
24635.73547607561,0.536,0.384
24635.735726551215,0.52,0.384
24635.73597702682,0.536,0.41600000000000004
24635.736227502424,0.52,0.4
24635.73647797803,0.536,0.41600000000000004
24635.736728453638,0.528,0.4
24635.736978929242,0.544,0.40800000000000003
24635.737229404847,0.536,0.4
24635.737479880452,0.528,0.40800000000000003
24635.737730356057,0.528,0.40800000000000003
24635.737980831662,0.56,0.392
24635.738231307267,0.552,0.392
24635.738481782875,0.528,0.41600000000000004
24635.73873225848,0.544,0.40800000000000003
24635.738982734085,0.52,0.424
24635.73923320969,0.536,0.41600000000000004
24635.739483685295,0.52,0.432
24635.7397341609,0.52,0.424
24635.739984636504,0.536,0.40800000000000003
24635.74023511211,0.528,0.40800000000000003
24635.740485587718,0.536,0.424
24635.740736063322,0.528,0.41600000000000004
24635.740986538927,0.544,0.424
24635.741237014532,0.544,0.424
24635.741487490137,0.528,0.4
24635.74173796574,0.536,0.40800000000000003
24635.741988441347,0.52,0.4
24635.742238916955,0.536,0.40800000000000003
24635.74248939256,0.52,0.392
24635.742739868165,0.52,0.41600000000000004
24635.74299034377,0.536,0.4
24635.743240819374,0.52,0.4
24635.74349129498,0.536,0.392
24635.743741770584,0.52,0.392
24635.74399224619,0.544,0.424
24635.744242721797,0.52,0.424
24635.744493197402,0.544,0.41600000000000004
24635.744743673007,0.536,0.41600000000000004
24635.744994148612,0.52,0.424
24635.745244624217,0.52,0.424
24635.74549509982,0.536,0.40800000000000003
24635.745745575427,0.528,0.40800000000000003
24635.745996051035,0.544,0.392
24635.74624652664,0.528,0.392
24635.746497002245,0.544,0.424
24635.74674747785,0.528,0.424
24635.746997953454,0.544,0.4
24635.74724842906,0.536,0.4
24635.747498904664,0.52,0.40800000000000003
24635.74774938027,0.52,0.4
24635.747999855877,0.536,0.40800000000000003
24635.748250331482,0.528,0.40800000000000003
24635.748500807087,0.544,0.4
24635.748751282692,0.536,0.4
24635.749001758297,0.52,0.392
24635.7492522339,0.528,0.392
24635.749502709506,0.552,0.424
24635.749753185115,0.552,0.424
24635.75000366072,0.52,0.40800000000000003
24635.750254136325,0.52,0.4
24635.75050461193,0.536,0.40800000000000003
24635.750755087534,0.528,0.4
24635.75100556314,0.552,0.40800000000000003
24635.751256038744,0.552,0.40800000000000003
24635.75150651435,0.52,0.392
24635.751756989957,0.52,0.40800000000000003
24635.752007465562,0.536,0.4
24635.752257941167,0.52,0.4
24635.752508416772,0.528,0.41600000000000004
24635.752758892377,0.52,0.41600000000000004
24635.75300936798,0.544,0.4
24635.753259843586,0.528,0.40800000000000003
24635.753510319195,0.544,0.4
24635.7537607948,0.528,0.4
24635.754011270405,0.552,0.40800000000000003
24635.75426174601,0.544,0.41600000000000004
24635.754512221614,0.52,0.4
24635.75476269722,0.52,0.4
24635.755013172824,0.536,0.40800000000000003
24635.75526364843,0.528,0.4
24635.755514124037,0.544,0.41600000000000004
24635.755764599642,0.528,0.424
24635.756015075247,0.544,0.40800000000000003
24635.756265550852,0.528,0.40800000000000003
24635.756516026457,0.552,0.432
24635.75676650206,0.544,0.424
24635.757016977666,0.52,0.4
24635.757267453275,0.52,0.4
24635.75751792888,0.536,0.4
24635.757768404485,0.52,0.4
24635.75801888009,0.528,0.40800000000000003
24635.758269355694,0.528,0.392
24635.7585198313,0.52,0.424
24635.758770306904,0.536,0.424
24635.75902078251,0.52,0.4
24635.759271258117,0.52,0.40800000000000003
24635.759521733722,0.536,0.4
24635.759772209327,0.52,0.4
24635.76002268493,0.544,0.40800000000000003
24635.760273160537,0.528,0.4
24635.76052363614,0.544,0.40800000000000003
24635.760774111746,0.528,0.40800000000000003
24635.761024587355,0.552,0.424
24635.76127506296,0.56,0.41600000000000004
24635.761525538564,0.528,0.432
24635.76177601417,0.536,0.424
24635.762026489774,0.52,0.40800000000000003
24635.76227696538,0.52,0.41600000000000004
24635.762527440984,0.544,0.4
24635.76277791659,0.528,0.4
24635.763028392197,0.544,0.41600000000000004
24635.763278867802,0.528,0.41600000000000004
24635.763529343407,0.552,0.4
24635.76377981901,0.552,0.4
24635.764030294617,0.52,0.40800000000000003
24635.76428077022,0.52,0.4
24635.764531245826,0.536,0.40800000000000003
24635.764781721435,0.528,0.4
24635.76503219704,0.544,0.424
24635.765282672644,0.528,0.424
24635.76553314825,0.544,0.40800000000000003
24635.765783623854,0.536,0.41600000000000004
24635.76603409946,0.52,0.4
24635.766284575064,0.536,0.4
24635.76653505067,0.52,0.41600000000000004
24635.766785526277,0.528,0.424
24635.767036001882,0.544,0.40800000000000003
24635.767286477487,0.544,0.40800000000000003
24635.76753695309,0.528,0.4
24635.767787428696,0.52,0.392
24635.7680379043,0.536,0.424
24635.768288379906,0.528,0.40800000000000003
24635.768538855515,0.544,0.392
24635.76878933112,0.52,0.392
24635.769039806724,0.544,0.424
24635.76929028233,0.528,0.424
24635.769540757934,0.544,0.4
24635.76979123354,0.552,0.40800000000000003
24635.770041709144,0.52,0.392
24635.77029218475,0.52,0.4
24635.770542660357,0.536,0.40800000000000003
24635.770793135962,0.52,0.4
24635.771043611567,0.536,0.424
24635.77129408717,0.536,0.424
24635.771544562776,0.52,0.40800000000000003
24635.77179503838,0.528,0.41600000000000004
24635.772045513986,0.544,0.4
24635.772295989595,0.528,0.4
24635.7725464652,0.552,0.40800000000000003
24635.772796940804,0.512,0.392
24635.77304741641,0.536,0.424
24635.773297892014,0.528,0.424
24635.77354836762,0.52,0.40800000000000003
24635.773798843224,0.52,0.4
24635.77404931883,0.536,0.41600000000000004
24635.774299794437,0.528,0.392
24635.77455027004,0.536,0.40800000000000003
24635.774800745647,0.528,0.424
24635.77505122125,0.536,0.4
24635.775301696856,0.528,0.41600000000000004
24635.77555217246,0.544,0.4
24635.775802648066,0.528,0.4
24635.776053123675,0.552,0.40800000000000003
24635.77630359928,0.552,0.40800000000000003
24635.776554074884,0.528,0.424
24635.77680455049,0.536,0.40800000000000003
24635.777055026094,0.52,0.4
24635.7773055017,0.528,0.4
24635.777555977304,0.544,0.424
24635.77780645291,0.536,0.41600000000000004
24635.778056928517,0.528,0.4
24635.77830740412,0.544,0.392
24635.778557879727,0.52,0.41600000000000004
24635.786831617355,0.544,-0.016
24635.787103301485,0.52,-0.008
24635.787374985615,0.528,-0.008
24635.787646669745,0.544,-0.016
24635.787918353875,0.536,-0.016
24635.788190038005,0.52,0.0
24635.788461722135,0.528,-0.016
24635.788733406265,0.544,0.0
24635.789005090395,0.536,-0.016
24635.789276774525,0.52,-0.008
24635.789548458655,0.536,-0.016
24635.789820142785,0.52,0.0
24635.790091826915,0.544,-0.016
24635.790363511045,0.52,0.0
24635.790635195175,0.528,-0.008
24635.790906879305,0.544,-0.016
24635.791178563435,0.528,-0.016
24635.791450247565,0.56,0.0
24635.791721931695,0.544,-0.016
24635.791993615825,0.528,0.0
24635.792265299955,0.52,-0.008
24635.792536984085,0.536,0.024
24635.792808668215,0.52,0.032
24635.793080352345,0.544,0.128
24635.793352036475,0.528,0.136
24635.793623720605,0.544,0.28
24635.793895404735,0.536,0.296
24635.794167088865,0.52,0.352
24635.794438772995,0.528,0.352
24635.794710457125,0.536,0.368
24635.794982141255,0.536,0.368
24635.795253825385,0.52,0.384
24635.795525509515,0.536,0.384
24635.795797193645,0.52,0.376
24635.796068877775,0.52,0.384
24635.796340561905,0.544,0.384
24635.796612246035,0.528,0.384
24635.796883930165,0.544,0.392
24635.7971556143,0.536,0.384
24635.79742729843,0.52,0.392
24635.79769898256,0.528,0.392
24635.79797066669,0.52,0.376
24635.79824235082,0.52,0.392
24635.79851403495,0.536,0.376
24635.79878571908,0.52,0.384
24635.79905740321,0.536,0.4
24635.79932908734,0.52,0.4
24635.79960077147,0.536,0.384
24635.7998724556,0.528,0.384
24635.80014413973,0.544,0.392
24635.80041582386,0.536,0.384
24635.80068750799,0.52,0.376
24635.800959192118,0.528,0.384
24635.801230876248,0.544,0.392
24635.801502560378,0.528,0.384
24635.801774244508,0.544,0.392
24635.802045928638,0.52,0.384
24635.802317612768,0.536,0.376
24635.802589296898,0.52,0.376
24635.802860981028,0.536,0.392
24635.803132665158,0.528,0.392
24635.803404349288,0.52,0.4
24635.803676033418,0.544,0.392
24635.803947717548,0.52,0.40800000000000003
24635.804219401678,0.52,0.40800000000000003
24635.804491085808,0.544,0.392
24635.804762769938,0.52,0.4
24635.805034454068,0.544,0.384
24635.805306138198,0.52,0.384
24635.805577822328,0.536,0.392
24635.805849506458,0.52,0.4
24635.806121190588,0.536,0.384
24635.806392874718,0.52,0.392
24635.806664558848,0.536,0.376
24635.806936242978,0.52,0.376
24635.807207927108,0.536,0.4
24635.807479611238,0.52,0.392
24635.807751295368,0.536,0.4
24635.808022979498,0.52,0.4
24635.808294663628,0.536,0.392
24635.808566347758,0.52,0.392
24635.808838031888,0.536,0.4
24635.809109716018,0.536,0.392
24635.809381400148,0.52,0.4
24635.809653084278,0.52,0.392
24635.809924768408,0.536,0.4
24635.810196452538,0.528,0.392
24635.810468136668,0.536,0.4
24635.810739820798,0.528,0.4
24635.811011504928,0.544,0.392
24635.811283189058,0.552,0.4
24635.811554873188,0.52,0.384
24635.811826557318,0.52,0.4
24635.812098241448,0.536,0.392
24635.812369925578,0.52,0.4
24635.812641609707,0.528,0.384
24635.812913293837,0.52,0.384
24635.813184977967,0.536,0.384
24635.813456662097,0.528,0.376
24635.813728346227,0.536,0.392
24635.814000030357,0.528,0.392
24635.814271714487,0.544,0.384
24635.814543398617,0.52,0.384
24635.814815082747,0.544,0.4
24635.815086766877,0.528,0.392
24635.815358451007,0.544,0.392
24635.815630135137,0.528,0.392
24635.815901819267,0.544,0.384
24635.816173503397,0.52,0.392
24635.816445187527,0.536,0.376
24635.816716871657,0.52,0.376
24635.816988555787,0.528,0.4
24635.817260239917,0.52,0.392
24635.81753192405,0.544,0.376
24635.81780360818,0.544,0.376
24635.81807529231,0.52,0.4
24635.81834697644,0.536,0.4
24635.81861866057,0.528,0.392
24635.8188903447,0.528,0.392
24635.81916202883,0.544,0.384
24635.81943371296,0.544,0.4
24635.81970539709,0.52,0.384
24635.81997708122,0.52,0.392
24635.82024876535,0.544,0.376
24635.82052044948,0.52,0.384
24635.82079213361,0.536,0.376
24635.82106381774,0.536,0.384
24635.82133550187,0.528,0.4
24635.821607186,0.544,0.392
24635.82187887013,0.52,0.384
24635.82215055426,0.52,0.384
24635.82242223839,0.528,0.376
24635.82269392252,0.52,0.376
24635.82296560665,0.536,0.392
24635.82323729078,0.52,0.392
24635.82350897491,0.536,0.4
24635.82378065904,0.528,0.392
24635.82405234317,0.544,0.384
24635.8243240273,0.544,0.384
24635.82459571143,0.52,0.376
24635.82486739556,0.52,0.384
24635.82513907969,0.536,0.376
24635.82541076382,0.536,0.384
24635.82568244795,0.52,0.40800000000000003
24635.82595413208,0.528,0.392
24635.82622581621,0.536,0.376
24635.82649750034,0.544,0.376
24635.82676918447,0.52,0.4
24635.8270408686,0.52,0.4
24635.82731255273,0.536,0.392
24635.82758423686,0.52,0.4
24635.82785592099,0.536,0.384
24635.82812760512,0.536,0.384
24635.82839928925,0.52,0.376
24635.82867097338,0.528,0.384
24635.82894265751,0.536,0.4
24635.82921434164,0.536,0.4
24635.82948602577,0.52,0.384
24635.8297577099,0.52,0.384
24635.83002939403,0.544,0.392
24635.83030107816,0.544,0.4
24635.83057276229,0.528,0.384
24635.83084444642,0.552,0.384
24635.83111613055,0.52,0.376
24635.83138781468,0.52,0.384
24635.83165949881,0.544,0.384
24635.83193118294,0.528,0.392
24635.83220286707,0.544,0.376
24635.8324745512,0.52,0.392
24635.83274623533,0.536,0.376
24635.83301791946,0.536,0.376
24635.83328960359,0.52,0.4
24635.83356128772,0.52,0.40800000000000003
24635.83383297185,0.544,0.392
24635.83410465598,0.544,0.392
24635.83437634011,0.52,0.4
24635.83464802424,0.52,0.392
24635.83491970837,0.544,0.4
24635.8351913925,0.52,0.40800000000000003
24635.83546307663,0.544,0.384
24635.83573476076,0.536,0.392
24635.83600644489,0.52,0.376
24635.83627812902,0.52,0.376
24635.83654981315,0.536,0.392
24635.83682149728,0.536,0.384
24635.83709318141,0.512,0.4
24635.83736486554,0.52,0.392
24635.83763654967,0.544,0.40800000000000003
24635.837908233803,0.52,0.40800000000000003
24635.838179917933,0.536,0.384
24635.838451602063,0.552,0.392
24635.838723286193,0.52,0.376
24635.838994970323,0.52,0.4
24635.839266654453,0.536,0.384
24635.839538338583,0.52,0.384
24635.839810022713,0.536,0.392
24635.840081706843,0.52,0.392
24635.840353390973,0.528,0.384
24635.840625075103,0.52,0.384
24635.840896759233,0.536,0.384
24635.841168443363,0.52,0.384
24635.841440127493,0.536,0.376
24635.841711811623,0.528,0.376
24635.841983495753,0.544,0.392
24635.842255179883,0.528,0.4
24635.842526864013,0.52,0.384
24635.842798548143,0.52,0.384
24635.843070232273,0.536,0.376
24635.843341916403,0.528,0.376
24635.843613600533,0.536,0.392
24635.843885284663,0.528,0.384
24635.844156968793,0.552,0.40800000000000003
24635.844428652923,0.52,0.4
24635.844700337053,0.544,0.392
24635.844972021183,0.52,0.392
24635.845243705313,0.536,0.392
24635.845515389443,0.52,0.384
24635.845787073573,0.536,0.4
24635.846058757703,0.52,0.4
24635.846330441833,0.536,0.384
24635.846602125963,0.52,0.392
24635.846873810093,0.536,0.384
24635.847145494223,0.52,0.384
24635.847417178353,0.544,0.4
24635.847688862483,0.544,0.392
24635.847960546613,0.512,0.4
24635.848232230743,0.528,0.4
24635.848503914873,0.544,0.384
24635.848775599003,0.528,0.392
24635.849047283133,0.544,0.4
24635.849318967263,0.528,0.392
24635.849590651393,0.544,0.384
24635.849862335523,0.528,0.384
24635.850134019653,0.544,0.4
24635.850405703783,0.544,0.392
24635.850677387913,0.528,0.4
24635.850949072043,0.544,0.392
24635.851220756173,0.528,0.4
24635.851492440303,0.528,0.392
24635.851764124433,0.544,0.392
24635.852035808563,0.528,0.392
24635.852307492692,0.536,0.4
24635.852579176822,0.552,0.392
24635.852850860952,0.52,0.4
24635.853122545082,0.52,0.392
24635.853394229212,0.544,0.4
24635.853665913342,0.528,0.392
24635.853937597472,0.536,0.4
24635.854209281602,0.544,0.392
24635.854480965732,0.52,0.4
24635.854752649862,0.52,0.392
24635.855024333992,0.536,0.384
24635.855296018122,0.536,0.392
24635.855567702252,0.52,0.4
24635.855839386382,0.52,0.4
24635.856111070512,0.528,0.392
24635.856382754642,0.52,0.4
24635.856654438772,0.536,0.392
24635.856926122902,0.52,0.392
24635.857197807032,0.544,0.4
24635.857469491162,0.528,0.4
24635.857741175292,0.544,0.384
24635.858012859422,0.528,0.392
24635.858284543556,0.544,0.4
24635.858556227686,0.536,0.392
24635.858827911816,0.52,0.392
24635.859099595946,0.52,0.392
24635.859371280076,0.536,0.384
24635.859642964206,0.52,0.392
24635.859914648336,0.536,0.376
24635.860186332466,0.52,0.376
24635.860458016596,0.536,0.304
24635.860729700726,0.52,0.304
24635.861001384856,0.536,0.16
24635.861273068986,0.544,0.152
24635.861544753116,0.52,0.048
24635.861816437246,0.52,0.048
24635.862088121376,0.544,0.008
24635.862359805506,0.528,0.008
24635.862631489636,0.544,-0.008
24635.862903173766,0.528,0.0
24635.863174857896,0.544,-0.008
24635.863446542025,0.52,0.0
24635.863718226155,0.544,-0.016
24635.863989910285,0.52,0.0
24635.864261594415,0.536,-0.016
24635.864533278545,0.52,-0.008
24635.864804962675,0.544,0.0
24635.865076646805,0.528,0.0
24635.865348330935,0.536,-0.016
24635.865620015065,0.536,0.0
24635.865891699195,0.52,-0.016
24635.866163383325,0.52,-0.016
24635.866435067455,0.528,0.0
24635.866706751585,0.52,0.0
24635.866978435715,0.528,-0.016
24635.867250119845,0.52,-0.016
24635.867521803975,0.536,0.0
24635.867793488105,0.52,0.0
24635.868065172235,0.536,-0.016
24635.868336856365,0.528,0.0
24635.868608540495,0.536,-0.016
24635.868880224625,0.544,-0.016
24635.869151908755,0.52,0.0
24635.869423592885,0.52,-0.016
24635.869695277015,0.536,0.0
24635.869966961145,0.528,-0.016
24635.870238645275,0.536,0.0
24635.870510329405,0.544,0.0
24635.870782013535,0.52,-0.016
24635.871053697665,0.52,0.0
24635.871325381795,0.536,-0.016
24635.871597065925,0.528,0.0
24635.871868750055,0.536,-0.016
24635.872140434185,0.528,0.0
24635.872412118315,0.544,-0.016
24635.872683802445,0.536,0.0
24635.872955486575,0.52,-0.016
24635.873227170705,0.52,-0.016
24635.873498854835,0.544,0.0
24635.873770538965,0.544,0.0
24635.874042223095,0.528,-0.016
24635.874313907225,0.52,-0.016
24635.874585591355,0.536,0.0
24635.874857275485,0.528,-0.016
24635.875128959615,0.552,0.0
24635.875400643745,0.52,-0.016
24635.875672327875,0.536,0.0
24635.875944012005,0.528,-0.016
24635.876215696135,0.544,0.0
24635.876487380265,0.52,0.0
24635.876759064395,0.536,-0.016
24635.877030748525,0.52,0.0
24635.877302432655,0.536,-0.016
24635.877574116785,0.52,0.0
24635.877845800915,0.536,-0.016
24635.878117485045,0.528,0.0
24635.878389169175,0.544,-0.016
24635.87866085331,0.528,0.0
24635.87893253744,0.544,-0.016
24635.87920422157,0.528,-0.016
24635.8794759057,0.544,0.0
24635.87974758983,0.52,-0.016
24635.880019273958,0.536,0.0
24635.880290958088,0.528,-0.016
24635.880562642218,0.544,0.0
24635.880834326348,0.528,0.0
24635.881106010478,0.544,-0.016
24635.881377694608,0.52,-0.016
24635.881649378738,0.544,0.0
24635.881921062868,0.528,-0.016
24635.882192746998,0.544,0.0
24635.882464431128,0.536,0.0
24635.882736115258,0.528,-0.016
24635.883007799388,0.528,-0.008
24635.883279483518,0.544,-0.016
24635.883551167648,0.528,-0.008
24635.883822851778,0.536,-0.016
24635.884094535908,0.528,-0.016
24635.884366220038,0.544,0.0
24635.884637904168,0.528,0.0
24635.884909588298,0.544,-0.016
24635.885181272428,0.544,0.0
24635.885452956558,0.528,-0.016
24635.885724640688,0.528,-0.016
24635.885996324818,0.544,0.0
24635.886268008948,0.528,0.0
24635.886539693078,0.544,-0.016
24635.886811377208,0.528,-0.016
24635.887083061338,0.544,0.0
24635.887354745468,0.536,-0.016
24635.887626429598,0.528,0.0
24635.887898113728,0.544,-0.016
24635.888169797858,0.528,0.0
24635.888441481988,0.528,-0.016
24635.888713166118,0.536,0.0
24635.888984850248,0.528,0.0
24635.889256534378,0.544,-0.016
24635.889528218508,0.528,-0.016
24635.889799902638,0.544,0.0
24635.890071586768,0.528,-0.016
24635.890343270898,0.544,0.0
24635.890614955028,0.544,-0.016
24635.890886639158,0.528,-0.008
24635.891158323288,0.528,-0.016
24635.891430007418,0.544,0.0
24635.891701691547,0.544,-0.016
24635.891973375677,0.528,0.0
24635.892245059807,0.544,-0.016
24635.892516743937,0.528,0.0
24635.892788428067,0.528,-0.008
24635.893060112197,0.544,-0.016
24635.893331796327,0.528,-0.016
24635.893603480457,0.536,0.0
24635.893875164587,0.528,-0.016
24635.894146848717,0.536,0.0
24635.894418532847,0.536,-0.016
24635.894690216977,0.528,0.0
24635.894961901107,0.528,0.0
24635.895233585237,0.544,-0.016
24635.895505269367,0.528,-0.016
24635.895776953497,0.544,-0.008
24635.896048637627,0.528,-0.016
24635.896320321757,0.544,0.0
24635.896592005887,0.528,0.0
24635.896863690017,0.544,-0.016
24635.897135374147,0.528,-0.016
24635.897407058277,0.544,0.0
24635.897678742407,0.528,-0.016
24635.897950426537,0.536,0.0
24635.898222110667,0.528,-0.016
24635.898493794797,0.544,0.0
24635.898765478927,0.528,-0.016
24635.89903716306,0.536,-0.008
24635.89930884719,0.528,-0.016
24635.89958053132,0.544,0.0
24635.89985221545,0.528,-0.016
24635.90012389958,0.544,0.0
24635.90039558371,0.544,-0.008
24635.90066726784,0.528,-0.016
24635.90093895197,0.528,-0.016
24635.9012106361,0.544,0.0
24635.90148232023,0.528,-0.016
24635.90175400436,0.544,0.0
24635.90202568849,0.528,-0.016
24635.90229737262,0.536,0.0
24635.90256905675,0.528,-0.016
24635.90284074088,0.544,0.0
24635.90311242501,0.528,-0.016
24635.90338410914,0.544,0.0
24635.90365579327,0.528,0.0
24635.9039274774,0.544,-0.016
24635.90419916153,0.528,-0.016
24635.90447084566,0.544,0.0
24635.90474252979,0.528,-0.016
24635.90501421392,0.544,0.0
24635.90528589805,0.528,-0.008
24635.90555758218,0.544,-0.016
24635.90582926631,0.528,-0.016
24635.90610095044,0.544,-0.008
24635.90637263457,0.528,-0.016
24635.9066443187,0.544,-0.008
24635.90691600283,0.528,-0.016
24635.90718768696,0.552,-0.008
24635.90745937109,0.536,-0.016
24635.90773105522,0.528,0.0
24635.90800273935,0.528,0.0
24635.90827442348,0.544,-0.016
24635.90854610761,0.528,-0.016
24635.90881779174,0.536,0.0
24635.90908947587,0.528,-0.016
24635.90936116,0.544,-0.008
24635.90963284413,0.528,-0.016
24635.90990452826,0.544,0.0
24635.91017621239,0.528,-0.008
24635.91044789652,0.536,-0.016
24635.91071958065,0.528,-0.008
24635.91099126478,0.536,-0.016
24635.91126294891,0.536,-0.008
24635.91153463304,0.528,-0.016
24635.91180631717,0.528,-0.016
24635.9120780013,0.544,-0.008
24635.91234968543,0.528,-0.008
24635.91262136956,0.544,-0.016
24635.91289305369,0.528,-0.016
24635.91316473782,0.544,-0.008
24635.91343642195,0.528,-0.016
24635.91370810608,0.544,0.0
24635.91397979021,0.536,-0.016
24635.91425147434,0.528,0.0
24635.91452315847,0.52,-0.008
24635.9147948426,0.544,-0.016
24635.91506652673,0.528,-0.008
24635.91533821086,0.536,-0.016
24635.91560989499,0.544,-0.008
24635.91588157912,0.52,-0.016
24635.91615326325,0.52,-0.016
24635.91642494738,0.536,0.0
24635.91669663151,0.52,-0.016
24635.91696831564,0.536,0.0
24635.91723999977,0.52,-0.008
24635.9175116839,0.536,-0.016
24635.91778336803,0.52,-0.016
24635.91805505216,0.536,0.0
24635.91832673629,0.52,-0.008
24635.91859842042,0.544,-0.016
24635.91887010455,0.544,-0.008
24635.91914178868,0.52,-0.016
24635.919413472813,0.536,-0.016
24635.919685156943,0.52,-0.008
24635.919956841073,0.52,0.0
24635.920228525203,0.536,-0.016
24635.920500209333,0.52,-0.008
24635.920771893463,0.536,-0.016
24635.921043577593,0.52,-0.008
24635.921315261723,0.536,-0.016
24635.921586945853,0.536,-0.016
24635.921858629983,0.528,-0.008
24635.922130314113,0.52,-0.016
24635.922401998243,0.536,-0.008
24635.922673682373,0.52,-0.008
24635.922945366503,0.544,-0.016
24635.923217050633,0.52,-0.016
24635.923488734763,0.536,0.0
24635.923760418893,0.528,-0.016
24635.924032103023,0.544,0.0
24635.924303787153,0.52,-0.016
24635.924575471283,0.552,-0.008
24635.924847155413,0.544,0.0
24635.925118839543,0.528,-0.016
24635.925390523673,0.52,-0.016
24635.925662207803,0.528,0.0
24635.925933891933,0.52,-0.016
24635.926205576063,0.536,-0.008
24635.926477260193,0.536,-0.016
24635.926748944323,0.52,-0.008
24635.927020628453,0.52,-0.016
24635.927292312583,0.544,0.0
24635.927563996713,0.544,-0.016
24635.927835680843,0.52,0.0
24635.928107364973,0.52,-0.008
24635.928379049103,0.536,0.016
24635.928650733233,0.536,0.016
24635.928922417363,0.512,0.128
24635.929194101493,0.52,0.136
24635.929465785623,0.536,0.28800000000000003
24635.929737469753,0.528,0.28800000000000003
24635.930009153883,0.544,0.352
24635.930280838013,0.544,0.352
24635.930552522143,0.528,0.368
24635.930824206273,0.544,0.368
24635.931095890403,0.52,0.376
24635.931367574532,0.52,0.376
24635.931639258662,0.536,0.392
24635.931910942792,0.528,0.376
24635.932182626922,0.52,0.384
24635.932454311052,0.528,0.376
24635.932725995182,0.544,0.384
24635.932997679312,0.552,0.376
24635.933269363442,0.528,0.384
24635.933541047572,0.528,0.376
24635.933812731702,0.544,0.392
24635.934084415832,0.544,0.392
24635.934356099962,0.52,0.40800000000000003
24635.934627784092,0.544,0.392
24635.934899468222,0.52,0.376
24635.935171152352,0.52,0.376
24635.935442836482,0.528,0.384
24635.935714520612,0.52,0.376
24635.935986204742,0.536,0.384
24635.936257888872,0.52,0.384
24635.936529573002,0.544,0.376
24635.936801257132,0.528,0.376
24635.937072941262,0.536,0.392
24635.937344625392,0.528,0.392
24635.937616309522,0.544,0.4
24635.937887993652,0.528,0.4
24635.938159677782,0.536,0.392
24635.938431361912,0.536,0.4
24635.938703046042,0.52,0.384
24635.938974730172,0.52,0.376
24635.939246414302,0.536,0.392
24635.939518098432,0.536,0.368
24635.939789782566,0.52,0.384
24635.940061466696,0.528,0.392
24635.940333150826,0.544,0.4
24635.940604834956,0.52,0.4
24635.940876519086,0.536,0.376
24635.941148203216,0.52,0.392
24635.941419887346,0.536,0.376
24635.941691571476,0.536,0.376
24635.941963255606,0.52,0.4
24635.942234939735,0.536,0.392
24635.942506623865,0.52,0.4
24635.942778307995,0.52,0.4
24635.943049992125,0.536,0.384
24635.943321676255,0.52,0.384
24635.943593360385,0.536,0.376
24635.943865044515,0.52,0.376
24635.944136728645,0.536,0.384
24635.944408412775,0.528,0.392
24635.944680096905,0.544,0.376
24635.944951781035,0.544,0.368
24635.945223465165,0.52,0.384
24635.945495149295,0.528,0.4
24635.945766833425,0.544,0.384
24635.946038517555,0.536,0.392
24635.946310201685,0.52,0.376
24635.946581885815,0.52,0.376
24635.946853569945,0.536,0.384
24635.947125254075,0.528,0.376
24635.947396938205,0.544,0.384
24635.947668622335,0.544,0.376
24635.947940306465,0.52,0.384
24635.948211990595,0.52,0.376
24635.948483674725,0.544,0.384
24635.948755358855,0.528,0.376
24635.949027042985,0.536,0.384
24635.949298727115,0.528,0.384
24635.949570411245,0.544,0.392
24635.949842095375,0.52,0.392
24635.950113779505,0.536,0.376
24635.950385463635,0.528,0.384
24635.950657147765,0.544,0.368
24635.950928831895,0.536,0.368
24635.951200516025,0.52,0.4
24635.951472200155,0.528,0.392
24635.951743884285,0.536,0.4
24635.952015568415,0.552,0.4
24635.952287252545,0.528,0.376
24635.952558936675,0.52,0.376
24635.952830620805,0.536,0.384
24635.953102304935,0.52,0.376
24635.953373989065,0.528,0.384
24635.953645673195,0.52,0.384
24635.953917357325,0.528,0.368
24635.954189041455,0.52,0.376
24635.954460725585,0.544,0.392
24635.954732409715,0.544,0.392
24635.955004093845,0.52,0.4
24635.955275777975,0.528,0.392
24635.955547462105,0.536,0.376
24635.955819146235,0.544,0.392
24635.956090830365,0.52,0.384
24635.956362514495,0.536,0.384
24635.956634198625,0.52,0.376
24635.956905882755,0.528,0.368
24635.957177566885,0.536,0.4
24635.957449251015,0.544,0.4
24635.957720935145,0.52,0.384
24635.957992619275,0.52,0.392
24635.958264303405,0.536,0.376
24635.958535987535,0.528,0.384
24635.958807671665,0.544,0.392
24635.959079355795,0.52,0.392
24635.959351039925,0.536,0.40800000000000003
24635.959622724054,0.52,0.4
24635.959894408184,0.528,0.392
24635.960166092318,0.528,0.384
24635.960437776448,0.544,0.376
24635.960709460578,0.528,0.376
24635.960981144708,0.544,0.392
24635.961252828838,0.52,0.392
24635.961524512968,0.536,0.384
24635.961796197098,0.52,0.384
24635.962067881228,0.536,0.376
24635.962339565358,0.528,0.376
24635.962611249488,0.544,0.384
24635.962882933618,0.536,0.384
24635.963154617748,0.52,0.376
24635.963426301878,0.52,0.376
24635.963697986008,0.536,0.384
24635.963969670138,0.52,0.376
24635.964241354268,0.536,0.4
24635.964513038398,0.52,0.392
24635.964784722528,0.544,0.4
24635.965056406658,0.528,0.392
24635.965328090788,0.536,0.4
24635.965599774918,0.528,0.392
24635.965871459048,0.544,0.4
24635.966143143178,0.528,0.392
24635.966414827308,0.552,0.40800000000000003
24635.966686511438,0.536,0.40800000000000003
24635.966958195568,0.552,0.384
24635.967229879698,0.552,0.384
24635.967501563828,0.52,0.376
24635.967773247958,0.512,0.392
24635.968044932088,0.536,0.376
24635.968316616218,0.528,0.376
24635.968588300348,0.536,0.384
24635.968859984478,0.52,0.384
24635.969131668608,0.536,0.4
24635.969403352738,0.528,0.392
24635.969675036868,0.544,0.376
24635.969946720998,0.528,0.368
24635.970218405128,0.544,0.384
24635.970490089258,0.528,0.384
24635.970761773387,0.552,0.4
24635.971033457517,0.528,0.384
24635.971305141647,0.536,0.376
24635.971576825777,0.52,0.376
24635.971848509907,0.536,0.384
24635.972120194037,0.52,0.384
24635.972391878167,0.544,0.376
24635.972663562297,0.536,0.376
24635.972935246427,0.52,0.384
24635.973206930557,0.536,0.376
24635.973478614687,0.52,0.4
24635.973750298817,0.544,0.392
24635.974021982947,0.52,0.40800000000000003
24635.974293667077,0.52,0.392
24635.974565351207,0.536,0.40800000000000003
24635.974837035337,0.52,0.392
24635.975108719467,0.536,0.40800000000000003
24635.975380403597,0.52,0.392
24635.975652087727,0.536,0.40800000000000003
24635.975923771857,0.52,0.392
24635.976195455987,0.536,0.384
24635.976467140117,0.528,0.384
24635.976738824247,0.536,0.368
24635.977010508377,0.544,0.376
24635.977282192507,0.528,0.392
24635.977553876637,0.544,0.4
24635.977825560767,0.52,0.384
24635.978097244897,0.544,0.384
24635.978368929027,0.528,0.4
24635.978640613157,0.536,0.384
24635.978912297287,0.52,0.392
24635.979183981417,0.536,0.392
24635.979455665547,0.52,0.376
24635.979727349677,0.528,0.384
24635.979999033807,0.536,0.376
24635.980270717937,0.536,0.376
24635.98054240207,0.52,0.392
24635.9808140862,0.52,0.384
24635.98108577033,0.528,0.4
24635.98135745446,0.52,0.4
24635.98162913859,0.528,0.376
24635.98190082272,0.544,0.368
24635.98217250685,0.52,0.384
24635.98244419098,0.544,0.384
24635.98271587511,0.528,0.376
24635.98298755924,0.536,0.384
24635.98325924337,0.52,0.376
24635.9835309275,0.552,0.384
24635.98380261163,0.52,0.4
24635.98407429576,0.536,0.392
24635.98434597989,0.512,0.4
24635.98461766402,0.52,0.40800000000000003
24635.98488934815,0.528,0.392
24635.98516103228,0.52,0.40800000000000003
24635.98543271641,0.536,0.392
24635.98570440054,0.52,0.4
24635.98597608467,0.536,0.384
24635.9862477688,0.528,0.384
24635.98651945293,0.544,0.376
24635.98679113706,0.528,0.376
24635.98706282119,0.544,0.4
24635.98733450532,0.52,0.384
24635.98760618945,0.536,0.376
24635.98787787358,0.52,0.376
24635.98814955771,0.536,0.392
24635.98842124184,0.52,0.376
24635.98869292597,0.544,0.4
24635.9889646101,0.528,0.392
24635.98923629423,0.536,0.4
24635.98950797836,0.528,0.392
24635.98977966249,0.544,0.4
24635.99005134662,0.52,0.392
24635.99032303075,0.536,0.384
24635.99059471488,0.52,0.384
24635.99086639901,0.536,0.376
24635.99113808314,0.528,0.376
24635.99140976727,0.544,0.368
24635.9916814514,0.544,0.376
24635.99195313553,0.52,0.4
24635.99222481966,0.52,0.4
24635.99249650379,0.536,0.384
24635.99276818792,0.52,0.384
24635.99303987205,0.536,0.392
24635.99331155618,0.52,0.4
24635.99358324031,0.536,0.384
24635.99385492444,0.544,0.392
24635.99412660857,0.52,0.384
24635.9943982927,0.552,0.384
24635.99466997683,0.52,0.392
24635.99494166096,0.536,0.4
24635.99521334509,0.52,0.384
24635.99548502922,0.528,0.392
24635.99575671335,0.536,0.368
24635.99602839748,0.528,0.368
24635.99630008161,0.544,0.296
24635.99657176574,0.528,0.296
24635.99684344987,0.536,0.152
24635.997115134,0.52,0.14400000000000002
24635.99738681813,0.536,0.048
24635.99765850226,0.52,0.048
24635.99793018639,0.536,0.0
24635.99820187052,0.52,0.008
24635.99847355465,0.536,-0.008
24635.99874523878,0.536,-0.008
24635.99901692291,0.52,0.0
24635.99928860704,0.536,0.0
24635.99956029117,0.52,-0.016
24635.9998319753,0.52,-0.008
24636.00010365943,0.536,0.0
24636.00037534356,0.536,-0.016
24636.00064702769,0.528,0.0
24636.000918711823,0.52,-0.016
24636.001190395953,0.536,0.0
24636.001462080083,0.528,0.0
24636.001733764213,0.536,-0.016
24636.002005448343,0.52,0.0
24636.002277132473,0.536,-0.016
24636.002548816603,0.52,-0.016
24636.002820500733,0.544,0.0
24636.003092184863,0.536,0.0
24636.003363868993,0.52,-0.016
24636.003635553123,0.536,-0.016
24636.003907237253,0.52,0.0
24636.004178921383,0.528,0.0
24636.004450605513,0.544,-0.016
24636.004722289643,0.552,0.0
24636.004993973773,0.52,-0.016
24636.005265657903,0.512,0.0
24636.005537342033,0.536,-0.016
24636.005809026163,0.52,0.0
24636.006080710293,0.536,-0.016
24636.006352394423,0.52,0.0
24636.006624078553,0.528,-0.016
24636.006895762683,0.52,0.0
24636.007167446813,0.536,-0.016
24636.007439130943,0.528,0.0
24636.007710815073,0.536,-0.016
24636.007982499203,0.528,0.0
24636.008254183333,0.536,-0.016
24636.008525867463,0.52,0.0
24636.008797551593,0.528,-0.016
24636.009069235723,0.52,0.0
24636.009340919853,0.528,-0.016
24636.009612603983,0.52,-0.016
24636.009884288113,0.544,0.0
24636.010155972243,0.52,-0.016
24636.010427656372,0.544,0.0
24636.010699340502,0.528,-0.016
24636.010971024632,0.544,0.0
24636.011242708762,0.528,0.0
24636.011514392892,0.536,-0.016
24636.011786077022,0.544,-0.016
24636.012057761152,0.52,0.0
24636.012329445282,0.52,0.0
24636.012601129412,0.528,-0.016
24636.012872813542,0.528,-0.016
24636.013144497672,0.544,0.0
24636.013416181802,0.528,-0.016
24636.013687865932,0.544,0.0
24636.013959550062,0.52,-0.016
24636.014231234192,0.536,0.0
24636.014502918322,0.528,-0.016
24636.014774602452,0.544,0.0
24636.015046286582,0.52,-0.016
24636.015317970712,0.528,0.0
24636.015589654842,0.536,0.0
24636.015861338972,0.52,-0.016
24636.016133023102,0.536,-0.016
24636.016404707232,0.52,0.0
24636.016676391362,0.536,-0.016
24636.016948075492,0.52,0.0
24636.017219759622,0.528,-0.016
24636.017491443752,0.544,0.0
24636.017763127882,0.536,-0.016
24636.018034812012,0.52,0.0
24636.018306496142,0.528,-0.016
24636.018578180272,0.52,0.0
24636.018849864402,0.52,-0.016
24636.019121548532,0.536,0.0
24636.019393232662,0.52,-0.016
24636.019664916792,0.544,0.0
24636.019936600922,0.528,-0.016
24636.020208285052,0.544,-0.008
24636.020479969182,0.544,-0.016
24636.020751653312,0.52,0.0
24636.021023337442,0.528,-0.016
24636.021295021575,0.544,0.0
24636.021566705705,0.544,0.0
24636.021838389835,0.528,-0.016
24636.022110073965,0.544,-0.016
24636.022381758095,0.52,0.0
24636.022653442225,0.52,0.0
24636.022925126355,0.536,-0.016
24636.023196810485,0.52,0.0
24636.023468494615,0.536,-0.016
24636.023740178745,0.52,-0.016
24636.024011862875,0.536,0.0
24636.024283547005,0.528,-0.008
24636.024555231135,0.536,-0.016
24636.024826915265,0.528,-0.016
24636.025098599395,0.544,0.0
24636.025370283525,0.544,-0.016
24636.025641967655,0.52,0.0
24636.025913651785,0.52,-0.008
24636.026185335915,0.536,-0.016
24636.026457020045,0.528,-0.008
24636.026728704175,0.544,-0.016
24636.027000388305,0.536,0.0
24636.027272072435,0.52,-0.016
24636.027543756565,0.52,-0.008
24636.027815440695,0.536,-0.016
24636.028087124825,0.52,-0.016
24636.028358808955,0.544,0.0
24636.028630493085,0.528,-0.016
24636.028902177215,0.552,0.0
24636.029173861345,0.544,-0.008
24636.029445545475,0.52,-0.016
24636.029717229605,0.52,-0.016
24636.029988913735,0.536,0.0
24636.030260597865,0.52,-0.016
24636.030532281995,0.544,0.0
24636.030803966125,0.544,-0.016
24636.031075650255,0.528,0.0
24636.031347334385,0.552,-0.008
24636.031619018515,0.52,-0.016
24636.031890702645,0.528,-0.016
24636.032162386775,0.552,0.0
24636.032434070905,0.528,-0.016
24636.032705755035,0.544,0.0
24636.032977439165,0.528,-0.016
24636.033249123295,0.512,0.0
24636.033520807425,0.52,-0.016
24636.033792491555,0.544,-0.008
24636.034064175685,0.528,-0.016
24636.034335859815,0.536,0.0
24636.034607543945,0.536,-0.016
24636.034879228075,0.52,0.0
24636.035150912205,0.52,-0.016
24636.035422596335,0.528,0.0
24636.035694280465,0.528,-0.016
24636.035965964595,0.544,0.0
24636.036237648725,0.52,-0.016
24636.036509332855,0.544,-0.008
24636.036781016985,0.52,-0.008
24636.037052701115,0.536,-0.016
24636.037324385245,0.528,-0.016
24636.037596069375,0.552,0.0
24636.037867753505,0.544,-0.016
24636.038139437635,0.52,-0.008
24636.038411121765,0.52,0.0
24636.038682805894,0.536,-0.016
24636.038954490024,0.52,-0.016
24636.039226174154,0.536,0.0
24636.039497858284,0.544,-0.016
24636.039769542414,0.52,0.0
24636.040041226544,0.52,-0.016
24636.040312910674,0.536,-0.008
24636.040584594804,0.544,-0.016
24636.040856278934,0.52,0.0
24636.041127963064,0.52,-0.016
24636.041399647194,0.544,0.0
24636.041671331328,0.528,-0.016
24636.041943015458,0.544,-0.008
24636.042214699588,0.536,-0.016
24636.042486383718,0.52,-0.008
24636.042758067848,0.528,-0.008
24636.043029751978,0.544,-0.016
24636.043301436108,0.52,-0.016
24636.043573120238,0.528,0.0
24636.043844804368,0.52,-0.016
24636.044116488498,0.536,0.0
24636.044388172628,0.528,-0.016
24636.044659856758,0.544,0.0
24636.044931540888,0.528,-0.016
24636.045203225018,0.544,0.0
24636.045474909148,0.52,-0.016
24636.045746593278,0.536,0.0
24636.046018277408,0.52,-0.016
24636.046289961538,0.536,0.0
24636.046561645668,0.52,-0.016
24636.046833329798,0.536,0.0
24636.047105013928,0.528,-0.008
24636.047376698058,0.544,-0.016
24636.047648382188,0.528,-0.008
24636.047920066318,0.536,-0.016
24636.048191750448,0.552,-0.016
24636.048463434578,0.52,-0.008
24636.048735118708,0.52,-0.016
24636.049006802838,0.536,0.0
24636.049278486968,0.52,-0.016
24636.049550171098,0.536,-0.008
24636.049821855227,0.52,-0.008
24636.050093539357,0.536,-0.016
24636.050365223487,0.52,-0.016
24636.050636907617,0.536,0.0
24636.050908591747,0.544,-0.016
24636.051180275877,0.528,0.0
24636.051451960007,0.528,-0.016
24636.051723644137,0.544,0.0
24636.051995328267,0.536,-0.008
24636.052267012397,0.52,-0.016
24636.052538696527,0.52,-0.016
24636.052810380657,0.528,0.0
24636.053082064787,0.52,0.0
24636.053353748917,0.536,-0.016
24636.053625433047,0.52,-0.016
24636.053897117177,0.536,-0.008
24636.054168801307,0.52,-0.016
24636.054440485437,0.536,-0.008
24636.054712169567,0.52,-0.016
24636.054983853697,0.536,-0.008
24636.055255537827,0.528,-0.016
24636.055527221957,0.536,0.0
24636.055798906087,0.528,-0.016
24636.056070590217,0.544,0.0
24636.056342274347,0.528,-0.016
24636.056613958477,0.544,-0.008
24636.056885642607,0.52,-0.016
24636.057157326737,0.544,-0.008
24636.057429010867,0.544,-0.016
24636.057700694997,0.52,-0.008
24636.057972379127,0.528,-0.016
24636.058244063257,0.544,0.0
24636.058515747387,0.528,-0.016
24636.058787431517,0.544,0.0
24636.059059115647,0.528,-0.016
24636.059330799777,0.544,0.0
24636.059602483907,0.528,-0.008
24636.059874168037,0.544,-0.016
24636.060145852167,0.544,-0.016
24636.060417536297,0.528,0.0
24636.060689220427,0.552,-0.016
24636.060960904557,0.528,-0.008
24636.061232588687,0.528,-0.016
24636.061504272817,0.544,-0.008
24636.061775956947,0.528,-0.016
24636.06204764108,0.544,0.0
24636.06231932521,0.528,-0.016
24636.06259100934,0.544,0.0
24636.06286269347,0.528,-0.016
24636.0631343776,0.544,-0.008
24636.06340606173,0.528,-0.016
24636.06367774586,0.544,0.0
24636.06394942999,0.528,-0.008
24636.06422111412,0.544,0.016
24636.06449279825,0.528,0.024
24636.06476448238,0.544,0.136
24636.06503616651,0.528,0.136
24636.06530785064,0.536,0.28800000000000003
24636.06557953477,0.528,0.296
24636.0658512189,0.544,0.36
24636.06612290303,0.528,0.36
24636.06639458716,0.544,0.384
24636.06666627129,0.544,0.368
24636.06693795542,0.528,0.384
24636.06720963955,0.528,0.368
24636.06748132368,0.544,0.384
24636.06775300781,0.528,0.384
24636.06802469194,0.544,0.392
24636.06829637607,0.528,0.384
24636.0685680602,0.544,0.376
24636.06883974433,0.528,0.376
24636.06911142846,0.536,0.384
24636.06938311259,0.528,0.384
24636.06965479672,0.544,0.392
24636.06992648085,0.528,0.392
24636.07019816498,0.544,0.40800000000000003
24636.07046984911,0.528,0.392
24636.07074153324,0.544,0.40800000000000003
24636.07101321737,0.528,0.40800000000000003
24636.0712849015,0.544,0.384
24636.07155658563,0.528,0.384
24636.07182826976,0.544,0.376
24636.07209995389,0.528,0.384
24636.07237163802,0.544,0.376
24636.07264332215,0.528,0.376
24636.07291500628,0.544,0.4
24636.07318669041,0.528,0.392
24636.07345837454,0.536,0.4
24636.07373005867,0.528,0.392
24636.0740017428,0.544,0.4
24636.07427342693,0.544,0.40800000000000003
24636.07454511106,0.528,0.392
24636.07481679519,0.528,0.392
24636.07508847932,0.544,0.4
24636.07536016345,0.528,0.40800000000000003
24636.07563184758,0.544,0.384
24636.07590353171,0.528,0.384
24636.07617521584,0.544,0.376
24636.07644689997,0.544,0.384
24636.0767185841,0.528,0.392
24636.07699026823,0.528,0.392
24636.07726195236,0.544,0.376
24636.07753363649,0.528,0.376
24636.07780532062,0.544,0.384
24636.07807700475,0.544,0.384
24636.07834868888,0.52,0.376
24636.07862037301,0.528,0.384
24636.07889205714,0.544,0.376
24636.07916374127,0.536,0.376
24636.0794354254,0.52,0.384
24636.07970710953,0.52,0.376
24636.07997879366,0.536,0.392
24636.08025047779,0.52,0.384
24636.08052216192,0.536,0.376
24636.08079384605,0.544,0.384
24636.08106553018,0.52,0.376
24636.08133721431,0.52,0.384
24636.08160889844,0.536,0.376
24636.08188058257,0.528,0.376
24636.0821522667,0.536,0.4
24636.082423950833,0.544,0.392
24636.082695634963,0.52,0.40800000000000003
24636.082967319093,0.52,0.4
24636.083239003223,0.544,0.384
24636.083510687353,0.544,0.384
24636.083782371483,0.52,0.376
24636.084054055613,0.52,0.376
24636.084325739743,0.544,0.392
24636.084597423873,0.528,0.392
24636.084869108003,0.544,0.4
24636.085140792133,0.528,0.392
24636.085412476263,0.544,0.4
24636.085684160393,0.528,0.392
24636.085955844523,0.536,0.376
24636.086227528653,0.52,0.392
24636.086499212783,0.544,0.376
24636.086770896913,0.52,0.376
24636.087042581043,0.536,0.384
24636.087314265173,0.52,0.376
24636.087585949303,0.536,0.368
24636.087857633433,0.528,0.368
24636.088129317563,0.536,0.392
24636.088401001693,0.544,0.392
24636.088672685823,0.52,0.40800000000000003
24636.088944369953,0.544,0.4
24636.089216054082,0.528,0.384
24636.089487738212,0.544,0.392
24636.089759422342,0.52,0.376
24636.090031106472,0.52,0.376
24636.090302790602,0.536,0.4
24636.090574474732,0.52,0.392
24636.090846158862,0.536,0.4
24636.091117842992,0.52,0.392
24636.091389527122,0.536,0.376
24636.091661211252,0.544,0.376
24636.091932895382,0.528,0.392
24636.092204579512,0.52,0.4
24636.092476263642,0.536,0.384
24636.092747947772,0.528,0.392
24636.093019631902,0.536,0.376
24636.093291316032,0.528,0.392
24636.093563000162,0.536,0.368
24636.093834684292,0.544,0.368
24636.094106368422,0.528,0.4
24636.094378052552,0.536,0.392
24636.094649736682,0.528,0.40800000000000003
24636.094921420812,0.528,0.392
24636.095193104942,0.544,0.4
24636.095464789072,0.528,0.392
24636.095736473202,0.544,0.4
24636.096008157332,0.544,0.392
24636.096279841462,0.528,0.4
24636.096551525592,0.528,0.392
24636.096823209722,0.536,0.40800000000000003
24636.097094893852,0.528,0.40800000000000003
24636.097366577982,0.544,0.392
24636.097638262112,0.536,0.4
24636.097909946242,0.52,0.384
24636.098181630372,0.52,0.384
24636.098453314502,0.536,0.4
24636.098724998632,0.536,0.392
24636.098996682762,0.52,0.40800000000000003
24636.099268366892,0.52,0.40800000000000003
24636.099540051022,0.544,0.392
24636.099811735152,0.52,0.4
24636.100083419282,0.544,0.392
24636.100355103412,0.528,0.392
24636.100626787542,0.544,0.376
24636.100898471672,0.536,0.384
24636.1011701558,0.52,0.376
24636.10144183993,0.52,0.376
24636.10171352406,0.536,0.376
24636.10198520819,0.52,0.376
24636.10225689232,0.536,0.392
24636.10252857645,0.544,0.376
24636.102800260585,0.52,0.392
24636.103071944715,0.528,0.4
24636.103343628845,0.544,0.384
24636.103615312975,0.52,0.384
24636.103886997105,0.536,0.376
24636.104158681235,0.544,0.376
24636.104430365365,0.52,0.376
24636.104702049495,0.536,0.384
24636.104973733625,0.52,0.4
24636.105245417755,0.536,0.392
24636.105517101885,0.528,0.40800000000000003
24636.105788786015,0.52,0.392
24636.106060470145,0.536,0.40800000000000003
24636.106332154275,0.52,0.392
24636.106603838405,0.528,0.40800000000000003
24636.106875522535,0.528,0.392
24636.107147206665,0.544,0.376
24636.107418890795,0.544,0.376
24636.107690574925,0.52,0.392
24636.107962259055,0.52,0.392
24636.108233943185,0.536,0.40800000000000003
24636.108505627315,0.52,0.4
24636.108777311445,0.536,0.384
24636.109048995575,0.536,0.384
24636.109320679705,0.52,0.376
24636.109592363835,0.52,0.376
24636.109864047965,0.536,0.392
24636.110135732095,0.528,0.376
24636.110407416225,0.536,0.4
24636.110679100355,0.544,0.392
24636.110950784485,0.52,0.40800000000000003
24636.111222468615,0.52,0.384
24636.111494152745,0.536,0.4
24636.111765836875,0.52,0.384
24636.112037521005,0.544,0.384
24636.112309205135,0.552,0.376
24636.112580889265,0.52,0.392
24636.129838228226,0.528,0.0
24636.13011485775,0.544,-0.016
24636.13039148728,0.544,-0.016
24636.130668116806,0.528,0.0
24636.130944746335,0.528,-0.016
24636.13122137586,0.536,0.0
24636.13149800539,0.528,-0.016
24636.131774634916,0.544,0.0
24636.132051264445,0.528,-0.016
24636.13232789397,0.536,0.0
24636.1326045235,0.528,0.0
24636.132881153026,0.544,-0.016
24636.133157782555,0.528,0.0
24636.13343441208,0.544,-0.016
24636.13371104161,0.528,0.0
24636.133987671135,0.544,-0.016
24636.134264300665,0.528,-0.016
24636.13454093019,0.544,0.0
24636.13481755972,0.528,0.0
24636.135094189245,0.544,-0.016
24636.135370818774,0.528,-0.008
24636.1356474483,0.536,0.024
24636.13592407783,0.528,0.024
24636.136200707355,0.544,0.128
24636.136477336884,0.528,0.136
24636.13675396641,0.544,0.272
24636.13703059594,0.528,0.272
24636.137307225465,0.544,0.368
24636.137583854994,0.528,0.368
24636.13786048452,0.544,0.40800000000000003
24636.13813711405,0.528,0.4
24636.138413743574,0.544,0.41600000000000004
24636.138690373104,0.528,0.4
24636.13896700263,0.544,0.392
24636.13924363216,0.544,0.392
24636.139520261684,0.528,0.384
24636.139796891213,0.536,0.384
24636.14007352074,0.528,0.4
24636.14035015027,0.528,0.384
24636.140626779794,0.544,0.4
24636.140903409323,0.536,0.392
24636.14118003885,0.528,0.384
24636.141456668378,0.544,0.392
24636.141733297904,0.52,0.4
24636.142009927433,0.536,0.392
24636.14228655696,0.52,0.392
24636.142563186488,0.52,0.384
24636.142839816013,0.536,0.40800000000000003
24636.143116445543,0.528,0.4
24636.143393075068,0.544,0.41600000000000004
24636.143669704597,0.528,0.40800000000000003
24636.143946334123,0.52,0.41600000000000004
24636.144222963652,0.52,0.40800000000000003
24636.144499593178,0.536,0.41600000000000004
24636.144776222707,0.52,0.41600000000000004
24636.145052852233,0.544,0.4
24636.145329481762,0.536,0.4
24636.145606111288,0.52,0.392
24636.145882740817,0.52,0.392
24636.146159370343,0.544,0.4
24636.14643599987,0.528,0.4
24636.146712629397,0.544,0.384
24636.146989258927,0.544,0.392
24636.147265888452,0.52,0.384
24636.14754251798,0.52,0.392
24636.147819147507,0.536,0.4
24636.148095777036,0.536,0.384
24636.148372406562,0.52,0.4
24636.14864903609,0.52,0.392
24636.148925665617,0.536,0.4
24636.149202295146,0.52,0.384
24636.14947892467,0.536,0.4
24636.1497555542,0.52,0.392
24636.150032183727,0.528,0.4
24636.150308813256,0.536,0.4
24636.15058544278,0.52,0.384
24636.150862072307,0.52,0.384
24636.151138701836,0.536,0.40800000000000003
24636.151415331362,0.536,0.4
24636.15169196089,0.52,0.41600000000000004
24636.151968590417,0.52,0.40800000000000003
24636.152245219946,0.544,0.41600000000000004
24636.15252184947,0.52,0.40800000000000003
24636.152798479,0.544,0.41600000000000004
24636.153075108527,0.536,0.41600000000000004
24636.153351738056,0.52,0.392
24636.15362836758,0.528,0.392
24636.15390499711,0.544,0.4
24636.154181626636,0.536,0.392
24636.154458256166,0.52,0.392
24636.15473488569,0.52,0.392
24636.15501151522,0.528,0.384
24636.155288144746,0.52,0.384
24636.155564774275,0.528,0.4
24636.1558414038,0.536,0.41600000000000004
24636.15611803333,0.52,0.392
24636.156394662856,0.544,0.392
24636.156671292385,0.52,0.4
24636.15694792191,0.52,0.4
24636.15722455144,0.544,0.384
24636.157501180965,0.544,0.384
24636.157777810495,0.52,0.4
24636.15805444002,0.52,0.4
24636.15833106955,0.536,0.384
24636.158607699075,0.528,0.392
24636.158884328604,0.552,0.4
24636.15916095813,0.52,0.392
24636.15943758766,0.536,0.4
24636.159714217185,0.536,0.384
24636.159990846714,0.52,0.4
24636.16026747624,0.528,0.392
24636.16054410577,0.536,0.41600000000000004
24636.160820735295,0.52,0.40800000000000003
24636.161097364824,0.536,0.384
24636.16137399435,0.52,0.4
24636.16165062388,0.536,0.384
24636.161927253404,0.52,0.392
24636.162203882934,0.528,0.40800000000000003
24636.16248051246,0.52,0.40800000000000003
24636.16275714199,0.536,0.392
24636.163033771514,0.536,0.384
24636.163310401043,0.528,0.4
24636.16358703057,0.544,0.392
24636.1638636601,0.512,0.4
24636.164140289624,0.512,0.40800000000000003
24636.164416919153,0.536,0.392
24636.16469354868,0.536,0.40800000000000003
24636.164970178208,0.52,0.4
24636.165246807734,0.528,0.4
24636.165523437263,0.544,0.384
24636.16580006679,0.528,0.384
24636.166076696318,0.52,0.4
24636.166353325843,0.52,0.4
24636.166629955373,0.536,0.41600000000000004
24636.1669065849,0.536,0.40800000000000003
24636.167183214427,0.52,0.392
24636.167459843953,0.544,0.392
24636.167736473482,0.52,0.4
24636.168013103008,0.52,0.4
24636.168289732537,0.544,0.384
24636.168566362063,0.528,0.392
24636.168842991592,0.544,0.4
24636.169119621118,0.536,0.392
24636.169396250647,0.52,0.384
24636.169672880173,0.52,0.392
24636.169949509702,0.544,0.41600000000000004
24636.170226139227,0.544,0.40800000000000003
24636.170502768757,0.52,0.41600000000000004
24636.170779398282,0.52,0.40800000000000003
24636.17105602781,0.536,0.392
24636.171332657337,0.52,0.40800000000000003
24636.171609286863,0.536,0.384
24636.171885916392,0.528,0.384
24636.172162545918,0.52,0.4
24636.172439175447,0.52,0.384
24636.172715804973,0.536,0.4
24636.1729924345,0.528,0.384
24636.173269064027,0.52,0.40800000000000003
24636.173545693557,0.544,0.4
24636.173822323082,0.52,0.40800000000000003
24636.17409895261,0.52,0.392
24636.174375582137,0.536,0.4
24636.174652211666,0.52,0.4
24636.174928841192,0.536,0.384
24636.17520547072,0.52,0.376
24636.175482100247,0.536,0.392
24636.175758729776,0.52,0.384
24636.1760353593,0.528,0.41600000000000004
24636.17631198883,0.52,0.41600000000000004
24636.176588618357,0.536,0.392
24636.176865247886,0.52,0.384
24636.17714187741,0.536,0.4
24636.17741850694,0.536,0.40800000000000003
24636.177695136466,0.52,0.41600000000000004
24636.177971765996,0.52,0.41600000000000004
24636.17824839552,0.544,0.392
24636.17852502505,0.536,0.4
24636.178801654576,0.52,0.384
24636.179078284105,0.536,0.392
24636.17935491363,0.512,0.384
24636.17963154316,0.52,0.384
24636.179908172686,0.536,0.40800000000000003
24636.180184802215,0.528,0.4
24636.18046143174,0.536,0.41600000000000004
24636.18073806127,0.52,0.4
24636.181014690796,0.536,0.41600000000000004
24636.181291320325,0.528,0.4
24636.18156794985,0.544,0.41600000000000004
24636.18184457938,0.536,0.40800000000000003
24636.182121208905,0.52,0.392
24636.182397838435,0.52,0.4
24636.18267446796,0.536,0.384
24636.18295109749,0.528,0.392
24636.183227727015,0.52,0.384
24636.183504356544,0.52,0.392
24636.18378098607,0.536,0.41600000000000004
24636.1840576156,0.528,0.4
24636.184334245125,0.544,0.384
24636.184610874654,0.536,0.4
24636.18488750418,0.512,0.384
24636.18516413371,0.52,0.384
24636.185440763235,0.536,0.4
24636.185717392764,0.536,0.392
24636.18599402229,0.52,0.384
24636.18627065182,0.528,0.384
24636.186547281344,0.544,0.41600000000000004
24636.186823910873,0.544,0.40800000000000003
24636.1871005404,0.52,0.4
24636.18737716993,0.52,0.4
24636.187653799454,0.536,0.384
24636.187930428983,0.536,0.384
24636.18820705851,0.52,0.392
24636.188483688038,0.544,0.4
24636.188760317564,0.52,0.41600000000000004
24636.189036947093,0.52,0.392
24636.18931357662,0.536,0.4
24636.189590206148,0.528,0.4
24636.189866835673,0.52,0.384
24636.190143465203,0.536,0.392
24636.19042009473,0.52,0.376
24636.190696724258,0.528,0.392
24636.190973353783,0.536,0.41600000000000004
24636.191249983312,0.536,0.40800000000000003
24636.191526612838,0.52,0.41600000000000004
24636.191803242367,0.52,0.40800000000000003
24636.192079871893,0.536,0.41600000000000004
24636.19235650142,0.52,0.40800000000000003
24636.192633130948,0.528,0.424
24636.192909760473,0.52,0.40800000000000003
24636.193186390003,0.536,0.40800000000000003
24636.19346301953,0.52,0.40800000000000003
24636.193739649058,0.536,0.40800000000000003
24636.194016278583,0.536,0.40800000000000003
24636.194292908112,0.52,0.40800000000000003
24636.194569537638,0.52,0.41600000000000004
24636.194846167167,0.536,0.4
24636.195122796693,0.52,0.40800000000000003
24636.195399426222,0.536,0.392
24636.195676055748,0.536,0.392
24636.195952685277,0.52,0.384
24636.196229314803,0.52,0.392
24636.196505944332,0.536,0.40800000000000003
24636.196782573857,0.528,0.41600000000000004
24636.197059203387,0.544,0.392
24636.197335832912,0.528,0.392
24636.19761246244,0.544,0.392
24636.197889091967,0.544,0.392
24636.198165721496,0.52,0.4
24636.198442351022,0.52,0.392
24636.19871898055,0.544,0.392
24636.198995610077,0.544,0.384
24636.199272239606,0.52,0.4
24636.199548869132,0.52,0.384
24636.19982549866,0.528,0.4
24636.200102128187,0.52,0.4
24636.200378757716,0.536,0.384
24636.20065538724,0.52,0.392
24636.20093201677,0.544,0.41600000000000004
24636.201208646296,0.536,0.40800000000000003
24636.201485275826,0.52,0.392
24636.20176190535,0.52,0.392
24636.20203853488,0.536,0.384
24636.202315164406,0.52,0.392
24636.202591793935,0.528,0.40800000000000003
24636.20286842346,0.52,0.4
24636.20314505299,0.536,0.41600000000000004
24636.203421682516,0.528,0.40800000000000003
24636.203698312045,0.536,0.41600000000000004
24636.20397494157,0.536,0.41600000000000004
24636.2042515711,0.52,0.392
24636.204528200626,0.52,0.4
24636.204804830155,0.536,0.312
24636.20508145968,0.536,0.304
24636.20535808921,0.52,0.16
24636.205634718735,0.52,0.152
24636.205911348265,0.544,0.056
24636.20618797779,0.536,0.048
24636.20646460732,0.52,0.008
24636.206741236845,0.52,0.008
24636.207017866374,0.544,-0.008
24636.2072944959,0.52,-0.008
24636.20757112543,0.536,0.0
24636.207847754955,0.528,-0.008
24636.208124384484,0.552,0.0
24636.20840101401,0.528,0.0
24636.20867764354,0.52,-0.016
24636.208954273065,0.52,0.0
24636.209230902594,0.536,-0.016
24636.20950753212,0.528,-0.008
24636.20978416165,0.544,0.0
24636.210060791174,0.536,-0.016
24636.210337420704,0.52,0.0
24636.21061405023,0.52,0.0
24636.21089067976,0.536,-0.016
24636.211167309284,0.536,0.0
24636.211443938813,0.52,-0.016
24636.21172056834,0.52,0.0
24636.21199719787,0.536,-0.008
24636.212273827394,0.536,0.0
24636.212550456923,0.52,-0.016
24636.21282708645,0.52,0.0
24636.213103715974,0.536,-0.016
24636.213380345504,0.536,0.0
24636.21365697503,0.52,-0.016
24636.21393360456,0.536,0.0
24636.214210234084,0.528,-0.016
24636.214486863613,0.528,0.0
24636.21476349314,0.536,-0.016
24636.215040122668,0.528,0.0
24636.215316752194,0.544,-0.016
24636.215593381723,0.528,0.0
24636.21587001125,0.544,-0.016
24636.216146640778,0.528,0.0
24636.216423270303,0.544,-0.016
24636.216699899833,0.528,-0.008
24636.21697652936,0.544,0.0
24636.217253158888,0.528,-0.016
24636.217529788413,0.544,0.0
24636.217806417942,0.528,0.0
24636.218083047468,0.536,-0.016
24636.218359676997,0.528,0.0
24636.218636306523,0.544,-0.008
24636.218912936052,0.528,0.0
24636.219189565578,0.536,-0.016
24636.219466195107,0.528,0.0
24636.219742824633,0.544,-0.016
24636.220019454162,0.528,0.0
24636.220296083688,0.544,-0.016
24636.220572713217,0.544,0.0
24636.220849342742,0.52,-0.016
24636.22112597227,0.536,-0.016
24636.221402601797,0.52,0.0
24636.221679231327,0.536,-0.016
24636.221955860852,0.52,0.0
24636.22223249038,0.52,-0.016
24636.222509119907,0.528,0.0
24636.222785749436,0.52,-0.016
24636.223062378962,0.528,0.0
24636.22333900849,0.52,-0.016
24636.223615638017,0.544,0.0
24636.223892267546,0.52,-0.016
24636.22416889707,0.544,0.0
24636.2244455266,0.536,-0.016
24636.224722156127,0.52,0.0
24636.224998785656,0.52,-0.016
24636.22527541518,0.536,0.0
24636.22555204471,0.52,0.0
24636.225828674236,0.544,-0.016
24636.226105303766,0.552,-0.016
24636.22638193329,0.52,0.0
24636.22665856282,0.52,-0.016
24636.226935192346,0.536,0.0
24636.227211821875,0.52,-0.016
24636.2274884514,0.536,0.0
24636.22776508093,0.52,-0.016
24636.228041710456,0.528,0.0
24636.228318339985,0.528,0.0
24636.22859496951,0.552,-0.016
24636.22887159904,0.536,0.0
24636.229148228565,0.52,-0.016
24636.229424858095,0.536,-0.016
24636.22970148762,0.52,0.0
24636.22997811715,0.52,-0.016
24636.230254746675,0.544,0.0
24636.230531376204,0.528,0.0
24636.23080800573,0.52,-0.016
24636.23108463526,0.52,0.0
24636.231361264785,0.528,-0.016
24636.231637894314,0.528,-0.016
24636.23191452384,0.52,0.0
24636.23219115337,0.52,-0.016
24636.232467782895,0.536,0.0
24636.232744412424,0.536,-0.016
24636.23302104195,0.52,0.0
24636.23329767148,0.536,-0.016
24636.233574301004,0.52,0.0
24636.23385093053,0.52,-0.016
24636.23412756006,0.536,0.0
24636.234404189585,0.52,0.0
24636.234680819114,0.528,-0.016
24636.23495744864,0.52,-0.016
24636.23523407817,0.536,0.0
24636.235510707695,0.536,-0.016
24636.235787337224,0.52,0.0
24636.23606396675,0.52,0.0
24636.23634059628,0.536,-0.016
24636.236617225804,0.536,-0.016
24636.236893855334,0.52,0.0
24636.23717048486,0.52,-0.016
24636.23744711439,0.536,0.0
24636.237723743914,0.512,-0.016
24636.238000373443,0.536,0.0
24636.23827700297,0.52,-0.016
24636.2385536325,0.536,0.0
24636.238830262024,0.52,-0.016
24636.239106891553,0.536,0.0
24636.23938352108,0.536,-0.016
24636.239660150608,0.52,0.0
24636.239936780134,0.536,-0.016
24636.240213409663,0.52,0.0
24636.24049003919,0.512,0.0
24636.240766668718,0.536,-0.016
24636.241043298243,0.528,0.0
24636.241319927773,0.544,-0.016
24636.241596557298,0.528,-0.016
24636.241873186827,0.52,0.0
24636.242149816353,0.52,-0.016
24636.242426445882,0.528,0.0
24636.242703075408,0.52,-0.016
24636.242979704937,0.536,0.0
24636.243256334463,0.52,-0.016
24636.243532963992,0.536,0.0
24636.243809593518,0.52,0.0
24636.244086223047,0.536,-0.016
24636.244362852573,0.52,-0.016
24636.2446394821,0.536,0.0
24636.244916111627,0.544,-0.016
24636.245192741157,0.52,0.0
24636.245469370682,0.536,-0.016
24636.24574600021,0.512,0.0
24636.246022629737,0.528,0.0
24636.246299259266,0.52,-0.016
24636.246575888792,0.52,-0.016
24636.24685251832,0.536,0.0
24636.247129147847,0.528,0.0
24636.247405777376,0.52,-0.016
24636.2476824069,0.52,0.0
24636.24795903643,0.528,-0.016
24636.248235665957,0.536,-0.016
24636.248512295486,0.52,0.0
24636.24878892501,0.536,0.0
24636.24906555454,0.52,-0.016
24636.249342184066,0.544,-0.016
24636.249618813596,0.52,0.0
24636.24989544312,0.52,0.0
24636.25017207265,0.536,-0.016
24636.250448702176,0.52,0.0
24636.250725331705,0.536,-0.016
24636.25100196123,0.52,0.0
24636.25127859076,0.544,-0.016
24636.251555220286,0.536,-0.016
24636.251831849815,0.52,0.0
24636.25210847934,0.52,-0.016
24636.25238510887,0.544,0.0
24636.252661738396,0.536,-0.016
24636.252938367925,0.52,0.0
24636.25321499745,0.52,-0.016
24636.25349162698,0.544,0.0
24636.253768256505,0.528,0.0
24636.254044886035,0.536,-0.016
24636.25432151556,0.536,0.0
24636.254598145086,0.528,-0.016
24636.254874774615,0.536,0.0
24636.25515140414,0.52,-0.016
24636.25542803367,0.528,-0.016
24636.255704663196,0.544,0.0
24636.255981292725,0.544,-0.016
24636.25625792225,0.52,0.0
24636.25653455178,0.536,-0.016
24636.256811181305,0.512,0.0
24636.257087810834,0.52,-0.016
24636.25736444036,0.536,-0.008
24636.25764106989,0.52,-0.016
24636.257917699415,0.536,0.0
24636.258194328944,0.52,-0.016
24636.25847095847,0.536,0.0
24636.258747588,0.52,0.0
24636.259024217525,0.536,-0.016
24636.259300847054,0.536,0.0
24636.25957747658,0.52,-0.016
24636.25985410611,0.52,0.0
24636.260130735634,0.536,-0.016
24636.260407365164,0.528,-0.016
24636.26068399469,0.536,0.0
24636.26096062422,0.52,-0.016
24636.261237253744,0.536,0.0
24636.261513883273,0.52,0.0
24636.2617905128,0.544,-0.016
24636.26206714233,0.52,-0.016
24636.262343771854,0.552,0.0
24636.262620401383,0.536,-0.016
24636.26289703091,0.52,0.0
24636.263173660438,0.52,-0.016
24636.263450289964,0.536,0.0
24636.263726919493,0.528,-0.016
24636.26400354902,0.536,0.0
24636.264280178548,0.552,-0.016
24636.264556808073,0.52,0.0
24636.264833437603,0.536,0.0
24636.26511006713,0.52,-0.016
24636.265386696658,0.52,-0.016
24636.265663326183,0.536,0.0
24636.265939955712,0.52,-0.016
24636.266216585238,0.544,0.0
24636.266493214767,0.52,0.0
24636.266769844293,0.552,-0.016
24636.267046473822,0.536,-0.016
24636.267323103348,0.52,0.0
24636.267599732877,0.52,-0.016
24636.267876362403,0.544,0.0
24636.268152991932,0.552,-0.016
24636.268429621457,0.52,0.0
24636.268706250987,0.52,-0.016
24636.268982880512,0.536,0.0
24636.26925951004,0.536,-0.016
24636.269536139567,0.52,0.0
24636.269812769096,0.536,-0.016
24636.270089398622,0.52,0.0
24636.27036602815,0.536,-0.016
24636.270642657677,0.52,0.0
24636.270919287206,0.52,0.0
24636.27119591673,0.528,-0.016
24636.27147254626,0.52,0.0
24636.271749175787,0.528,-0.016
24636.272025805316,0.52,-0.016
24636.27230243484,0.528,0.0
24636.27257906437,0.536,-0.016
24636.272855693896,0.52,0.0
24636.273132323426,0.528,-0.016
24636.27340895295,0.544,0.0
24636.27368558248,0.544,-0.008
24636.273962212006,0.52,0.024
24636.274238841535,0.536,0.024
24636.27451547106,0.52,0.128
24636.27479210059,0.52,0.14400000000000002
24636.275068730116,0.544,0.28
24636.27534535964,0.528,0.28800000000000003
24636.27562198917,0.536,0.368
24636.275898618696,0.528,0.368
24636.276175248226,0.544,0.392
24636.27645187775,0.528,0.392
24636.27672850728,0.544,0.4
24636.277005136806,0.528,0.4
24636.277281766335,0.544,0.40800000000000003
24636.27755839586,0.528,0.40800000000000003
24636.27783502539,0.544,0.4
24636.278111654916,0.528,0.40800000000000003
24636.278388284445,0.544,0.4
24636.27866491397,0.528,0.40800000000000003
24636.2789415435,0.544,0.4
24636.279218173026,0.536,0.4
24636.279494802555,0.528,0.40800000000000003
24636.27977143208,0.544,0.4
24636.28004806161,0.528,0.4
24636.280324691135,0.528,0.4
24636.280601320665,0.544,0.392
24636.28087795019,0.528,0.4
24636.28115457972,0.536,0.384
24636.281431209245,0.528,0.392
24636.281707838774,0.536,0.40800000000000003
24636.2819844683,0.528,0.4
24636.28226109783,0.544,0.392
24636.282537727355,0.528,0.392
24636.282814356884,0.544,0.384
24636.28309098641,0.528,0.384
24636.28336761594,0.544,0.4
24636.283644245465,0.528,0.392
24636.283920874994,0.544,0.4
24636.28419750452,0.544,0.392
24636.28447413405,0.528,0.392
24636.284750763574,0.528,0.384
24636.285027393104,0.544,0.4
24636.28530402263,0.528,0.392
24636.28558065216,0.544,0.40800000000000003
24636.285857281684,0.528,0.4
24636.286133911213,0.544,0.40800000000000003
24636.28641054074,0.528,0.40800000000000003
24636.286687170268,0.544,0.392
24636.286963799794,0.536,0.392
24636.287240429323,0.528,0.4
24636.28751705885,0.528,0.4
24636.287793688378,0.536,0.384
24636.288070317903,0.536,0.4
24636.288346947433,0.528,0.384
24636.28862357696,0.528,0.392
24636.288900206488,0.544,0.376
24636.289176836013,0.528,0.384
24636.289453465542,0.544,0.40800000000000003
24636.289730095068,0.528,0.392
24636.290006724597,0.544,0.4
24636.290283354123,0.528,0.392
24636.290559983652,0.544,0.4
24636.290836613178,0.544,0.392
24636.291113242707,0.528,0.384
24636.291389872233,0.528,0.384
24636.291666501762,0.544,0.40800000000000003
24636.291943131288,0.536,0.4
24636.292219760817,0.528,0.41600000000000004
24636.292496390342,0.528,0.4
24636.29277301987,0.544,0.41600000000000004
24636.293049649397,0.528,0.40800000000000003
24636.293326278927,0.544,0.392
24636.293602908452,0.536,0.4
24636.29387953798,0.528,0.384
24636.294156167507,0.528,0.384
24636.294432797036,0.544,0.40800000000000003
24636.294709426562,0.528,0.41600000000000004
24636.29498605609,0.544,0.4
24636.295262685617,0.528,0.40800000000000003
24636.295539315146,0.544,0.392
24636.29581594467,0.528,0.4
24636.296092574197,0.544,0.384
24636.296369203726,0.528,0.392
24636.296645833252,0.544,0.4
24636.29692246278,0.528,0.392
24636.297199092307,0.544,0.384
24636.297475721836,0.528,0.384
24636.297752351362,0.544,0.4
24636.29802898089,0.528,0.392
24636.298305610417,0.544,0.384
24636.298582239946,0.544,0.384
24636.29885886947,0.528,0.41600000000000004
24636.299135499,0.528,0.41600000000000004
24636.299412128526,0.544,0.40800000000000003
24636.299688758056,0.528,0.40800000000000003
24636.29996538758,0.544,0.41600000000000004
24636.30024201711,0.528,0.40800000000000003
24636.300518646636,0.536,0.41600000000000004
24636.300795276165,0.528,0.40800000000000003
24636.30107190569,0.536,0.392
24636.30134853522,0.528,0.392
24636.301625164746,0.536,0.4
24636.301901794275,0.528,0.392
24636.3021784238,0.544,0.392
24636.30245505333,0.528,0.384
24636.302731682856,0.544,0.4
24636.303008312385,0.528,0.4
24636.30328494191,0.536,0.384
24636.30356157144,0.528,0.384
24636.303838200965,0.544,0.40800000000000003
24636.304114830495,0.544,0.41600000000000004
24636.30439146002,0.528,0.4
24636.30466808955,0.528,0.40800000000000003
24636.304944719075,0.544,0.392
24636.305221348604,0.528,0.392
24636.30549797813,0.544,0.4
24636.30577460766,0.544,0.4
24636.306051237185,0.528,0.384
24636.306327866714,0.528,0.4
24636.30660449624,0.544,0.40800000000000003
24636.30688112577,0.544,0.40800000000000003
24636.307157755295,0.528,0.392
24636.307434384824,0.544,0.4
24636.30771101435,0.528,0.392
24636.30798764388,0.528,0.392
24636.308264273404,0.544,0.392
24636.308540902934,0.528,0.392
24636.30881753246,0.544,0.384
24636.30909416199,0.528,0.392
24636.309370791514,0.536,0.384
24636.309647421043,0.528,0.392
24636.30992405057,0.544,0.41600000000000004
24636.3102006801,0.528,0.40800000000000003
24636.310477309624,0.544,0.41600000000000004
24636.310753939153,0.528,0.40800000000000003
24636.31103056868,0.544,0.41600000000000004
24636.311307198208,0.528,0.40800000000000003
24636.311583827734,0.536,0.41600000000000004
24636.311860457263,0.544,0.4
24636.31213708679,0.528,0.41600000000000004
24636.312413716318,0.528,0.40800000000000003
24636.312690345843,0.544,0.4
24636.312966975373,0.528,0.40800000000000003
24636.313243604898,0.544,0.41600000000000004
24636.313520234427,0.528,0.40800000000000003
24636.313796863953,0.544,0.41600000000000004
24636.314073493482,0.536,0.40800000000000003
24636.314350123008,0.52,0.392
24636.314626752537,0.52,0.392
24636.314903382063,0.536,0.4
24636.315180011592,0.512,0.4
24636.315456641118,0.536,0.384
24636.315733270647,0.52,0.392
24636.316009900173,0.536,0.376
24636.3162865297,0.544,0.384
24636.316563159227,0.52,0.41600000000000004
24636.316839788753,0.52,0.40800000000000003
24636.317116418282,0.536,0.40800000000000003
24636.317393047808,0.528,0.4
24636.317669677337,0.52,0.392
24636.317946306863,0.52,0.392
24636.318222936392,0.536,0.4
24636.318499565918,0.52,0.4
24636.318776195447,0.528,0.384
24636.319052824972,0.52,0.376
24636.3193294545,0.536,0.4
24636.319606084027,0.544,0.4
24636.319882713557,0.52,0.41600000000000004
24636.320159343082,0.512,0.4
24636.32043597261,0.536,0.392
24636.320712602137,0.52,0.384
24636.320989231666,0.536,0.4
24636.321265861192,0.536,0.384
24636.32154249072,0.52,0.4
24636.321819120247,0.52,0.4
24636.322095749776,0.536,0.41600000000000004
24636.3223723793,0.52,0.40800000000000003
24636.32264900883,0.536,0.41600000000000004
24636.322925638357,0.536,0.41600000000000004
24636.323202267886,0.52,0.4
24636.32347889741,0.52,0.40800000000000003
24636.32375552694,0.536,0.4
24636.324032156466,0.52,0.40800000000000003
24636.324308785996,0.536,0.41600000000000004
24636.32458541552,0.536,0.41600000000000004
24636.32486204505,0.52,0.40800000000000003
24636.325138674576,0.52,0.41600000000000004
24636.325415304105,0.536,0.40800000000000003
24636.32569193363,0.52,0.40800000000000003
24636.32596856316,0.544,0.392
24636.326245192686,0.52,0.392
24636.326521822215,0.536,0.392
24636.32679845174,0.536,0.392
24636.32707508127,0.52,0.40800000000000003
24636.327351710795,0.52,0.41600000000000004
24636.327628340325,0.536,0.40800000000000003
24636.32790496985,0.52,0.41600000000000004
24636.32818159938,0.544,0.4
24636.328458228905,0.536,0.4
24636.328734858434,0.512,0.384
24636.32901148796,0.528,0.392
24636.32928811749,0.512,0.4
24636.329564747015,0.52,0.384
24636.329841376544,0.528,0.4
24636.33011800607,0.52,0.4
24636.3303946356,0.536,0.384
24636.330671265125,0.544,0.376
24636.330947894654,0.52,0.40800000000000003
24636.33122452418,0.536,0.4
24636.33150115371,0.52,0.41600000000000004
24636.331777783234,0.52,0.40800000000000003
24636.332054412764,0.536,0.41600000000000004
24636.33233104229,0.52,0.40800000000000003
24636.33260767182,0.544,0.41600000000000004
24636.332884301344,0.536,0.41600000000000004
24636.333160930873,0.52,0.4
24636.3334375604,0.528,0.40800000000000003
24636.33371418993,0.536,0.392
24636.333990819454,0.536,0.392
24636.334267448983,0.52,0.41600000000000004
24636.33454407851,0.536,0.41600000000000004
24636.334820708038,0.52,0.392
24636.335097337564,0.52,0.392
24636.335373967093,0.536,0.4
24636.33565059662,0.52,0.392
24636.335927226148,0.536,0.4
24636.336203855673,0.52,0.392
24636.336480485203,0.536,0.392
24636.33675711473,0.52,0.392
24636.337033744257,0.544,0.384
24636.337310373783,0.528,0.4
24636.33758700331,0.52,0.384
24636.337863632838,0.52,0.384
24636.338140262364,0.536,0.4
24636.338416891893,0.536,0.4
24636.33869352142,0.52,0.384
24636.338970150948,0.528,0.392
24636.339246780473,0.52,0.41600000000000004
24636.339523410003,0.52,0.4
24636.33980003953,0.536,0.41600000000000004
24636.340076669057,0.544,0.40800000000000003
24636.340353298583,0.52,0.41600000000000004
24636.340629928112,0.52,0.40800000000000003
24636.340906557638,0.536,0.41600000000000004
24636.341183187167,0.52,0.40800000000000003
24636.341459816693,0.544,0.41600000000000004
24636.341736446222,0.52,0.41600000000000004
24636.342013075748,0.536,0.40800000000000003
24636.342289705277,0.52,0.40800000000000003
24636.342566334803,0.536,0.392
24636.34284296433,0.52,0.392
24636.343119593857,0.528,0.32
24636.343396223387,0.52,0.304
24636.343672852912,0.536,0.16
24636.34394948244,0.536,0.152
24636.344226111967,0.52,0.056
24636.344502741496,0.52,0.048
24636.344779371022,0.536,0.008
24636.34505600055,0.536,0.008
24636.345332630077,0.52,-0.008
24636.345609259606,0.544,0.0
24636.34588588913,0.528,-0.008
24636.34616251866,0.536,0.0
24636.346439148187,0.52,-0.008
24636.346715777716,0.528,0.0
24636.34699240724,0.52,-0.008
24636.34726903677,0.52,0.0
24636.347545666296,0.528,-0.008
24636.347822295826,0.536,0.0
24636.34809892535,0.52,-0.016
24636.34837555488,0.52,-0.008
24636.348652184406,0.536,0.0
24636.348928813935,0.52,0.0
24636.34920544346,0.536,-0.016
24636.34948207299,0.536,-0.008
24636.349758702516,0.52,0.0
24636.350035332045,0.552,0.0
24636.35031196157,0.52,-0.016
24636.3505885911,0.536,0.0
24636.350865220626,0.52,-0.016
24636.351141850155,0.52,-0.016
24636.35141847968,0.536,0.0
24636.35169510921,0.536,0.0
24636.351971738735,0.52,-0.008
24636.352248368265,0.52,0.0
24636.35252499779,0.536,-0.016
24636.35280162732,0.52,0.0
24636.353078256845,0.544,-0.016
24636.353354886374,0.528,0.0
24636.3536315159,0.552,-0.016
24636.35390814543,0.552,-0.008
24636.354184774955,0.52,0.0
24636.354461404484,0.52,0.0
24636.35473803401,0.536,-0.016
24636.35501466354,0.528,0.0
24636.355291293065,0.544,-0.008
24636.355567922594,0.52,0.0
24636.35584455212,0.544,-0.008
24636.35612118165,0.544,-0.016
24636.356397811174,0.52,0.0
24636.356674440704,0.528,-0.008
24636.35695107023,0.52,0.0
24636.35722769976,0.528,-0.016
24636.357504329284,0.52,0.0
24636.357780958813,0.528,0.0
24636.35805758834,0.52,-0.016
24636.358334217864,0.52,0.0
24636.358610847394,0.536,-0.016
24636.35888747692,0.52,-0.008
24636.35916410645,0.536,0.0
24636.359440735974,0.52,0.0
24636.359717365503,0.536,-0.016
24636.35999399503,0.536,0.0
24636.36027062456,0.52,-0.016
24636.360547254084,0.52,0.0
24636.360823883613,0.536,-0.016
24636.36110051314,0.544,-0.008
24636.361377142668,0.52,0.0
24636.361653772194,0.52,-0.016
24636.361930401723,0.536,0.0
24636.36220703125,0.536,0.0
24636.362483660778,0.52,-0.016
24636.362760290303,0.52,-0.008
24636.363036919833,0.536,0.0
24636.36331354936,0.52,-0.016
24636.363590178888,0.536,0.0
24636.363866808413,0.528,0.0
24636.364143437942,0.544,-0.016
24636.364420067468,0.52,-0.016
24636.364696696997,0.528,0.0
24636.364973326523,0.52,0.0
24636.365249956052,0.544,-0.016
24636.365526585578,0.544,-0.016
24636.365803215107,0.512,0.0
24636.366079844633,0.512,0.0
24636.366356474162,0.528,-0.016
24636.366633103687,0.52,-0.016
24636.366909733217,0.544,0.0
24636.367186362742,0.544,-0.016
24636.36746299227,0.528,0.0
24636.367739621797,0.536,-0.016
24636.368016251326,0.512,0.0
24636.368292880852,0.512,-0.016
24636.36856951038,0.536,0.0
24636.368846139907,0.52,0.0
24636.369122769436,0.536,-0.016
24636.369399398962,0.52,-0.016
24636.36967602849,0.544,0.0
24636.369952658017,0.528,-0.016
24636.370229287546,0.544,0.0
24636.37050591707,0.528,0.0
24636.3707825466,0.536,-0.016
24636.371059176126,0.528,0.0
24636.371335805656,0.544,-0.016
24636.37161243518,0.528,0.0
24636.37188906471,0.52,-0.016
24636.372165694236,0.52,0.0
24636.372442323765,0.536,-0.016
24636.37271895329,0.512,-0.016
24636.37299558282,0.536,0.0
24636.373272212346,0.52,-0.016
24636.373548841875,0.536,0.0
24636.3738254714,0.52,0.0
24636.37410210093,0.536,-0.016
24636.374378730456,0.52,-0.016
24636.374655359985,0.536,0.0
24636.37493198951,0.528,-0.016
24636.37520861904,0.52,0.0
24636.375485248565,0.52,0.0
24636.375761878095,0.528,-0.016
24636.37603850762,0.528,-0.016
24636.37631513715,0.552,0.0
24636.376591766675,0.536,0.0
24636.376868396204,0.52,-0.016
24636.37714502573,0.52,-0.016
24636.37742165526,0.536,0.0
24636.377698284785,0.528,-0.016
24636.377974914314,0.544,0.0
24636.37825154384,0.528,-0.016
24636.37852817337,0.512,0.0
24636.378804802895,0.52,-0.016
24636.37908143242,0.536,0.0
24636.37935806195,0.52,0.0
24636.379634691475,0.536,-0.016
24636.379911321004,0.52,-0.016
24636.38018795053,0.536,0.0
24636.38046458006,0.528,-0.016
24636.380741209585,0.536,0.0
24636.381017839114,0.52,0.0
24636.38129446864,0.544,-0.016
24636.38157109817,0.544,-0.016
24636.381847727695,0.52,0.0
24636.382124357224,0.52,0.0
24636.38240098675,0.536,-0.016
24636.38267761628,0.52,-0.016
24636.382954245804,0.544,0.0
24636.383230875334,0.544,0.0
24636.38350750486,0.52,-0.016
24636.38378413439,0.528,0.0
24636.384060763914,0.544,-0.016
24636.384337393443,0.544,0.0
24636.38461402297,0.52,-0.016
24636.384890652498,0.536,-0.016
24636.385167282024,0.52,0.0
24636.385443911553,0.52,-0.016
24636.38572054108,0.528,0.0
24636.385997170608,0.52,0.0
24636.386273800133,0.536,-0.016
24636.386550429663,0.528,0.0
24636.38682705919,0.52,-0.016
24636.387103688718,0.528,0.0
24636.387380318243,0.52,-0.016
24636.387656947772,0.52,0.0
24636.387933577298,0.536,-0.016
24636.388210206827,0.528,-0.016
24636.388486836353,0.512,0.0
24636.388763465882,0.52,-0.016
24636.389040095408,0.536,0.0
24636.389316724937,0.536,-0.016
24636.389593354463,0.52,0.0
24636.389869983992,0.52,-0.016
24636.390146613518,0.536,0.0
24636.390423243047,0.536,-0.016
24636.390699872572,0.52,0.0
24636.3909765021,0.52,0.0
24636.391253131627,0.536,-0.016
24636.391529761157,0.536,-0.008
24636.391806390682,0.52,-0.016
24636.39208302021,0.536,0.0
24636.392359649737,0.52,-0.016
24636.392636279266,0.52,-0.016
24636.392912908792,0.536,0.0
24636.39318953832,0.52,-0.016
24636.393466167847,0.536,0.0
24636.393742797376,0.52,-0.016
24636.3940194269,0.536,0.0
24636.39429605643,0.536,0.0
24636.394572685957,0.52,-0.016
24636.394849315486,0.52,0.0
24636.39512594501,0.536,-0.016
24636.39540257454,0.52,-0.016
24636.395679204066,0.544,-0.008
24636.395955833596,0.536,-0.016
24636.39623246312,0.52,0.0
24636.39650909265,0.52,-0.016
24636.396785722176,0.528,0.0
24636.397062351705,0.52,-0.016
24636.39733898123,0.536,0.0
24636.39761561076,0.552,-0.016
24636.397892240286,0.52,0.0
24636.398168869815,0.52,-0.016
24636.39844549934,0.536,0.0
24636.39872212887,0.52,-0.016
24636.398998758395,0.536,0.0
24636.399275387925,0.52,-0.016
24636.39955201745,0.536,0.0
24636.399828646976,0.528,-0.016
24636.400105276505,0.552,0.0
24636.40038190603,0.52,0.0
24636.40065853556,0.544,-0.016
24636.400935165086,0.536,-0.016
24636.401211794615,0.52,0.0
24636.40148842414,0.528,-0.016
24636.40176505367,0.536,0.0
24636.402041683195,0.544,0.0
24636.402318312725,0.52,-0.016
24636.40259494225,0.52,0.0
24636.40287157178,0.528,-0.016
24636.403148201305,0.528,0.0
24636.403424830834,0.52,-0.016
24636.40370146036,0.52,-0.016
24636.40397808989,0.536,0.0
24636.404254719415,0.52,-0.016
24636.404531348944,0.536,0.0
24636.40480797847,0.52,-0.016
24636.405084608,0.544,0.0
24636.405361237525,0.528,0.0
24636.405637867054,0.544,-0.016
24636.40591449658,0.544,-0.016
24636.40619112611,0.512,0.0
24636.406467755634,0.52,-0.016
24636.406744385164,0.536,0.0
24636.40702101469,0.52,-0.016
24636.40729764422,0.536,0.0
24636.407574273744,0.52,0.0
24636.407850903273,0.536,-0.016
24636.4081275328,0.52,-0.016
24636.40840416233,0.536,0.0
24636.408680791854,0.52,-0.016
24636.408957421383,0.536,0.0
24636.40923405091,0.528,0.0
24636.409510680438,0.544,-0.016
24636.409787309964,0.536,-0.016
24636.410063939493,0.52,0.0
24636.41034056902,0.52,0.0
24636.410617198548,0.536,-0.016
24636.410893828073,0.528,-0.016
24636.411170457603,0.52,0.0
24636.411447087128,0.544,-0.016
24636.411723716657,0.52,0.0
24636.412000346183,0.544,0.0
24636.412276975712,0.52,0.016
24636.412553605238,0.52,0.016
24636.412830234767,0.536,0.128
24636.413106864293,0.52,0.136
24636.413383493822,0.536,0.28800000000000003
24636.413660123348,0.528,0.28800000000000003
24636.413936752877,0.544,0.36
24636.414213382403,0.52,0.36
24636.41449001193,0.536,0.384
24636.414766641457,0.52,0.384
24636.415043270987,0.536,0.392
24636.415319900512,0.536,0.4
24636.41559653004,0.52,0.384
24636.415873159567,0.536,0.384
24636.416149789096,0.52,0.4
24636.416426418622,0.528,0.392
24636.41670304815,0.52,0.384
24636.416979677677,0.52,0.384
24636.417256307206,0.536,0.40800000000000003
24636.41753293673,0.52,0.4
24636.41780956626,0.536,0.392
24636.418086195787,0.52,0.392
24636.418362825316,0.536,0.4
24636.41863945484,0.536,0.392
24636.41891608437,0.52,0.4
24636.419192713896,0.52,0.4
24636.419469343426,0.536,0.384
24636.41974597295,0.52,0.376
24636.42002260248,0.536,0.4
24636.420299232006,0.528,0.4
24636.42057586153,0.52,0.41600000000000004
24636.42085249106,0.52,0.41600000000000004
24636.421129120587,0.536,0.392
24636.421405750116,0.536,0.392
24636.42168237964,0.52,0.4
24636.42195900917,0.52,0.392
24636.422235638696,0.544,0.4
24636.422512268226,0.544,0.4
24636.42278889775,0.528,0.384
24636.42306552728,0.528,0.4
24636.423342156806,0.52,0.384
24636.423618786335,0.544,0.392
24636.42389541586,0.52,0.384
24636.42417204539,0.52,0.392
24636.424448674916,0.536,0.40800000000000003
24636.424725304445,0.528,0.40800000000000003
24636.42500193397,0.536,0.4
24636.4252785635,0.528,0.40800000000000003
24636.425555193026,0.544,0.392
24636.425831822555,0.528,0.384
24636.42610845208,0.544,0.392
24636.42638508161,0.528,0.384
24636.426661711135,0.544,0.392
24636.426938340664,0.528,0.384
24636.42721497019,0.544,0.4
24636.42749159972,0.528,0.4
24636.427768229245,0.544,0.392
24636.428044858774,0.528,0.392
24636.4283214883,0.544,0.384
24636.42859811783,0.528,0.4
24636.428874747355,0.544,0.384
24636.429151376884,0.528,0.392
24636.42942800641,0.536,0.384
24636.42970463594,0.544,0.4
24636.429981265464,0.528,0.384
24636.430257894994,0.528,0.384
24636.43053452452,0.536,0.392
24636.43081115405,0.528,0.392
24636.431087783574,0.544,0.4
24636.431364413103,0.528,0.392
24636.43164104263,0.544,0.384
24636.43191767216,0.528,0.4
24636.432194301684,0.544,0.41600000000000004
24636.432470931213,0.544,0.40800000000000003
24636.43274756074,0.528,0.392
24636.433024190268,0.528,0.392
24636.433300819794,0.544,0.4
24636.433577449323,0.528,0.392
24636.43385407885,0.544,0.4
24636.434130708378,0.528,0.392
24636.434407337903,0.536,0.384
24636.434683967433,0.528,0.384
24636.43496059696,0.544,0.4
24636.435237226488,0.528,0.384
24636.435513856013,0.544,0.4
24636.435790485542,0.528,0.392
24636.436067115068,0.544,0.41600000000000004
24636.436343744597,0.528,0.41600000000000004
24636.436620374123,0.544,0.392
24636.436897003652,0.528,0.40800000000000003
24636.437173633178,0.544,0.392
24636.437450262707,0.528,0.4
24636.437726892233,0.544,0.384
24636.438003521762,0.528,0.376
24636.438280151287,0.544,0.4
24636.438556780817,0.528,0.4
24636.438833410342,0.544,0.41600000000000004
24636.43911003987,0.528,0.4
24636.439386669397,0.544,0.392
24636.439663298926,0.528,0.392
24636.439939928452,0.544,0.4
24636.44021655798,0.528,0.392
24636.440493187507,0.544,0.4
24636.440769817036,0.528,0.392
24636.44104644656,0.544,0.392
24636.441323076087,0.544,0.392
24636.441599705617,0.528,0.4
24636.441876335142,0.528,0.392
24636.44215296467,0.544,0.392
24636.442429594197,0.528,0.384
24636.442706223726,0.544,0.4
24636.442982853252,0.528,0.392
24636.44325948278,0.544,0.384
24636.443536112307,0.544,0.392
24636.443812741836,0.528,0.41600000000000004
24636.44408937136,0.528,0.4
24636.44436600089,0.536,0.384
24636.444642630417,0.536,0.384
24636.444919259946,0.528,0.4
24636.44519588947,0.528,0.4
24636.445472519,0.536,0.41600000000000004
24636.445749148526,0.528,0.40800000000000003
24636.446025778056,0.544,0.41600000000000004
24636.44630240758,0.528,0.40800000000000003
24636.44657903711,0.544,0.41600000000000004
24636.446855666636,0.528,0.40800000000000003
24636.447132296165,0.544,0.4
24636.44740892569,0.528,0.41600000000000004
24636.44768555522,0.544,0.392
24636.447962184746,0.544,0.392
24636.448238814275,0.528,0.4
24636.4485154438,0.536,0.392
24636.44879207333,0.52,0.4
24636.449068702856,0.52,0.4
24636.449345332385,0.544,0.384
24636.44962196191,0.536,0.392
24636.44989859144,0.52,0.41600000000000004
24636.450175220965,0.52,0.4
24636.450451850495,0.536,0.41600000000000004
24636.45072848002,0.52,0.41600000000000004
24636.45100510955,0.536,0.40800000000000003
24636.451281739075,0.536,0.40800000000000003
24636.451558368604,0.52,0.392
24636.45183499813,0.536,0.392
24636.45211162766,0.512,0.384
24636.452388257185,0.528,0.392
24636.452664886714,0.544,0.392
24636.45294151624,0.536,0.392
24636.45321814577,0.52,0.384
24636.453494775295,0.52,0.392
24636.453771404824,0.536,0.41600000000000004
24636.45404803435,0.52,0.40800000000000003
24636.45432466388,0.536,0.392
24636.454601293404,0.52,0.392
24636.454877922934,0.528,0.384
24636.45515455246,0.52,0.4
24636.45543118199,0.536,0.384
24636.455707811514,0.536,0.4
24636.455984441043,0.52,0.41600000000000004
24636.45626107057,0.52,0.40800000000000003
24636.456537700098,0.552,0.4
24636.456814329624,0.536,0.4
24636.457090959153,0.512,0.392
24636.45736758868,0.536,0.392
24636.457644218208,0.52,0.384
24636.457920847733,0.52,0.384
24636.458197477263,0.536,0.4
24636.45847410679,0.536,0.4
24636.458750736318,0.52,0.41600000000000004
24636.459027365843,0.52,0.4
24636.459303995372,0.536,0.392
24636.459580624898,0.52,0.392
24636.459857254427,0.536,0.40800000000000003
24636.460133883953,0.52,0.40800000000000003
24636.460410513482,0.536,0.392
24636.460687143008,0.528,0.392
24636.460963772537,0.544,0.384
24636.461240402063,0.528,0.384
24636.461517031592,0.544,0.40800000000000003
24636.470777273178,0.52,0.0
24636.47103411754,0.544,-0.016
24636.4712909619,0.528,-0.016
24636.471547806264,0.52,0.0
24636.471804650624,0.536,-0.016
24636.472061494987,0.52,0.0
24636.472318339347,0.528,-0.016
24636.47257518371,0.544,0.0
24636.47283202807,0.544,0.0
24636.473088872433,0.52,-0.016
24636.473345716793,0.52,-0.016
24636.473602561156,0.536,0.0
24636.473859405516,0.536,-0.016
24636.47411624988,0.52,0.0
24636.47437309424,0.52,0.0
24636.474629938602,0.536,-0.016
24636.474886782966,0.528,0.0
24636.475143627325,0.552,-0.016
24636.47540047169,0.544,0.0
24636.47565731605,0.52,-0.016
24636.47591416041,0.536,-0.008
24636.47617100477,0.512,0.016
24636.476427849135,0.52,0.016
24636.476684693494,0.544,0.12
24636.476941537858,0.52,0.12
24636.477198382217,0.544,0.28
24636.47745522658,0.528,0.272
24636.47771207094,0.52,0.36
24636.477968915304,0.52,0.368
24636.478225759663,0.528,0.384
24636.478482604027,0.52,0.384
24636.47873944839,0.528,0.41600000000000004
24636.47899629275,0.52,0.40800000000000003
24636.479253137113,0.536,0.424
24636.479509981473,0.52,0.40800000000000003
24636.479766825836,0.536,0.4
24636.480023670196,0.52,0.4
24636.48028051456,0.544,0.40800000000000003
24636.48053735892,0.52,0.4
24636.480794203282,0.536,0.40800000000000003
24636.48105104764,0.52,0.40800000000000003
24636.481307892005,0.536,0.392
24636.481564736365,0.52,0.4
24636.481821580728,0.528,0.424
24636.482078425088,0.544,0.4
24636.48233526945,0.52,0.40800000000000003
24636.482592113814,0.544,0.4
24636.482848958174,0.52,0.4
24636.483105802537,0.52,0.40800000000000003
24636.483362646897,0.536,0.4
24636.48361949126,0.52,0.4
24636.48387633562,0.536,0.40800000000000003
24636.484133179983,0.52,0.40800000000000003
24636.484390024343,0.536,0.392
24636.484646868706,0.52,0.392
24636.484903713066,0.536,0.40800000000000003
24636.48516055743,0.52,0.4
24636.48541740179,0.552,0.41600000000000004
24636.485674246152,0.544,0.424
24636.485931090512,0.52,0.40800000000000003
24636.486187934875,0.512,0.41600000000000004
24636.48644477924,0.536,0.4
24636.4867016236,0.52,0.4
24636.48695846796,0.536,0.40800000000000003
24636.48721531232,0.52,0.4
24636.487472156685,0.528,0.40800000000000003
24636.487729001044,0.52,0.392
24636.487985845408,0.528,0.40800000000000003
24636.488242689768,0.52,0.4
24636.48849953413,0.528,0.424
24636.48875637849,0.52,0.40800000000000003
24636.489013222854,0.536,0.424
24636.489270067214,0.52,0.424
24636.489526911577,0.536,0.4
24636.489783755937,0.528,0.392
24636.4900406003,0.52,0.40800000000000003
24636.490297444663,0.52,0.392
24636.490554289023,0.536,0.4
24636.490811133386,0.536,0.4
24636.491067977746,0.52,0.424
24636.49132482211,0.52,0.41600000000000004
24636.49158166647,0.528,0.432
24636.491838510832,0.52,0.424
24636.492095355192,0.544,0.4
24636.492352199555,0.544,0.4
24636.492609043915,0.52,0.40800000000000003
24636.492865888278,0.528,0.384
24636.493122732638,0.52,0.40800000000000003
24636.493379577,0.52,0.40800000000000003
24636.49363642136,0.536,0.424
24636.493893265724,0.52,0.41600000000000004
24636.494150110088,0.536,0.4
24636.494406954447,0.52,0.40800000000000003
24636.49466379881,0.536,0.424
24636.49492064317,0.52,0.40800000000000003
24636.495177487534,0.544,0.424
24636.495434331893,0.528,0.41600000000000004
24636.495691176257,0.52,0.41600000000000004
24636.495948020616,0.52,0.41600000000000004
24636.49620486498,0.536,0.4
24636.49646170934,0.52,0.4
24636.496718553703,0.544,0.392
24636.496975398062,0.528,0.4
24636.497232242426,0.544,0.424
24636.497489086785,0.528,0.40800000000000003
24636.49774593115,0.52,0.424
24636.498002775512,0.52,0.41600000000000004
24636.49825961987,0.536,0.432
24636.498516464235,0.52,0.424
24636.498773308595,0.536,0.4
24636.499030152958,0.52,0.392
24636.499286997318,0.536,0.41600000000000004
24636.49954384168,0.52,0.4
24636.49980068604,0.536,0.4
24636.500057530404,0.52,0.4
24636.500314374764,0.536,0.40800000000000003
24636.500571219127,0.528,0.4
24636.500828063487,0.536,0.4
24636.50108490785,0.52,0.4
24636.50134175221,0.544,0.40800000000000003
24636.501598596573,0.544,0.4
24636.501855440936,0.512,0.424
24636.502112285296,0.52,0.40800000000000003
24636.50236912966,0.536,0.4
24636.50262597402,0.536,0.4
24636.502882818382,0.52,0.40800000000000003
24636.503139662742,0.52,0.40800000000000003
24636.503396507105,0.544,0.392
24636.503653351465,0.544,0.41600000000000004
24636.50391019583,0.52,0.40800000000000003
24636.504167040188,0.52,0.4
24636.50442388455,0.528,0.41600000000000004
24636.50468072891,0.52,0.40800000000000003
24636.504937573274,0.536,0.41600000000000004
24636.505194417634,0.536,0.41600000000000004
24636.505451261997,0.52,0.40800000000000003
24636.50570810636,0.52,0.40800000000000003
24636.50596495072,0.544,0.41600000000000004
24636.506221795084,0.536,0.40800000000000003
24636.506478639443,0.52,0.41600000000000004
24636.506735483807,0.52,0.41600000000000004
24636.506992328166,0.536,0.40800000000000003
24636.50724917253,0.52,0.40800000000000003
24636.50750601689,0.536,0.41600000000000004
24636.507762861253,0.536,0.41600000000000004
24636.508019705612,0.52,0.40800000000000003
24636.508276549976,0.52,0.40800000000000003
24636.508533394335,0.536,0.41600000000000004
24636.5087902387,0.544,0.40800000000000003
24636.50904708306,0.52,0.41600000000000004
24636.50930392742,0.52,0.4
24636.509560771785,0.536,0.41600000000000004
24636.509817616145,0.52,0.40800000000000003
24636.510074460508,0.536,0.41600000000000004
24636.510331304868,0.528,0.41600000000000004
24636.51058814923,0.544,0.40800000000000003
24636.51084499359,0.544,0.41600000000000004
24636.511101837954,0.52,0.4
24636.511358682314,0.536,0.4
24636.511615526677,0.52,0.4
24636.511872371037,0.52,0.4
24636.5121292154,0.536,0.40800000000000003
24636.51238605976,0.52,0.4
24636.512642904123,0.536,0.392
24636.512899748483,0.52,0.392
24636.513156592846,0.536,0.40800000000000003
24636.51341343721,0.52,0.4
24636.51367028157,0.536,0.424
24636.513927125932,0.528,0.424
24636.514183970292,0.544,0.40800000000000003
24636.514440814655,0.528,0.424
24636.514697659015,0.52,0.4
24636.51495450338,0.52,0.4
24636.515211347738,0.536,0.40800000000000003
24636.5154681921,0.536,0.392
24636.51572503646,0.52,0.40800000000000003
24636.515981880824,0.544,0.4
24636.516238725184,0.52,0.40800000000000003
24636.516495569547,0.52,0.40800000000000003
24636.516752413907,0.536,0.392
24636.51700925827,0.52,0.4
24636.517266102634,0.544,0.392
24636.517522946993,0.528,0.392
24636.517779791357,0.536,0.424
24636.518036635716,0.536,0.40800000000000003
24636.51829348008,0.52,0.392
24636.51855032444,0.52,0.392
24636.518807168803,0.536,0.40800000000000003
24636.519064013162,0.528,0.424
24636.519320857526,0.52,0.40800000000000003
24636.519577701885,0.52,0.41600000000000004
24636.51983454625,0.544,0.4
24636.52009139061,0.552,0.40800000000000003
24636.52034823497,0.52,0.392
24636.52060507933,0.52,0.40800000000000003
24636.520861923695,0.536,0.392
24636.521118768058,0.52,0.4
24636.521375612418,0.536,0.40800000000000003
24636.52163245678,0.52,0.4
24636.52188930114,0.536,0.392
24636.522146145504,0.536,0.4
24636.522402989864,0.52,0.41600000000000004
24636.522659834227,0.52,0.424
24636.522916678587,0.544,0.4
24636.52317352295,0.544,0.4
24636.52343036731,0.52,0.40800000000000003
24636.523687211673,0.528,0.4
24636.523944056033,0.512,0.40800000000000003
24636.524200900396,0.52,0.392
24636.524457744756,0.536,0.41600000000000004
24636.52471458912,0.544,0.40800000000000003
24636.524971433482,0.52,0.424
24636.525228277842,0.52,0.41600000000000004
24636.525485122205,0.536,0.432
24636.525741966565,0.52,0.41600000000000004
24636.52599881093,0.536,0.424
24636.526255655288,0.536,0.41600000000000004
24636.52651249965,0.52,0.424
24636.52676934401,0.536,0.41600000000000004
24636.527026188374,0.52,0.424
24636.527283032734,0.536,0.41600000000000004
24636.527539877097,0.512,0.424
24636.527796721457,0.52,0.40800000000000003
24636.52805356582,0.536,0.424
24636.52831041018,0.52,0.40800000000000003
24636.528567254543,0.536,0.424
24636.528824098907,0.52,0.40800000000000003
24636.529080943266,0.528,0.424
24636.52933778763,0.52,0.424
24636.52959463199,0.536,0.40800000000000003
24636.529851476353,0.52,0.40800000000000003
24636.530108320712,0.536,0.392
24636.530365165076,0.528,0.392
24636.530622009435,0.544,0.40800000000000003
24636.5308788538,0.52,0.40800000000000003
24636.53113569816,0.536,0.424
24636.53139254252,0.536,0.41600000000000004
24636.53164938688,0.52,0.424
24636.531906231245,0.528,0.41600000000000004
24636.532163075604,0.544,0.4
24636.532419919968,0.536,0.4
24636.53267676433,0.52,0.40800000000000003
24636.53293360869,0.52,0.392
24636.533190453054,0.536,0.40800000000000003
24636.533447297414,0.528,0.392
24636.533704141777,0.544,0.40800000000000003
24636.533960986137,0.52,0.4
24636.5342178305,0.536,0.424
24636.53447467486,0.52,0.41600000000000004
24636.534731519223,0.536,0.424
24636.534988363583,0.536,0.424
24636.535245207946,0.52,0.41600000000000004
24636.535502052306,0.52,0.424
24636.53575889667,0.536,0.40800000000000003
24636.53601574103,0.536,0.40800000000000003
24636.536272585392,0.52,0.4
24636.536529429755,0.552,0.4
24636.536786274115,0.52,0.424
24636.53704311848,0.52,0.41600000000000004
24636.537299962838,0.536,0.4
24636.5375568072,0.52,0.4
24636.53781365156,0.536,0.392
24636.538070495924,0.52,0.40800000000000003
24636.538327340284,0.536,0.392
24636.538584184647,0.52,0.4
24636.538841029007,0.544,0.424
24636.53909787337,0.52,0.41600000000000004
24636.53935471773,0.536,0.4
24636.539611562093,0.544,0.40800000000000003
24636.539868406453,0.52,0.384
24636.540125250816,0.52,0.384
24636.54038209518,0.536,0.328
24636.54063893954,0.52,0.32
24636.540895783903,0.544,0.184
24636.541152628262,0.536,0.168
24636.541409472626,0.52,0.056
24636.541666316985,0.52,0.056
24636.54192316135,0.536,0.008
24636.54218000571,0.52,0.016
24636.54243685007,0.536,-0.008
24636.54269369443,0.544,0.0
24636.542950538795,0.52,-0.008
24636.543207383154,0.52,0.0
24636.543464227518,0.536,-0.008
24636.543721071877,0.52,0.0
24636.54397791624,0.536,-0.008
24636.544234760604,0.528,-0.008
24636.544491604964,0.52,0.0
24636.544748449327,0.52,-0.008
24636.545005293687,0.536,0.0
24636.54526213805,0.52,0.0
24636.54551898241,0.536,-0.008
24636.545775826773,0.536,0.0
24636.546032671133,0.528,-0.008
24636.546289515496,0.536,0.0
24636.546546359856,0.52,-0.008
24636.54680320422,0.52,0.0
24636.54706004858,0.536,-0.008
24636.547316892942,0.536,-0.008
24636.5475737373,0.52,0.0
24636.547830581665,0.528,0.0
24636.54808742603,0.552,-0.008
24636.548344270388,0.536,0.0
24636.54860111475,0.52,-0.008
24636.54885795911,0.536,0.0
24636.549114803474,0.52,-0.008
24636.549371647834,0.52,0.0
24636.549628492197,0.544,-0.008
24636.549885336557,0.52,0.0
24636.55014218092,0.536,-0.016
24636.55039902528,0.544,-0.016
24636.550655869643,0.52,0.0
24636.550912714003,0.528,0.0
24636.551169558366,0.544,-0.008
24636.551426402726,0.528,-0.008
24636.55168324709,0.544,0.0
24636.551940091453,0.528,0.0
24636.552196935812,0.544,-0.008
24636.552453780176,0.528,-0.008
24636.552710624535,0.544,0.0
24636.5529674689,0.528,0.0
24636.55322431326,0.544,-0.008
24636.55348115762,0.544,0.0
24636.55373800198,0.528,-0.008
24636.553994846345,0.528,0.0
24636.554251690704,0.544,-0.008
24636.554508535068,0.528,0.0
24636.554765379427,0.552,-0.008
24636.55502222379,0.552,0.0
24636.55527906815,0.52,-0.008
24636.555535912514,0.52,0.0
24636.555792756877,0.536,-0.016
24636.556049601237,0.536,-0.008
24636.5563064456,0.52,0.0
24636.55656328996,0.52,-0.008
24636.556820134323,0.536,0.0
24636.557076978683,0.52,0.0
24636.557333823046,0.536,-0.008
24636.557590667406,0.52,-0.008
24636.55784751177,0.536,0.0
24636.55810435613,0.52,0.0
24636.558361200492,0.544,-0.008
24636.55861804485,0.528,0.0
24636.558874889215,0.536,-0.008
24636.559131733575,0.528,-0.008
24636.559388577938,0.52,0.0
24636.5596454223,0.52,0.0
24636.55990226666,0.536,-0.008
24636.560159111024,0.536,0.0
24636.560415955384,0.52,-0.016
24636.560672799747,0.52,0.0
24636.560929644107,0.544,-0.016
24636.56118648847,0.544,0.0
24636.56144333283,0.52,-0.008
24636.561700177193,0.52,0.0
24636.561957021553,0.528,-0.008
24636.562213865916,0.52,0.0
24636.562470710276,0.536,-0.008
24636.56272755464,0.52,-0.008
24636.562984399,0.536,0.0
24636.563241243362,0.52,0.0
24636.563498087726,0.536,-0.008
24636.563754932085,0.52,0.0
24636.56401177645,0.536,-0.008
24636.56426862081,0.52,-0.016
24636.56452546517,0.536,0.0
24636.56478230953,0.536,0.0
24636.565039153895,0.52,-0.016
24636.565295998254,0.52,0.0
24636.565552842618,0.536,-0.016
24636.565809686977,0.52,0.0
24636.56606653134,0.536,-0.016
24636.5663233757,0.52,0.0
24636.566580220064,0.544,-0.008
24636.566837064423,0.536,0.0
24636.567093908787,0.52,-0.008
24636.56735075315,0.528,0.0
24636.56760759751,0.544,-0.016
24636.567864441873,0.52,0.0
24636.568121286233,0.536,-0.016
24636.568378130596,0.536,0.0
24636.568634974956,0.512,-0.016
24636.56889181932,0.52,0.0
24636.56914866368,0.536,-0.016
24636.569405508042,0.536,-0.008
24636.5696623524,0.52,0.0
24636.569919196765,0.528,0.0
24636.570176041125,0.544,-0.016
24636.570432885488,0.52,0.0
24636.570689729848,0.544,-0.016
24636.57094657421,0.528,-0.016
24636.571203418574,0.544,0.0
24636.571460262934,0.52,-0.016
24636.571717107297,0.536,0.0
24636.571973951657,0.52,-0.016
24636.57223079602,0.536,0.0
24636.57248764038,0.536,0.0
24636.572744484743,0.52,-0.016
24636.573001329103,0.52,-0.016
24636.573258173466,0.544,0.0
24636.573515017826,0.52,0.0
24636.57377186219,0.536,-0.008
24636.57402870655,0.52,0.0
24636.574285550912,0.536,-0.016
24636.574542395272,0.52,0.0
24636.574799239635,0.536,-0.008
24636.575056084,0.536,0.0
24636.57531292836,0.52,-0.016
24636.57556977272,0.544,0.0
24636.57582661708,0.52,-0.016
24636.576083461445,0.528,0.0
24636.576340305804,0.52,-0.016
24636.576597150168,0.52,-0.016
24636.576853994527,0.528,0.0
24636.57711083889,0.528,0.0
24636.57736768325,0.544,-0.016
24636.577624527614,0.544,0.0
24636.577881371973,0.528,-0.016
24636.578138216337,0.52,0.0
24636.578395060696,0.536,-0.016
24636.57865190506,0.52,-0.008
24636.578908749423,0.544,0.0
24636.579165593783,0.52,-0.008
24636.579422438146,0.544,0.0
24636.579679282506,0.544,-0.016
24636.57993612687,0.52,0.0
24636.58019297123,0.52,0.0
24636.580449815592,0.544,-0.016
24636.580706659952,0.528,0.0
24636.580963504315,0.544,-0.016
24636.581220348675,0.528,-0.008
24636.581477193038,0.544,0.0
24636.581734037398,0.528,-0.016
24636.58199088176,0.544,0.0
24636.58224772612,0.528,0.0
24636.582504570484,0.544,-0.016
24636.582761414847,0.528,0.0
24636.583018259207,0.544,-0.016
24636.58327510357,0.528,0.0
24636.58353194793,0.544,-0.016
24636.583788792293,0.544,-0.008
24636.584045636653,0.528,0.0
24636.584302481016,0.536,-0.016
24636.584559325376,0.528,0.0
24636.58481616974,0.528,-0.008
24636.5850730141,0.536,0.0
24636.585329858463,0.528,-0.008
24636.585586702822,0.536,0.0
24636.585843547186,0.528,-0.016
24636.586100391545,0.544,0.0
24636.58635723591,0.528,0.0
24636.586614080272,0.544,-0.016
24636.58687092463,0.544,-0.016
24636.587127768995,0.528,0.0
24636.587384613355,0.528,0.0
24636.587641457718,0.544,-0.016
24636.587898302078,0.528,0.0
24636.58815514644,0.544,-0.016
24636.5884119908,0.528,0.0
24636.588668835164,0.544,-0.016
24636.588925679524,0.528,0.0
24636.589182523887,0.544,-0.016
24636.589439368247,0.528,-0.016
24636.58969621261,0.544,0.0
24636.58995305697,0.528,-0.016
24636.590209901333,0.544,0.0
24636.590466745696,0.528,0.0
24636.590723590056,0.544,-0.016
24636.59098043442,0.544,-0.016
24636.59123727878,0.528,0.0
24636.591494123142,0.528,-0.016
24636.591750967502,0.544,0.0
24636.592007811865,0.544,-0.016
24636.592264656225,0.52,0.0
24636.59252150059,0.52,-0.016
24636.592778344948,0.544,0.0
24636.59303518931,0.52,0.0
24636.59329203367,0.544,-0.016
24636.593548878034,0.52,0.0
24636.593805722394,0.536,-0.016
24636.594062566757,0.536,-0.016
24636.59431941112,0.512,0.0
24636.59457625548,0.52,-0.016
24636.594833099844,0.536,0.0
24636.595089944203,0.528,0.0
24636.595346788567,0.52,-0.016
24636.595603632926,0.528,0.0
24636.59586047729,0.52,-0.016
24636.59611732165,0.528,-0.016
24636.596374166013,0.544,0.0
24636.596631010372,0.528,0.0
24636.596887854736,0.52,-0.016
24636.597144699095,0.52,0.0
24636.59740154346,0.528,-0.016
24636.59765838782,0.52,0.0
24636.59791523218,0.536,-0.016
24636.598172076545,0.536,-0.016
24636.598428920905,0.52,0.0
24636.598685765268,0.52,0.0
24636.598942609628,0.528,-0.016
24636.59919945399,0.52,0.0
24636.59945629835,0.544,-0.016
24636.599713142714,0.536,0.0
24636.599969987074,0.52,-0.008
24636.600226831437,0.52,-0.016
24636.600483675797,0.528,0.0
24636.60074052016,0.52,0.0
24636.60099736452,0.536,-0.016
24636.601254208883,0.52,0.0
24636.601511053243,0.536,-0.016
24636.601767897606,0.52,0.0
24636.60202474197,0.544,-0.016
24636.60228158633,0.52,0.0
24636.602538430692,0.536,-0.016
24636.602795275052,0.544,-0.016
24636.603052119415,0.52,0.0
24636.603308963775,0.52,0.0
24636.60356580814,0.536,-0.016
24636.603822652498,0.536,0.0
24636.60407949686,0.52,-0.016
24636.60433634122,0.52,-0.008
24636.604593185584,0.536,0.024
24636.604850029944,0.52,0.016
24636.605106874307,0.552,0.12
24636.605363718667,0.544,0.128
24636.60562056303,0.52,0.28
24636.605877407394,0.52,0.28800000000000003
24636.606134251753,0.536,0.36
24636.606391096117,0.52,0.368
24636.606647940476,0.544,0.392
24636.60690478484,0.544,0.384
24636.6071616292,0.52,0.40800000000000003
24636.607418473563,0.52,0.40800000000000003
24636.607675317922,0.544,0.41600000000000004
24636.607932162286,0.536,0.424
24636.608189006645,0.52,0.40800000000000003
24636.60844585101,0.536,0.40800000000000003
24636.60870269537,0.52,0.424
24636.60895953973,0.52,0.41600000000000004
24636.60921638409,0.544,0.424
24636.609473228455,0.528,0.41600000000000004
24636.609730072818,0.544,0.424
24636.609986917178,0.536,0.424
24636.61024376154,0.52,0.40800000000000003
24636.6105006059,0.52,0.40800000000000003
24636.610757450264,0.536,0.4
24636.611014294624,0.544,0.4
24636.611271138987,0.528,0.392
24636.611527983347,0.528,0.392
24636.61178482771,0.536,0.41600000000000004
24636.61204167207,0.528,0.40800000000000003
24636.612298516433,0.544,0.424
24636.612555360793,0.528,0.41600000000000004
24636.612812205156,0.544,0.424
24636.613069049516,0.544,0.41600000000000004
24636.61332589388,0.528,0.432
24636.613582738242,0.528,0.424
24636.613839582602,0.544,0.4
24636.614096426965,0.528,0.40800000000000003
24636.614353271325,0.544,0.392
24636.61461011569,0.528,0.4
24636.614866960048,0.544,0.424
24636.61512380441,0.528,0.424
24636.61538064877,0.544,0.4
24636.615637493134,0.528,0.40800000000000003
24636.615894337494,0.544,0.4
24636.616151181857,0.528,0.392
24636.616408026217,0.536,0.40800000000000003
24636.61666487058,0.528,0.392
24636.61692171494,0.544,0.41600000000000004
24636.617178559303,0.528,0.41600000000000004
24636.617435403667,0.544,0.4
24636.617692248026,0.528,0.392
24636.61794909239,0.544,0.40800000000000003
24636.61820593675,0.544,0.40800000000000003
24636.618462781113,0.528,0.41600000000000004
24636.618719625472,0.528,0.40800000000000003
24636.618976469836,0.544,0.41600000000000004
24636.619233314195,0.528,0.41600000000000004
24636.61949015856,0.544,0.40800000000000003
24636.61974700292,0.544,0.40800000000000003
24636.62000384728,0.528,0.41600000000000004
24636.62026069164,0.528,0.40800000000000003
24636.620517536005,0.544,0.41600000000000004
24636.620774380364,0.528,0.4
24636.621031224728,0.536,0.40800000000000003
24636.62128806909,0.528,0.4
24636.62154491345,0.536,0.40800000000000003
24636.621801757814,0.528,0.40800000000000003
24636.622058602174,0.536,0.392
24636.622315446537,0.528,0.392
24636.622572290897,0.544,0.424
24636.62282913526,0.528,0.424
24636.62308597962,0.544,0.4
24636.623342823983,0.528,0.4
24636.623599668343,0.536,0.41600000000000004
24636.623856512706,0.544,0.40800000000000003
24636.624113357066,0.528,0.392
24636.62437020143,0.528,0.392
24636.62462704579,0.544,0.40800000000000003
24636.624883890152,0.52,0.424
24636.625140734515,0.536,0.40800000000000003
24636.625397578875,0.536,0.40800000000000003
24636.62565442324,0.52,0.41600000000000004
24636.625911267598,0.52,0.40800000000000003
24636.62616811196,0.536,0.424
24636.62642495632,0.52,0.41600000000000004
24636.626681800684,0.536,0.4
24636.626938645044,0.52,0.4
24636.627195489407,0.536,0.424
24636.627452333767,0.528,0.432
24636.62770917813,0.544,0.40800000000000003
24636.62796602249,0.536,0.41600000000000004
24636.628222866853,0.52,0.4
24636.628479711213,0.52,0.4
24636.628736555576,0.536,0.4
24636.62899339994,0.536,0.4
24636.6292502443,0.52,0.392
24636.629507088663,0.52,0.4
24636.629763933022,0.536,0.41600000000000004
24636.630020777386,0.52,0.41600000000000004
24636.630277621745,0.536,0.4
24636.63053446611,0.536,0.4
24636.63079131047,0.52,0.40800000000000003
24636.63104815483,0.528,0.4
24636.63130499919,0.52,0.392
24636.631561843555,0.52,0.4
24636.631818687914,0.536,0.424
24636.632075532278,0.52,0.41600000000000004
24636.632332376637,0.536,0.392
24636.632589221,0.52,0.392
24636.632846065364,0.536,0.41600000000000004
24636.633102909724,0.52,0.41600000000000004
24636.633359754087,0.536,0.432
24636.633616598447,0.528,0.432
24636.63387344281,0.536,0.41600000000000004
24636.63413028717,0.544,0.41600000000000004
24636.634387131533,0.52,0.424
24636.634643975893,0.52,0.41600000000000004
24636.634900820256,0.544,0.4
24636.635157664616,0.536,0.4
24636.63541450898,0.52,0.41600000000000004
24636.63567135334,0.52,0.4
24636.635928197702,0.536,0.41600000000000004
24636.63618504206,0.52,0.4
24636.636441886425,0.536,0.41600000000000004
24636.63669873079,0.52,0.41600000000000004
24636.636955575148,0.536,0.40800000000000003
24636.63721241951,0.528,0.40800000000000003
24636.63746926387,0.544,0.424
24636.637726108234,0.536,0.424
24636.637982952594,0.52,0.4
24636.638239796957,0.52,0.392
24636.638496641317,0.536,0.424
24636.63875348568,0.52,0.424
24636.63901033004,0.536,0.41600000000000004
24636.639267174403,0.536,0.424
24636.639524018763,0.528,0.4
24636.639780863126,0.528,0.40800000000000003
24636.640037707486,0.52,0.392
24636.64029455185,0.52,0.40800000000000003
24636.640551396213,0.536,0.424
24636.640808240572,0.52,0.40800000000000003
24636.641065084936,0.536,0.4
24636.641321929295,0.52,0.40800000000000003
24636.64157877366,0.536,0.392
24636.64183561802,0.52,0.392
24636.64209246238,0.536,0.41600000000000004
24636.64234930674,0.536,0.424
24636.642606151105,0.52,0.40800000000000003
24636.642862995464,0.52,0.424
24636.643119839828,0.536,0.4
24636.643376684187,0.52,0.40800000000000003
24636.64363352855,0.552,0.392
24636.64389037291,0.536,0.392
24636.644147217274,0.512,0.424
24636.644404061637,0.528,0.41600000000000004
24636.644660905997,0.52,0.4
24636.64491775036,0.536,0.4
24636.64517459472,0.52,0.41600000000000004
24636.645431439083,0.544,0.41600000000000004
24636.645688283443,0.52,0.424
24636.645945127806,0.536,0.424
24636.646201972166,0.52,0.41600000000000004
24636.64645881653,0.536,0.41600000000000004
24636.64671566089,0.52,0.4
24636.646972505252,0.512,0.40800000000000003
24636.64722934961,0.536,0.392
24636.647486193975,0.52,0.4
24636.647743038335,0.536,0.424
24636.647999882698,0.52,0.40800000000000003
24636.64825672706,0.536,0.432
24636.64851357142,0.52,0.424
24636.648770415784,0.536,0.41600000000000004
24636.649027260144,0.52,0.424
24636.649284104507,0.536,0.41600000000000004
24636.649540948867,0.536,0.41600000000000004
24636.64979779323,0.52,0.424
24636.65005463759,0.52,0.41600000000000004
24636.650311481953,0.536,0.424
24636.650568326313,0.528,0.41600000000000004
24636.650825170676,0.552,0.432
24636.651082015036,0.544,0.41600000000000004
24636.6513388594,0.52,0.424
24636.65159570376,0.52,0.424
24636.651852548122,0.528,0.41600000000000004
24636.652109392486,0.536,0.424
24636.652366236845,0.52,0.41600000000000004
24636.65262308121,0.52,0.424
24636.65287992557,0.536,0.40800000000000003
24636.65313676993,0.52,0.41600000000000004
24636.65339361429,0.528,0.4
24636.653650458655,0.52,0.392
24636.653907303014,0.536,0.40800000000000003
24636.654164147378,0.52,0.4
24636.654420991737,0.528,0.40800000000000003
24636.6546778361,0.528,0.40800000000000003
24636.65493468046,0.52,0.424
24636.655191524824,0.52,0.41600000000000004
24636.655448369183,0.536,0.424
24636.655705213547,0.528,0.41600000000000004
24636.65596205791,0.552,0.424
24636.65621890227,0.536,0.41600000000000004
24636.656475746633,0.52,0.4
24636.656732590993,0.52,0.4
24636.656989435356,0.528,0.40800000000000003
24636.657246279716,0.528,0.392
24636.65750312408,0.52,0.40800000000000003
24636.65775996844,0.52,0.4
24636.658016812802,0.536,0.424
24636.65827365716,0.528,0.41600000000000004
24636.658530501525,0.544,0.432
24636.658787345885,0.536,0.424
24636.659044190248,0.52,0.4
24636.659301034608,0.52,0.4
24636.65955787897,0.528,0.40800000000000003
24636.659814723334,0.536,0.4
24636.660071567694,0.52,0.424
24636.660328412057,0.52,0.41600000000000004
24636.660585256417,0.536,0.424
24636.66084210078,0.52,0.424
24636.66109894514,0.536,0.4
24636.661355789503,0.536,0.392
24636.661612633863,0.52,0.40800000000000003
24636.661869478226,0.52,0.41600000000000004
24636.662126322586,0.536,0.424
24636.66238316695,0.52,0.424
24636.66264001131,0.536,0.40800000000000003
24636.662896855672,0.544,0.41600000000000004
24636.663153700032,0.52,0.4
24636.663410544395,0.52,0.4
24636.66366738876,0.536,0.4
24636.66392423312,0.536,0.4
24636.66418107748,0.52,0.41600000000000004
24636.66443792184,0.536,0.392
24636.664694766205,0.512,0.41600000000000004
24636.664951610564,0.528,0.40800000000000003
24636.665208454928,0.52,0.424
24636.665465299287,0.52,0.424
24636.66572214365,0.536,0.40800000000000003
24636.66597898801,0.528,0.40800000000000003
24636.666235832374,0.544,0.4
24636.666492676733,0.544,0.41600000000000004
24636.666749521097,0.528,0.392
24636.667006365456,0.52,0.40800000000000003
24636.66726320982,0.536,0.424
24636.667520054183,0.52,0.41600000000000004
24636.667776898543,0.536,0.424
24636.668033742906,0.52,0.424
24636.668290587266,0.536,0.4
24636.66854743163,0.552,0.4
24636.66880427599,0.52,0.328
24636.669061120352,0.52,0.32
24636.66931796471,0.536,0.184
24636.669574809075,0.52,0.168
24636.669831653435,0.536,0.056
24636.670088497798,0.52,0.056
24636.670345342158,0.536,0.008
24636.67060218652,0.528,0.016
24636.67085903088,0.52,-0.008
24636.671115875244,0.544,-0.008
24636.671372719607,0.52,0.0
24636.671629563967,0.528,0.0
24636.67188640833,0.552,-0.008
24636.67214325269,0.52,-0.008
24636.672400097053,0.536,0.0
24636.672656941413,0.52,-0.008
24636.672913785776,0.544,0.0
24636.673170630136,0.536,-0.008
24636.6734274745,0.52,0.0
24636.67368431886,0.52,-0.008
24636.673941163222,0.536,0.0
24636.674198007582,0.52,0.0
24636.674454851945,0.536,-0.008
24636.674711696305,0.52,-0.008
24636.67496854067,0.536,0.0
24636.67522538503,0.52,0.0
24636.67548222939,0.528,-0.008
24636.675739073755,0.52,-0.008
24636.675995918114,0.528,0.0
24636.676252762478,0.52,0.0
24636.676509606837,0.528,-0.008
24636.6767664512,0.536,0.0
24636.67702329556,0.52,-0.008
24636.677280139924,0.52,0.0
24636.677536984284,0.536,-0.008
24636.677793828647,0.544,0.0
24636.678050673007,0.52,-0.008
24636.67830751737,0.528,0.0
24636.67856436173,0.544,-0.008
24636.678821206093,0.536,-0.016
24636.679078050456,0.52,0.0
24636.679334894816,0.52,-0.008
24636.67959173918,0.528,0.0
24636.67984858354,0.536,0.0
24636.680105427902,0.52,-0.008
24636.680362272262,0.52,0.0
24636.680619116625,0.536,-0.008
24636.680875960985,0.528,0.0
24636.681132805348,0.52,-0.008
24636.681389649708,0.52,-0.008
24636.68164649407,0.544,0.0
24636.68190333843,0.536,0.0
24636.682160182794,0.52,-0.008
24636.682417027154,0.52,0.0
24636.682673871517,0.536,-0.016
24636.68293071588,0.536,-0.008
24636.68318756024,0.52,0.0
24636.683444404604,0.52,-0.008
24636.683701248963,0.536,0.0
24636.683958093327,0.528,-0.016
24636.684214937686,0.544,0.0
24636.68447178205,0.536,-0.008
24636.68472862641,0.52,0.0
24636.684985470773,0.52,0.0
24636.685242315132,0.536,-0.016
24636.685499159496,0.528,0.0
24636.685756003855,0.544,-0.016
24636.68601284822,0.536,-0.016
24636.68626969258,0.512,0.0
24636.68652653694,0.52,-0.016
24636.686783381305,0.536,0.0
24636.687040225665,0.528,0.0
24636.687297070028,0.52,-0.016
24636.687553914388,0.52,-0.016
24636.68781075875,0.536,0.0
24636.68806760311,0.544,0.0
24636.688324447474,0.52,-0.016
24636.688581291834,0.52,0.0
24636.688838136197,0.528,-0.016
24636.689094980557,0.52,0.0
24636.68935182492,0.544,-0.016
24636.68960866928,0.552,-0.008
24636.689865513643,0.52,0.0
24636.690122358003,0.52,0.0
24636.690379202366,0.536,-0.016
24636.69063604673,0.52,-0.008
24636.69089289109,0.536,0.0
24636.691149735452,0.52,-0.008
24636.691406579812,0.528,0.0
24636.691663424175,0.52,0.0
24636.691920268535,0.528,-0.016
24636.6921771129,0.528,0.0
24636.692433957258,0.52,-0.016
24636.69269080162,0.52,0.0
24636.69294764598,0.536,-0.016
24636.693204490344,0.536,0.0
24636.693461334704,0.52,-0.016
24636.693718179067,0.52,-0.016
24636.693975023427,0.536,0.0
24636.69423186779,0.52,0.0
24636.694488712154,0.544,-0.016
24636.694745556513,0.536,-0.008
24636.695002400877,0.52,0.0
24636.695259245236,0.52,-0.008
24636.6955160896,0.536,0.0
24636.69577293396,0.528,-0.008
24636.696029778323,0.52,0.0
24636.696286622682,0.52,0.0
24636.696543467046,0.536,-0.008
24636.696800311405,0.528,0.0
24636.69705715577,0.544,-0.016
24636.69731400013,0.544,0.0
24636.69757084449,0.52,-0.008
24636.69782768885,0.52,0.0
24636.698084533215,0.536,-0.008
24636.698341377578,0.52,0.0
24636.698598221938,0.536,-0.008
24636.6988550663,0.544,0.0
24636.69911191066,0.52,-0.016
24636.699368755024,0.52,-0.016
24636.699625599384,0.544,0.0
24636.699882443747,0.528,-0.016
24636.700139288107,0.544,0.0
24636.70039613247,0.552,-0.016
24636.70065297683,0.52,0.0
24636.700909821193,0.536,-0.008
24636.701166665553,0.512,0.0
24636.701423509916,0.52,-0.008
24636.701680354276,0.528,0.0
24636.70193719864,0.52,0.0
24636.702194043002,0.536,-0.016
24636.702450887362,0.52,-0.008
24636.702707731725,0.536,0.0
24636.702964576085,0.52,0.0
24636.70322142045,0.536,-0.016
24636.703478264808,0.52,-0.008
24636.70373510917,0.536,0.0
24636.70399195353,0.52,-0.016
24636.704248797894,0.536,0.0
24636.704505642254,0.52,-0.016
24636.704762486617,0.536,0.0
24636.705019330977,0.536,0.0
24636.70527617534,0.52,-0.016
24636.7055330197,0.536,-0.016
24636.705789864063,0.52,0.0
24636.706046708427,0.52,0.0
24636.706303552786,0.544,-0.016
24636.70656039715,0.536,-0.016
24636.70681724151,0.52,0.0
24636.707074085873,0.528,0.0
24636.707330930232,0.52,-0.016
24636.707587774596,0.52,0.0
24636.707844618955,0.544,-0.016
24636.70810146332,0.544,0.0
24636.70835830768,0.528,-0.016
24636.70861515204,0.528,-0.016
24636.7088719964,0.52,0.0
24636.709128840765,0.528,0.0
24636.709385685124,0.536,-0.016
24636.709642529488,0.528,-0.016
24636.70989937385,0.536,0.0
24636.71015621821,0.52,-0.016
24636.710413062574,0.536,0.0
24636.710669906934,0.544,-0.008
24636.710926751297,0.52,0.0
24636.711183595657,0.536,0.0
24636.71144044002,0.52,-0.008
24636.71169728438,0.52,-0.016
24636.711954128743,0.536,0.0
24636.712210973103,0.52,0.0
24636.712467817466,0.536,-0.016
24636.712724661826,0.544,0.0
24636.71298150619,0.52,-0.016
24636.71323835055,0.52,0.0
24636.713495194912,0.536,-0.008
24636.713752039275,0.52,0.0
24636.714008883635,0.536,-0.016
24636.714265728,0.544,-0.016
24636.714522572358,0.52,0.0
24636.71477941672,0.528,-0.016
24636.71503626108,0.52,0.0
24636.715293105444,0.52,-0.016
24636.715549949804,0.536,0.0
24636.715806794167,0.52,0.0
24636.716063638527,0.544,-0.016
24636.71632048289,0.544,0.0
24636.71657732725,0.52,-0.016
24636.716834171613,0.52,0.0
24636.717091015973,0.544,-0.016
24636.717347860336,0.52,-0.016
24636.7176047047,0.536,0.0
24636.71786154906,0.52,0.0
24636.718118393423,0.536,-0.016
24636.718375237782,0.528,0.0
24636.718632082146,0.52,-0.016
24636.718888926505,0.528,0.0
24636.71914577087,0.52,-0.016
24636.71940261523,0.52,0.0
24636.71965945959,0.528,-0.016
24636.71991630395,0.528,0.0
24636.720173148315,0.536,-0.016
24636.720429992674,0.544,0.0
24636.720686837038,0.52,-0.016
24636.720943681397,0.52,-0.016
24636.72120052576,0.536,0.0
24636.721457370124,0.544,0.0
24636.721714214484,0.52,-0.016
24636.721971058847,0.536,-0.016
24636.722227903207,0.512,0.0
24636.72248474757,0.52,-0.016
24636.72274159193,0.544,0.0
24636.722998436293,0.544,-0.016
24636.723255280653,0.528,0.0
24636.723512125016,0.528,-0.016
24636.723768969376,0.544,0.0
24636.72402581374,0.528,0.0
24636.7242826581,0.544,-0.008
24636.724539502462,0.528,-0.016
24636.72479634682,0.544,0.0
24636.725053191185,0.528,0.0
24636.72531003555,0.544,-0.016
24636.725566879908,0.528,-0.016
24636.72582372427,0.544,0.0
24636.72608056863,0.544,0.0
24636.726337412994,0.528,-0.016
24636.726594257354,0.528,0.0
24636.726851101717,0.544,-0.016
24636.727107946077,0.528,-0.016
24636.72736479044,0.544,0.0
24636.7276216348,0.528,0.0
24636.727878479163,0.544,-0.016
24636.728135323523,0.528,-0.016
24636.728392167886,0.536,0.0
24636.728649012246,0.544,0.0
24636.72890585661,0.528,-0.016
24636.729162700973,0.528,-0.016
24636.729419545332,0.544,0.0
24636.729676389696,0.536,0.0
24636.729933234055,0.528,-0.016
24636.73019007842,0.528,0.0
24636.73044692278,0.536,-0.016
24636.73070376714,0.528,-0.016
24636.7309606115,0.536,0.0
24636.731217455865,0.528,0.0
24636.731474300224,0.544,-0.016
24636.731731144588,0.528,0.0
24636.731987988947,0.544,-0.016
24636.73224483331,0.528,0.0
24636.73250167767,0.544,-0.008
24636.732758522034,0.528,-0.008
24636.733015366397,0.544,0.024
24636.733272210757,0.528,0.024
24636.73352905512,0.544,0.12
24636.73378589948,0.528,0.128
24636.734042743843,0.536,0.272
24636.734299588203,0.528,0.272
24636.734556432566,0.544,0.36
24636.734813276926,0.528,0.36
24636.73507012129,0.536,0.4
24636.73532696565,0.528,0.392
24636.735583810012,0.544,0.40800000000000003
24636.73584065437,0.528,0.392
24636.736097498735,0.544,0.41600000000000004
24636.736354343095,0.544,0.40800000000000003
24636.736611187458,0.528,0.41600000000000004
24636.73686803182,0.528,0.40800000000000003
24636.73712487618,0.544,0.4
24636.737381720544,0.528,0.4
24636.737638564904,0.544,0.40800000000000003
24636.737895409267,0.528,0.40800000000000003
24636.738152253627,0.544,0.4
24636.73840909799,0.528,0.392
24636.73866594235,0.544,0.424
24636.738922786713,0.528,0.41600000000000004
24636.739179631073,0.544,0.4
24636.739436475436,0.528,0.40800000000000003
24636.739693319796,0.544,0.392
24636.73995016416,0.528,0.392
24636.74020700852,0.536,0.41600000000000004
24636.740463852882,0.528,0.41600000000000004
24636.740720697246,0.544,0.4
24636.740977541605,0.528,0.4
24636.74123438597,0.544,0.41600000000000004
24636.74149123033,0.528,0.40800000000000003
24636.74174807469,0.544,0.424
24636.74200491905,0.528,0.41600000000000004
24636.742261763415,0.544,0.4
24636.742518607774,0.528,0.4
24636.742775452138,0.544,0.40800000000000003
24636.743032296497,0.528,0.4
24636.74328914086,0.536,0.392
24636.74354598522,0.528,0.392
24636.743802829584,0.544,0.41600000000000004
24636.744059673943,0.536,0.424
24636.744316518307,0.528,0.40800000000000003
24636.74457336267,0.528,0.40800000000000003
24636.74483020703,0.544,0.4
24636.745087051393,0.528,0.392
24636.745343895753,0.544,0.424
24636.745600740116,0.528,0.424
24636.745857584476,0.536,0.4
24636.74611442884,0.528,0.4
24636.7463712732,0.536,0.40800000000000003
24636.746628117562,0.528,0.392
24636.74688496192,0.536,0.41600000000000004
24636.747141806285,0.528,0.40800000000000003
24636.747398650645,0.544,0.4
24636.747655495008,0.528,0.4
24636.747912339368,0.544,0.40800000000000003
24636.74816918373,0.528,0.4
24636.748426028094,0.544,0.424
24636.748682872454,0.528,0.40800000000000003
24636.748939716817,0.544,0.424
24636.749196561177,0.536,0.40800000000000003
24636.74945340554,0.528,0.392
24636.7497102499,0.528,0.392
24636.749967094263,0.544,0.41600000000000004
24636.750223938623,0.528,0.40800000000000003
24636.750480782986,0.536,0.424
24636.750737627346,0.528,0.424
24636.75099447171,0.544,0.40800000000000003
24636.75125131607,0.528,0.40800000000000003
24636.751508160432,0.544,0.41600000000000004
24636.751765004792,0.528,0.40800000000000003
24636.752021849155,0.544,0.40800000000000003
24636.75227869352,0.528,0.40800000000000003
24636.75253553788,0.544,0.41600000000000004
24636.75279238224,0.536,0.40800000000000003
24636.7530492266,0.52,0.41600000000000004
24636.753306070965,0.52,0.40800000000000003
24636.753562915324,0.544,0.41600000000000004
24636.753819759688,0.52,0.40800000000000003
24636.754076604047,0.536,0.41600000000000004
24636.75433344841,0.536,0.40800000000000003
24636.75459029277,0.528,0.41600000000000004
24636.754847137134,0.544,0.40800000000000003
24636.755103981493,0.52,0.41600000000000004
24636.755360825857,0.52,0.40800000000000003
24636.755617670216,0.536,0.41600000000000004
24636.75587451458,0.536,0.40800000000000003
24636.756131358943,0.52,0.41600000000000004
24636.756388203303,0.52,0.40800000000000003
24636.756645047666,0.528,0.41600000000000004
24636.756901892026,0.528,0.41600000000000004
24636.75715873639,0.52,0.40800000000000003
24636.75741558075,0.52,0.40800000000000003
24636.757672425112,0.544,0.41600000000000004
24636.75792926947,0.528,0.40800000000000003
24636.758186113835,0.52,0.41600000000000004
24636.758442958195,0.52,0.40800000000000003
24636.758699802558,0.544,0.41600000000000004
24636.758956646918,0.528,0.40800000000000003
24636.75921349128,0.544,0.41600000000000004
24636.75947033564,0.536,0.41600000000000004
24636.759727180004,0.52,0.40800000000000003
24636.759984024367,0.536,0.40800000000000003
24636.760240868727,0.52,0.41600000000000004
24636.76049771309,0.52,0.40800000000000003
24636.76075455745,0.544,0.41600000000000004
24636.761011401813,0.544,0.40800000000000003
24636.761268246173,0.512,0.424
24636.761525090536,0.528,0.40800000000000003
24636.761781934896,0.52,0.41600000000000004
24636.76203877926,0.52,0.40800000000000003
24636.76229562362,0.544,0.40800000000000003
24636.762552467982,0.544,0.40800000000000003
24636.762809312342,0.512,0.41600000000000004
24636.763066156705,0.52,0.40800000000000003
24636.763323001065,0.536,0.40800000000000003
24636.76357984543,0.52,0.40800000000000003
24636.76383668979,0.544,0.41600000000000004
24636.76409353415,0.536,0.41600000000000004
24636.764350378515,0.52,0.40800000000000003
24636.764607222874,0.536,0.40800000000000003
24636.764864067238,0.52,0.41600000000000004
24636.765120911597,0.52,0.40800000000000003
24636.76537775596,0.544,0.41600000000000004
24636.76563460032,0.536,0.40800000000000003
24636.765891444684,0.52,0.41600000000000004
24636.766148289043,0.528,0.40800000000000003
24636.766405133407,0.52,0.41600000000000004
24636.766661977766,0.536,0.40800000000000003
24636.76691882213,0.52,0.41600000000000004
24636.76717566649,0.544,0.40800000000000003
24636.767432510853,0.52,0.41600000000000004
24636.767689355216,0.528,0.40800000000000003
24636.767946199576,0.536,0.41600000000000004
24636.76820304394,0.536,0.40800000000000003
24636.7684598883,0.52,0.41600000000000004
24636.768716732662,0.528,0.41600000000000004
24636.768973577022,0.544,0.40800000000000003
24636.769230421385,0.528,0.41600000000000004
24636.769487265745,0.52,0.40800000000000003
24636.769744110108,0.52,0.41600000000000004
24636.770000954468,0.536,0.4
24636.77025779883,0.52,0.4
24636.77051464319,0.544,0.4
24636.770771487554,0.528,0.4
24636.771028331914,0.552,0.40800000000000003
24636.771285176277,0.544,0.40800000000000003
24636.77154202064,0.52,0.392
24636.771798865,0.528,0.40800000000000003
24636.772055709363,0.52,0.424
24636.772312553723,0.52,0.41600000000000004
24636.772569398086,0.536,0.424
24636.772826242446,0.52,0.424
24636.77308308681,0.536,0.4
24636.77333993117,0.528,0.4
24636.773596775532,0.536,0.40800000000000003
24636.773853619892,0.544,0.392
24636.774110464256,0.52,0.41600000000000004
24636.774367308615,0.52,0.424
24636.77462415298,0.536,0.4
24636.77488099734,0.52,0.4
24636.7751378417,0.536,0.40800000000000003
24636.775394686065,0.52,0.4
24636.775651530425,0.536,0.392
24636.775908374788,0.52,0.392
24636.776165219148,0.536,0.41600000000000004
24636.77642206351,0.528,0.40800000000000003
24636.77667890787,0.52,0.424
24636.776935752234,0.52,0.41600000000000004
24636.777192596594,0.536,0.432
24636.777449440957,0.544,0.41600000000000004
24636.777706285317,0.52,0.4
24636.77796312968,0.52,0.4
24636.77821997404,0.536,0.4
24636.778476818403,0.536,0.4
24636.778733662763,0.52,0.41600000000000004
24636.783991336823,0.528,-0.016
24636.784238586624,0.512,0.0
24636.784485836426,0.52,0.0
24636.784733086228,0.536,-0.016
24636.78498033603,0.52,0.0
24636.78522758583,0.536,-0.016
24636.785474835633,0.52,-0.016
24636.785722085435,0.536,0.0
24636.785969335237,0.52,0.0
24636.78621658504,0.544,-0.016
24636.786463834844,0.536,-0.016
24636.786711084646,0.528,0.0
24636.786958334447,0.536,-0.016
24636.78720558425,0.52,0.0
24636.78745283405,0.512,-0.016
24636.787700083853,0.528,0.0
24636.787947333654,0.52,0.0
24636.788194583456,0.528,-0.016
24636.788441833258,0.52,-0.008
24636.78868908306,0.528,0.0
24636.78893633286,0.52,-0.008
24636.789183582663,0.536,0.016
24636.789430832465,0.52,0.016
24636.789678082267,0.544,0.12
24636.78992533207,0.528,0.128
24636.79017258187,0.544,0.272
24636.790419831672,0.536,0.28
24636.790667081474,0.52,0.36
24636.790914331275,0.52,0.368
24636.79116158108,0.536,0.392
24636.791408830883,0.52,0.384
24636.791656080684,0.536,0.384
24636.791903330486,0.52,0.392
24636.792150580288,0.528,0.376
24636.79239783009,0.52,0.4
24636.79264507989,0.536,0.384
24636.792892329693,0.52,0.392
24636.793139579495,0.544,0.384
24636.793386829297,0.544,0.384
24636.7936340791,0.512,0.392
24636.7938813289,0.52,0.384
24636.794128578702,0.536,0.392
24636.794375828504,0.536,0.392
24636.794623078305,0.52,0.376
24636.794870328107,0.52,0.384
24636.79511757791,0.536,0.4
24636.79536482771,0.52,0.392
24636.795612077516,0.536,0.384
24636.795859327318,0.52,0.384
24636.79610657712,0.536,0.392
24636.79635382692,0.52,0.384
24636.796601076723,0.544,0.392
24636.796848326525,0.52,0.384
24636.797095576327,0.536,0.4
24636.79734282613,0.52,0.392
24636.79759007593,0.528,0.384
24636.797837325732,0.52,0.392
24636.798084575534,0.528,0.384
24636.798331825335,0.52,0.4
24636.798579075137,0.536,0.384
24636.79882632494,0.512,0.384
24636.79907357474,0.536,0.4
24636.799320824543,0.52,0.4
24636.799568074344,0.536,0.41600000000000004
24636.799815324146,0.528,0.384
24636.800062573948,0.544,0.4
24636.800309823753,0.536,0.392
24636.800557073555,0.52,0.384
24636.800804323357,0.528,0.384
24636.80105157316,0.52,0.4
24636.80129882296,0.52,0.384
24636.801546072762,0.536,0.4
24636.801793322564,0.52,0.384
24636.802040572366,0.544,0.392
24636.802287822167,0.544,0.384
24636.80253507197,0.52,0.4
24636.80278232177,0.52,0.392
24636.803029571573,0.536,0.384
24636.803276821374,0.52,0.384
24636.803524071176,0.528,0.392
24636.803771320978,0.52,0.384
24636.80401857078,0.528,0.4
24636.80426582058,0.528,0.4
24636.804513070383,0.52,0.384
24636.804760320185,0.52,0.384
24636.80500756999,0.528,0.392
24636.805254819792,0.52,0.392
24636.805502069594,0.536,0.384
24636.805749319396,0.52,0.384
24636.805996569197,0.536,0.392
24636.806243819,0.52,0.384
24636.8064910688,0.536,0.4
24636.806738318603,0.52,0.4
24636.806985568404,0.536,0.384
24636.807232818206,0.52,0.392
24636.807480068008,0.536,0.376
24636.80772731781,0.52,0.392
24636.80797456761,0.536,0.40800000000000003
24636.808221817413,0.52,0.40800000000000003
24636.808469067215,0.536,0.392
24636.808716317017,0.536,0.4
24636.80896356682,0.512,0.384
24636.80921081662,0.512,0.384
24636.809458066422,0.528,0.4
24636.809705316227,0.536,0.392
24636.80995256603,0.52,0.384
24636.81019981583,0.528,0.384
24636.810447065633,0.536,0.40800000000000003
24636.810694315434,0.528,0.4
24636.810941565236,0.544,0.40800000000000003
24636.811188815038,0.544,0.4
24636.81143606484,0.52,0.41600000000000004
24636.81168331464,0.536,0.41600000000000004
24636.811930564443,0.52,0.392
24636.812177814245,0.52,0.392
24636.812425064047,0.536,0.384
24636.81267231385,0.536,0.384
24636.81291956365,0.52,0.4
24636.813166813452,0.528,0.4
24636.813414063254,0.52,0.41600000000000004
24636.813661313055,0.52,0.4
24636.813908562857,0.536,0.41600000000000004
24636.814155812663,0.536,0.40800000000000003
24636.814403062464,0.52,0.392
24636.814650312266,0.52,0.4
24636.814897562068,0.536,0.384
24636.81514481187,0.528,0.384
24636.81539206167,0.52,0.392
24636.815639311473,0.52,0.384
24636.815886561275,0.528,0.392
24636.816133811077,0.52,0.384
24636.81638106088,0.536,0.392
24636.81662831068,0.536,0.4
24636.816875560482,0.52,0.384
24636.817122810284,0.528,0.384
24636.817370060086,0.52,0.4
24636.817617309887,0.52,0.384
24636.81786455969,0.536,0.392
24636.81811180949,0.52,0.384
24636.818359059293,0.536,0.4
24636.818606309094,0.52,0.4
24636.8188535589,0.536,0.40800000000000003
24636.8191008087,0.544,0.40800000000000003
24636.819348058503,0.52,0.392
24636.819595308305,0.52,0.4
24636.819842558107,0.536,0.384
24636.82008980791,0.52,0.4
24636.82033705771,0.536,0.384
24636.820584307512,0.544,0.384
24636.820831557314,0.52,0.392
24636.821078807116,0.528,0.384
24636.821326056917,0.512,0.392
24636.82157330672,0.528,0.376
24636.82182055652,0.536,0.4
24636.822067806323,0.528,0.40800000000000003
24636.822315056124,0.544,0.384
24636.822562305926,0.528,0.392
24636.822809555728,0.544,0.384
24636.82305680553,0.528,0.376
24636.82330405533,0.536,0.4
24636.823551305137,0.528,0.41600000000000004
24636.82379855494,0.544,0.392
24636.82404580474,0.528,0.4
24636.824293054542,0.536,0.384
24636.824540304344,0.536,0.392
24636.824787554146,0.528,0.4
24636.825034803947,0.528,0.4
24636.82528205375,0.544,0.41600000000000004
24636.82552930355,0.544,0.4
24636.825776553353,0.528,0.392
24636.826023803154,0.528,0.392
24636.826271052956,0.536,0.384
24636.826518302758,0.528,0.384
24636.82676555256,0.544,0.40800000000000003
24636.82701280236,0.544,0.4
24636.827260052163,0.528,0.41600000000000004
24636.827507301965,0.528,0.4
24636.827754551767,0.544,0.41600000000000004
24636.82800180157,0.528,0.40800000000000003
24636.828249051374,0.544,0.392
24636.828496301176,0.544,0.384
24636.828743550977,0.52,0.392
24636.82899080078,0.528,0.384
24636.82923805058,0.536,0.392
24636.829485300383,0.528,0.384
24636.829732550184,0.536,0.4
24636.829979799986,0.528,0.384
24636.830227049788,0.536,0.392
24636.83047429959,0.528,0.384
24636.83072154939,0.536,0.392
24636.830968799193,0.528,0.384
24636.831216048995,0.544,0.392
24636.831463298797,0.544,0.376
24636.8317105486,0.528,0.4
24636.8319577984,0.528,0.4
24636.832205048202,0.544,0.41600000000000004
24636.832452298004,0.528,0.41600000000000004
24636.83269954781,0.544,0.392
24636.83294679761,0.536,0.392
24636.833194047413,0.528,0.376
24636.833441297214,0.528,0.376
24636.833688547016,0.544,0.4
24636.833935796818,0.536,0.40800000000000003
24636.83418304662,0.52,0.384
24636.83443029642,0.52,0.384
24636.834677546223,0.544,0.392
24636.834924796025,0.536,0.392
24636.835172045827,0.512,0.40800000000000003
24636.83541929563,0.52,0.4
24636.83566654543,0.536,0.384
24636.835913795232,0.528,0.384
24636.836161045034,0.512,0.392
24636.836408294836,0.52,0.384
24636.836655544637,0.536,0.4
24636.83690279444,0.52,0.384
24636.83715004424,0.536,0.392
24636.837397294046,0.52,0.376
24636.837644543848,0.536,0.392
24636.83789179365,0.528,0.376
24636.83813904345,0.544,0.4
24636.838386293253,0.544,0.4
24636.838633543055,0.512,0.40800000000000003
24636.838880792857,0.536,0.41600000000000004
24636.83912804266,0.52,0.4
24636.83937529246,0.52,0.40800000000000003
24636.839622542262,0.536,0.392
24636.839869792064,0.52,0.384
24636.840117041866,0.544,0.4
24636.840364291667,0.52,0.384
24636.84061154147,0.528,0.40800000000000003
24636.84085879127,0.52,0.4
24636.841106041073,0.528,0.392
24636.841353290874,0.52,0.384
24636.841600540676,0.528,0.4
24636.841847790478,0.536,0.4
24636.842095040283,0.512,0.41600000000000004
24636.842342290085,0.52,0.4
24636.842589539887,0.528,0.41600000000000004
24636.84283678969,0.52,0.4
24636.84308403949,0.528,0.41600000000000004
24636.843331289292,0.52,0.4
24636.843578539094,0.536,0.41600000000000004
24636.843825788896,0.536,0.40800000000000003
24636.844073038697,0.52,0.41600000000000004
24636.8443202885,0.52,0.41600000000000004
24636.8445675383,0.536,0.40800000000000003
24636.844814788103,0.52,0.41600000000000004
24636.845062037904,0.552,0.392
24636.845309287706,0.552,0.4
24636.845556537508,0.52,0.384
24636.84580378731,0.512,0.384
24636.84605103711,0.528,0.392
24636.846298286913,0.52,0.392
24636.846545536715,0.536,0.376
24636.84679278652,0.536,0.384
24636.847040036322,0.512,0.4
24636.847287286124,0.512,0.4
24636.847534535926,0.536,0.384
24636.847781785727,0.528,0.384
24636.84802903553,0.544,0.384
24636.84827628533,0.528,0.384
24636.848523535133,0.536,0.392
24636.848770784934,0.528,0.4
24636.849018034736,0.544,0.384
24636.849265284538,0.528,0.384
24636.84951253434,0.544,0.392
24636.84975978414,0.52,0.384
24636.850007033943,0.536,0.384
24636.850254283745,0.52,0.4
24636.850501533547,0.536,0.376
24636.85074878335,0.52,0.376
24636.85099603315,0.544,0.304
24636.851243282956,0.52,0.304
24636.851490532757,0.544,0.16
24636.85173778256,0.528,0.152
24636.85198503236,0.544,0.056
24636.852232282163,0.52,0.048
24636.852479531964,0.536,0.008
24636.852726781766,0.52,0.008
24636.852974031568,0.536,-0.008
24636.85322128137,0.52,0.0
24636.85346853117,0.536,-0.008
24636.853715780973,0.52,0.0
24636.853963030775,0.536,-0.016
24636.854210280577,0.536,-0.008
24636.85445753038,0.52,0.0
24636.85470478018,0.536,0.0
24636.854952029982,0.52,-0.008
24636.855199279784,0.52,0.0
24636.855446529586,0.536,-0.016
24636.855693779387,0.536,-0.008
24636.855941029193,0.52,0.0
24636.856188278995,0.544,-0.008
24636.856435528796,0.512,0.0
24636.856682778598,0.52,-0.008
24636.8569300284,0.528,0.0
24636.8571772782,0.52,0.0
24636.857424528003,0.528,-0.016
24636.857671777805,0.52,0.0
24636.857919027607,0.536,-0.016
24636.85816627741,0.52,-0.008
24636.85841352721,0.536,0.0
24636.858660777012,0.552,0.0
24636.858908026814,0.52,-0.016
24636.859155276616,0.536,0.0
24636.859402526417,0.512,-0.016
24636.85964977622,0.52,-0.016
24636.85989702602,0.536,0.0
24636.860144275823,0.536,-0.008
24636.860391525624,0.52,0.0
24636.86063877543,0.52,-0.008
24636.86088602523,0.536,0.0
24636.861133275033,0.528,0.0
24636.861380524835,0.552,-0.016
24636.861627774637,0.52,0.0
24636.86187502444,0.536,-0.016
24636.86212227424,0.52,0.0
24636.862369524042,0.536,-0.016
24636.862616773844,0.52,0.0
24636.862864023646,0.536,-0.016
24636.863111273447,0.536,0.0
24636.86335852325,0.52,-0.016
24636.86360577305,0.52,0.0
24636.863853022853,0.536,-0.008
24636.864100272654,0.552,0.0
24636.864347522456,0.52,-0.016
24636.864594772258,0.52,0.0
24636.86484202206,0.536,-0.016
24636.86508927186,0.528,-0.016
24636.865336521667,0.544,0.0
24636.86558377147,0.528,0.0
24636.86583102127,0.52,-0.016
24636.866078271072,0.52,0.0
24636.866325520874,0.528,-0.016
24636.866572770676,0.52,0.0
24636.866820020477,0.536,-0.016
24636.86706727028,0.52,-0.016
24636.86731452008,0.552,0.0
24636.867561769883,0.544,-0.016
24636.867809019685,0.52,0.0
24636.868056269486,0.52,0.0
24636.868303519288,0.544,-0.016
24636.86855076909,0.536,0.0
24636.86879801889,0.52,-0.016
24636.869045268693,0.544,0.0
24636.869292518495,0.52,-0.016
24636.869539768297,0.544,0.0
24636.869787018102,0.512,-0.016
24636.870034267904,0.52,0.0
24636.870281517706,0.528,-0.016
24636.870528767507,0.52,0.0
24636.87077601731,0.536,-0.016
24636.87102326711,0.536,0.0
24636.871270516913,0.52,-0.016
24636.871517766715,0.52,-0.016
24636.871765016516,0.536,0.0
24636.872012266318,0.52,-0.016
24636.87225951612,0.536,0.0
24636.87250676592,0.52,0.0
24636.872754015723,0.536,-0.016
24636.873001265525,0.536,0.0
24636.873248515327,0.512,-0.016
24636.87349576513,0.512,-0.016
24636.87374301493,0.528,0.0
24636.873990264732,0.52,-0.008
24636.874237514534,0.536,0.0
24636.87448476434,0.544,-0.016
24636.87473201414,0.52,0.0
24636.874979263943,0.52,-0.016
24636.875226513745,0.536,0.0
24636.875473763546,0.52,-0.016
24636.875721013348,0.536,0.0
24636.87596826315,0.536,0.0
24636.87621551295,0.52,-0.016
24636.876462762753,0.52,-0.016
24636.876710012555,0.536,0.0
24636.876957262357,0.544,-0.016
24636.87720451216,0.52,0.0
24636.87745176196,0.52,0.0
24636.877699011762,0.536,-0.016
24636.877946261564,0.544,0.0
24636.878193511366,0.52,-0.016
24636.878440761167,0.528,-0.016
24636.87868801097,0.52,0.0
24636.87893526077,0.52,-0.016
24636.879182510576,0.536,0.0
24636.879429760378,0.528,-0.016
24636.87967701018,0.544,0.0
24636.87992425998,0.52,-0.016
24636.880171509783,0.536,0.0
24636.880418759585,0.536,-0.016
24636.880666009387,0.52,0.0
24636.88091325919,0.52,0.0
24636.88116050899,0.536,-0.016
24636.881407758792,0.52,-0.016
24636.881655008594,0.528,0.0
24636.881902258396,0.52,-0.016
24636.882149508197,0.536,0.0
24636.882396758,0.536,0.0
24636.8826440078,0.52,-0.016
24636.882891257603,0.52,-0.016
24636.883138507405,0.536,0.0
24636.883385757206,0.544,-0.016
24636.883633007008,0.52,0.0
24636.883880256813,0.52,-0.016
24636.884127506615,0.536,0.0
24636.884374756417,0.536,-0.016
24636.88462200622,0.52,0.0
24636.88486925602,0.52,-0.016
24636.885116505822,0.536,0.0
24636.885363755624,0.52,-0.016
24636.885611005426,0.528,0.0
24636.885858255228,0.52,-0.016
24636.88610550503,0.544,0.0
24636.88635275483,0.536,0.0
24636.886600004633,0.52,-0.016
24636.886847254435,0.52,-0.016
24636.887094504236,0.536,0.0
24636.887341754038,0.52,0.0
24636.88758900384,0.536,-0.016
24636.88783625364,0.544,-0.016
24636.888083503443,0.528,0.0
24636.88833075325,0.52,-0.016
24636.88857800305,0.544,0.0
24636.888825252852,0.52,0.0
24636.889072502654,0.544,-0.016
24636.889319752456,0.52,0.0
24636.889567002258,0.544,-0.016
24636.88981425206,0.544,0.0
24636.89006150186,0.512,-0.016
24636.890308751663,0.512,0.0
24636.890556001465,0.544,-0.016
24636.890803251266,0.528,0.0
24636.891050501068,0.536,-0.016
24636.89129775087,0.528,0.0
24636.89154500067,0.536,-0.016
24636.891792250473,0.528,-0.016
24636.892039500275,0.536,0.0
24636.892286750077,0.528,-0.016
24636.89253399988,0.544,0.0
24636.89278124968,0.544,-0.016
24636.893028499486,0.52,0.0
24636.893275749288,0.536,0.0
24636.89352299909,0.528,-0.016
24636.89377024889,0.528,0.0
24636.894017498693,0.544,-0.016
24636.894264748495,0.528,-0.016
24636.894511998296,0.544,0.0
24636.894759248098,0.528,-0.016
24636.8950064979,0.544,0.0
24636.8952537477,0.528,-0.016
24636.895500997503,0.536,0.0
24636.895748247305,0.528,0.0
24636.895995497107,0.544,-0.016
24636.89624274691,0.528,0.0
24636.89648999671,0.536,-0.016
24636.896737246512,0.528,0.0
24636.896984496314,0.544,-0.016
24636.897231746116,0.544,0.0
24636.897478995917,0.528,-0.016
24636.897726245723,0.528,-0.016
24636.897973495525,0.544,0.0
24636.898220745326,0.528,-0.016
24636.898467995128,0.544,0.0
24636.89871524493,0.528,-0.016
24636.89896249473,0.536,0.0
24636.899209744533,0.528,-0.016
24636.899456994335,0.536,0.0
24636.899704244137,0.528,0.0
24636.89995149394,0.544,-0.016
24636.90019874374,0.528,0.0
24636.900445993542,0.544,-0.016
24636.900693243344,0.528,0.0
24636.900940493146,0.544,-0.016
24636.901187742948,0.528,-0.016
24636.90143499275,0.544,0.0
24636.90168224255,0.528,-0.016
24636.901929492353,0.544,0.0
24636.902176742155,0.528,-0.016
24636.90242399196,0.544,0.0
24636.90267124176,0.528,-0.016
24636.902918491563,0.544,0.0
24636.903165741365,0.528,-0.016
24636.903412991167,0.536,0.0
24636.90366024097,0.528,-0.016
24636.90390749077,0.544,0.0
24636.904154740572,0.528,-0.016
24636.904401990374,0.536,0.0
24636.904649240176,0.528,0.0
24636.904896489978,0.544,-0.016
24636.90514373978,0.528,-0.016
24636.90539098958,0.544,0.0
24636.905638239383,0.528,-0.016
24636.905885489185,0.544,0.0
24636.906132738986,0.528,-0.016
24636.906379988788,0.544,0.0
24636.90662723859,0.536,-0.016
24636.906874488395,0.528,0.0
24636.907121738197,0.528,-0.016
24636.907368988,0.536,0.0
24636.9076162378,0.536,-0.016
24636.907863487602,0.52,0.0
24636.908110737404,0.528,-0.016
24636.908357987206,0.544,0.0
24636.908605237008,0.528,-0.016
24636.90885248681,0.544,0.0
24636.90909973661,0.528,0.0
24636.909346986413,0.544,-0.016
24636.909594236215,0.528,-0.016
24636.909841486016,0.544,0.0
24636.910088735818,0.528,-0.016
24636.91033598562,0.544,0.0
24636.91058323542,0.528,-0.016
24636.910830485223,0.544,0.0
24636.911077735025,0.528,-0.008
24636.911324984827,0.544,-0.016
24636.911572234632,0.528,0.0
24636.911819484434,0.544,-0.016
24636.912066734236,0.528,0.0
24636.912313984038,0.544,-0.016
24636.91256123384,0.536,-0.008
24636.91280848364,0.52,0.024
24636.913055733443,0.528,0.024
24636.913302983245,0.544,0.128
24636.913550233046,0.528,0.136
24636.913797482848,0.544,0.272
24636.91404473265,0.544,0.28
24636.91429198245,0.528,0.36
24636.914539232253,0.528,0.368
24636.914786482055,0.544,0.384
24636.915033731857,0.528,0.384
24636.91528098166,0.544,0.40800000000000003
24636.91552823146,0.528,0.392
24636.915775481262,0.536,0.40800000000000003
24636.916022731064,0.544,0.392
24636.91626998087,0.528,0.40800000000000003
24636.91651723067,0.528,0.392
24636.916764480473,0.536,0.40800000000000003
24636.917011730275,0.528,0.392
24636.917258980076,0.536,0.40800000000000003
24636.91750622988,0.536,0.40800000000000003
24636.91775347968,0.52,0.392
24636.91800072948,0.528,0.392
24636.918247979283,0.544,0.4
24636.918495229085,0.528,0.40800000000000003
24636.918742478887,0.536,0.392
24636.91898972869,0.528,0.40800000000000003
24636.91923697849,0.544,0.392
24636.919484228292,0.528,0.392
24636.919731478094,0.544,0.40800000000000003
24636.919978727896,0.528,0.4
24636.920225977698,0.544,0.40800000000000003
24636.9204732275,0.528,0.392
24636.9207204773,0.536,0.40800000000000003
24636.920967727106,0.528,0.392
24636.92121497691,0.544,0.40800000000000003
24636.92146222671,0.528,0.392
24636.92170947651,0.536,0.40800000000000003
24636.921956726314,0.528,0.40800000000000003
24636.922203976115,0.544,0.4
24636.922451225917,0.528,0.40800000000000003
24636.92269847572,0.544,0.392
24636.92294572552,0.528,0.392
24636.923192975322,0.544,0.40800000000000003
24636.923440225124,0.528,0.4
24636.923687474926,0.544,0.392
24636.923934724728,0.528,0.4
24636.92418197453,0.544,0.392
24636.92442922433,0.528,0.4
24636.924676474133,0.536,0.392
24636.924923723935,0.528,0.392
24636.925170973736,0.536,0.40800000000000003
24636.92541822354,0.528,0.392
24636.925665473344,0.544,0.40800000000000003
24636.925912723145,0.528,0.392
24636.926159972947,0.536,0.40800000000000003
24636.92640722275,0.528,0.392
24636.92665447255,0.544,0.40800000000000003
24636.926901722352,0.536,0.40800000000000003
24636.927148972154,0.528,0.392
24636.927396221956,0.544,0.40800000000000003
24636.927643471758,0.52,0.392
24636.92789072156,0.528,0.392
24636.92813797136,0.544,0.40800000000000003
24636.928385221163,0.544,0.4
24636.928632470965,0.528,0.40800000000000003
24636.928879720766,0.528,0.392
24636.929126970568,0.544,0.40800000000000003
24636.92937422037,0.528,0.40800000000000003
24636.92962147017,0.536,0.392
24636.929868719973,0.528,0.40800000000000003
24636.93011596978,0.544,0.392
24636.93036321958,0.528,0.392
24636.930610469382,0.536,0.40800000000000003
24636.930857719184,0.528,0.392
24636.931104968986,0.544,0.40800000000000003
24636.931352218788,0.528,0.4
24636.93159946859,0.544,0.392
24636.93184671839,0.528,0.392
24636.932093968193,0.536,0.40800000000000003
24636.932341217995,0.536,0.4
24636.932588467796,0.52,0.40800000000000003
24636.9328357176,0.528,0.40800000000000003
24636.9330829674,0.544,0.392
24636.9333302172,0.528,0.4
24636.933577467003,0.544,0.392
24636.933824716805,0.528,0.40800000000000003
24636.934071966607,0.536,0.392
24636.93431921641,0.528,0.392
24636.93456646621,0.536,0.40800000000000003
24636.934813716016,0.528,0.392
24636.935060965818,0.536,0.40800000000000003
24636.93530821562,0.528,0.392
24636.93555546542,0.544,0.40800000000000003
24636.935802715223,0.528,0.40800000000000003
24636.936049965025,0.544,0.392
24636.936297214826,0.528,0.40800000000000003
24636.93654446463,0.544,0.392
24636.93679171443,0.528,0.392
24636.93703896423,0.544,0.40800000000000003
24636.937286214034,0.52,0.4
24636.937533463835,0.544,0.392
24636.937780713637,0.528,0.40800000000000003
24636.93802796344,0.536,0.392
24636.93827521324,0.528,0.40800000000000003
24636.938522463042,0.536,0.392
24636.938769712844,0.528,0.40800000000000003
24636.939016962646,0.544,0.392
24636.939264212448,0.528,0.392
24636.939511462253,0.544,0.40800000000000003
24636.939758712055,0.528,0.4
24636.940005961857,0.536,0.392
24636.94025321166,0.544,0.392
24636.94050046146,0.528,0.4
24636.94074771126,0.544,0.40800000000000003
24636.940994961064,0.52,0.392
24636.941242210865,0.528,0.392
24636.941489460667,0.544,0.40800000000000003
24636.94173671047,0.536,0.4
24636.94198396027,0.52,0.384
24636.942231210072,0.52,0.4
24636.942478459874,0.544,0.384
24636.942725709676,0.52,0.384
24636.942972959478,0.536,0.4
24636.94322020928,0.536,0.4
24636.94346745908,0.52,0.384
24636.943714708883,0.528,0.4
24636.94396195869,0.52,0.384
24636.94420920849,0.52,0.384
24636.944456458292,0.528,0.392
24636.944703708094,0.52,0.384
24636.944950957895,0.536,0.392
24636.945198207697,0.52,0.384
24636.9454454575,0.544,0.40800000000000003
24636.9456927073,0.528,0.4
24636.945939957102,0.512,0.392
24636.946187206904,0.512,0.4
24636.946434456706,0.528,0.384
24636.946681706508,0.52,0.384
24636.94692895631,0.536,0.392
24636.94717620611,0.544,0.384
24636.947423455913,0.52,0.40800000000000003
24636.947670705715,0.52,0.4
24636.947917955516,0.528,0.41600000000000004
24636.94816520532,0.512,0.41600000000000004
24636.94841245512,0.536,0.4
24636.948659704925,0.52,0.41600000000000004
24636.948906954727,0.536,0.384
24636.94915420453,0.52,0.392
24636.94940145433,0.528,0.384
24636.949648704132,0.52,0.392
24636.949895953934,0.536,0.384
24636.950143203736,0.52,0.376
24636.950390453538,0.552,0.4
24636.95063770334,0.512,0.40800000000000003
24636.95088495314,0.536,0.392
24636.951132202943,0.52,0.392
24636.951379452745,0.528,0.384
24636.951626702546,0.52,0.384
24636.95187395235,0.528,0.4
24636.95212120215,0.52,0.40800000000000003
24636.95236845195,0.544,0.4
24636.952615701754,0.528,0.40800000000000003
24636.952862951555,0.544,0.384
24636.953110201357,0.536,0.376
24636.953357451162,0.52,0.40800000000000003
24636.953604700964,0.512,0.4
24636.953851950766,0.536,0.41600000000000004
24636.954099200568,0.52,0.4
24636.95434645037,0.536,0.384
24636.95459370017,0.52,0.384
24636.954840949973,0.536,0.4
24636.955088199775,0.52,0.4
24636.955335449577,0.544,0.384
24636.95558269938,0.544,0.392
24636.95582994918,0.528,0.384
24636.95607719898,0.536,0.392
24636.956324448784,0.52,0.384
24636.956571698585,0.536,0.384
24636.956818948387,0.52,0.392
24636.95706619819,0.536,0.384
24636.95731344799,0.512,0.392
24636.957560697792,0.536,0.384
24636.957807947594,0.512,0.4
24636.9580551974,0.52,0.384
24636.9583024472,0.536,0.40800000000000003
24636.958549697003,0.52,0.392
24636.958796946805,0.536,0.384
24636.959044196607,0.52,0.392
24636.95929144641,0.528,0.376
24636.95953869621,0.52,0.376
24636.959785946012,0.536,0.40800000000000003
24636.960033195814,0.52,0.40800000000000003
24636.960280445615,0.528,0.4
24636.960527695417,0.52,0.40800000000000003
24636.96077494522,0.536,0.41600000000000004
24636.96102219502,0.52,0.41600000000000004
24636.961269444822,0.536,0.4
24636.961516694624,0.52,0.41600000000000004
24636.961763944426,0.544,0.4
24636.962011194228,0.552,0.4
24636.96225844403,0.52,0.41600000000000004
24636.962505693835,0.528,0.41600000000000004
24636.962752943637,0.512,0.4
24636.96300019344,0.52,0.4
24636.96324744324,0.536,0.392
24636.963494693042,0.52,0.4
24636.963741942844,0.536,0.384
24636.963989192645,0.52,0.384
24636.964236442447,0.536,0.392
24636.96448369225,0.52,0.376
24636.96473094205,0.528,0.4
24636.964978191852,0.52,0.4
24636.965225441654,0.536,0.40800000000000003
24636.965472691456,0.536,0.40800000000000003
24636.965719941258,0.52,0.4
24636.96596719106,0.52,0.40800000000000003
24636.96621444086,0.536,0.41600000000000004
24636.966461690663,0.52,0.41600000000000004
24636.966708940465,0.536,0.4
24636.966956190267,0.52,0.4
24636.967203440072,0.536,0.40800000000000003
24636.967450689874,0.52,0.4
24636.967697939675,0.536,0.384
24636.967945189477,0.52,0.392
24636.96819243928,0.536,0.384
24636.96843968908,0.52,0.384
24636.968686938882,0.536,0.4
24636.968934188684,0.528,0.4
24636.969181438486,0.536,0.40800000000000003
24636.969428688288,0.536,0.4
24636.96967593809,0.512,0.41600000000000004
24636.96992318789,0.512,0.4
24636.970170437693,0.528,0.41600000000000004
24636.970417687495,0.52,0.392
24636.970664937297,0.536,0.40800000000000003
24636.9709121871,0.52,0.4
24636.9711594369,0.528,0.384
24636.9714066867,0.52,0.384
24636.971653936504,0.528,0.4
24636.97190118631,0.544,0.384
24636.97214843611,0.52,0.4
24636.972395685912,0.544,0.4
24636.972642935714,0.512,0.40800000000000003
24636.972890185516,0.52,0.41600000000000004
24636.973137435318,0.512,0.392
24636.97338468512,0.512,0.4
24636.97363193492,0.536,0.384
24636.973879184723,0.52,0.384
24636.974126434525,0.528,0.384
24636.974373684327,0.52,0.384
24636.97462093413,0.536,0.32
24636.97486818393,0.52,0.304
24636.975115433732,0.544,0.168
24636.975362683534,0.536,0.16
24636.975609933335,0.52,0.064
24636.975857183137,0.52,0.056
24636.97610443294,0.536,0.008
24636.97635168274,0.536,0.008
24636.976598932546,0.512,-0.008
24636.976846182348,0.52,-0.008
24636.97709343215,0.536,0.0
24636.97734068195,0.52,0.0
24636.977587931753,0.536,-0.008
24636.977835181555,0.52,-0.008
24636.978082431357,0.536,0.0
24636.97832968116,0.52,0.0
24636.97857693096,0.536,-0.008
24636.978824180762,0.52,0.0
24636.979071430564,0.528,-0.016
24636.979318680365,0.52,0.0
24636.979565930167,0.536,-0.016
24636.97981317997,0.544,0.0
24636.98006042977,0.512,-0.016
24636.980307679572,0.52,0.0
24636.980554929374,0.528,-0.008
24636.980802179176,0.52,0.0
24636.98104942898,0.536,-0.016
24636.981296678783,0.536,0.0
24636.981543928585,0.52,-0.008
24636.981791178387,0.52,0.0
24636.98203842819,0.536,-0.016
24636.98228567799,0.536,-0.008
24636.982532927792,0.512,0.0
24636.982780177594,0.512,-0.008
24636.983027427395,0.528,0.0
24636.983274677197,0.536,-0.008
24636.983521927,0.52,0.0
24636.9837691768,0.52,0.0
24636.984016426602,0.536,-0.016
24636.984263676404,0.52,-0.016
24636.984510926206,0.536,0.0
24636.984758176008,0.52,0.0
24636.98500542581,0.528,-0.016
24636.98525267561,0.528,0.0
24636.985499925413,0.52,-0.008
24636.98574717522,0.52,-0.008
24636.98599442502,0.536,0.0
24636.986241674822,0.52,-0.008
24636.986488924624,0.536,0.0
24636.986736174425,0.536,0.0
24636.986983424227,0.512,-0.016
24636.98723067403,0.512,0.0
24636.98747792383,0.536,-0.016
24636.987725173632,0.52,0.0
24636.987972423434,0.528,-0.008
24636.988219673236,0.536,0.0
24636.988466923038,0.52,-0.016
24636.98871417284,0.52,0.0
24636.98896142264,0.536,-0.016
24636.989208672443,0.536,0.0
24636.989455922245,0.52,-0.016
24636.989703172047,0.52,0.0
24636.98995042185,0.528,-0.016
24636.99019767165,0.52,0.0
24636.990444921455,0.536,-0.016
24636.990692171257,0.52,0.0
24636.99093942106,0.536,-0.016
24636.99118667086,0.52,0.0
24636.991433920663,0.536,-0.016
24636.991681170464,0.52,0.0
24636.991928420266,0.536,-0.016
24636.992175670068,0.52,0.0
24636.99242291987,0.536,-0.016
24636.99267016967,0.52,-0.016
24636.992917419473,0.544,0.0
24636.993164669275,0.52,0.0
24636.993411919077,0.536,-0.016
24636.99365916888,0.528,-0.016
24636.99390641868,0.544,0.0
24636.994153668482,0.536,0.0
24636.994400918284,0.512,-0.016
24636.994648168085,0.512,0.0
24636.994895417887,0.528,-0.016
24636.995142667693,0.512,-0.016
24636.995389917494,0.528,0.0
24636.995637167296,0.52,0.0
24636.995884417098,0.536,-0.016
24636.9961316669,0.528,0.0
24636.9963789167,0.52,-0.016
24636.996626166503,0.52,0.0
24636.996873416305,0.528,-0.016
24636.997120666107,0.52,-0.016
24636.99736791591,0.536,0.0
24636.99761516571,0.52,-0.016
24636.997862415512,0.536,0.0
24636.998109665314,0.536,0.0
24636.998356915115,0.52,-0.016
24636.998604164917,0.52,0.0
24636.99885141472,0.536,-0.016
24636.99909866452,0.528,-0.016
24636.999345914322,0.52,0.0
24636.999593164128,0.52,0.0
24636.99984041393,0.528,-0.016
24637.00008766373,0.52,0.0
24637.000334913533,0.536,-0.016
24637.000582163335,0.536,-0.016
24637.000829413137,0.52,0.0
24637.00107666294,0.52,-0.016
24637.00132391274,0.536,0.0
24637.001571162542,0.52,-0.016
24637.001818412344,0.536,0.0
24637.002065662145,0.536,-0.016
24637.002312911947,0.504,0.0
24637.00256016175,0.512,-0.016
24637.00280741155,0.528,0.0
24637.003054661353,0.52,-0.016
24637.003301911154,0.536,0.0
24637.003549160956,0.52,-0.016
24637.003796410758,0.536,0.0
24637.00404366056,0.52,-0.016
24637.004290910365,0.536,0.0
24637.004538160167,0.52,0.0
24637.00478540997,0.536,-0.016
24637.00503265977,0.52,0.0
24637.005279909572,0.536,-0.016
24637.005527159374,0.536,-0.016
24637.005774409176,0.512,0.0
24637.006021658977,0.52,0.0
24637.00626890878,0.536,-0.016
24637.00651615858,0.536,-0.016
24637.006763408383,0.512,0.0
24637.007010658184,0.528,0.0
24637.007257907986,0.512,-0.016
24637.007505157788,0.52,-0.016
24637.00775240759,0.536,0.0
24637.00799965739,0.52,-0.016
24637.008246907193,0.536,0.0
24637.008494156995,0.52,0.0
24637.008741406797,0.544,-0.016
24637.008988656602,0.512,-0.016
24637.009235906404,0.536,0.0
24637.009483156206,0.52,-0.016
24637.009730406007,0.544,0.0
24637.00997765581,0.544,-0.016
24637.01022490561,0.512,0.0
24637.010472155413,0.512,-0.016
24637.010719405214,0.528,0.0
24637.010966655016,0.528,-0.016
24637.011213904818,0.512,0.0
24637.01146115462,0.528,-0.016
24637.01170840442,0.512,0.0
24637.011955654223,0.528,-0.016
24637.012202904025,0.512,0.0
24637.012450153827,0.52,0.0
24637.01269740363,0.536,-0.016
24637.01294465343,0.52,-0.016
24637.013191903232,0.528,0.0
24637.013439153034,0.52,-0.016
24637.01368640284,0.544,0.0
24637.01393365264,0.52,0.0
24637.014180902443,0.528,-0.016
24637.014428152244,0.552,-0.016
24637.014675402046,0.52,0.0
24637.014922651848,0.536,0.0
24637.01516990165,0.512,-0.016
24637.01541715145,0.52,-0.016
24637.015664401253,0.536,0.0
24637.015911651055,0.52,-0.016
24637.016158900857,0.536,0.0
24637.01640615066,0.52,0.0
24637.01665340046,0.528,-0.016
24637.016900650262,0.536,-0.016
24637.017147900064,0.52,0.0
24637.017395149865,0.52,-0.016
24637.017642399667,0.536,0.0
24637.01788964947,0.536,-0.016
24637.018136899274,0.528,-0.008
24637.018384149076,0.528,-0.016
24637.018631398878,0.544,0.0
24637.01887864868,0.536,0.0
24637.01912589848,0.512,-0.016
24637.019373148283,0.52,0.0
24637.019620398085,0.536,-0.016
24637.019867647887,0.52,0.0
24637.02011489769,0.544,-0.016
24637.02036214749,0.536,-0.016
24637.020609397292,0.52,0.0
24637.020856647094,0.52,-0.016
24637.021103896896,0.536,0.0
24637.021351146697,0.528,0.0
24637.0215983965,0.512,-0.016
24637.0218456463,0.52,-0.016
24637.022092896103,0.528,0.0
24637.022340145904,0.52,0.0
24637.022587395706,0.536,-0.016
24637.02283464551,0.536,-0.016
24637.023081895313,0.52,0.0
24637.023329145115,0.528,-0.016
24637.023576394917,0.52,0.0
24637.02382364472,0.52,-0.016
24637.02407089452,0.536,0.0
24637.024318144322,0.536,0.0
24637.024565394124,0.52,-0.016
24637.024812643926,0.52,-0.016
24637.025059893727,0.528,0.0
24637.02530714353,0.52,-0.016
24637.02555439333,0.544,0.0
24637.025801643133,0.536,-0.016
24637.026048892934,0.52,0.0
24637.026296142736,0.536,0.0
24637.026543392538,0.512,-0.016
24637.02679064234,0.52,-0.016
24637.02703789214,0.536,0.0
24637.027285141943,0.536,-0.016
24637.02753239175,0.52,0.0
24637.02777964155,0.52,-0.016
24637.028026891352,0.544,0.0
24637.028274141154,0.536,0.0
24637.028521390956,0.52,-0.016
24637.028768640757,0.52,-0.016
24637.02901589056,0.536,0.0
24637.02926314036,0.544,-0.016
24637.029510390163,0.52,0.0
24637.029757639964,0.528,-0.016
24637.030004889766,0.512,0.0
24637.030252139568,0.52,0.0
24637.03049938937,0.528,-0.016
24637.03074663917,0.52,-0.016
24637.030993888973,0.536,0.0
24637.031241138775,0.512,-0.016
24637.031488388577,0.536,0.0
24637.03173563838,0.52,-0.016
24637.03198288818,0.536,0.0
24637.032230137986,0.52,-0.016
24637.032477387787,0.536,0.0
24637.03272463759,0.52,0.0
24637.03297188739,0.536,-0.016
24637.033219137193,0.536,-0.016
24637.033466386994,0.52,0.0
24637.033713636796,0.52,-0.016
24637.033960886598,0.536,0.0
24637.0342081364,0.528,-0.016
24637.0344553862,0.52,0.0
24637.034702636003,0.52,-0.016
24637.034949885805,0.536,0.0
24637.035197135607,0.52,-0.016
24637.03544438541,0.528,-0.008
24637.03569163521,0.52,0.0
24637.035938885012,0.536,-0.016
24637.036186134814,0.552,-0.008
24637.036433384616,0.52,0.024
24637.03668063442,0.52,0.024
24637.036927884223,0.528,0.128
24637.037175134024,0.52,0.128
24637.037422383826,0.536,0.264
24637.037669633628,0.528,0.272
24637.03791688343,0.52,0.368
24637.03816413323,0.52,0.368
24637.038411383033,0.536,0.392
24637.038658632835,0.536,0.384
24637.038905882637,0.52,0.376
24637.03915313244,0.536,0.392
24637.03940038224,0.52,0.40800000000000003
24637.039647632042,0.52,0.392
24637.039894881844,0.536,0.384
24637.040142131646,0.536,0.392
24637.040389381447,0.52,0.41600000000000004
24637.04063663125,0.52,0.4
24637.04088388105,0.536,0.40800000000000003
24637.041131130853,0.52,0.392
24637.041378380658,0.536,0.40800000000000003
24637.04162563046,0.536,0.392
24637.04187288026,0.52,0.40800000000000003
24637.042120130063,0.528,0.4
24637.042367379865,0.52,0.392
24637.042614629667,0.52,0.40800000000000003
24637.04286187947,0.536,0.392
24637.04310912927,0.52,0.4
24637.043356379072,0.536,0.392
24637.043603628874,0.52,0.392
24637.043850878676,0.536,0.40800000000000003
24637.044098128477,0.52,0.392
24637.04434537828,0.536,0.40800000000000003
24637.04459262808,0.52,0.40800000000000003
24637.044839877883,0.544,0.392
24637.045087127684,0.52,0.40800000000000003
24637.045334377486,0.536,0.392
24637.045581627288,0.52,0.392
24637.04582887709,0.536,0.40800000000000003
24637.046076126895,0.52,0.392
24637.046323376697,0.536,0.40800000000000003
24637.0465706265,0.544,0.4
24637.0468178763,0.52,0.40800000000000003
24637.047065126102,0.52,0.40800000000000003
24637.047312375904,0.528,0.392
24637.047559625706,0.52,0.392
24637.047806875507,0.528,0.384
24637.04805412531,0.52,0.4
24637.04830137511,0.536,0.384
24637.048548624913,0.52,0.384
24637.048795874714,0.536,0.4
24637.049043124516,0.52,0.392
24637.049290374318,0.512,0.41600000000000004
24637.04953762412,0.52,0.40800000000000003
24637.04978487392,0.536,0.384
24637.050032123723,0.536,0.392
24637.050279373525,0.512,0.4
24637.050526623327,0.52,0.384
24637.050773873132,0.528,0.4
24637.051021122934,0.52,0.4
24637.051268372736,0.544,0.384
24637.051515622537,0.536,0.4
24637.05176287234,0.52,0.384
24637.05201012214,0.52,0.384
24637.052257371943,0.536,0.4
24637.052504621744,0.52,0.4
24637.052751871546,0.536,0.392
24637.052999121348,0.528,0.4
24637.05324637115,0.512,0.392
24637.05349362095,0.512,0.40800000000000003
24637.053740870753,0.528,0.392
24637.053988120555,0.52,0.40800000000000003
24637.054235370357,0.536,0.392
24637.05448262016,0.536,0.40800000000000003
24637.05472986996,0.52,0.392
24637.054977119762,0.52,0.40800000000000003
24637.055224369567,0.536,0.392
24637.05547161937,0.528,0.40800000000000003
24637.05571886917,0.544,0.392
24637.055966118973,0.536,0.4
24637.056213368774,0.512,0.392
24637.056460618576,0.52,0.40800000000000003
24637.056707868378,0.528,0.392
24637.05695511818,0.528,0.4
24637.05720236798,0.512,0.392
24637.057449617783,0.52,0.392
24637.057696867585,0.536,0.40800000000000003
24637.057944117387,0.52,0.40800000000000003
24637.05819136719,0.544,0.392
24637.05843861699,0.544,0.392
24637.058685866792,0.52,0.40800000000000003
24637.058933116594,0.52,0.392
24637.059180366396,0.536,0.40800000000000003
24637.059427616197,0.52,0.392
24637.059674866,0.528,0.40800000000000003
24637.059922115805,0.52,0.4
24637.060169365606,0.536,0.392
24637.060416615408,0.52,0.40800000000000003
24637.06066386521,0.544,0.392
24637.06091111501,0.536,0.392
24637.061158364813,0.512,0.40800000000000003
24637.061405614615,0.528,0.40800000000000003
24637.061652864417,0.552,0.392
24637.06190011422,0.528,0.40800000000000003
24637.06214736402,0.512,0.392
24637.062394613822,0.512,0.40800000000000003
24637.062641863624,0.536,0.392
24637.062889113426,0.52,0.392
24637.063136363227,0.528,0.40800000000000003
24637.06338361303,0.528,0.40800000000000003
24637.06363086283,0.512,0.392
24637.063878112633,0.52,0.40800000000000003
24637.064125362434,0.536,0.392
24637.064372612236,0.544,0.40800000000000003
24637.06461986204,0.52,0.392
24637.064867111843,0.52,0.4
24637.065114361645,0.536,0.392
24637.065361611447,0.52,0.40800000000000003
24637.06560886125,0.536,0.392
24637.06585611105,0.52,0.4
24637.066103360852,0.536,0.392
24637.066350610654,0.528,0.40800000000000003
24637.066597860456,0.512,0.392
24637.066845110257,0.52,0.392
24637.06709236006,0.536,0.40800000000000003
24637.06733960986,0.536,0.4
24637.067586859663,0.52,0.392
24637.067834109464,0.52,0.4
24637.068081359266,0.544,0.392
24637.068328609068,0.512,0.392
24637.06857585887,0.536,0.4
24637.06882310867,0.52,0.392
24637.069070358473,0.536,0.40800000000000003
24637.06931760828,0.544,0.392
24637.06956485808,0.52,0.40800000000000003
24637.069812107882,0.52,0.40800000000000003
24637.070059357684,0.536,0.392
24637.070306607486,0.536,0.392
24637.070553857287,0.52,0.40800000000000003
24637.07080110709,0.52,0.4
24637.07104835689,0.536,0.392
24637.071295606693,0.528,0.392
24637.071542856494,0.52,0.40800000000000003
24637.071790106296,0.52,0.4
24637.072037356098,0.528,0.4
24637.0722846059,0.528,0.40800000000000003
24637.0725318557,0.512,0.392
24637.072779105503,0.528,0.4
24637.073026355305,0.536,0.392
24637.073273605107,0.536,0.392
24637.07352085491,0.52,0.40800000000000003
24637.073768104714,0.544,0.392
24637.074015354516,0.52,0.40800000000000003
24637.074262604317,0.528,0.392
24637.07450985412,0.544,0.4
24637.07475710392,0.52,0.384
24637.075004353723,0.536,0.40800000000000003
24637.075251603525,0.536,0.4
24637.075498853326,0.52,0.41600000000000004
24637.075746103128,0.536,0.40800000000000003
24637.07599335293,0.512,0.392
24637.07624060273,0.52,0.4
24637.076487852533,0.536,0.384
24637.076735102335,0.52,0.384
24637.076982352137,0.544,0.392
24637.07722960194,0.536,0.384
24637.07747685174,0.52,0.4
24637.077724101542,0.52,0.392
24637.077971351344,0.536,0.384
24637.078218601146,0.52,0.384
24637.07846585095,0.536,0.4
24637.078713100753,0.52,0.4
24637.078960350555,0.536,0.41600000000000004
24637.079207600356,0.52,0.40800000000000003
24637.079454850158,0.536,0.392
24637.07970209996,0.52,0.392
24637.07994934976,0.528,0.384
24637.080196599563,0.52,0.384
24637.080443849365,0.536,0.392
24637.091695308685,0.536,0.0
24637.091958915193,0.52,-0.016
24637.092222521704,0.52,-0.016
24637.09248612821,0.536,0.0
24637.09274973472,0.536,0.0
24637.09301334123,0.52,-0.008
24637.093276947737,0.536,0.0
24637.093540554244,0.52,-0.016
24637.093804160755,0.536,-0.008
24637.094067767262,0.52,0.0
24637.09433137377,0.52,0.0
24637.09459498028,0.536,-0.016
24637.094858586788,0.52,0.0
24637.095122193296,0.536,-0.016
24637.095385799807,0.528,0.0
24637.095649406314,0.544,-0.016
24637.09591301282,0.544,0.0
24637.096176619332,0.52,-0.016
24637.09644022584,0.52,0.0
24637.096703832347,0.528,-0.008
24637.096967438858,0.528,-0.008
24637.097231045365,0.52,0.016
24637.097494651873,0.536,0.024
24637.097758258384,0.52,0.12
24637.09802186489,0.528,0.128
24637.0982854714,0.544,0.272
24637.09854907791,0.528,0.28
24637.098812684417,0.552,0.352
24637.099076290924,0.544,0.352
24637.099339897435,0.52,0.376
24637.099603503942,0.512,0.376
24637.09986711045,0.544,0.384
24637.10013071696,0.528,0.376
24637.10039432347,0.52,0.384
24637.100657929976,0.52,0.376
24637.100921536487,0.536,0.4
24637.101185142994,0.52,0.4
24637.1014487495,0.544,0.384
24637.101712356012,0.544,0.384
24637.10197596252,0.528,0.392
24637.102239569027,0.528,0.384
24637.102503175538,0.544,0.40800000000000003
24637.102766782045,0.528,0.40800000000000003
24637.103030388553,0.544,0.392
24637.103293995064,0.528,0.392
24637.10355760157,0.544,0.384
24637.10382120808,0.528,0.392
24637.10408481459,0.544,0.376
24637.104348421097,0.528,0.392
24637.104612027604,0.544,0.376
24637.104875634115,0.528,0.376
24637.105139240623,0.544,0.392
24637.10540284713,0.536,0.384
24637.10566645364,0.528,0.40800000000000003
24637.10593006015,0.528,0.4
24637.106193666656,0.544,0.384
24637.106457273167,0.552,0.376
24637.106720879674,0.52,0.392
24637.10698448618,0.52,0.384
24637.107248092692,0.536,0.40800000000000003
24637.1075116992,0.528,0.4
24637.107775305707,0.536,0.384
24637.108038912218,0.528,0.384
24637.108302518725,0.544,0.376
24637.108566125233,0.544,0.384
24637.108829731744,0.528,0.376
24637.10909333825,0.528,0.384
24637.10935694476,0.544,0.40800000000000003
24637.10962055127,0.528,0.40800000000000003
24637.109884157777,0.544,0.392
24637.110147764284,0.528,0.392
24637.110411370795,0.544,0.40800000000000003
24637.110674977303,0.544,0.392
24637.11093858381,0.528,0.40800000000000003
24637.11120219032,0.528,0.392
24637.11146579683,0.536,0.384
24637.111729403336,0.528,0.392
24637.111993009847,0.544,0.376
24637.112256616354,0.528,0.376
24637.11252022286,0.536,0.4
24637.112783829372,0.528,0.4
24637.11304743588,0.544,0.40800000000000003
24637.113311042387,0.528,0.4
24637.113574648898,0.544,0.384
24637.113838255405,0.544,0.384
24637.114101861913,0.528,0.4
24637.114365468424,0.544,0.392
24637.11462907493,0.528,0.40800000000000003
24637.11489268144,0.528,0.392
24637.11515628795,0.544,0.40800000000000003
24637.115419894457,0.536,0.392
24637.115683500964,0.528,0.384
24637.115947107475,0.528,0.384
24637.116210713983,0.544,0.4
24637.11647432049,0.528,0.4
24637.116737927,0.544,0.384
24637.11700153351,0.528,0.384
24637.117265140016,0.544,0.384
24637.117528746527,0.528,0.392
24637.117792353034,0.544,0.376
24637.11805595954,0.528,0.376
24637.118319566052,0.544,0.392
24637.11858317256,0.528,0.384
24637.118846779067,0.544,0.392
24637.119110385578,0.544,0.384
24637.119373992085,0.528,0.376
24637.119637598593,0.52,0.376
24637.119901205104,0.536,0.40800000000000003
24637.12016481161,0.52,0.4
24637.12042841812,0.536,0.392
24637.12069202463,0.536,0.384
24637.120955631137,0.52,0.384
24637.121219237644,0.52,0.376
24637.121482844155,0.536,0.392
24637.121746450663,0.52,0.384
24637.12201005717,0.536,0.376
24637.12227366368,0.528,0.384
24637.12253727019,0.544,0.4
24637.122800876696,0.528,0.40800000000000003
24637.123064483207,0.544,0.392
24637.123328089714,0.528,0.40800000000000003
24637.12359169622,0.536,0.392
24637.123855302732,0.528,0.40800000000000003
24637.12411890924,0.544,0.384
24637.124382515747,0.536,0.384
24637.124646122258,0.528,0.392
24637.124909728765,0.528,0.384
24637.125173335273,0.544,0.376
24637.125436941784,0.528,0.384
24637.12570054829,0.544,0.4
24637.1259641548,0.544,0.4
24637.12622776131,0.528,0.40800000000000003
24637.126491367817,0.528,0.40800000000000003
24637.126754974324,0.544,0.384
24637.127018580835,0.528,0.384
24637.127282187343,0.544,0.4
24637.12754579385,0.528,0.40800000000000003
24637.12780940036,0.544,0.384
24637.12807300687,0.528,0.384
24637.128336613376,0.536,0.376
24637.128600219887,0.528,0.384
24637.128863826394,0.544,0.392
24637.1291274329,0.544,0.384
24637.129391039412,0.528,0.392
24637.12965464592,0.528,0.392
24637.129918252427,0.544,0.376
24637.130181858938,0.528,0.384
24637.130445465446,0.544,0.376
24637.130709071953,0.528,0.376
24637.130972678464,0.544,0.392
24637.13123628497,0.528,0.40800000000000003
24637.13149989148,0.544,0.392
24637.13176349799,0.528,0.392
24637.132027104497,0.544,0.40800000000000003
24637.132290711004,0.544,0.4
24637.132554317515,0.528,0.384
24637.132817924023,0.544,0.368
24637.13308153053,0.528,0.392
24637.13334513704,0.528,0.392
24637.13360874355,0.544,0.4
24637.133872350056,0.528,0.384
24637.134135956567,0.536,0.392
24637.134399563074,0.528,0.392
24637.13466316958,0.536,0.384
24637.134926776092,0.536,0.384
24637.1351903826,0.528,0.392
24637.135453989107,0.528,0.384
24637.13571759562,0.544,0.376
24637.135981202126,0.544,0.376
24637.136244808633,0.528,0.392
24637.136508415144,0.528,0.392
24637.13677202165,0.544,0.376
24637.13703562816,0.528,0.376
24637.13729923467,0.544,0.384
24637.137562841177,0.528,0.384
24637.137826447684,0.544,0.392
24637.138090054195,0.536,0.392
24637.138353660703,0.528,0.376
24637.13861726721,0.528,0.384
24637.13888087372,0.544,0.4
24637.13914448023,0.544,0.392
24637.139408086736,0.528,0.4
24637.139671693247,0.528,0.4
24637.139935299754,0.544,0.40800000000000003
24637.14019890626,0.528,0.4
24637.140462512773,0.544,0.392
24637.14072611928,0.544,0.392
24637.140989725787,0.528,0.384
24637.1412533323,0.528,0.392
24637.141516938806,0.544,0.376
24637.141780545313,0.528,0.376
24637.142044151824,0.544,0.392
24637.14230775833,0.528,0.384
24637.14257136484,0.536,0.4
24637.14283497135,0.528,0.392
24637.143098577857,0.544,0.384
24637.143362184364,0.528,0.384
24637.143625790875,0.544,0.392
24637.143889397383,0.528,0.392
24637.14415300389,0.544,0.4
24637.1444166104,0.528,0.392
24637.14468021691,0.536,0.40800000000000003
24637.144943823416,0.528,0.40800000000000003
24637.145207429927,0.552,0.392
24637.145471036434,0.536,0.392
24637.14573464294,0.52,0.4
24637.145998249453,0.52,0.392
24637.14626185596,0.536,0.4
24637.146525462467,0.52,0.4
24637.14678906898,0.536,0.384
24637.147052675486,0.52,0.4
24637.147316281993,0.536,0.384
24637.147579888504,0.528,0.4
24637.14784349501,0.552,0.384
24637.14810710152,0.536,0.4
24637.14837070803,0.52,0.384
24637.148634314537,0.52,0.392
24637.148897921044,0.536,0.392
24637.149161527555,0.52,0.4
24637.149425134063,0.544,0.392
24637.14968874057,0.528,0.392
24637.14995234708,0.544,0.4
24637.15021595359,0.536,0.392
24637.150479560096,0.52,0.4
24637.150743166607,0.528,0.392
24637.151006773114,0.52,0.4
24637.15127037962,0.536,0.392
24637.151533986133,0.52,0.392
24637.15179759264,0.52,0.392
24637.152061199147,0.536,0.4
24637.15232480566,0.52,0.392
24637.152588412166,0.536,0.384
24637.152852018673,0.528,0.384
24637.153115625184,0.536,0.4
24637.15337923169,0.528,0.392
24637.1536428382,0.536,0.4
24637.15390644471,0.536,0.4
24637.154170051217,0.52,0.392
24637.154433657724,0.528,0.392
24637.154697264235,0.544,0.4
24637.154960870743,0.52,0.392
24637.15522447725,0.544,0.392
24637.15548808376,0.536,0.4
24637.15575169027,0.52,0.392
24637.156015296776,0.528,0.392
24637.156278903287,0.52,0.4
24637.156542509794,0.52,0.392
24637.1568061163,0.536,0.4
24637.157069722813,0.536,0.392
24637.15733332932,0.544,0.392
24637.157596935827,0.544,0.4
24637.15786054234,0.52,0.384
24637.158124148846,0.528,0.384
24637.158387755353,0.52,0.4
24637.158651361864,0.52,0.392
24637.15891496837,0.536,0.4
24637.15917857488,0.544,0.392
24637.15944218139,0.52,0.4
24637.159705787897,0.536,0.392
24637.159969394404,0.52,0.4
24637.160233000915,0.52,0.392
24637.160496607423,0.552,0.4
24637.16076021393,0.552,0.392
24637.16102382044,0.52,0.4
24637.16128742695,0.52,0.4
24637.161551033456,0.536,0.384
24637.161814639967,0.536,0.376
24637.162078246474,0.52,0.392
24637.16234185298,0.544,0.392
24637.162605459493,0.52,0.376
24637.162869066,0.536,0.376
24637.163132672507,0.52,0.304
24637.16339627902,0.528,0.304
24637.163659885526,0.52,0.16
24637.163923492033,0.528,0.152
24637.164187098544,0.52,0.056
24637.16445070505,0.52,0.048
24637.16471431156,0.536,0.008
24637.16497791807,0.528,0.016
24637.165241524577,0.536,-0.008
24637.165505131085,0.528,-0.008
24637.165768737595,0.536,0.0
24637.166032344103,0.536,0.0
24637.16629595061,0.52,-0.016
24637.16655955712,0.52,0.0
24637.16682316363,0.536,-0.008
24637.167086770136,0.544,-0.008
24637.167350376647,0.52,0.0
24637.167613983154,0.52,-0.008
24637.16787758966,0.544,0.0
24637.168141196173,0.536,0.0
24637.16840480268,0.52,-0.016
24637.168668409187,0.528,0.0
24637.1689320157,0.52,-0.008
24637.169195622206,0.52,0.0
24637.169459228713,0.544,-0.008
24637.169722835224,0.544,0.0
24637.16998644173,0.528,-0.008
24637.17025004824,0.52,-0.008
24637.17051365475,0.528,0.0
24637.170777261257,0.52,-0.008
24637.171040867765,0.528,0.0
24637.171304474276,0.52,-0.008
24637.171568080783,0.536,0.0
24637.17183168729,0.52,0.0
24637.1720952938,0.544,-0.008
24637.17235890031,0.528,-0.008
24637.172622506816,0.552,0.0
24637.172886113327,0.52,0.0
24637.173149719834,0.536,-0.008
24637.17341332634,0.52,0.0
24637.173676932853,0.536,-0.008
24637.17394053936,0.52,-0.008
24637.174204145867,0.536,0.0
24637.17446775238,0.536,0.0
24637.174731358886,0.52,-0.008
24637.174994965393,0.536,0.0
24637.175258571904,0.52,-0.008
24637.17552217841,0.52,-0.008
24637.17578578492,0.536,0.0
24637.17604939143,0.528,-0.008
24637.176312997937,0.544,0.0
24637.176576604445,0.528,0.0
24637.176840210956,0.544,-0.008
24637.177103817463,0.536,0.0
24637.17736742397,0.512,-0.008
24637.17763103048,0.536,-0.008
24637.17789463699,0.52,0.0
24637.178158243496,0.536,0.0
24637.178421850007,0.52,-0.008
24637.178685456514,0.52,0.0
24637.17894906302,0.536,-0.016
24637.179212669533,0.52,-0.008
24637.17947627604,0.536,0.0
24637.179739882547,0.52,-0.008
24637.18000348906,0.536,0.0
24637.180267095566,0.52,0.0
24637.180530702073,0.536,-0.008
24637.180794308584,0.536,-0.008
24637.18105791509,0.52,0.0
24637.1813215216,0.52,0.0
24637.18158512811,0.536,-0.008
24637.181848734617,0.536,-0.008
24637.182112341125,0.512,0.0
24637.182375947636,0.536,-0.008
24637.182639554143,0.512,0.0
24637.18290316065,0.52,0.0
24637.18316676716,0.528,-0.008
24637.18343037367,0.52,0.0
24637.183693980176,0.536,-0.008
24637.183957586687,0.52,0.0
24637.184221193194,0.528,-0.016
24637.1844847997,0.52,0.0
24637.184748406213,0.536,-0.008
24637.18501201272,0.52,0.0
24637.185275619227,0.544,-0.008
24637.18553922574,0.52,-0.008
24637.185802832246,0.536,0.0
24637.186066438753,0.52,0.0
24637.186330045264,0.536,-0.008
24637.18659365177,0.52,-0.016
24637.18685725828,0.536,0.0
24637.18712086479,0.52,0.0
24637.187384471297,0.536,-0.016
24637.187648077805,0.52,0.0
24637.187911684316,0.536,-0.008
24637.188175290823,0.544,0.0
24637.18843889733,0.52,-0.016
24637.18870250384,0.528,0.0
24637.18896611035,0.544,-0.016
24637.189229716856,0.552,0.0
24637.189493323367,0.52,-0.016
24637.189756929874,0.52,-0.008
24637.19002053638,0.536,0.0
24637.190284142893,0.528,-0.008
24637.1905477494,0.536,0.0
24637.190811355907,0.528,-0.008
24637.19107496242,0.536,0.0
24637.191338568926,0.528,0.0
24637.191602175433,0.544,-0.016
24637.191865781944,0.544,0.0
24637.19212938845,0.52,-0.008
24637.19239299496,0.52,0.0
24637.19265660147,0.536,-0.008
24637.192920207977,0.52,0.0
24637.193183814485,0.544,-0.008
24637.193447420996,0.528,-0.008
24637.193711027503,0.552,0.0
24637.19397463401,0.52,0.0
24637.19423824052,0.536,-0.016
24637.19450184703,0.52,0.0
24637.194765453536,0.536,-0.008
24637.195029060047,0.528,-0.008
24637.195292666554,0.536,0.0
24637.19555627306,0.52,0.0
24637.195819879573,0.544,-0.016
24637.19608348608,0.52,0.0
24637.196347092588,0.544,-0.008
24637.1966106991,0.528,0.0
24637.196874305606,0.544,-0.008
24637.197137912113,0.528,-0.008
24637.197401518624,0.544,0.0
24637.19766512513,0.536,-0.008
24637.19792873164,0.52,0.0
24637.19819233815,0.52,0.0
24637.198455944657,0.528,-0.008
24637.198719551165,0.536,0.0
24637.198983157676,0.52,-0.016
24637.199246764183,0.536,-0.008
24637.19951037069,0.52,0.0
24637.1997739772,0.536,-0.008
24637.20003758371,0.52,0.0
24637.200301190216,0.52,-0.008
24637.200564796727,0.536,0.0
24637.200828403234,0.536,-0.008
24637.201092009742,0.52,0.0
24637.201355616253,0.52,0.0
24637.20161922276,0.536,-0.008
24637.201882829268,0.52,0.0
24637.20214643578,0.536,-0.016
24637.202410042286,0.52,0.0
24637.202673648793,0.544,-0.008
24637.202937255304,0.52,0.0
24637.20320086181,0.544,-0.016
24637.20346446832,0.528,0.0
24637.20372807483,0.544,-0.016
24637.203991681337,0.528,0.0
24637.204255287845,0.544,-0.008
24637.204518894356,0.536,-0.016
24637.204782500863,0.52,0.0
24637.20504610737,0.52,0.0
24637.20530971388,0.544,-0.016
24637.20557332039,0.536,-0.008
24637.205836926896,0.544,0.0
24637.206100533407,0.536,0.0
24637.206364139915,0.52,-0.008
24637.206627746422,0.528,-0.016
24637.206891352933,0.536,0.0
24637.20715495944,0.528,-0.016
24637.207418565948,0.536,0.0
24637.20768217246,0.544,-0.016
24637.207945778966,0.52,0.0
24637.208209385473,0.52,-0.016
24637.208472991984,0.536,0.0
24637.20873659849,0.52,0.0
24637.209000205,0.536,-0.016
24637.20926381151,0.52,-0.016
24637.209527418017,0.544,0.0
24637.209791024525,0.544,0.0
24637.210054631036,0.52,-0.016
24637.210318237543,0.52,0.0
24637.21058184405,0.536,-0.016
24637.21084545056,0.528,0.0
24637.21110905707,0.544,-0.016
24637.211372663576,0.52,0.0
24637.211636270087,0.536,-0.016
24637.211899876595,0.52,0.0
24637.212163483102,0.536,-0.016
24637.212427089613,0.52,-0.008
24637.21269069612,0.536,0.0
24637.212954302628,0.52,0.0
24637.21321790914,0.544,-0.016
24637.213481515646,0.528,0.0
24637.213745122153,0.544,-0.016
24637.214008728664,0.536,-0.008
24637.21427233517,0.52,0.0
24637.21453594168,0.528,-0.008
24637.21479954819,0.52,0.0
24637.215063154697,0.528,0.0
24637.215326761205,0.544,-0.008
24637.215590367716,0.544,0.0
24637.215853974223,0.52,-0.008
24637.21611758073,0.52,0.0
24637.21638118724,0.536,-0.008
24637.21664479375,0.52,0.0
24637.216908400256,0.536,-0.016
24637.217172006767,0.536,-0.008
24637.217435613275,0.52,0.0
24637.217699219782,0.52,0.0
24637.217962826293,0.536,-0.008
24637.2182264328,0.536,-0.008
24637.218490039308,0.52,0.0
24637.21875364582,0.536,-0.008
24637.219017252326,0.52,0.0
24637.219280858833,0.52,-0.016
24637.219544465344,0.536,0.0
24637.21980807185,0.528,0.0
24637.22007167836,0.536,-0.016
24637.22033528487,0.528,0.0
24637.220598891377,0.552,-0.008
24637.220862497885,0.536,-0.016
24637.221126104396,0.52,0.0
24637.221389710903,0.512,0.0
24637.22165331741,0.536,-0.016
24637.22191692392,0.536,0.0
24637.22218053043,0.52,-0.016
24637.222444136936,0.52,0.0
24637.222707743447,0.536,-0.016
24637.222971349955,0.536,-0.016
24637.223234956462,0.52,0.0
24637.223498562973,0.52,-0.016
24637.22376216948,0.536,0.0
24637.224025775988,0.52,-0.008
24637.2242893825,0.528,0.0
24637.224552989006,0.536,0.0
24637.224816595513,0.52,-0.016
24637.225080202024,0.52,0.0
24637.22534380853,0.528,-0.016
24637.22560741504,0.528,0.0
24637.22587102155,0.544,-0.016
24637.226134628057,0.552,-0.016
24637.226398234565,0.512,0.0
24637.226661841076,0.512,0.0
24637.226925447583,0.536,-0.016
24637.22718905409,0.52,0.0
24637.2274526606,0.528,-0.008
24637.22771626711,0.528,-0.016
24637.227979873616,0.544,0.0
24637.228243480127,0.536,-0.008
24637.228507086635,0.52,0.0
24637.228770693142,0.52,-0.008
24637.229034299653,0.536,0.016
24637.22929790616,0.528,0.024
24637.229561512668,0.544,0.128
24637.22982511918,0.544,0.136
24637.230088725686,0.52,0.28800000000000003
24637.230352332193,0.52,0.28800000000000003
24637.230615938704,0.536,0.36
24637.23087954521,0.52,0.368
24637.23114315172,0.536,0.392
24637.23140675823,0.536,0.384
24637.231670364738,0.52,0.392
24637.231933971245,0.52,0.384
24637.232197577756,0.536,0.392
24637.232461184263,0.52,0.376
24637.23272479077,0.544,0.384
24637.23298839728,0.544,0.384
24637.23325200379,0.528,0.40800000000000003
24637.233515610296,0.536,0.4
24637.233779216807,0.52,0.384
24637.234042823315,0.528,0.384
24637.234306429822,0.536,0.384
24637.234570036333,0.536,0.376
24637.23483364284,0.52,0.392
24637.235097249348,0.528,0.392
24637.23536085586,0.544,0.384
24637.235624462366,0.528,0.384
24637.235888068873,0.544,0.384
24637.236151675384,0.544,0.376
24637.236415281892,0.52,0.384
24637.2366788884,0.52,0.384
24637.23694249491,0.536,0.4
24637.237206101418,0.52,0.384
24637.237469707925,0.528,0.392
24637.237733314436,0.52,0.384
24637.237996920943,0.536,0.376
24637.23826052745,0.52,0.376
24637.23852413396,0.536,0.4
24637.23878774047,0.52,0.392
24637.239051346976,0.536,0.376
24637.239314953487,0.528,0.376
24637.239578559995,0.544,0.40800000000000003
24637.239842166502,0.52,0.40800000000000003
24637.240105773013,0.536,0.384
24637.24036937952,0.528,0.384
24637.240632986028,0.52,0.392
24637.24089659254,0.536,0.392
24637.241160199046,0.52,0.376
24637.241423805553,0.52,0.376
24637.241687412064,0.536,0.4
24637.241951018572,0.528,0.4
24637.24221462508,0.544,0.384
24637.24247823159,0.544,0.392
24637.242741838098,0.528,0.376
24637.243005444605,0.544,0.368
24637.243269051116,0.52,0.4
24637.243532657623,0.512,0.392
24637.24379626413,0.528,0.40800000000000003
24637.24405987064,0.52,0.4
24637.24432347715,0.536,0.384
24637.244587083656,0.528,0.384
24637.244850690167,0.544,0.384
24637.245114296675,0.544,0.384
24637.245377903182,0.512,0.376
24637.245641509693,0.52,0.384
24637.2459051162,0.544,0.376
24637.246168722708,0.544,0.376
24637.24643232922,0.52,0.392
24637.246695935726,0.52,0.376
24637.246959542234,0.536,0.376
24637.247223148745,0.52,0.376
24637.247486755252,0.536,0.4
24637.24775036176,0.528,0.392
24637.24801396827,0.544,0.40800000000000003
24637.248277574778,0.544,0.4
24637.248541181285,0.52,0.40800000000000003
24637.248804787796,0.52,0.40800000000000003
24637.249068394303,0.544,0.392
24637.24933200081,0.544,0.392
24637.24959560732,0.52,0.384
24637.24985921383,0.52,0.4
24637.250122820336,0.536,0.392
24637.250386426847,0.52,0.392
24637.250650033355,0.552,0.40800000000000003
24637.250913639862,0.544,0.40800000000000003
24637.251177246373,0.52,0.392
24637.25144085288,0.52,0.40800000000000003
24637.251704459388,0.528,0.392
24637.2519680659,0.52,0.4
24637.252231672406,0.536,0.384
24637.252495278914,0.536,0.384
24637.252758885425,0.52,0.392
24637.253022491932,0.52,0.384
24637.25328609844,0.536,0.376
24637.25354970495,0.52,0.376
24637.253813311458,0.536,0.4
24637.254076917965,0.52,0.392
24637.254340524476,0.544,0.40800000000000003
24637.254604130983,0.528,0.392
24637.25486773749,0.52,0.40800000000000003
24637.255131344,0.52,0.392
24637.25539495051,0.544,0.384
24637.255658557016,0.544,0.384
24637.255922163527,0.52,0.376
24637.256185770035,0.52,0.384
24637.256449376542,0.536,0.4
24637.256712983053,0.544,0.4
24637.25697658956,0.52,0.384
24637.257240196068,0.536,0.384
24637.25750380258,0.52,0.392
24637.257767409086,0.52,0.376
24637.258031015594,0.536,0.384
24637.258294622105,0.52,0.376
24637.258558228612,0.544,0.384
24637.25882183512,0.528,0.376
24637.25908544163,0.552,0.392
24637.259349048138,0.536,0.384
24637.259612654645,0.52,0.376
24637.259876261156,0.528,0.376
24637.260139867663,0.544,0.392
24637.26040347417,0.544,0.384
24637.26066708068,0.528,0.40800000000000003
24637.26093068719,0.536,0.384
24637.261194293696,0.52,0.392
24637.261457900207,0.52,0.384
24637.261721506715,0.536,0.376
24637.261985113222,0.528,0.376
24637.262248719733,0.536,0.368
24637.26251232624,0.528,0.376
24637.262775932748,0.552,0.4
24637.26303953926,0.528,0.4
24637.263303145766,0.536,0.384
24637.263566752274,0.52,0.4
24637.263830358785,0.536,0.376
24637.264093965292,0.528,0.392
24637.2643575718,0.544,0.4
24637.26462117831,0.536,0.392
24637.264884784818,0.52,0.40800000000000003
24637.265148391325,0.52,0.40800000000000003
24637.265411997836,0.536,0.384
24637.265675604343,0.536,0.384
24637.26593921085,0.52,0.392
24637.26620281736,0.52,0.392
24637.26646642387,0.536,0.40800000000000003
24637.266730030376,0.536,0.4
24637.266993636887,0.52,0.384
24637.267257243395,0.528,0.376
24637.267520849902,0.536,0.392
24637.267784456413,0.536,0.376
24637.26804806292,0.52,0.392
24637.268311669428,0.52,0.392
24637.26857527594,0.536,0.376
24637.268838882446,0.552,0.376
24637.269102488954,0.528,0.40800000000000003
24637.269366095465,0.544,0.4
24637.269629701972,0.52,0.384
24637.26989330848,0.544,0.4
24637.27015691499,0.52,0.384
24637.270420521498,0.52,0.376
24637.270684128005,0.536,0.392
24637.270947734516,0.52,0.376
24637.271211341023,0.536,0.4
24637.27147494753,0.52,0.4
24637.27173855404,0.544,0.4
24637.27200216055,0.528,0.4
24637.272265767057,0.552,0.384
24637.272529373568,0.544,0.384
24637.272792980075,0.52,0.376
24637.273056586582,0.52,0.384
24637.273320193093,0.528,0.4
24637.2735837996,0.528,0.392
24637.273847406108,0.544,0.384
24637.27411101262,0.544,0.384
24637.274374619126,0.52,0.392
24637.274638225634,0.52,0.392
24637.274901832145,0.544,0.4
24637.275165438652,0.536,0.4
24637.27542904516,0.52,0.392
24637.27569265167,0.536,0.392
24637.275956258178,0.52,0.384
24637.276219864685,0.544,0.392
24637.276483471196,0.512,0.4
24637.276747077703,0.528,0.392
24637.27701068421,0.544,0.4
24637.277274290722,0.536,0.392
24637.27753789723,0.528,0.384
24637.277801503737,0.544,0.392
24637.278065110248,0.528,0.4
24637.278328716755,0.536,0.4
24637.278592323262,0.528,0.384
24637.278855929773,0.544,0.392
24637.27911953628,0.528,0.376
24637.279383142788,0.528,0.384
24637.2796467493,0.544,0.392
24637.279910355806,0.528,0.376
24637.280173962314,0.544,0.392
24637.280437568825,0.528,0.392
24637.280701175332,0.544,0.4
24637.28096478184,0.528,0.384
24637.28122838835,0.536,0.4
24637.281491994858,0.528,0.392
24637.281755601365,0.536,0.384
24637.282019207876,0.544,0.384
24637.282282814384,0.528,0.392
24637.28254642089,0.544,0.384
24637.282810027402,0.528,0.4
24637.28307363391,0.528,0.4
24637.283337240417,0.544,0.384
24637.283600846928,0.528,0.392
24637.283864453435,0.552,0.376
24637.284128059942,0.528,0.376
24637.284391666453,0.544,0.4
24637.28465527296,0.528,0.40800000000000003
24637.284918879468,0.544,0.384
24637.28518248598,0.528,0.384
24637.285446092486,0.544,0.392
24637.285709698994,0.528,0.392
24637.285973305505,0.544,0.4
24637.286236912012,0.544,0.40800000000000003
24637.28650051852,0.528,0.384
24637.28676412503,0.528,0.4
24637.287027731538,0.536,0.376
24637.287291338045,0.544,0.384
24637.287554944556,0.528,0.40800000000000003
24637.287818551064,0.544,0.40800000000000003
24637.28808215757,0.528,0.392
24637.288345764082,0.528,0.4
24637.28860937059,0.544,0.384
24637.288872977097,0.544,0.376
24637.289136583608,0.528,0.392
24637.289400190115,0.528,0.392
24637.289663796622,0.544,0.40800000000000003
24637.289927403133,0.528,0.40800000000000003
24637.29019100964,0.536,0.392
24637.290454616148,0.536,0.40800000000000003
24637.29071822266,0.528,0.392
24637.290981829166,0.528,0.392
24637.291245435674,0.544,0.40800000000000003
24637.291509042185,0.528,0.4
24637.291772648692,0.544,0.392
24637.2920362552,0.528,0.392
24637.29229986171,0.544,0.4
24637.292563468218,0.528,0.4
24637.292827074725,0.544,0.392
24637.293090681236,0.544,0.392
24637.293354287744,0.528,0.4
24637.29361789425,0.528,0.392
24637.293881500762,0.544,0.4
24637.29414510727,0.528,0.392
24637.294408713777,0.544,0.376
24637.294672320288,0.528,0.376
24637.294935926795,0.544,0.312
24637.295199533302,0.528,0.304
24637.295463139813,0.544,0.168
24637.29572674632,0.544,0.152
24637.295990352828,0.528,0.056
24637.29625395934,0.544,0.048
24637.296517565846,0.528,0.008
24637.296781172354,0.528,0.016
24637.297044778865,0.544,-0.008
24637.297308385372,0.528,-0.008
24637.29757199188,0.544,0.0
24637.29783559839,0.528,0.0
24637.298099204898,0.544,-0.008
24637.298362811405,0.544,0.0
24637.298626417916,0.528,-0.008
24637.298890024424,0.528,-0.008
24637.29915363093,0.544,0.0
24637.299417237442,0.528,-0.008
24637.29968084395,0.544,0.0
24637.299944450457,0.528,0.0
24637.300208056968,0.536,-0.008
24637.300471663475,0.528,0.0
24637.300735269982,0.536,-0.008
24637.300998876493,0.528,-0.008
24637.301262483,0.544,0.0
24637.301526089508,0.528,-0.008
24637.30178969602,0.544,0.0
24637.302053302526,0.528,0.0
24637.302316909034,0.544,-0.008
24637.302580515545,0.528,0.0
24637.302844122052,0.544,-0.008
24637.30310772856,0.528,-0.008
24637.30337133507,0.544,0.0
24637.303634941578,0.544,-0.008
24637.303898548085,0.528,0.0
24637.304162154596,0.528,0.0
24637.304425761104,0.536,-0.008
24637.30468936761,0.528,0.0
24637.304952974122,0.544,-0.016
24637.30521658063,0.528,-0.008
24637.305480187137,0.536,0.0
24637.305743793648,0.528,0.0
24637.306007400155,0.544,-0.016
24637.306271006662,0.544,0.0
24637.306534613173,0.528,-0.016
24637.30679821968,0.528,0.0
24637.307061826188,0.544,-0.008
24637.3073254327,0.528,0.0
24637.307589039207,0.544,-0.016
24637.307852645714,0.528,-0.008
24637.308116252225,0.544,0.0
24637.308379858732,0.528,0.0
24637.30864346524,0.536,-0.008
24637.30890707175,0.528,-0.008
24637.309170678258,0.544,0.0
24637.309434284765,0.528,-0.008
24637.309697891276,0.544,0.0
24637.309961497784,0.544,0.0
24637.31022510429,0.528,-0.008
24637.310488710802,0.528,0.0
24637.31075231731,0.544,-0.008
24637.311015923817,0.536,-0.008
24637.311279530328,0.528,0.0
24637.311543136835,0.528,0.0
24637.311806743342,0.544,-0.008
24637.312070349853,0.544,-0.008
24637.31233395636,0.528,0.0
24637.312597562868,0.528,-0.008
24637.31286116938,0.544,0.0
24637.313124775887,0.528,-0.008
24637.313388382394,0.544,0.0
24637.313651988905,0.528,0.0
24637.313915595412,0.544,-0.008
24637.31417920192,0.528,0.0
24637.31444280843,0.544,-0.016
24637.314706414938,0.528,-0.008
24637.314970021445,0.544,0.0
24637.315233627956,0.528,0.0
24637.315497234464,0.544,-0.016
24637.31576084097,0.528,0.0
24637.316024447482,0.544,-0.016
24637.31628805399,0.536,0.0
24637.316551660497,0.528,-0.008
24637.316815267008,0.544,0.0
24637.317078873515,0.528,-0.008
24637.317342480022,0.528,-0.008
24637.317606086533,0.536,0.0
24637.31786969304,0.528,-0.008
24637.31813329955,0.544,0.0
24637.31839690606,0.528,-0.008
24637.318660512567,0.544,0.0
24637.318924119074,0.544,0.0
24637.319187725585,0.528,-0.008
24637.319451332092,0.544,-0.008
24637.3197149386,0.528,0.0
24637.31997854511,0.528,-0.008
24637.320242151618,0.544,0.0
24637.320505758125,0.536,0.0
24637.320769364636,0.52,-0.008
24637.321032971144,0.528,0.0
24637.32129657765,0.536,-0.008
24637.321560184162,0.528,0.0
24637.32182379067,0.544,-0.008
24637.322087397177,0.544,-0.008
24637.322351003688,0.52,0.0
24637.322614610195,0.52,0.0
24637.322878216703,0.536,-0.008
24637.323141823214,0.544,0.0
24637.32340542972,0.52,-0.008
24637.32366903623,0.528,0.0
24637.32393264274,0.544,-0.008
24637.324196249247,0.536,0.0
24637.324459855754,0.512,-0.008
24637.324723462265,0.52,0.0
24637.324987068772,0.536,-0.016
24637.32525067528,0.528,0.0
24637.32551428179,0.544,-0.016
24637.325777888298,0.536,0.0
24637.326041494805,0.52,-0.008
24637.326305101316,0.536,0.0
24637.326568707824,0.52,-0.016
24637.32683231433,0.52,0.0
24637.327095920842,0.536,-0.016
24637.32735952735,0.528,0.0
24637.327623133857,0.536,-0.016
24637.327886740368,0.536,0.0
24637.328150346875,0.52,-0.016
24637.328413953383,0.52,-0.008
24637.328677559894,0.536,0.0
24637.3289411664,0.52,0.0
24637.32920477291,0.536,-0.016
24637.32946837942,0.528,0.0
24637.329731985927,0.552,-0.008
24637.329995592434,0.544,0.0
24637.330259198945,0.52,-0.008
24637.330522805452,0.52,0.0
24637.33078641196,0.544,-0.008
24637.33105001847,0.528,0.0
24637.331313624978,0.52,-0.016
24637.331577231485,0.52,0.0
24637.331840837996,0.536,-0.016
24637.332104444504,0.528,0.0
24637.33236805101,0.52,-0.016
24637.332631657522,0.52,0.0
24637.33289526403,0.536,-0.008
24637.333158870537,0.52,0.0
24637.333422477048,0.536,-0.016
24637.333686083555,0.52,0.0
24637.333949690063,0.536,-0.016
24637.334213296574,0.528,0.0
24637.33447690308,0.536,-0.008
24637.33474050959,0.52,-0.016
24637.3350041161,0.536,0.0
24637.335267722607,0.528,-0.008
24637.335531329114,0.52,0.0
24637.335794935625,0.52,0.0
24637.336058542132,0.544,-0.008
24637.33632214864,0.528,0.0
24637.33658575515,0.544,-0.016
24637.336849361658,0.528,-0.008
24637.337112968165,0.544,0.0
24637.337376574676,0.52,0.0
24637.337640181184,0.536,-0.008
24637.33790378769,0.536,-0.008
24637.338167394202,0.52,0.0
24637.33843100071,0.528,0.0
24637.338694607217,0.552,-0.016
24637.338958213728,0.536,0.0
24637.339221820235,0.52,-0.016
24637.339485426743,0.536,0.0
24637.339749033254,0.52,-0.016
24637.34001263976,0.544,0.0
24637.34027624627,0.52,-0.016
24637.34053985278,0.52,0.0
24637.340803459287,0.536,-0.016
24637.341067065794,0.536,0.0
24637.341330672305,0.52,-0.016
24637.341594278812,0.528,-0.008
24637.34185788532,0.544,0.0
24637.34212149183,0.544,0.0
24637.342385098338,0.52,-0.016
24637.342648704845,0.52,0.0
24637.342912311356,0.536,-0.008
24637.343175917864,0.52,0.0
24637.34343952437,0.528,-0.016
24637.343703130882,0.52,0.0
24637.34396673739,0.536,-0.008
24637.344230343897,0.52,0.0
24637.344493950408,0.528,-0.016
24637.344757556915,0.52,-0.016
24637.345021163423,0.536,0.0
24637.345284769934,0.52,0.0
24637.34554837644,0.544,-0.016
24637.34581198295,0.544,0.0
24637.34607558946,0.52,-0.008
24637.346339195967,0.52,0.0
24637.346602802474,0.536,-0.016
24637.346866408985,0.52,0.0
24637.347130015492,0.528,-0.016
24637.347393622,0.52,0.0
24637.34765722851,0.536,-0.016
24637.347920835018,0.52,0.0
24637.348184441526,0.544,-0.016
24637.348448048037,0.52,0.0
24637.348711654544,0.544,-0.016
24637.34897526105,0.536,0.0
24637.349238867562,0.528,-0.008
24637.34950247407,0.528,0.0
24637.349766080577,0.536,-0.008
24637.350029687088,0.528,-0.008
24637.350293293595,0.544,0.0
24637.350556900103,0.544,-0.008
24637.350820506614,0.52,0.0
24637.35108411312,0.52,0.0
24637.35134771963,0.544,-0.016
24637.35161132614,0.52,0.0
24637.351874932647,0.544,-0.016
24637.352138539154,0.528,0.0
24637.352402145665,0.544,-0.008
24637.352665752172,0.52,0.0
24637.35292935868,0.536,-0.016
24637.35319296519,0.52,0.0
24637.3534565717,0.536,-0.016
24637.353720178206,0.52,-0.008
24637.353983784717,0.536,0.0
24637.354247391224,0.544,-0.016
24637.35451099773,0.52,0.0
24637.354774604242,0.528,-0.016
24637.35503821075,0.52,0.0
24637.355301817257,0.52,-0.016
24637.355565423768,0.544,0.0
24637.355829030275,0.528,-0.016
24637.356092636783,0.552,0.0
24637.356356243294,0.536,0.0
24637.3566198498,0.52,-0.016
24637.35688345631,0.52,-0.008
24637.35714706282,0.528,0.0
24637.357410669327,0.536,-0.016
24637.357674275834,0.52,0.0
24637.357937882345,0.528,-0.016
24637.358201488853,0.536,0.0
24637.35846509536,0.52,0.0
24637.35872870187,0.536,-0.016
24637.35899230838,0.52,0.0
24637.359255914886,0.536,-0.016
24637.359519521397,0.552,0.0
24637.359783127904,0.52,-0.016
24637.36004673441,0.52,0.0
24637.360310340922,0.528,-0.016
24637.36057394743,0.52,-0.008
24637.360837553937,0.536,0.024
24637.361101160448,0.528,0.016
24637.361364766955,0.512,0.12
24637.361628373463,0.52,0.128
24637.361891979974,0.536,0.272
24637.36215558648,0.52,0.28
24637.36241919299,0.536,0.352
24637.3626827995,0.52,0.352
24637.362946406007,0.536,0.376
24637.363210012514,0.528,0.368
24637.363473619025,0.536,0.376
24637.363737225533,0.528,0.376
24637.36400083204,0.544,0.384
24637.36426443855,0.536,0.392
24637.36452804506,0.52,0.376
24637.364791651566,0.52,0.384
24637.365055258077,0.536,0.392
24637.365318864584,0.52,0.4
24637.36558247109,0.544,0.384
24637.365846077602,0.544,0.376
24637.36610968411,0.528,0.392
24637.366373290617,0.52,0.392
24637.366636897128,0.536,0.40800000000000003
24637.366900503635,0.536,0.4
24637.367164110143,0.52,0.40800000000000003
24637.367427716654,0.528,0.4
24637.36769132316,0.552,0.40800000000000003
24637.36795492967,0.552,0.40800000000000003
24637.36821853618,0.52,0.4
24637.368482142687,0.536,0.4
24637.368745749194,0.52,0.40800000000000003
24637.369009355705,0.52,0.4
24637.369272962213,0.544,0.40800000000000003
24637.36953656872,0.528,0.40800000000000003
24637.36980017523,0.536,0.384
24637.37006378174,0.536,0.368
24637.370327388246,0.52,0.392
24637.370590994757,0.528,0.384
24637.370854601264,0.544,0.4
24637.37111820777,0.528,0.4
24637.371381814282,0.544,0.40800000000000003
24637.37164542079,0.544,0.4
24637.371909027297,0.512,0.40800000000000003
24637.372172633808,0.52,0.4
24637.372436240315,0.528,0.392
24637.372699846823,0.528,0.392
24637.372963453334,0.52,0.384
24637.37322705984,0.528,0.384
24637.37349066635,0.52,0.392
24637.37375427286,0.536,0.392
24637.374017879367,0.52,0.376
24637.374281485874,0.528,0.376
24637.374545092385,0.552,0.392
24637.374808698893,0.528,0.384
24637.3750723054,0.552,0.4
24637.37533591191,0.52,0.40800000000000003
24637.37559951842,0.544,0.384
24637.375863124926,0.52,0.384
24637.376126731437,0.536,0.392
24637.376390337944,0.536,0.376
24637.37665394445,0.52,0.392
24637.376917550962,0.52,0.384
24637.37718115747,0.544,0.376
24637.377444763977,0.536,0.376
24637.377708370488,0.52,0.392
24637.377971976995,0.52,0.392
24637.378235583503,0.536,0.376
24637.378499190014,0.544,0.376
24637.37876279652,0.52,0.392
24637.37902640303,0.52,0.384
24637.37929000954,0.536,0.392
24637.379553616047,0.52,0.392
24637.379817222554,0.536,0.376
24637.380080829065,0.52,0.376
24637.380344435573,0.536,0.40800000000000003
24637.38060804208,0.52,0.4
24637.38087164859,0.536,0.384
24637.3811352551,0.52,0.392
24637.381398861606,0.544,0.376
24637.381662468117,0.544,0.376
24637.381926074624,0.52,0.4
24637.38218968113,0.52,0.4
24637.382453287642,0.536,0.4
24637.38271689415,0.528,0.4
24637.382980500657,0.536,0.384
24637.383244107168,0.536,0.392
24637.383507713675,0.52,0.384
24637.383771320183,0.512,0.384
24637.384034926694,0.528,0.376
24637.3842985332,0.52,0.384
24637.38456213971,0.544,0.392
24637.38482574622,0.528,0.4
24637.385089352727,0.52,0.376
24637.385352959234,0.536,0.392
24637.385616565745,0.52,0.376
24637.385880172253,0.52,0.384
24637.38614377876,0.536,0.392
24637.38640738527,0.528,0.4
24637.38667099178,0.552,0.384
24637.386934598286,0.544,0.384
24637.387198204797,0.52,0.376
24637.387461811304,0.52,0.376
24637.38772541781,0.536,0.392
24637.387989024322,0.528,0.40800000000000003
24637.38825263083,0.52,0.384
24637.388516237337,0.52,0.384
24637.388779843848,0.536,0.392
24637.389043450356,0.528,0.384
24637.389307056863,0.544,0.4
24637.389570663374,0.52,0.392
24637.38983426988,0.544,0.40800000000000003
24637.39009787639,0.536,0.4
24637.3903614829,0.52,0.4
24637.390625089407,0.528,0.40800000000000003
24637.390888695914,0.52,0.392
24637.391152302425,0.52,0.384
24637.391415908933,0.528,0.392
24637.39167951544,0.52,0.384
24637.39194312195,0.536,0.384
24637.39220672846,0.52,0.384
24637.392470334966,0.536,0.40800000000000003
24637.392733941477,0.52,0.392
24637.392997547984,0.536,0.40800000000000003
24637.39326115449,0.52,0.40800000000000003
24637.393524761002,0.536,0.384
24637.39378836751,0.536,0.392
24637.394051974017,0.52,0.384
24637.39431558053,0.52,0.384
24637.394579187036,0.544,0.384
24637.394842793543,0.544,0.392
24637.395106400054,0.52,0.376
24637.39537000656,0.528,0.376
24637.39563361307,0.544,0.384
24637.39589721958,0.552,0.384
24637.396160826087,0.52,0.392
24637.396424432594,0.52,0.376
24637.396688039105,0.536,0.392
24637.396951645613,0.52,0.392
24637.39721525212,0.536,0.40800000000000003
24637.39747885863,0.52,0.40800000000000003
24637.39774246514,0.536,0.392
24637.398006071646,0.52,0.392
24637.398269678157,0.544,0.384
24637.398533284664,0.536,0.392
24637.39879689117,0.52,0.376
24637.399060497683,0.52,0.376
24637.39932410419,0.528,0.4
24637.399587710697,0.528,0.392
24637.39985131721,0.536,0.40800000000000003
24637.400114923716,0.528,0.384
24637.400378530223,0.536,0.4
24637.400642136734,0.52,0.384
24637.40090574324,0.544,0.4
24637.40116934975,0.544,0.376
24637.40143295626,0.52,0.4
24637.401696562767,0.52,0.4
24637.401960169274,0.544,0.40800000000000003
24637.402223775785,0.544,0.40800000000000003
24637.402487382293,0.528,0.392
24637.4027509888,0.528,0.392
24637.40301459531,0.544,0.384
24637.40327820182,0.544,0.392
24637.403541808326,0.528,0.376
24637.403805414837,0.536,0.384
24637.404069021344,0.528,0.376
24637.40433262785,0.544,0.384
24637.404596234363,0.528,0.4
24637.40485984087,0.536,0.4
24637.405123447377,0.528,0.40800000000000003
24637.40538705389,0.528,0.4
24637.405650660396,0.544,0.40800000000000003
24637.405914266903,0.528,0.392
24637.406177873414,0.544,0.40800000000000003
24637.40644147992,0.536,0.384
24637.40670508643,0.52,0.392
24637.40696869294,0.528,0.384
24637.407232299447,0.544,0.376
24637.407495905954,0.52,0.392
24637.407759512465,0.536,0.40800000000000003
