Time,Channel 1,Channel 2
14319.682406902313,0.528,-0.016
14319.682653515736,0.544,-0.008
14319.682900129159,0.528,-0.016
14319.683146742582,0.544,0.0
14319.683393356005,0.528,-0.016
14319.683639969428,0.536,0.0
14319.683886582852,0.528,0.0
14319.684133196275,0.544,-0.016
14319.684379809698,0.544,-0.016
14319.68462642312,0.528,-0.008
14319.684873036544,0.528,-0.008
14319.685119649967,0.544,-0.016
14319.68536626339,0.528,-0.016
14319.685612876812,0.544,0.0
14319.685859490235,0.544,-0.016
14319.686106103658,0.528,-0.008
14319.68635271708,0.528,-0.008
14319.686599330505,0.544,-0.016
14319.686845943928,0.528,-0.016
14319.687092557351,0.544,0.0
14319.687339170774,0.536,-0.008
14319.687585784197,0.52,0.016
14319.68783239762,0.528,0.024
14319.688079011043,0.544,0.112
14319.688325624466,0.528,0.112
14319.688572237888,0.544,0.264
14319.688818851311,0.528,0.256
14319.689065464736,0.544,0.36
14319.689312078159,0.528,0.368
14319.689558691582,0.536,0.41600000000000004
14319.689805305004,0.536,0.40800000000000003
14319.690051918427,0.528,0.41600000000000004
14319.69029853185,0.528,0.40800000000000003
14319.690545145273,0.544,0.376
14319.690791758696,0.528,0.376
14319.691038372119,0.536,0.4
14319.691284985542,0.52,0.4
14319.691531598965,0.544,0.424
14319.69177821239,0.544,0.424
14319.692024825812,0.52,0.384
14319.692271439235,0.52,0.376
14319.692518052658,0.528,0.4
14319.69276466608,0.536,0.4
14319.693011279503,0.52,0.41600000000000004
14319.693257892926,0.536,0.40800000000000003
14319.69350450635,0.512,0.424
14319.693751119772,0.512,0.41600000000000004
14319.693997733195,0.536,0.432
14319.694244346618,0.52,0.424
14319.694490960042,0.544,0.41600000000000004
14319.694737573465,0.52,0.41600000000000004
14319.694984186888,0.512,0.424
14319.695230800311,0.528,0.41600000000000004
14319.695477413734,0.512,0.40800000000000003
14319.695724027157,0.512,0.40800000000000003
14319.69597064058,0.504,0.376
14319.696217254002,0.504,0.384
14319.696463867425,0.52,0.41600000000000004
14319.696710480848,0.504,0.40800000000000003
14319.696957094273,0.52,0.368
14319.697203707696,0.512,0.368
14319.697450321119,0.536,0.376
14319.697696934541,0.52,0.368
14319.697943547964,0.536,0.376
14319.698190161387,0.528,0.376
14319.69843677481,0.512,0.40800000000000003
14319.698683388233,0.504,0.376
14319.698930001656,0.52,0.4
14319.699176615079,0.504,0.392
14319.699423228501,0.512,0.424
14319.699669841926,0.504,0.40800000000000003
14319.699916455349,0.52,0.424
14319.700163068772,0.504,0.424
14319.700409682195,0.528,0.40800000000000003
14319.700656295618,0.52,0.41600000000000004
14319.70090290904,0.536,0.432
14319.701149522463,0.528,0.41600000000000004
14319.701396135886,0.504,0.424
14319.701642749309,0.504,0.424
14319.701889362732,0.52,0.40800000000000003
14319.702135976155,0.504,0.424
14319.70238258958,0.52,0.376
14319.702629203002,0.504,0.368
14319.702875816425,0.528,0.392
14319.703122429848,0.52,0.392
14319.70336904327,0.504,0.424
14319.703615656694,0.504,0.40800000000000003
14319.703862270117,0.528,0.432
14319.70410888354,0.52,0.424
14319.704355496962,0.504,0.40800000000000003
14319.704602110385,0.504,0.41600000000000004
14319.704848723808,0.512,0.424
14319.705095337233,0.504,0.41600000000000004
14319.705341950656,0.512,0.424
14319.705588564078,0.504,0.41600000000000004
14319.705835177501,0.512,0.392
14319.706081790924,0.504,0.392
14319.706328404347,0.52,0.368
14319.70657501777,0.504,0.376
14319.706821631193,0.512,0.40800000000000003
14319.707068244616,0.504,0.376
14319.707314858038,0.52,0.392
14319.707561471463,0.504,0.384
14319.707808084886,0.52,0.41600000000000004
14319.708054698309,0.52,0.40800000000000003
14319.708301311732,0.504,0.424
14319.708547925155,0.52,0.424
14319.708794538577,0.504,0.40800000000000003
14319.709041152,0.504,0.41600000000000004
14319.709287765423,0.52,0.424
14319.709534378846,0.504,0.41600000000000004
14319.709780992269,0.52,0.424
14319.710027605692,0.504,0.432
14319.710274219116,0.528,0.40800000000000003
14319.71052083254,0.52,0.424
14319.710767445962,0.528,0.376
14319.711014059385,0.512,0.376
14319.711260672808,0.536,0.368
14319.71150728623,0.52,0.368
14319.711753899654,0.528,0.4
14319.712000513076,0.512,0.40800000000000003
14319.7122471265,0.536,0.384
14319.712493739922,0.52,0.392
14319.712740353345,0.528,0.368
14319.71298696677,0.52,0.384
14319.713233580193,0.536,0.368
14319.713480193615,0.52,0.376
14319.713726807038,0.536,0.41600000000000004
14319.713973420461,0.528,0.40800000000000003
14319.714220033884,0.504,0.424
14319.714466647307,0.504,0.41600000000000004
14319.71471326073,0.512,0.384
14319.714959874153,0.512,0.384
14319.715206487575,0.536,0.41600000000000004
14319.715453101,0.528,0.41600000000000004
14319.715699714423,0.512,0.4
14319.715946327846,0.504,0.40800000000000003
14319.716192941269,0.528,0.424
14319.716439554692,0.536,0.40800000000000003
14319.716686168114,0.512,0.376
14319.716932781537,0.504,0.368
14319.71717939496,0.528,0.384
14319.717426008383,0.52,0.384
14319.717672621806,0.504,0.41600000000000004
14319.717919235229,0.504,0.41600000000000004
14319.718165848653,0.536,0.424
14319.718412462076,0.536,0.424
14319.718659075499,0.52,0.40800000000000003
14319.718905688922,0.536,0.41600000000000004
14319.719152302345,0.504,0.432
14319.719398915768,0.504,0.424
14319.71964552919,0.528,0.40800000000000003
14319.719892142613,0.528,0.41600000000000004
14319.720138756036,0.512,0.384
14319.72038536946,0.504,0.376
14319.720631982882,0.536,0.368
14319.720878596307,0.52,0.368
14319.72112520973,0.536,0.41600000000000004
14319.721371823152,0.52,0.40800000000000003
14319.721618436575,0.528,0.424
14319.721865049998,0.512,0.424
14319.722111663421,0.536,0.40800000000000003
14319.722358276844,0.528,0.4
14319.722604890267,0.504,0.424
14319.72285150369,0.504,0.41600000000000004
14319.723098117112,0.52,0.424
14319.723344730535,0.512,0.424
14319.72359134396,0.536,0.4
14319.723837957383,0.52,0.40800000000000003
14319.724084570806,0.536,0.368
14319.724331184229,0.536,0.392
14319.724577797651,0.504,0.40800000000000003
14319.724824411074,0.504,0.384
14319.725071024497,0.52,0.368
14319.72531763792,0.504,0.368
14319.725564251343,0.536,0.368
14319.725810864766,0.528,0.368
14319.72605747819,0.512,0.368
14319.726304091613,0.52,0.376
14319.726550705036,0.536,0.36
14319.726797318459,0.528,0.368
14319.727043931882,0.512,0.368
14319.727290545305,0.512,0.368
14319.727537158728,0.536,0.368
14319.72778377215,0.528,0.368
14319.728030385573,0.504,0.368
14319.728276998996,0.512,0.368
14319.728523612419,0.528,0.36
14319.728770225844,0.504,0.368
14319.729016839266,0.52,0.36
14319.72926345269,0.504,0.368
14319.729510066112,0.52,0.376
14319.729756679535,0.512,0.368
14319.730003292958,0.528,0.376
14319.73024990638,0.52,0.368
14319.730496519804,0.528,0.368
14319.730743133226,0.536,0.368
14319.73098974665,0.504,0.376
14319.731236360072,0.52,0.368
14319.731482973497,0.504,0.368
14319.73172958692,0.504,0.368
14319.731976200343,0.52,0.368
14319.732222813765,0.512,0.368
14319.732469427188,0.528,0.376
14319.732716040611,0.528,0.368
14319.732962654034,0.512,0.368
14319.733209267457,0.504,0.368
14319.73345588088,0.536,0.36
14319.733702494303,0.52,0.368
14319.733949107727,0.528,0.36
14319.73419572115,0.544,0.368
14319.734442334573,0.52,0.36
14319.734688947996,0.52,0.368
14319.734935561419,0.544,0.368
14319.735182174842,0.536,0.368
14319.735428788264,0.52,0.368
14319.735675401687,0.536,0.368
14319.73592201511,0.52,0.368
14319.736168628533,0.52,0.376
14319.736415241956,0.544,0.36
14319.73666185538,0.52,0.36
14319.736908468803,0.544,0.376
14319.737155082226,0.528,0.376
14319.73740169565,0.528,0.36
14319.737648309072,0.52,0.376
14319.737894922495,0.544,0.36
14319.738141535918,0.536,0.368
14319.73838814934,0.52,0.36
14319.738634762763,0.52,0.368
14319.738881376186,0.536,0.36
14319.73912798961,0.528,0.36
14319.739374603034,0.544,0.376
14319.739621216457,0.528,0.368
14319.73986782988,0.536,0.36
14319.740114443302,0.528,0.368
14319.740361056725,0.536,0.368
14319.740607670148,0.52,0.368
14319.740854283571,0.544,0.376
14319.741100896994,0.528,0.376
14319.741347510417,0.544,0.368
14319.74159412384,0.528,0.368
14319.741840737262,0.536,0.376
14319.742087350687,0.528,0.368
14319.74233396411,0.544,0.376
14319.742580577533,0.528,0.368
14319.742827190956,0.544,0.368
14319.743073804379,0.528,0.368
14319.743320417801,0.544,0.36
14319.743567031224,0.544,0.368
14319.743813644647,0.52,0.368
14319.74406025807,0.528,0.368
14319.744306871493,0.544,0.368
14319.744553484918,0.536,0.368
14319.74480009834,0.528,0.368
14319.745046711763,0.528,0.368
14319.745293325186,0.544,0.368
14319.745539938609,0.536,0.368
14319.745786552032,0.52,0.376
14319.746033165455,0.536,0.368
14319.746279778878,0.528,0.368
14319.7465263923,0.528,0.368
14319.746773005723,0.544,0.368
14319.747019619146,0.536,0.368
14319.74726623257,0.528,0.368
14319.747512845994,0.536,0.368
14319.747759459417,0.52,0.36
14319.74800607284,0.52,0.368
14319.748252686262,0.528,0.36
14319.748499299685,0.52,0.368
14319.748745913108,0.536,0.352
14319.74899252653,0.52,0.352
14319.749239139954,0.536,0.296
14319.749485753377,0.52,0.296
14319.7497323668,0.512,0.16
14319.749978980224,0.504,0.16
14319.750225593647,0.52,0.056
14319.75047220707,0.528,0.04
14319.750718820493,0.512,0.008
14319.750965433916,0.528,0.008
14319.751212047338,0.512,-0.008
14319.751458660761,0.528,0.0
14319.751705274184,0.512,-0.008
14319.751951887607,0.512,0.0
14319.75219850103,0.528,-0.016
14319.752445114455,0.52,0.0
14319.752691727877,0.536,-0.016
14319.7529383413,0.52,0.0
14319.753184954723,0.536,-0.016
14319.753431568146,0.52,-0.016
14319.753678181569,0.536,0.0
14319.753924794992,0.504,0.0
14319.754171408415,0.528,-0.016
14319.754418021837,0.52,0.0
14319.75466463526,0.536,-0.016
14319.754911248683,0.52,-0.016
14319.755157862108,0.536,0.0
14319.75540447553,0.52,0.0
14319.755651088954,0.536,-0.016
14319.755897702376,0.536,0.0
14319.7561443158,0.512,-0.016
14319.756390929222,0.504,0.0
14319.756637542645,0.528,-0.016
14319.756884156068,0.52,-0.016
14319.75713076949,0.528,0.0
14319.757377382914,0.52,0.0
14319.757623996336,0.528,-0.016
14319.757870609761,0.52,0.0
14319.758117223184,0.504,-0.016
14319.758363836607,0.504,-0.016
14319.75861045003,0.52,0.0
14319.758857063453,0.504,-0.016
14319.759103676875,0.52,0.0
14319.759350290298,0.512,-0.016
14319.759596903721,0.52,0.0
14319.759843517144,0.504,0.0
14319.760090130567,0.52,-0.016
14319.76033674399,0.504,-0.016
14319.760583357414,0.52,0.0
14319.760829970837,0.504,-0.016
14319.76107658426,0.52,0.0
14319.761323197683,0.512,0.0
14319.761569811106,0.536,-0.016
14319.761816424529,0.536,-0.016
14319.762063037952,0.512,0.0
14319.762309651374,0.512,-0.016
14319.762556264797,0.504,0.0
14319.76280287822,0.504,0.0
14319.763049491645,0.528,-0.016
14319.763296105068,0.528,-0.016
14319.76354271849,0.512,0.0
14319.763789331913,0.528,-0.016
14319.764035945336,0.512,0.0
14319.764282558759,0.504,0.0
14319.764529172182,0.528,-0.016
14319.764775785605,0.528,-0.016
14319.765022399028,0.512,0.0
14319.76526901245,0.52,-0.016
14319.765515625873,0.504,0.0
14319.765762239298,0.512,-0.016
14319.766008852721,0.536,0.0
14319.766255466144,0.52,0.0
14319.766502079567,0.496,-0.016
14319.76674869299,0.504,-0.016
14319.766995306412,0.52,0.0
14319.767241919835,0.504,-0.016
14319.767488533258,0.528,0.0
14319.767735146681,0.512,-0.016
14319.767981760104,0.536,0.0
14319.768228373527,0.536,-0.016
14319.768474986951,0.52,0.0
14319.768721600374,0.504,-0.016
14319.768968213797,0.52,0.0
14319.76921482722,0.504,-0.016
14319.769461440643,0.536,0.0
14319.769708054066,0.528,0.0
14319.769954667488,0.512,-0.016
14319.770201280911,0.496,-0.016
14319.770447894334,0.528,0.0
14319.770694507757,0.528,-0.016
14319.770941121182,0.504,-0.008
14319.771187734605,0.504,-0.008
14319.771434348027,0.528,-0.016
14319.77168096145,0.536,-0.008
14319.771927574873,0.512,-0.016
14319.772174188296,0.496,-0.016
14319.772420801719,0.528,0.0
14319.772667415142,0.52,0.0
14319.772914028565,0.536,-0.016
14319.773160641987,0.528,-0.016
14319.77340725541,0.528,0.0
14319.773653868835,0.528,0.0
14319.773900482258,0.52,-0.016
14319.77414709568,0.52,0.0
14319.774393709104,0.536,-0.016
14319.774640322526,0.528,-0.016
14319.77488693595,0.536,0.0
14319.775133549372,0.544,-0.016
14319.775380162795,0.52,0.0
14319.775626776218,0.528,-0.016
14319.77587338964,0.544,0.0
14319.776120003064,0.52,-0.016
14319.776366616488,0.536,0.0
14319.776613229911,0.528,-0.016
14319.776859843334,0.536,-0.008
14319.777106456757,0.536,-0.008
14319.77735307018,0.52,-0.016
14319.777599683603,0.528,-0.016
14319.777846297025,0.536,-0.008
14319.778092910448,0.528,-0.016
14319.778339523871,0.536,0.0
14319.778586137294,0.528,-0.016
14319.778832750717,0.544,0.0
14319.779079364142,0.544,-0.016
14319.779325977564,0.52,0.0
14319.779572590987,0.528,-0.016
14319.77981920441,0.544,0.0
14319.780065817833,0.52,0.0
14319.780312431256,0.544,-0.016
14319.780559044679,0.528,0.0
14319.780805658102,0.544,-0.016
14319.781052271524,0.528,-0.016
14319.781298884947,0.544,0.0
14319.781545498372,0.528,-0.016
14319.781792111795,0.544,0.0
14319.782038725218,0.528,-0.016
14319.78228533864,0.536,0.0
14319.782531952063,0.528,-0.016
14319.782778565486,0.536,-0.008
14319.78302517891,0.528,-0.016
14319.783271792332,0.536,-0.008
14319.783518405755,0.528,0.0
14319.783765019178,0.544,-0.016
14319.7840116326,0.528,-0.016
14319.784258246025,0.544,0.0
14319.784504859448,0.528,-0.016
14319.784751472871,0.544,-0.008
14319.784998086294,0.52,-0.016
14319.785244699717,0.544,0.0
14319.78549131314,0.528,-0.016
14319.785737926562,0.544,0.0
14319.785984539985,0.528,-0.016
14319.786231153408,0.544,0.0
14319.786477766831,0.528,-0.016
14319.786724380254,0.536,-0.008
14319.786970993679,0.528,-0.016
14319.787217607101,0.544,-0.008
14319.787464220524,0.528,-0.016
14319.787710833947,0.536,0.0
14319.78795744737,0.528,-0.016
14319.788204060793,0.544,0.0
14319.788450674216,0.528,-0.016
14319.788697287639,0.544,0.0
14319.788943901061,0.528,-0.016
14319.789190514484,0.536,0.0
14319.789437127909,0.528,-0.016
14319.789683741332,0.544,0.0
14319.789930354755,0.528,-0.016
14319.790176968178,0.536,0.0
14319.7904235816,0.528,-0.008
14319.790670195023,0.536,-0.016
14319.790916808446,0.528,-0.016
14319.791163421869,0.544,-0.008
14319.791410035292,0.544,-0.016
14319.791656648715,0.528,0.0
14319.791903262138,0.52,-0.016
14319.792149875562,0.544,0.0
14319.792396488985,0.528,-0.016
14319.792643102408,0.544,0.0
14319.79288971583,0.528,-0.016
14319.793136329254,0.536,0.0
14319.793382942677,0.528,0.0
14319.7936295561,0.544,-0.016
14319.793876169522,0.528,-0.008
14319.794122782945,0.544,-0.016
14319.794369396368,0.528,-0.016
14319.79461600979,0.544,0.0
14319.794862623216,0.544,-0.008
14319.795109236638,0.52,-0.016
14319.795355850061,0.528,-0.016
14319.795602463484,0.544,-0.008
14319.795849076907,0.528,-0.016
14319.79609569033,0.544,-0.008
14319.796342303753,0.528,-0.016
14319.796588917176,0.536,0.0
14319.796835530598,0.528,-0.008
14319.797082144021,0.544,-0.016
14319.797328757444,0.528,-0.016
14319.797575370869,0.544,0.0
14319.797821984292,0.528,-0.008
14319.798068597715,0.536,-0.016
14319.798315211137,0.528,-0.008
14319.79856182456,0.536,-0.016
14319.798808437983,0.528,-0.008
14319.799055051406,0.536,-0.016
14319.799301664829,0.528,-0.016
14319.799548278252,0.544,-0.008
14319.799794891675,0.528,-0.008
14319.8000415051,0.536,-0.016
14319.800288118522,0.544,-0.016
14319.800534731945,0.528,-0.008
14319.800781345368,0.528,-0.016
14319.80102795879,0.544,-0.008
14319.801274572214,0.528,-0.016
14319.801521185636,0.544,-0.008
14319.80176779906,0.528,-0.016
14319.802014412482,0.544,0.0
14319.802261025905,0.528,-0.016
14319.802507639328,0.544,0.0
14319.802754252752,0.528,-0.008
14319.803000866175,0.536,-0.016
14319.803247479598,0.528,-0.016
14319.803494093021,0.544,0.0
14319.803740706444,0.528,-0.016
14319.803987319867,0.544,0.0
14319.80423393329,0.544,-0.016
14319.804480546713,0.528,0.0
14319.804727160135,0.544,-0.016
14319.804973773558,0.52,0.0
14319.805220386981,0.528,0.0
14319.805467000406,0.544,-0.016
14319.805713613829,0.544,-0.008
14319.805960227251,0.52,-0.016
14319.806206840674,0.528,-0.016
14319.806453454097,0.544,0.0
14319.80670006752,0.544,-0.016
14319.806946680943,0.52,0.0
14319.807193294366,0.536,0.0
14319.807439907789,0.52,-0.016
14319.807686521212,0.536,-0.008
14319.807933134636,0.52,-0.016
14319.808179748059,0.512,-0.016
14319.808426361482,0.52,0.0
14319.808672974905,0.512,-0.008
14319.808919588328,0.528,-0.016
14319.80916620175,0.52,-0.016
14319.809412815173,0.504,0.0
14319.809659428596,0.504,-0.016
14319.809906042019,0.52,0.0
14319.810152655442,0.512,-0.016
14319.810399268865,0.528,0.0
14319.81064588229,0.52,-0.008
14319.810892495712,0.536,0.016
14319.811139109135,0.52,0.024
14319.811385722558,0.536,0.12
14319.81163233598,0.536,0.128
14319.811878949404,0.512,0.28800000000000003
14319.812125562827,0.512,0.296
14319.81237217625,0.528,0.368
14319.812618789672,0.52,0.376
14319.812865403095,0.528,0.40800000000000003
14319.813112016518,0.52,0.4
14319.813358629943,0.528,0.376
14319.813605243366,0.536,0.368
14319.813851856788,0.512,0.36
14319.814098470211,0.52,0.36
14319.814345083634,0.504,0.392
14319.814591697057,0.52,0.376
14319.81483831048,0.504,0.392
14319.815084923903,0.504,0.392
14319.815331537326,0.512,0.41600000000000004
14319.815578150748,0.504,0.4
14319.815824764171,0.52,0.368
14319.816071377596,0.52,0.368
14319.816317991019,0.504,0.36
14319.816564604442,0.536,0.368
14319.816811217865,0.512,0.384
14319.817057831287,0.536,0.384
14319.81730444471,0.512,0.368
14319.817551058133,0.512,0.368
14319.817797671556,0.536,0.384
14319.818044284979,0.52,0.376
14319.818290898402,0.536,0.40800000000000003
14319.818537511826,0.528,0.424
14319.81878412525,0.504,0.384
14319.819030738672,0.504,0.384
14319.819277352095,0.52,0.368
14319.819523965518,0.52,0.36
14319.81977057894,0.504,0.376
14319.820017192364,0.52,0.376
14319.820263805786,0.536,0.40800000000000003
14319.82051041921,0.52,0.40800000000000003
14319.820757032632,0.528,0.41600000000000004
14319.821003646055,0.528,0.41600000000000004
14319.82125025948,0.504,0.376
14319.821496872903,0.504,0.376
14319.821743486325,0.536,0.368
14319.821990099748,0.512,0.368
14319.822236713171,0.528,0.36
14319.822483326594,0.536,0.36
14319.822729940017,0.512,0.376
14319.82297655344,0.52,0.368
14319.823223166863,0.512,0.392
14319.823469780285,0.528,0.392
14319.823716393708,0.504,0.41600000000000004
14319.823963007133,0.512,0.4
14319.824209620556,0.504,0.368
14319.824456233979,0.504,0.368
14319.824702847402,0.528,0.36
14319.824949460824,0.52,0.36
14319.825196074247,0.536,0.368
14319.82544268767,0.52,0.368
14319.825689301093,0.536,0.376
14319.825935914516,0.52,0.376
14319.826182527939,0.536,0.4
14319.826429141363,0.52,0.4
14319.826675754786,0.504,0.41600000000000004
14319.82692236821,0.504,0.4
14319.827168981632,0.528,0.368
14319.827415595055,0.52,0.368
14319.827662208478,0.536,0.368
14319.8279088219,0.52,0.368
14319.828155435323,0.536,0.36
14319.828402048746,0.528,0.368
14319.82864866217,0.512,0.36
14319.828895275592,0.512,0.36
14319.829141889017,0.528,0.376
14319.82938850244,0.536,0.376
14319.829635115862,0.512,0.368
14319.829881729285,0.504,0.376
14319.830128342708,0.528,0.392
14319.830374956131,0.536,0.376
14319.830621569554,0.512,0.368
14319.830868182977,0.528,0.36
14319.8311147964,0.504,0.376
14319.831361409822,0.512,0.376
14319.831608023245,0.528,0.41600000000000004
14319.83185463667,0.52,0.40800000000000003
14319.832101250093,0.504,0.424
14319.832347863516,0.504,0.41600000000000004
14319.832594476939,0.52,0.424
14319.832841090361,0.504,0.424
14319.833087703784,0.52,0.41600000000000004
14319.833334317207,0.504,0.41600000000000004
14319.83358093063,0.536,0.424
14319.833827544053,0.512,0.424
14319.834074157476,0.528,0.41600000000000004
14319.834320770899,0.52,0.41600000000000004
14319.834567384323,0.504,0.432
14319.834813997746,0.512,0.41600000000000004
14319.835060611169,0.528,0.432
14319.835307224592,0.52,0.424
14319.835553838015,0.528,0.41600000000000004
14319.835800451438,0.528,0.41600000000000004
14319.83604706486,0.512,0.424
14319.836293678283,0.52,0.41600000000000004
14319.836540291706,0.536,0.424
14319.836786905129,0.528,0.41600000000000004
14319.837033518554,0.512,0.432
14319.837280131977,0.52,0.41600000000000004
14319.8375267454,0.496,0.424
14319.837773358822,0.504,0.424
14319.838019972245,0.528,0.41600000000000004
14319.838266585668,0.52,0.424
14319.83851319909,0.536,0.40800000000000003
14319.838759812514,0.52,0.424
14319.839006425937,0.504,0.392
14319.83925303936,0.528,0.392
14319.839499652782,0.504,0.376
14319.839746266207,0.504,0.368
14319.83999287963,0.512,0.392
14319.840239493053,0.504,0.392
14319.840486106476,0.52,0.41600000000000004
14319.840732719898,0.504,0.41600000000000004
14319.840979333321,0.528,0.424
14319.841225946744,0.512,0.41600000000000004
14319.841472560167,0.528,0.424
14319.84171917359,0.528,0.41600000000000004
14319.841965787013,0.512,0.432
14319.842212400436,0.512,0.432
14319.84245901386,0.504,0.41600000000000004
14319.842705627283,0.504,0.432
14319.842952240706,0.512,0.41600000000000004
14319.843198854129,0.504,0.424
14319.843445467552,0.512,0.40800000000000003
14319.843692080975,0.504,0.40800000000000003
14319.843938694397,0.52,0.368
14319.84418530782,0.504,0.376
14319.844431921243,0.52,0.36
14319.844678534666,0.504,0.368
14319.84492514809,0.52,0.376
14319.845171761513,0.504,0.368
14319.845418374936,0.512,0.376
14319.84566498836,0.504,0.376
14319.845911601782,0.52,0.40800000000000003
14319.846158215205,0.512,0.4
14319.846404828628,0.536,0.368
14319.84665144205,0.528,0.368
14319.846898055474,0.504,0.36
14319.847144668896,0.496,0.368
14319.84739128232,0.512,0.376
14319.847637895744,0.504,0.376
14319.847884509167,0.512,0.40800000000000003
14319.84813112259,0.512,0.40800000000000003
14319.848377736012,0.528,0.424
14319.848624349435,0.528,0.432
14319.848870962858,0.512,0.41600000000000004
14319.849117576281,0.504,0.424
14319.849364189704,0.52,0.384
14319.849610803127,0.504,0.392
14319.84985741655,0.52,0.41600000000000004
14319.850104029972,0.504,0.41600000000000004
14319.850350643397,0.52,0.424
14319.85059725682,0.52,0.41600000000000004
14319.850843870243,0.504,0.424
14319.851090483666,0.504,0.40800000000000003
14319.851337097089,0.512,0.368
14319.851583710511,0.504,0.36
14319.851830323934,0.528,0.376
14319.852076937357,0.528,0.368
14319.85232355078,0.512,0.392
14319.852570164203,0.52,0.392
14319.852816777626,0.504,0.41600000000000004
14319.85306339105,0.496,0.424
14319.853310004473,0.512,0.41600000000000004
14319.853556617896,0.496,0.41600000000000004
14319.853803231319,0.52,0.432
14319.854049844742,0.512,0.432
14319.854296458165,0.536,0.41600000000000004
14319.854543071588,0.512,0.424
14319.85478968501,0.536,0.41600000000000004
14319.855036298433,0.52,0.424
14319.855282911856,0.504,0.384
14319.85552952528,0.504,0.376
14319.855776138704,0.512,0.368
14319.856022752127,0.504,0.36
14319.85626936555,0.512,0.368
14319.856515978972,0.504,0.368
14319.856762592395,0.52,0.41600000000000004
14319.857009205818,0.504,0.40800000000000003
14319.85725581924,0.52,0.424
14319.857502432664,0.504,0.41600000000000004
14319.857749046087,0.512,0.432
14319.85799565951,0.504,0.424
14319.858242272934,0.52,0.41600000000000004
14319.858488886357,0.504,0.41600000000000004
14319.85873549978,0.52,0.432
14319.858982113203,0.496,0.41600000000000004
14319.859228726626,0.52,0.432
14319.859475340048,0.52,0.41600000000000004
14319.859721953471,0.504,0.424
14319.859968566894,0.504,0.424
14319.860215180317,0.528,0.392
14319.86046179374,0.52,0.392
14319.860708407163,0.512,0.368
14319.860955020587,0.512,0.368
14319.86120163401,0.504,0.376
14319.861448247433,0.512,0.384
14319.861694860856,0.528,0.41600000000000004
14319.861941474279,0.504,0.40800000000000003
14319.862188087702,0.52,0.384
14319.862434701125,0.504,0.4
14319.862681314547,0.512,0.424
14319.86292792797,0.504,0.41600000000000004
14319.863174541393,0.52,0.432
14319.863421154818,0.504,0.424
14319.86366776824,0.52,0.41600000000000004
14319.863914381664,0.512,0.432
14319.864160995086,0.528,0.41600000000000004
14319.86440760851,0.504,0.424
14319.864654221932,0.528,0.41600000000000004
14319.864900835355,0.528,0.424
14319.865147448778,0.512,0.40800000000000003
14319.8653940622,0.52,0.41600000000000004
14319.865640675624,0.528,0.376
14319.865887289046,0.52,0.376
14319.866133902471,0.536,0.41600000000000004
14319.866380515894,0.528,0.40800000000000003
14319.866627129317,0.512,0.432
14319.86687374274,0.512,0.41600000000000004
14319.867120356163,0.528,0.376
14319.867366969585,0.504,0.376
14319.867613583008,0.52,0.40800000000000003
14319.867860196431,0.52,0.40800000000000003
14319.868106809854,0.504,0.424
14319.868353423277,0.512,0.424
14319.8686000367,0.536,0.392
14319.868846650124,0.504,0.384
14319.869093263547,0.528,0.368
14319.86933987697,0.504,0.368
14319.869586490393,0.528,0.384
14319.869833103816,0.528,0.368
14319.870079717239,0.512,0.41600000000000004
14319.870326330662,0.52,0.40800000000000003
14319.870572944084,0.496,0.424
14319.870819557507,0.504,0.41600000000000004
14319.87106617093,0.536,0.384
14319.871312784353,0.528,0.384
14319.871559397778,0.512,0.368
14319.8718060112,0.536,0.376
14319.872052624623,0.52,0.4
14319.872299238046,0.528,0.4
14319.87254585147,0.512,0.328
14319.872792464892,0.528,0.32
14319.873039078315,0.504,0.176
14319.873285691738,0.504,0.168
14319.87353230516,0.536,0.064
14319.873778918583,0.512,0.056
14319.874025532008,0.536,0.008
14319.874272145431,0.536,0.016
14319.874518758854,0.52,-0.008
14319.874765372277,0.536,-0.008
14319.8750119857,0.504,0.0
14319.875258599122,0.52,-0.008
14319.875505212545,0.504,0.0
14319.875751825968,0.52,-0.008
14319.875998439391,0.504,0.0
14319.876245052814,0.512,0.0
14319.876491666237,0.528,-0.016
14319.876738279661,0.52,0.0
14319.876984893084,0.536,-0.008
14319.877231506507,0.52,-0.016
14319.87747811993,0.536,0.0
14319.877724733353,0.52,-0.008
14319.877971346776,0.536,0.0
14319.878217960199,0.528,0.0
14319.878464573621,0.504,-0.016
14319.878711187044,0.504,0.0
14319.878957800467,0.528,-0.016
14319.87920441389,0.528,-0.016
14319.879451027315,0.512,0.0
14319.879697640738,0.504,-0.016
14319.87994425416,0.544,0.0
14319.880190867583,0.544,0.0
14319.880437481006,0.528,-0.016
14319.880684094429,0.52,-0.016
14319.880930707852,0.536,0.0
14319.881177321275,0.544,0.0
14319.881423934698,0.52,-0.016
14319.88167054812,0.52,0.0
14319.881917161545,0.536,-0.016
14319.882163774968,0.52,-0.016
14319.88241038839,0.536,0.0
14319.882657001814,0.536,-0.016
14319.882903615237,0.52,0.0
14319.88315022866,0.528,0.0
14319.883396842082,0.544,-0.016
14319.883643455505,0.52,0.0
14319.883890068928,0.544,-0.016
14319.88413668235,0.528,-0.016
14319.884383295774,0.544,0.0
14319.884629909198,0.528,0.0
14319.884876522621,0.536,-0.016
14319.885123136044,0.52,0.0
14319.885369749467,0.536,-0.016
14319.88561636289,0.528,0.0
14319.885862976313,0.536,-0.016
14319.886109589735,0.528,0.0
14319.886356203158,0.536,-0.016
14319.886602816581,0.528,-0.016
14319.886849430004,0.544,0.0
14319.887096043427,0.536,-0.016
14319.887342656852,0.52,0.0
14319.887589270274,0.528,0.0
14319.887835883697,0.544,-0.016
14319.88808249712,0.528,-0.016
14319.888329110543,0.544,0.0
14319.888575723966,0.528,-0.016
14319.888822337389,0.544,0.0
14319.889068950812,0.528,-0.016
14319.889315564234,0.536,0.0
14319.889562177657,0.528,-0.016
14319.88980879108,0.544,0.0
14319.890055404505,0.528,0.0
14319.890302017928,0.536,-0.016
14319.89054863135,0.528,0.0
14319.890795244773,0.544,-0.016
14319.891041858196,0.528,-0.016
14319.89128847162,0.544,0.0
14319.891535085042,0.544,-0.016
14319.891781698465,0.528,-0.008
14319.892028311888,0.52,-0.016
14319.89227492531,0.536,0.0
14319.892521538735,0.536,-0.016
14319.892768152158,0.52,0.0
14319.893014765581,0.536,-0.016
14319.893261379004,0.52,0.0
14319.893507992427,0.544,-0.008
14319.89375460585,0.512,-0.016
14319.894001219272,0.504,-0.016
14319.894247832695,0.528,-0.008
14319.894494446118,0.512,0.0
14319.894741059541,0.528,-0.016
14319.894987672964,0.512,0.0
14319.895234286389,0.528,-0.016
14319.895480899811,0.528,-0.016
14319.895727513234,0.504,0.0
14319.895974126657,0.528,0.0
14319.89622074008,0.504,-0.016
14319.896467353503,0.504,-0.016
14319.896713966926,0.52,0.0
14319.896960580349,0.512,-0.016
14319.897207193771,0.528,0.0
14319.897453807194,0.52,0.0
14319.897700420617,0.536,-0.016
14319.897947034042,0.52,-0.008
14319.898193647465,0.528,-0.016
14319.898440260888,0.52,-0.008
14319.89868687431,0.536,-0.016
14319.898933487733,0.528,-0.016
14319.899180101156,0.512,0.0
14319.899426714579,0.504,-0.016
14319.899673328002,0.528,0.0
14319.899919941425,0.528,-0.016
14319.900166554848,0.504,0.0
14319.900413168272,0.512,-0.016
14319.900659781695,0.528,0.0
14319.900906395118,0.512,-0.016
14319.90115300854,0.528,0.0
14319.901399621964,0.52,-0.008
14319.901646235387,0.528,-0.016
14319.90189284881,0.528,-0.016
14319.902139462232,0.512,-0.008
14319.902386075655,0.536,-0.016
14319.902632689078,0.528,-0.008
14319.9028793025,0.544,-0.016
14319.903125915926,0.52,0.0
14319.903372529348,0.544,-0.016
14319.903619142771,0.52,0.0
14319.903865756194,0.528,0.0
14319.904112369617,0.536,-0.016
14319.90435898304,0.528,-0.016
14319.904605596463,0.544,0.0
14319.904852209886,0.536,-0.016
14319.905098823308,0.52,-0.008
14319.905345436731,0.52,-0.016
14319.905592050154,0.544,-0.008
14319.905838663579,0.536,-0.016
14319.906085277002,0.528,-0.008
14319.906331890425,0.52,-0.016
14319.906578503847,0.544,0.0
14319.90682511727,0.528,-0.008
14319.907071730693,0.544,-0.016
14319.907318344116,0.528,-0.016
14319.907564957539,0.536,0.0
14319.907811570962,0.528,-0.016
14319.908058184385,0.536,0.0
14319.908304797807,0.52,-0.016
14319.908551411232,0.544,0.0
14319.908798024655,0.544,-0.016
14319.909044638078,0.528,-0.008
14319.9092912515,0.544,-0.008
14319.909537864924,0.528,-0.016
14319.909784478346,0.528,-0.016
14319.91003109177,0.536,0.0
14319.910277705192,0.52,-0.016
14319.910524318615,0.536,0.0
14319.910770932038,0.528,-0.016
14319.911017545463,0.536,0.0
14319.911264158885,0.536,-0.016
14319.911510772308,0.52,0.0
14319.911757385731,0.528,-0.016
14319.912003999154,0.544,0.0
14319.912250612577,0.528,-0.016
14319.912497226,0.544,-0.008
14319.912743839423,0.52,-0.008
14319.912990452845,0.536,-0.016
14319.913237066268,0.528,-0.016
14319.913483679691,0.544,-0.008
14319.913730293116,0.528,-0.008
14319.913976906539,0.544,-0.016
14319.914223519962,0.528,-0.008
14319.914470133384,0.544,-0.016
14319.914716746807,0.528,-0.008
14319.91496336023,0.544,-0.016
14319.915209973653,0.536,-0.016
14319.915456587076,0.528,-0.008
14319.915703200499,0.528,-0.016
14319.915949813922,0.544,0.0
14319.916196427344,0.528,0.0
14319.916443040769,0.544,-0.016
14319.916689654192,0.544,-0.016
14319.916936267615,0.528,-0.008
14319.917182881038,0.528,-0.016
14319.91742949446,0.544,0.0
14319.917676107883,0.528,-0.008
14319.917922721306,0.544,-0.016
14319.91816933473,0.536,-0.016
14319.918415948152,0.52,0.0
14319.918662561575,0.528,-0.016
14319.918909175,0.544,0.0
14319.919155788422,0.528,-0.008
14319.919402401845,0.544,-0.016
14319.919649015268,0.528,-0.016
14319.919895628691,0.544,0.0
14319.920142242114,0.528,-0.016
14319.920388855537,0.544,0.0
14319.92063546896,0.528,-0.016
14319.920882082382,0.544,0.0
14319.921128695805,0.528,-0.016
14319.921375309228,0.544,0.0
14319.921621922653,0.528,-0.016
14319.921868536076,0.544,-0.008
14319.922115149498,0.528,-0.008
14319.922361762921,0.544,-0.016
14319.922608376344,0.528,-0.008
14319.922854989767,0.544,-0.016
14319.92310160319,0.536,-0.016
14319.923348216613,0.52,0.0
14319.923594830036,0.528,-0.008
14319.923841443459,0.544,-0.016
14319.924088056881,0.528,-0.008
14319.924334670306,0.544,-0.016
14319.924581283729,0.528,-0.008
14319.924827897152,0.544,-0.016
14319.925074510575,0.528,-0.008
14319.925321123997,0.544,-0.016
14319.92556773742,0.536,-0.008
14319.925814350843,0.52,-0.016
14319.926060964266,0.52,-0.016
14319.926307577689,0.536,0.0
14319.926554191112,0.52,-0.008
14319.926800804535,0.528,-0.016
14319.92704741796,0.52,-0.016
14319.927294031382,0.536,-0.008
14319.927540644805,0.536,-0.016
14319.927787258228,0.52,-0.008
14319.92803387165,0.512,-0.008
14319.928280485074,0.536,-0.016
14319.928527098496,0.52,-0.008
14319.92877371192,0.504,-0.016
14319.929020325342,0.512,0.0
14319.929266938765,0.544,-0.016
14319.92951355219,0.528,-0.016
14319.929760165613,0.512,0.0
14319.930006779035,0.52,-0.008
14319.930253392458,0.504,-0.016
14319.930500005881,0.504,-0.008
14319.930746619304,0.52,-0.016
14319.930993232727,0.512,-0.016
14319.93123984615,0.528,-0.008
14319.931486459573,0.528,-0.016
14319.931733072995,0.512,-0.008
14319.931979686418,0.528,-0.016
14319.932226299843,0.504,0.0
14319.932472913266,0.512,0.0
14319.932719526689,0.536,-0.016
14319.932966140112,0.528,-0.008
14319.933212753534,0.512,-0.016
14319.933459366957,0.536,-0.016
14319.93370598038,0.512,0.0
14319.933952593803,0.504,-0.016
14319.934199207226,0.528,0.016
14319.934445820649,0.52,0.016
14319.934692434072,0.536,0.112
14319.934939047496,0.528,0.112
14319.93518566092,0.512,0.256
14319.935432274342,0.504,0.264
14319.935678887765,0.52,0.328
14319.935925501188,0.52,0.328
14319.93617211461,0.504,0.36
14319.936418728033,0.512,0.36
14319.936665341456,0.536,0.352
14319.93691195488,0.52,0.36
14319.937158568302,0.536,0.368
14319.937405181727,0.528,0.368
14319.93765179515,0.504,0.36
14319.937898408572,0.528,0.368
14319.938145021995,0.512,0.376
14319.938391635418,0.52,0.368
14319.938638248841,0.528,0.368
14319.938884862264,0.52,0.368
14319.939131475687,0.536,0.36
14319.93937808911,0.52,0.368
14319.939624702532,0.528,0.368
14319.939871315955,0.52,0.368
14319.94011792938,0.512,0.36
14319.940364542803,0.52,0.368
14319.940611156226,0.504,0.36
14319.940857769649,0.504,0.368
14319.941104383071,0.52,0.368
14319.941350996494,0.528,0.368
14319.941597609917,0.504,0.368
14319.94184422334,0.504,0.368
14319.942090836763,0.528,0.36
14319.942337450186,0.512,0.368
14319.942584063609,0.528,0.40800000000000003
14319.942830677033,0.52,0.392
14319.943077290456,0.512,0.41600000000000004
14319.943323903879,0.504,0.432
14319.943570517302,0.52,0.40800000000000003
14319.943817130725,0.52,0.424
14319.944063744148,0.504,0.40800000000000003
14319.94431035757,0.504,0.424
14319.944556970993,0.52,0.384
14319.944803584416,0.504,0.376
14319.945050197839,0.512,0.4
14319.945296811262,0.504,0.4
14319.945543424687,0.512,0.424
14319.94579003811,0.504,0.41600000000000004
14319.946036651532,0.536,0.424
14319.946283264955,0.52,0.41600000000000004
14319.946529878378,0.528,0.432
14319.9467764918,0.528,0.40800000000000003
14319.947023105224,0.512,0.376
14319.947269718647,0.512,0.376
14319.94751633207,0.528,0.4
14319.947762945492,0.536,0.40800000000000003
14319.948009558917,0.512,0.376
14319.94825617234,0.52,0.376
14319.948502785763,0.536,0.368
14319.948749399186,0.52,0.368
14319.948996012608,0.528,0.368
14319.949242626031,0.52,0.368
14319.949489239454,0.504,0.368
14319.949735852877,0.512,0.368
14319.9499824663,0.536,0.368
14319.950229079723,0.528,0.368
14319.950475693146,0.512,0.36
14319.95072230657,0.504,0.368
14319.950968919993,0.528,0.368
14319.951215533416,0.52,0.368
14319.951462146839,0.536,0.376
14319.951708760262,0.536,0.368
14319.951955373685,0.504,0.368
14319.952201987107,0.504,0.368
14319.95244860053,0.52,0.368
14319.952695213953,0.504,0.368
14319.952941827376,0.52,0.368
14319.953188440799,0.504,0.368
14319.953435054224,0.52,0.368
14319.953681667646,0.512,0.368
14319.95392828107,0.528,0.36
14319.954174894492,0.52,0.368
14319.954421507915,0.536,0.376
14319.954668121338,0.512,0.376
14319.95491473476,0.536,0.368
14319.955161348184,0.504,0.368
14319.955407961606,0.536,0.36
14319.95565457503,0.528,0.368
14319.955901188454,0.512,0.368
14319.956147801877,0.52,0.368
14319.9563944153,0.504,0.36
14319.956641028723,0.504,0.368
14319.956887642145,0.52,0.36
14319.957134255568,0.504,0.368
14319.957380868991,0.512,0.376
14319.957627482414,0.504,0.368
14319.957874095837,0.528,0.368
14319.95812070926,0.504,0.368
14319.958367322683,0.52,0.368
14319.958613936107,0.512,0.368
14319.95886054953,0.536,0.36
14319.959107162953,0.52,0.368
14319.959353776376,0.536,0.368
14319.959600389799,0.528,0.368
14319.959847003222,0.512,0.368
14319.960093616644,0.512,0.368
14319.960340230067,0.536,0.36
14319.96058684349,0.52,0.368
14319.960833456913,0.536,0.376
14319.961080070336,0.528,0.368
14319.96132668376,0.504,0.368
14319.961573297183,0.504,0.368
14319.961819910606,0.536,0.376
14319.962066524029,0.52,0.368
14319.962313137452,0.536,0.368
14319.962559750875,0.52,0.368
14319.962806364298,0.528,0.368
14319.96305297772,0.528,0.368
14319.963299591143,0.512,0.376
14319.963546204566,0.528,0.368
14319.963792817989,0.504,0.368
14319.964039431414,0.504,0.368
14319.964286044837,0.52,0.368
14319.96453265826,0.512,0.368
14319.964779271682,0.528,0.368
14319.965025885105,0.52,0.368
14319.965272498528,0.528,0.36
14319.965519111951,0.512,0.368
14319.965765725374,0.536,0.368
14319.966012338797,0.528,0.368
14319.96625895222,0.512,0.368
14319.966505565644,0.504,0.368
14319.966752179067,0.512,0.368
14319.96699879249,0.504,0.368
14319.967245405913,0.52,0.368
14319.967492019336,0.536,0.368
14319.967738632758,0.512,0.376
14319.967985246181,0.52,0.368
14319.968231859604,0.504,0.368
14319.968478473027,0.504,0.368
14319.96872508645,0.512,0.376
14319.968971699873,0.504,0.368
14319.969218313297,0.52,0.368
14319.96946492672,0.52,0.368
14319.969711540143,0.504,0.368
14319.969958153566,0.512,0.376
14319.970204766989,0.536,0.36
14319.970451380412,0.52,0.368
14319.970697993835,0.528,0.368
14319.970944607257,0.512,0.368
14319.97119122068,0.536,0.36
14319.971437834103,0.512,0.368
14319.971684447526,0.528,0.376
14319.97193106095,0.504,0.376
14319.972177674374,0.528,0.368
14319.972424287796,0.528,0.368
14319.97267090122,0.504,0.376
14319.972917514642,0.504,0.376
14319.973164128065,0.528,0.36
14319.973410741488,0.52,0.368
14319.97365735491,0.536,0.368
14319.973903968334,0.512,0.368
14319.974150581756,0.536,0.368
14319.974397195181,0.52,0.368
14319.974643808604,0.504,0.4
14319.974890422027,0.52,0.4
14319.97513703545,0.536,0.424
14319.975383648873,0.52,0.424
14319.975630262295,0.504,0.41600000000000004
14319.975876875718,0.504,0.41600000000000004
14319.976123489141,0.52,0.424
14319.976370102564,0.504,0.41600000000000004
14319.976616715987,0.528,0.432
14319.97686332941,0.52,0.41600000000000004
14319.977109942834,0.528,0.432
14319.977356556257,0.52,0.41600000000000004
14319.97760316968,0.504,0.432
14319.977849783103,0.504,0.424
14319.978096396526,0.528,0.40800000000000003
14319.985339403152,0.512,-0.008
14319.985607666373,0.528,0.0
14319.985875929595,0.504,-0.016
14319.986144192815,0.52,0.0
14319.986412456035,0.504,0.0
14319.986680719256,0.528,-0.016
14319.986948982478,0.52,0.0
14319.987217245698,0.504,-0.016
14319.987485508918,0.512,0.0
14319.98775377214,0.528,-0.016
14319.98802203536,0.52,-0.016
14319.988290298581,0.536,0.0
14319.988558561801,0.512,0.0
14319.988826825023,0.528,-0.016
14319.989095088244,0.504,0.0
14319.989363351464,0.528,-0.016
14319.989631614684,0.52,-0.016
14319.989899877906,0.504,0.0
14319.990168141127,0.504,-0.016
14319.990436404347,0.512,0.0
14319.990704667569,0.512,-0.008
14319.99097293079,0.536,0.016
14319.99124119401,0.536,0.016
14319.99150945723,0.504,0.10400000000000001
14319.991777720452,0.504,0.112
14319.992045983672,0.52,0.248
14319.992314246892,0.512,0.256
14319.992582510115,0.528,0.328
14319.992850773335,0.536,0.336
14319.993119036555,0.512,0.4
14319.993387299775,0.528,0.40800000000000003
14319.993655562997,0.512,0.376
14319.993923826218,0.504,0.384
14319.994192089438,0.52,0.376
14319.99446035266,0.504,0.376
14319.99472861588,0.52,0.384
14319.9949968791,0.504,0.384
14319.995265142321,0.52,0.392
14319.995533405543,0.504,0.384
14319.995801668763,0.512,0.4
14319.996069931984,0.52,0.4
14319.996338195204,0.504,0.376
14319.996606458426,0.504,0.384
14319.996874721646,0.512,0.4
14319.997142984867,0.504,0.392
14319.997411248089,0.52,0.432
14319.997679511309,0.512,0.424
14319.99794777453,0.536,0.44
14319.99821603775,0.528,0.44
14319.998484300972,0.504,0.424
14319.998752564192,0.504,0.44
14319.999020827412,0.528,0.4
14319.999289090634,0.52,0.4
14319.999557353854,0.528,0.376
14319.999825617075,0.528,0.384
14320.000093880295,0.512,0.41600000000000004
14320.000362143517,0.528,0.40800000000000003
14320.000630406737,0.504,0.384
14320.000898669958,0.504,0.376
14320.00116693318,0.52,0.392
14320.0014351964,0.504,0.376
14320.00170345962,0.52,0.40800000000000003
14320.00197172284,0.52,0.40800000000000003
14320.002239986063,0.504,0.432
14320.002508249283,0.504,0.424
14320.002776512503,0.52,0.44
14320.003044775724,0.504,0.424
14320.003313038946,0.528,0.432
14320.003581302166,0.536,0.41600000000000004
14320.003849565386,0.512,0.384
14320.004117828608,0.52,0.376
14320.004386091829,0.504,0.392
14320.004654355049,0.504,0.376
14320.00492261827,0.52,0.4
14320.005190881491,0.504,0.4
14320.005459144711,0.52,0.432
14320.005727407932,0.512,0.40800000000000003
14320.005995671154,0.528,0.376
14320.006263934374,0.512,0.376
14320.006532197594,0.536,0.392
14320.006800460815,0.52,0.392
14320.007068724037,0.536,0.41600000000000004
14320.007336987257,0.52,0.4
14320.007605250477,0.536,0.376
14320.0078735137,0.544,0.376
14320.00814177692,0.504,0.368
14320.00841004014,0.504,0.368
14320.00867830336,0.52,0.384
14320.008946566582,0.504,0.384
14320.009214829803,0.52,0.41600000000000004
14320.009483093023,0.52,0.41600000000000004
14320.009751356243,0.504,0.44
14320.010019619465,0.504,0.424
14320.010287882686,0.512,0.44
14320.010556145906,0.504,0.432
14320.010824409128,0.52,0.41600000000000004
14320.011092672348,0.504,0.41600000000000004
14320.011360935569,0.52,0.432
14320.011629198789,0.528,0.432
14320.01189746201,0.504,0.4
14320.012165725231,0.504,0.4
14320.012433988451,0.528,0.384
14320.012702251674,0.512,0.376
14320.012970514894,0.536,0.392
14320.013238778114,0.528,0.392
14320.013507041334,0.512,0.41600000000000004
14320.013775304556,0.52,0.392
14320.014043567777,0.504,0.376
14320.014311830997,0.504,0.376
14320.01458009422,0.512,0.40800000000000003
14320.01484835744,0.512,0.4
14320.01511662066,0.528,0.424
14320.01538488388,0.536,0.41600000000000004
14320.015653147102,0.512,0.432
14320.015921410322,0.528,0.424
14320.016189673543,0.504,0.44
14320.016457936763,0.504,0.432
14320.016726199985,0.52,0.384
14320.016994463205,0.504,0.384
14320.017262726426,0.52,0.376
14320.017530989648,0.504,0.384
14320.017799252868,0.52,0.41600000000000004
14320.018067516088,0.52,0.41600000000000004
14320.018335779308,0.504,0.432
14320.01860404253,0.512,0.432
14320.01887230575,0.536,0.41600000000000004
14320.019140568971,0.52,0.44
14320.019408832193,0.528,0.41600000000000004
14320.019677095413,0.52,0.432
14320.019945358634,0.528,0.392
14320.020213621854,0.52,0.384
14320.020481885076,0.536,0.376
14320.020750148296,0.52,0.376
14320.021018411517,0.536,0.368
14320.021286674739,0.52,0.376
14320.021554937959,0.504,0.4
14320.02182320118,0.52,0.392
14320.0220914644,0.504,0.424
14320.022359727622,0.504,0.40800000000000003
14320.022627990842,0.528,0.376
14320.022896254062,0.504,0.376
14320.023164517283,0.52,0.384
14320.023432780505,0.504,0.376
14320.023701043725,0.52,0.384
14320.023969306945,0.504,0.368
14320.024237570167,0.512,0.384
14320.024505833388,0.504,0.368
14320.024774096608,0.52,0.384
14320.025042359828,0.512,0.384
14320.02531062305,0.536,0.376
14320.02557888627,0.528,0.384
14320.02584714949,0.512,0.376
14320.026115412713,0.52,0.376
14320.026383675933,0.504,0.384
14320.026651939153,0.504,0.376
14320.026920202374,0.52,0.368
14320.027188465596,0.512,0.368
14320.027456728816,0.536,0.376
14320.027724992036,0.536,0.376
14320.027993255258,0.504,0.376
14320.028261518479,0.504,0.376
14320.028529781699,0.528,0.376
14320.02879804492,0.52,0.376
14320.029066308141,0.536,0.376
14320.029334571362,0.528,0.376
14320.029602834582,0.504,0.376
14320.029871097802,0.504,0.368
14320.030139361024,0.536,0.384
14320.030407624245,0.52,0.384
14320.030675887465,0.536,0.368
14320.030944150687,0.52,0.376
14320.031212413907,0.536,0.376
14320.031480677128,0.544,0.376
14320.031748940348,0.528,0.384
14320.03201720357,0.544,0.384
14320.03228546679,0.52,0.376
14320.03255373001,0.52,0.376
14320.032821993233,0.544,0.376
14320.033090256453,0.536,0.376
14320.033358519673,0.52,0.376
14320.033626782893,0.52,0.376
14320.033895046116,0.536,0.384
14320.034163309336,0.528,0.376
14320.034431572556,0.544,0.376
14320.034699835778,0.544,0.376
14320.034968098998,0.52,0.384
14320.035236362219,0.536,0.376
14320.035504625439,0.52,0.368
14320.035772888661,0.528,0.376
14320.036041151881,0.536,0.376
14320.036309415102,0.536,0.376
14320.036577678322,0.52,0.384
14320.036845941544,0.528,0.376
14320.037114204764,0.536,0.368
14320.037382467985,0.536,0.376
14320.037650731207,0.52,0.384
14320.037918994427,0.528,0.376
14320.038187257647,0.544,0.384
14320.038455520868,0.528,0.368
14320.03872378409,0.544,0.384
14320.03899204731,0.528,0.384
14320.03926031053,0.536,0.424
14320.039528573752,0.528,0.41600000000000004
14320.039796836973,0.536,0.432
14320.040065100193,0.528,0.424
14320.040333363413,0.544,0.384
14320.040601626635,0.528,0.392
14320.040869889855,0.544,0.376
14320.041138153076,0.528,0.384
14320.041406416298,0.544,0.424
14320.041674679518,0.528,0.424
14320.041942942738,0.544,0.4
14320.042211205959,0.528,0.4
14320.04247946918,0.536,0.384
14320.042747732401,0.528,0.384
14320.043015995621,0.536,0.392
14320.043284258842,0.52,0.384
14320.043552522064,0.544,0.432
14320.043820785284,0.528,0.41600000000000004
14320.044089048504,0.536,0.432
14320.044357311726,0.528,0.41600000000000004
14320.044625574947,0.544,0.432
14320.044893838167,0.528,0.432
14320.045162101387,0.544,0.41600000000000004
14320.04543036461,0.544,0.424
14320.04569862783,0.528,0.376
14320.04596689105,0.528,0.392
14320.046235154272,0.544,0.376
14320.046503417492,0.528,0.376
14320.046771680712,0.544,0.384
14320.047039943933,0.528,0.376
14320.047308207155,0.536,0.384
14320.047576470375,0.528,0.384
14320.047844733595,0.544,0.41600000000000004
14320.048112996818,0.528,0.40800000000000003
14320.048381260038,0.544,0.432
14320.048649523258,0.528,0.424
14320.048917786478,0.544,0.44
14320.0491860497,0.528,0.44
14320.04945431292,0.52,0.41600000000000004
14320.049722576141,0.52,0.424
14320.049990839361,0.536,0.44
14320.050259102583,0.544,0.44
14320.050527365804,0.512,0.424
14320.050795629024,0.52,0.432
14320.051063892246,0.544,0.424
14320.051332155466,0.544,0.432
14320.051600418687,0.52,0.41600000000000004
14320.051868681907,0.52,0.432
14320.052136945129,0.536,0.392
14320.05240520835,0.528,0.392
14320.05267347157,0.504,0.376
14320.052941734792,0.496,0.376
14320.053209998012,0.536,0.384
14320.053478261232,0.544,0.384
14320.053746524452,0.512,0.376
14320.054014787675,0.512,0.376
14320.054283050895,0.52,0.392
14320.054551314115,0.512,0.376
14320.054819577337,0.528,0.384
14320.055087840557,0.504,0.384
14320.055356103778,0.52,0.424
14320.055624366998,0.504,0.41600000000000004
14320.05589263022,0.52,0.44
14320.05616089344,0.504,0.424
14320.05642915666,0.52,0.44
14320.056697419881,0.52,0.432
14320.056965683103,0.504,0.392
14320.057233946323,0.52,0.392
14320.057502209544,0.504,0.376
14320.057770472766,0.504,0.392
14320.058038735986,0.528,0.34400000000000003
14320.058306999206,0.52,0.34400000000000003
14320.058575262427,0.536,0.192
14320.058843525649,0.536,0.184
14320.059111788869,0.512,0.07200000000000001
14320.05938005209,0.504,0.064
14320.059648315311,0.528,0.008
14320.059916578532,0.504,0.016
14320.060184841752,0.52,-0.008
14320.060453104972,0.504,0.0
14320.060721368194,0.528,-0.008
14320.060989631414,0.52,0.0
14320.061257894635,0.504,-0.008
14320.061526157857,0.504,0.0
14320.061794421077,0.52,-0.008
14320.062062684297,0.512,-0.008
14320.062330947518,0.528,0.0
14320.06259921074,0.512,0.0
14320.06286747396,0.528,-0.008
14320.06313573718,0.52,-0.008
14320.0634040004,0.536,0.0
14320.063672263623,0.512,0.0
14320.063940526843,0.536,-0.008
14320.064208790063,0.504,-0.008
14320.064477053285,0.536,0.0
14320.064745316506,0.528,-0.008
14320.065013579726,0.504,0.0
14320.065281842946,0.504,0.0
14320.065550106168,0.52,-0.008
14320.065818369389,0.504,0.0
14320.066086632609,0.52,-0.008
14320.066354895831,0.512,-0.008
14320.066623159051,0.52,0.0
14320.066891422272,0.512,0.0
14320.067159685492,0.528,-0.008
14320.067427948714,0.536,0.0
14320.067696211934,0.504,-0.008
14320.067964475154,0.504,0.0
14320.068232738377,0.528,-0.008
14320.068501001597,0.52,0.0
14320.068769264817,0.536,-0.008
14320.069037528037,0.536,0.0
14320.06930579126,0.52,-0.008
14320.06957405448,0.544,0.0
14320.0698423177,0.52,-0.008
14320.07011058092,0.52,0.0
14320.070378844142,0.536,-0.008
14320.070647107363,0.528,0.0
14320.070915370583,0.544,-0.008
14320.071183633805,0.536,0.0
14320.071451897025,0.528,-0.008
14320.071720160246,0.528,0.0
14320.071988423466,0.536,-0.008
14320.072256686688,0.528,-0.008
14320.072524949908,0.544,0.0
14320.072793213129,0.544,0.0
14320.07306147635,0.528,-0.008
14320.07332973957,0.528,0.0
14320.073598002791,0.536,-0.008
14320.073866266011,0.528,0.0
14320.074134529234,0.544,-0.008
14320.074402792454,0.528,0.0
14320.074671055674,0.536,-0.008
14320.074939318896,0.536,0.0
14320.075207582116,0.52,-0.008
14320.075475845337,0.52,-0.008
14320.075744108557,0.544,0.0
14320.07601237178,0.544,0.0
14320.076280635,0.52,-0.016
14320.07654889822,0.528,-0.008
14320.07681716144,0.544,0.0
14320.077085424662,0.528,0.0
14320.077353687882,0.544,-0.008
14320.077621951103,0.528,0.0
14320.077890214325,0.544,-0.008
14320.078158477545,0.528,0.0
14320.078426740765,0.544,-0.016
14320.078695003986,0.528,0.0
14320.078963267208,0.544,-0.008
14320.079231530428,0.528,-0.008
14320.079499793648,0.544,0.0
14320.07976805687,0.52,0.0
14320.08003632009,0.536,-0.016
14320.08030458331,0.528,-0.016
14320.080572846531,0.544,0.0
14320.080841109753,0.528,0.0
14320.081109372974,0.544,-0.016
14320.081377636194,0.528,0.0
14320.081645899416,0.544,-0.016
14320.081914162636,0.528,0.0
14320.082182425856,0.544,-0.016
14320.082450689077,0.528,0.0
14320.082718952299,0.536,-0.016
14320.08298721552,0.528,0.0
14320.08325547874,0.512,-0.016
14320.08352374196,0.512,0.0
14320.083792005182,0.52,-0.016
14320.084060268402,0.504,0.0
14320.084328531622,0.52,-0.016
14320.084596794844,0.512,-0.008
14320.084865058065,0.536,0.0
14320.085133321285,0.52,-0.008
14320.085401584505,0.536,0.0
14320.085669847727,0.52,0.0
14320.085938110948,0.544,-0.016
14320.086206374168,0.52,0.0
14320.08647463739,0.536,-0.016
14320.08674290061,0.528,0.0
14320.08701116383,0.512,-0.008
14320.08727942705,0.504,-0.008
14320.087547690273,0.52,0.0
14320.087815953493,0.52,-0.008
14320.088084216713,0.504,0.0
14320.088352479936,0.512,0.0
14320.088620743156,0.528,-0.008
14320.088889006376,0.52,0.0
14320.089157269596,0.536,-0.016
14320.089425532818,0.528,0.0
14320.089693796039,0.512,-0.008
14320.089962059259,0.504,0.0
14320.09023032248,0.52,-0.016
14320.090498585701,0.504,0.0
14320.090766848922,0.528,-0.016
14320.091035112142,0.512,-0.008
14320.091303375364,0.536,0.0
14320.091571638584,0.536,0.0
14320.091839901805,0.52,-0.008
14320.092108165025,0.536,0.0
14320.092376428247,0.512,-0.016
14320.092644691467,0.52,-0.016
14320.092912954688,0.504,0.0
14320.09318121791,0.52,0.0
14320.09344948113,0.528,-0.008
14320.09371774435,0.536,0.0
14320.09398600757,0.512,-0.008
14320.094254270793,0.504,0.0
14320.094522534013,0.512,-0.016
14320.094790797233,0.504,0.0
14320.095059060455,0.528,-0.008
14320.095327323676,0.52,-0.008
14320.095595586896,0.528,0.0
14320.095863850116,0.528,0.0
14320.096132113338,0.512,-0.016
14320.096400376558,0.496,-0.008
14320.096668639779,0.528,0.0
14320.096936902999,0.512,0.0
14320.097205166221,0.536,-0.016
14320.097473429441,0.528,0.0
14320.097741692662,0.512,-0.008
14320.098009955884,0.52,0.0
14320.098278219104,0.504,-0.016
14320.098546482324,0.504,0.0
14320.098814745545,0.52,-0.008
14320.099083008767,0.504,0.0
14320.099351271987,0.52,-0.016
14320.099619535207,0.512,0.0
14320.09988779843,0.528,-0.016
14320.10015606165,0.52,0.0
14320.10042432487,0.536,-0.016
14320.10069258809,0.528,0.0
14320.100960851312,0.512,-0.016
14320.101229114533,0.52,-0.016
14320.101497377753,0.504,0.0
14320.101765640975,0.504,-0.016
14320.102033904195,0.52,0.0
14320.102302167415,0.504,-0.008
14320.102570430636,0.512,0.0
14320.102838693858,0.504,-0.008
14320.103106957078,0.52,0.0
14320.103375220298,0.52,0.0
14320.103643483519,0.504,-0.016
14320.10391174674,0.504,0.0
14320.104180009961,0.52,-0.016
14320.104448273181,0.512,-0.016
14320.104716536403,0.536,0.0
14320.104984799624,0.52,0.0
14320.105253062844,0.536,-0.016
14320.105521326064,0.528,-0.016
14320.105789589286,0.504,0.0
14320.106057852507,0.504,-0.008
14320.106326115727,0.52,0.0
14320.106594378949,0.512,0.0
14320.10686264217,0.536,-0.016
14320.10713090539,0.52,0.0
14320.10739916861,0.528,-0.008
14320.107667431832,0.536,0.0
14320.107935695052,0.512,-0.008
14320.108203958272,0.52,0.0
14320.108472221495,0.504,-0.016
14320.108740484715,0.52,0.0
14320.109008747935,0.536,-0.016
14320.109277011155,0.52,0.0
14320.109545274378,0.536,-0.016
14320.109813537598,0.528,-0.016
14320.110081800818,0.52,0.0
14320.110350064038,0.52,0.0
14320.11061832726,0.528,-0.016
14320.11088659048,0.52,-0.016
14320.111154853701,0.536,0.0
14320.111423116923,0.52,-0.008
14320.111691380143,0.504,0.0
14320.111959643364,0.504,-0.008
14320.112227906584,0.536,0.0
14320.112496169806,0.52,-0.008
14320.112764433026,0.536,0.0
14320.113032696247,0.52,0.0
14320.113300959469,0.528,-0.016
14320.113569222689,0.52,0.0
14320.11383748591,0.536,-0.016
14320.11410574913,0.536,0.0
14320.114374012352,0.512,-0.016
14320.114642275572,0.528,0.0
14320.114910538792,0.504,-0.016
14320.115178802014,0.528,-0.008
14320.115447065235,0.504,0.0
14320.115715328455,0.504,-0.016
14320.115983591675,0.52,0.0
14320.116251854897,0.512,0.0
14320.116520118117,0.528,-0.016
14320.116788381338,0.504,0.0
14320.117056644558,0.536,-0.016
14320.11732490778,0.52,0.0
14320.117593171,0.536,-0.016
14320.11786143422,0.536,0.0
14320.118129697443,0.512,-0.008
14320.118397960663,0.528,-0.016
14320.118666223883,0.504,0.0
14320.118934487104,0.512,-0.016
14320.119202750326,0.536,0.0
14320.119471013546,0.52,-0.016
14320.119739276766,0.536,0.0
14320.120007539988,0.52,-0.016
14320.120275803209,0.544,0.0
14320.120544066429,0.528,0.0
14320.12081232965,0.504,-0.016
14320.121080592871,0.504,0.0
14320.121348856092,0.52,-0.016
14320.121617119312,0.512,-0.016
14320.121885382534,0.52,0.0
14320.122153645754,0.52,0.0
14320.122421908975,0.536,-0.016
14320.122690172195,0.536,0.0
14320.122958435417,0.512,-0.016
14320.123226698637,0.52,0.0
14320.123494961857,0.504,-0.016
14320.123763225078,0.504,-0.016
14320.1240314883,0.52,0.0
14320.12429975152,0.52,-0.016
14320.12456801474,0.504,0.0
14320.124836277962,0.528,-0.008
14320.125104541183,0.504,0.016
14320.125372804403,0.504,0.008
14320.125641067623,0.52,0.128
14320.125909330845,0.528,0.128
14320.126177594066,0.504,0.28
14320.126445857286,0.512,0.296
14320.126714120508,0.504,0.34400000000000003
14320.126982383728,0.504,0.34400000000000003
14320.127250646949,0.52,0.384
14320.127518910169,0.504,0.392
14320.127787173391,0.52,0.40800000000000003
14320.128055436611,0.504,0.384
14320.128323699832,0.512,0.376
14320.128591963054,0.504,0.376
14320.128860226274,0.52,0.424
14320.129128489494,0.504,0.40800000000000003
14320.129396752714,0.52,0.41600000000000004
14320.129665015937,0.512,0.41600000000000004
14320.129933279157,0.528,0.44
14320.130201542377,0.528,0.41600000000000004
14320.130469805597,0.504,0.432
14320.13073806882,0.504,0.432
14320.13100633204,0.528,0.40800000000000003
14320.13127459526,0.528,0.41600000000000004
14320.131542858482,0.504,0.432
14320.131811121702,0.504,0.41600000000000004
14320.132079384923,0.528,0.376
14320.132347648143,0.52,0.384
14320.132615911365,0.528,0.368
14320.132884174585,0.528,0.368
14320.133152437806,0.504,0.384
14320.133420701028,0.504,0.368
14320.133688964248,0.52,0.384
14320.133957227468,0.504,0.368
14320.134225490689,0.528,0.376
14320.13449375391,0.512,0.376
14320.134762017131,0.504,0.384
14320.135030280351,0.504,0.384
14320.135298543573,0.52,0.376
14320.135566806794,0.52,0.376
14320.135835070014,0.504,0.384
14320.136103333234,0.512,0.376
14320.136371596456,0.536,0.376
14320.136639859677,0.52,0.376
14320.136908122897,0.536,0.384
14320.137176386117,0.528,0.376
14320.13744464934,0.504,0.384
14320.13771291256,0.504,0.376
14320.13798117578,0.52,0.384
14320.138249439002,0.504,0.376
14320.138517702222,0.52,0.376
14320.138785965442,0.52,0.376
14320.139054228663,0.504,0.376
14320.139322491885,0.504,0.376
14320.139590755105,0.528,0.376
14320.139859018325,0.52,0.376
14320.140127281547,0.504,0.376
14320.140395544768,0.512,0.376
14320.140663807988,0.528,0.376
14320.140932071208,0.536,0.376
14320.14120033443,0.512,0.376
14320.14146859765,0.512,0.376
14320.14173686087,0.536,0.368
14320.142005124093,0.536,0.368
14320.142273387313,0.512,0.384
14320.142541650534,0.504,0.384
14320.142809913754,0.528,0.368
14320.143078176976,0.52,0.376
14320.143346440196,0.528,0.376
14320.143614703416,0.52,0.376
14320.143882966637,0.504,0.4
14320.144151229859,0.504,0.384
14320.14441949308,0.528,0.376
14320.1446877563,0.528,0.376
14320.144956019521,0.504,0.368
14320.145224282742,0.504,0.384
14320.145492545962,0.52,0.368
14320.145760809182,0.504,0.376
14320.146029072404,0.52,0.392
14320.146297335625,0.528,0.384
14320.146565598845,0.512,0.424
14320.146833862067,0.512,0.424
14320.147102125287,0.536,0.392
14320.147370388508,0.528,0.384
14320.147638651728,0.504,0.40800000000000003
14320.14790691495,0.504,0.40800000000000003
14320.14817517817,0.52,0.432
14320.14844344139,0.512,0.44
14320.148711704613,0.528,0.424
14320.148979967833,0.52,0.44
14320.149248231053,0.504,0.424
14320.149516494273,0.536,0.432
14320.149784757496,0.52,0.4
14320.150053020716,0.528,0.40800000000000003
14320.150321283936,0.512,0.432
14320.150589547156,0.504,0.44
14320.150857810379,0.52,0.424
14320.151126073599,0.512,0.424
14320.151394336819,0.52,0.432
14320.151662600041,0.512,0.432
14320.151930863261,0.536,0.41600000000000004
14320.152199126482,0.528,0.41600000000000004
14320.152467389702,0.512,0.432
14320.152735652924,0.504,0.432
14320.153003916144,0.52,0.4
14320.153272179365,0.512,0.4
14320.153540442587,0.528,0.376
14320.153808705807,0.512,0.392
14320.154076969027,0.536,0.376
14320.154345232248,0.528,0.392
14320.15461349547,0.512,0.424
14320.15488175869,0.504,0.4
14320.15515002191,0.536,0.376
14320.155418285132,0.536,0.376
14320.155686548353,0.52,0.376
14320.155954811573,0.52,0.376
14320.156223074793,0.536,0.376
14320.156491338015,0.528,0.376
14320.156759601236,0.536,0.376
14320.157027864456,0.544,0.384
14320.157296127676,0.52,0.368
14320.157564390898,0.52,0.376
14320.157832654118,0.536,0.376
14320.158100917339,0.528,0.376
14320.15836918056,0.536,0.376
14320.158637443781,0.528,0.384
14320.158905707001,0.536,0.368
14320.159173970222,0.528,0.376
14320.159442233444,0.536,0.368
14320.159710496664,0.528,0.376
14320.159978759884,0.544,0.368
14320.160247023106,0.528,0.376
14320.160515286327,0.544,0.384
14320.160783549547,0.536,0.368
14320.161051812767,0.52,0.384
14320.16132007599,0.52,0.368
14320.16158833921,0.544,0.376
14320.16185660243,0.528,0.368
14320.162124865652,0.544,0.384
14320.162393128872,0.528,0.384
14320.162661392093,0.544,0.376
14320.162929655313,0.528,0.384
14320.163197918535,0.544,0.4
14320.163466181755,0.528,0.384
14320.163734444975,0.544,0.376
14320.164002708196,0.528,0.368
14320.164270971418,0.536,0.384
14320.164539234638,0.528,0.376
14320.164807497858,0.544,0.384
14320.16507576108,0.544,0.376
14320.1653440243,0.528,0.384
14320.165612287521,0.528,0.384
14320.165880550741,0.544,0.376
14320.166148813963,0.544,0.376
14320.166417077184,0.52,0.376
14320.166685340404,0.544,0.376
14320.166953603626,0.528,0.376
14320.167221866846,0.528,0.376
14320.167490130067,0.536,0.376
14320.167758393287,0.528,0.376
14320.168026656509,0.536,0.376
14320.16829491973,0.528,0.376
14320.16856318295,0.536,0.376
14320.168831446172,0.528,0.376
14320.169099709392,0.544,0.368
14320.169367972612,0.528,0.368
14320.169636235833,0.544,0.384
14320.169904499055,0.52,0.384
14320.170172762275,0.536,0.376
14320.170441025495,0.536,0.376
14320.170709288715,0.512,0.368
14320.170977551938,0.52,0.376
14320.171245815158,0.536,0.384
14320.171514078378,0.536,0.376
14320.1717823416,0.512,0.376
14320.17205060482,0.512,0.376
14320.17231886804,0.52,0.368
14320.172587131261,0.512,0.376
14320.172855394483,0.528,0.384
14320.173123657703,0.536,0.376
14320.173391920924,0.512,0.376
14320.173660184146,0.512,0.368
14320.173928447366,0.528,0.384
14320.174196710586,0.512,0.376
14320.174464973807,0.528,0.376
14320.174733237029,0.536,0.376
14320.175001500249,0.512,0.368
14320.17526976347,0.52,0.376
14320.175538026691,0.536,0.368
14320.175806289912,0.52,0.376
14320.176074553132,0.536,0.384
14320.176342816352,0.536,0.376
14320.176611079574,0.512,0.376
14320.176879342795,0.504,0.376
14320.177147606015,0.528,0.384
14320.177415869235,0.512,0.376
14320.177684132457,0.52,0.376
14320.177952395677,0.52,0.376
14320.178220658898,0.504,0.384
14320.17848892212,0.504,0.376
14320.17875718534,0.52,0.4
14320.17902544856,0.504,0.4
14320.17929371178,0.52,0.432
14320.179561975003,0.504,0.424
14320.179830238223,0.52,0.44
14320.180098501443,0.512,0.424
14320.180366764665,0.52,0.432
14320.180635027886,0.52,0.432
14320.180903291106,0.504,0.41600000000000004
14320.181171554326,0.504,0.40800000000000003
14320.181439817548,0.528,0.432
14320.181708080769,0.504,0.432
14320.181976343989,0.528,0.41600000000000004
14320.182244607211,0.52,0.44
14320.182512870431,0.528,0.41600000000000004
14320.182781133652,0.528,0.432
14320.183049396872,0.504,0.392
14320.183317660094,0.512,0.4
14320.183585923314,0.504,0.376
14320.183854186535,0.512,0.376
14320.184122449755,0.536,0.376
14320.184390712977,0.528,0.376
14320.184658976197,0.504,0.4
14320.184927239417,0.504,0.4
14320.18519550264,0.52,0.424
14320.18546376586,0.512,0.40800000000000003
14320.18573202908,0.528,0.384
14320.1860002923,0.512,0.392
14320.186268555522,0.528,0.424
14320.186536818743,0.528,0.424
14320.186805081963,0.512,0.432
14320.187073345185,0.504,0.44
14320.187341608405,0.528,0.41600000000000004
14320.187609871626,0.536,0.424
14320.187878134846,0.52,0.432
14320.188146398068,0.528,0.41600000000000004
14320.188414661288,0.504,0.432
14320.188682924509,0.512,0.432
14320.18895118773,0.536,0.41600000000000004
14320.189219450951,0.528,0.41600000000000004
14320.189487714171,0.512,0.432
14320.189755977392,0.528,0.432
14320.190024240614,0.544,0.41600000000000004
14320.190292503834,0.528,0.424
14320.190560767054,0.544,0.44
14320.190829030274,0.52,0.432
14320.191097293497,0.544,0.41600000000000004
14320.191365556717,0.544,0.432
14320.191633819937,0.528,0.40800000000000003
14320.19190208316,0.528,0.40800000000000003
14320.19217034638,0.536,0.312
14320.1924386096,0.528,0.312
14320.19270687282,0.544,0.176
14320.192975136042,0.544,0.176
14320.193243399262,0.52,0.056
14320.193511662483,0.52,0.056
14320.193779925705,0.536,0.008
14320.194048188925,0.528,0.016
14320.194316452145,0.536,-0.008
14320.194584715366,0.528,0.0
14320.194852978588,0.544,-0.008
14320.195121241808,0.528,0.0
14320.195389505028,0.536,-0.008
14320.19565776825,0.528,0.0
14320.19592603147,0.536,-0.008
14320.196194294691,0.528,0.0
14320.196462557911,0.544,-0.008
14320.196730821133,0.528,0.0
14320.196999084354,0.544,-0.008
14320.197267347574,0.528,0.0
14320.197535610794,0.544,-0.008
14320.197803874016,0.528,-0.008
14320.198072137237,0.544,0.0
14320.198340400457,0.528,-0.008
14320.198608663679,0.544,0.0
14320.1988769269,0.528,0.0
14320.19914519012,0.536,-0.008
14320.19941345334,0.528,0.0
14320.199681716562,0.544,-0.008
14320.199949979782,0.528,-0.008
14320.200218243002,0.544,0.0
14320.200486506224,0.528,-0.008
14320.200754769445,0.544,0.0
14320.201023032665,0.528,-0.016
14320.201291295885,0.544,0.0
14320.201559559107,0.544,-0.016
14320.201827822328,0.528,0.0
14320.202096085548,0.528,0.0
14320.20236434877,0.544,-0.016
14320.20263261199,0.528,-0.008
14320.20290087521,0.544,0.0
14320.20316913843,0.528,-0.008
14320.203437401653,0.544,0.0
14320.203705664873,0.528,0.0
14320.203973928094,0.552,-0.008
14320.204242191314,0.528,0.0
14320.204510454536,0.544,-0.008
14320.204778717756,0.536,0.0
14320.205046980976,0.52,-0.008
14320.205315244199,0.528,0.0
14320.205583507419,0.536,-0.008
14320.20585177064,0.528,0.0
14320.20612003386,0.536,-0.008
14320.206388297082,0.528,-0.008
14320.206656560302,0.544,0.0
14320.206924823522,0.528,0.0
14320.207193086744,0.544,-0.016
14320.207461349964,0.528,-0.008
14320.207729613185,0.544,0.0
14320.207997876405,0.528,0.0
14320.208266139627,0.544,-0.008
14320.208534402847,0.528,-0.008
14320.208802666068,0.544,0.0
14320.20907092929,0.528,0.0
14320.20933919251,0.544,-0.008
14320.20960745573,0.528,-0.008
14320.20987571895,0.536,0.0
14320.210143982173,0.528,-0.008
14320.210412245393,0.544,0.0
14320.210680508613,0.528,-0.008
14320.210948771834,0.536,0.0
14320.211217035056,0.528,-0.008
14320.211485298276,0.544,0.0
14320.211753561496,0.544,0.0
14320.212021824718,0.528,-0.008
14320.212290087939,0.528,-0.008
14320.212558351159,0.536,0.0
14320.212826614379,0.528,-0.008
14320.213094877601,0.544,0.0
14320.213363140821,0.528,0.0
14320.213631404042,0.544,-0.008
14320.213899667264,0.536,0.0
14320.214167930484,0.528,-0.016
14320.214436193704,0.528,0.0
14320.214704456925,0.544,-0.008
14320.214972720147,0.528,0.0
14320.215240983367,0.544,-0.016
14320.215509246587,0.528,0.0
14320.21577750981,0.544,-0.016
14320.21604577303,0.528,0.0
14320.21631403625,0.544,-0.016
14320.21658229947,0.528,-0.008
14320.216850562692,0.536,0.0
14320.217118825913,0.528,0.0
14320.217387089133,0.544,-0.016
14320.217655352353,0.528,0.0
14320.217923615575,0.544,-0.016
14320.218191878796,0.528,-0.008
14320.218460142016,0.544,0.0
14320.218728405238,0.528,0.0
14320.218996668458,0.544,-0.008
14320.219264931678,0.528,0.0
14320.219533194899,0.544,-0.008
14320.21980145812,0.528,-0.016
14320.220069721341,0.544,0.0
14320.220337984561,0.528,0.0
14320.220606247784,0.544,-0.008
14320.220874511004,0.528,0.0
14320.221142774224,0.544,-0.008
14320.221411037444,0.528,-0.008
14320.221679300666,0.544,0.0
14320.221947563887,0.528,-0.008
14320.222215827107,0.536,0.0
14320.222484090329,0.536,0.0
14320.22275235355,0.528,-0.016
14320.22302061677,0.528,0.0
14320.22328887999,0.536,-0.016
14320.223557143212,0.528,-0.008
14320.223825406432,0.544,0.0
14320.224093669653,0.528,0.0
14320.224361932873,0.544,-0.008
14320.224630196095,0.528,0.0
14320.224898459315,0.544,-0.008
14320.225166722536,0.528,0.0
14320.225434985758,0.544,-0.016
14320.225703248978,0.528,-0.008
14320.225971512198,0.544,0.0
14320.226239775418,0.528,0.0
14320.22650803864,0.544,-0.008
14320.22677630186,0.528,0.0
14320.227044565081,0.544,-0.016
14320.227312828303,0.528,-0.008
14320.227581091523,0.536,0.0
14320.227849354744,0.528,0.0
14320.228117617964,0.544,-0.008
14320.228385881186,0.536,0.0
14320.228654144406,0.52,-0.016
14320.228922407627,0.528,-0.016
14320.229190670849,0.504,0.0
14320.229458934069,0.504,-0.008
14320.22972719729,0.528,0.0
14320.22999546051,0.512,0.0
14320.230263723732,0.52,-0.008
14320.230531986952,0.504,-0.008
14320.230800250172,0.52,0.0
14320.231068513393,0.504,0.0
14320.231336776615,0.52,-0.016
14320.231605039835,0.504,0.0
14320.231873303055,0.52,-0.016
14320.232141566277,0.528,0.0
14320.232409829498,0.504,-0.016
14320.232678092718,0.504,0.0
14320.232946355938,0.52,-0.016
14320.23321461916,0.504,0.0
14320.23348288238,0.52,-0.008
14320.2337511456,0.504,-0.008
14320.234019408823,0.512,0.0
14320.234287672043,0.504,0.0
14320.234555935263,0.52,-0.016
14320.234824198484,0.504,-0.016
14320.235092461706,0.512,0.0
14320.235360724926,0.504,0.0
14320.235628988146,0.512,-0.008
14320.235897251368,0.504,0.0
14320.236165514589,0.52,-0.016
14320.236433777809,0.504,0.0
14320.23670204103,0.536,-0.016
14320.236970304251,0.528,-0.016
14320.237238567472,0.504,0.0
14320.237506830692,0.52,-0.008
14320.237775093912,0.504,0.0
14320.238043357134,0.504,0.0
14320.238311620355,0.512,-0.016
14320.238579883575,0.504,0.0
14320.238848146797,0.52,-0.016
14320.239116410017,0.504,-0.016
14320.239384673238,0.52,0.0
14320.239652936458,0.504,0.0
14320.23992119968,0.528,-0.016
14320.2401894629,0.52,0.0
14320.24045772612,0.536,-0.008
14320.240725989343,0.52,0.0
14320.240994252563,0.528,-0.016
14320.241262515783,0.528,0.0
14320.241530779003,0.512,-0.016
14320.241799042225,0.528,-0.008
14320.242067305446,0.512,0.0
14320.242335568666,0.512,0.0
14320.242603831888,0.536,-0.016
14320.242872095108,0.528,0.0
14320.243140358329,0.52,-0.016
14320.243408621549,0.528,0.0
14320.243676884771,0.512,-0.016
14320.243945147991,0.504,0.0
14320.244213411212,0.512,-0.016
14320.244481674432,0.504,0.0
14320.244749937654,0.52,-0.016
14320.245018200874,0.504,0.0
14320.245286464095,0.52,-0.008
14320.245554727317,0.536,0.0
14320.245822990537,0.52,-0.008
14320.246091253757,0.528,0.0
14320.246359516977,0.504,-0.016
14320.2466277802,0.496,0.0
14320.24689604342,0.528,-0.016
14320.24716430664,0.512,-0.016
14320.247432569862,0.536,0.0
14320.247700833082,0.52,0.0
14320.247969096303,0.536,-0.016
14320.248237359523,0.528,0.0
14320.248505622745,0.512,-0.016
14320.248773885965,0.504,-0.008
14320.249042149186,0.528,0.0
14320.249310412408,0.52,0.0
14320.249578675628,0.528,-0.016
14320.249846938848,0.52,0.0
14320.250115202069,0.536,-0.016
14320.25038346529,0.52,-0.016
14320.250651728511,0.504,0.0
14320.250919991731,0.504,-0.016
14320.251188254952,0.52,0.0
14320.251456518174,0.504,-0.016
14320.251724781394,0.52,0.0
14320.251993044614,0.504,-0.008
14320.252261307836,0.528,0.0
14320.252529571057,0.504,-0.016
14320.252797834277,0.52,0.0
14320.253066097497,0.504,-0.016
14320.25333436072,0.512,0.0
14320.25360262394,0.504,0.0
14320.25387088716,0.52,-0.016
14320.254139150382,0.52,-0.008
14320.254407413602,0.528,0.0
14320.254675676822,0.52,-0.016
14320.254943940043,0.536,0.0
14320.255212203265,0.528,-0.016
14320.255480466485,0.512,0.0
14320.255748729705,0.512,0.0
14320.256016992927,0.496,-0.016
14320.256285256148,0.504,-0.008
14320.256553519368,0.528,0.0
14320.256821782588,0.512,-0.008
14320.25709004581,0.536,0.0
14320.25735830903,0.504,0.0
14320.257626572251,0.528,-0.016
14320.257894835471,0.504,0.0
14320.258163098693,0.52,-0.016
14320.258431361914,0.504,0.0
14320.258699625134,0.52,-0.016
14320.258967888356,0.512,-0.008
14320.259236151576,0.536,0.016
14320.259504414797,0.52,0.024
14320.259772678017,0.536,0.112
14320.260040941239,0.536,0.12
14320.26030920446,0.504,0.256
14320.26057746768,0.496,0.264
14320.260845730902,0.536,0.36
14320.261113994122,0.52,0.36
14320.261382257342,0.536,0.41600000000000004
14320.261650520562,0.536,0.40800000000000003
14320.261918783784,0.504,0.384
14320.262187047005,0.504,0.384
14320.262455310225,0.528,0.392
14320.262723573447,0.52,0.4
14320.262991836667,0.528,0.41600000000000004
14320.263260099888,0.528,0.40800000000000003
14320.263528363108,0.496,0.424
14320.26379662633,0.504,0.432
14320.26406488955,0.52,0.392
14320.26433315277,0.512,0.41600000000000004
14320.264601415991,0.528,0.384
14320.264869679213,0.52,0.384
14320.265137942433,0.528,0.40800000000000003
14320.265406205654,0.544,0.41600000000000004
14320.265674468876,0.512,0.384
14320.265942732096,0.52,0.392
14320.266210995316,0.504,0.376
14320.266479258536,0.504,0.368
14320.266747521759,0.52,0.384
14320.267015784979,0.504,0.376
14320.2672840482,0.52,0.368
14320.267552311421,0.512,0.376
14320.267820574642,0.528,0.368
14320.268088837862,0.528,0.376
14320.268357101082,0.504,0.376
14320.268625364304,0.504,0.376
14320.268893627524,0.52,0.376
14320.269161890745,0.504,0.384
14320.269430153967,0.52,0.376
14320.269698417187,0.512,0.376
14320.269966680407,0.536,0.376
14320.270234943628,0.536,0.376
14320.27050320685,0.504,0.384
14320.27077147007,0.504,0.376
14320.27103973329,0.512,0.376
14320.27130799651,0.504,0.368
14320.271576259733,0.512,0.384
14320.271844522953,0.504,0.376
14320.272112786173,0.528,0.376
14320.272381049395,0.528,0.376
14320.272649312616,0.504,0.384
14320.272917575836,0.488,0.376
14320.273185839056,0.512,0.376
14320.273454102278,0.512,0.376
14320.273722365499,0.536,0.384
14320.273990628719,0.52,0.376
14320.274258891941,0.536,0.384
14320.274527155161,0.52,0.376
14320.274795418381,0.536,0.384
14320.275063681602,0.536,0.376
14320.275331944824,0.52,0.384
14320.275600208044,0.52,0.368
14320.275868471264,0.536,0.384
14320.276136734486,0.52,0.384
14320.276404997707,0.528,0.376
14320.276673260927,0.536,0.384
14320.276941524147,0.504,0.368
14320.27720978737,0.504,0.376
14320.27747805059,0.52,0.384
14320.27774631381,0.504,0.376
14320.27801457703,0.52,0.376
14320.278282840252,0.52,0.376
14320.278551103473,0.536,0.376
14320.278819366693,0.52,0.376
14320.279087629915,0.536,0.376
14320.279355893135,0.52,0.376
14320.279624156356,0.536,0.376
14320.279892419576,0.528,0.376
14320.280160682798,0.504,0.376
14320.280428946018,0.504,0.376
14320.280697209238,0.528,0.376
14320.28096547246,0.504,0.376
14320.28123373568,0.52,0.384
14320.281501998901,0.504,0.384
14320.281770262121,0.52,0.368
14320.282038525344,0.504,0.376
14320.282306788564,0.52,0.376
14320.282575051784,0.504,0.376
14320.282843315006,0.512,0.384
14320.283111578226,0.504,0.376
14320.283379841447,0.52,0.368
14320.283648104667,0.504,0.376
14320.28391636789,0.52,0.376
14320.28418463111,0.504,0.376
14320.28445289433,0.52,0.376
14320.28472115755,0.512,0.384
14320.284989420772,0.528,0.376
14320.285257683992,0.528,0.376
14320.285525947213,0.512,0.376
14320.285794210435,0.504,0.376
14320.286062473655,0.52,0.384
14320.286330736875,0.52,0.376
14320.286599000096,0.536,0.376
14320.286867263318,0.528,0.376
14320.287135526538,0.504,0.376
14320.287403789758,0.504,0.368
14320.28767205298,0.536,0.384
14320.2879403162,0.52,0.376
14320.28820857942,0.536,0.376
14320.288476842641,0.52,0.376
14320.288745105863,0.536,0.376
14320.289013369083,0.528,0.376
14320.289281632304,0.504,0.384
14320.289549895526,0.504,0.376
14320.289818158746,0.528,0.384
14320.290086421966,0.52,0.376
14320.290354685187,0.504,0.384
14320.290622948409,0.528,0.376
14320.290891211629,0.512,0.384
14320.29115947485,0.512,0.376
14320.29142773807,0.528,0.384
14320.291696001292,0.504,0.376
14320.291964264512,0.512,0.368
14320.292232527732,0.512,0.376
14320.292500790954,0.504,0.384
14320.292769054175,0.504,0.376
14320.293037317395,0.52,0.368
14320.293305580615,0.504,0.376
14320.293573843837,0.52,0.384
14320.293842107058,0.504,0.376
14320.294110370278,0.512,0.384
14320.2943786335,0.504,0.376
14320.29464689672,0.528,0.376
14320.29491515994,0.528,0.376
14320.29518342316,0.512,0.376
14320.295451686383,0.52,0.376
14320.295719949603,0.504,0.376
14320.295988212823,0.512,0.376
14320.296256476046,0.536,0.376
14320.296524739266,0.528,0.376
14320.296793002486,0.52,0.384
14320.297061265706,0.52,0.376
14320.297329528928,0.504,0.376
14320.297597792149,0.504,0.376
14320.297866055369,0.52,0.384
14320.29813431859,0.52,0.376
14320.298402581811,0.504,0.368
14320.298670845032,0.504,0.376
14320.298939108252,0.528,0.384
14320.299207371474,0.512,0.376
14320.299475634694,0.528,0.376
14320.299743897915,0.52,0.376
14320.300012161135,0.536,0.384
14320.300280424357,0.52,0.376
14320.300548687577,0.528,0.384
14320.300816950798,0.512,0.376
14320.30108521402,0.528,0.384
14320.30135347724,0.536,0.368
14320.30162174046,0.512,0.384
14320.30189000368,0.504,0.376
14320.302158266903,0.52,0.384
14320.302426530123,0.504,0.376
14320.302694793343,0.52,0.384
14320.302963056565,0.504,0.368
14320.303231319785,0.52,0.384
14320.303499583006,0.504,0.384
14320.303767846226,0.512,0.368
14320.304036109448,0.504,0.376
14320.304304372668,0.528,0.384
14320.304572635889,0.512,0.376
14320.304840899109,0.536,0.384
14320.305109162331,0.52,0.376
14320.305377425551,0.536,0.376
14320.305645688772,0.536,0.376
14320.305913951994,0.496,0.376
14320.306182215214,0.504,0.376
14320.306450478434,0.528,0.376
14320.306718741655,0.52,0.376
14320.306987004877,0.528,0.368
14320.316283464432,0.504,-0.016
14320.316524522901,0.512,-0.008
14320.316765581369,0.504,-0.008
14320.317006639838,0.512,-0.016
14320.317247698307,0.504,-0.016
14320.317488756777,0.528,-0.008
14320.317729815244,0.52,-0.016
14320.317970873713,0.536,0.0
14320.318211932183,0.52,-0.016
14320.31845299065,0.536,0.0
14320.31869404912,0.52,0.0
14320.318935107589,0.536,-0.016
14320.319176166058,0.528,-0.016
14320.319417224526,0.504,-0.008
14320.319658282995,0.504,0.0
14320.319899341464,0.528,-0.016
14320.320140399934,0.52,-0.016
14320.320381458401,0.544,0.0
14320.32062251687,0.52,-0.016
14320.32086357534,0.536,0.0
14320.321104633807,0.52,-0.008
14320.321345692277,0.536,0.016
14320.321586750746,0.52,0.016
14320.321827809215,0.536,0.12
14320.322068867683,0.52,0.128
14320.322309926152,0.528,0.28800000000000003
14320.322550984622,0.52,0.296
14320.322792043089,0.536,0.376
14320.323033101558,0.536,0.376
14320.323274160028,0.512,0.41600000000000004
14320.323515218497,0.52,0.41600000000000004
14320.323756276965,0.536,0.44
14320.323997335434,0.528,0.44
14320.324238393903,0.504,0.4
14320.32447945237,0.504,0.40800000000000003
14320.32472051084,0.52,0.376
14320.32496156931,0.504,0.376
14320.325202627779,0.528,0.392
14320.325443686246,0.504,0.392
14320.325684744716,0.512,0.376
14320.325925803185,0.504,0.392
14320.326166861654,0.52,0.432
14320.326407920122,0.504,0.424
14320.326648978591,0.512,0.448
14320.32689003706,0.504,0.44
14320.327131095528,0.52,0.41600000000000004
14320.327372153997,0.504,0.41600000000000004
14320.327613212467,0.512,0.392
14320.327854270936,0.512,0.40800000000000003
14320.328095329403,0.536,0.44
14320.328336387873,0.52,0.432
14320.328577446342,0.496,0.448
14320.32881850481,0.52,0.448
14320.329059563279,0.536,0.432
14320.329300621748,0.512,0.432
14320.329541680218,0.528,0.448
14320.329782738685,0.504,0.432
14320.330023797154,0.536,0.384
14320.330264855624,0.536,0.384
14320.330505914091,0.52,0.384
14320.33074697256,0.536,0.384
14320.33098803103,0.512,0.41600000000000004
14320.3312290895,0.504,0.424
14320.331470147967,0.528,0.384
14320.331711206436,0.512,0.384
14320.331952264905,0.528,0.384
14320.332193323375,0.52,0.392
14320.332434381842,0.528,0.376
14320.332675440312,0.52,0.384
14320.33291649878,0.528,0.41600000000000004
14320.333157557248,0.52,0.41600000000000004
14320.333398615718,0.536,0.432
14320.333639674187,0.528,0.41600000000000004
14320.333880732656,0.512,0.392
14320.334121791124,0.512,0.392
14320.334362849593,0.52,0.424
14320.334603908062,0.52,0.424
14320.33484496653,0.536,0.448
14320.335086025,0.52,0.44
14320.335327083469,0.536,0.40800000000000003
14320.335568141938,0.52,0.40800000000000003
14320.335809200405,0.528,0.392
14320.336050258875,0.52,0.40800000000000003
14320.336291317344,0.536,0.44
14320.336532375812,0.52,0.432
14320.336773434281,0.528,0.448
14320.33701449275,0.528,0.432
14320.33725555122,0.512,0.384
14320.337496609687,0.512,0.384
14320.337737668156,0.536,0.41600000000000004
14320.337978726626,0.536,0.41600000000000004
14320.338219785095,0.52,0.392
14320.338460843563,0.52,0.392
14320.338701902032,0.536,0.376
14320.338942960501,0.536,0.376
14320.339184018969,0.52,0.392
14320.339425077438,0.504,0.376
14320.339666135907,0.528,0.392
14320.339907194377,0.52,0.384
14320.340148252844,0.536,0.424
14320.340389311314,0.52,0.4
14320.340630369783,0.536,0.384
14320.34087142825,0.52,0.376
14320.34111248672,0.544,0.392
14320.34135354519,0.528,0.376
14320.341594603658,0.52,0.392
14320.341835662126,0.52,0.392
14320.342076720595,0.536,0.376
14320.342317779065,0.52,0.4
14320.342558837532,0.504,0.432
14320.342799896001,0.504,0.432
14320.34304095447,0.528,0.392
14320.34328201294,0.52,0.4
14320.343523071408,0.544,0.384
14320.343764129877,0.52,0.392
14320.344005188346,0.536,0.41600000000000004
14320.344246246816,0.52,0.41600000000000004
14320.344487305283,0.536,0.44
14320.344728363752,0.52,0.424
14320.344969422222,0.536,0.44
14320.34521048069,0.52,0.432
14320.345451539159,0.528,0.392
14320.345692597628,0.536,0.392
14320.345933656097,0.52,0.424
14320.346174714565,0.52,0.41600000000000004
14320.346415773034,0.536,0.44
14320.346656831503,0.528,0.432
14320.346897889971,0.512,0.392
14320.34713894844,0.512,0.392
14320.34738000691,0.528,0.384
14320.347621065379,0.52,0.384
14320.347862123846,0.536,0.376
14320.348103182316,0.52,0.376
14320.348344240785,0.536,0.392
14320.348585299253,0.536,0.392
14320.348826357722,0.504,0.384
14320.349067416191,0.504,0.392
14320.34930847466,0.544,0.432
14320.349549533128,0.52,0.44
14320.349790591597,0.536,0.41600000000000004
14320.350031650067,0.52,0.40800000000000003
14320.350272708536,0.528,0.384
14320.350513767004,0.52,0.4
14320.350754825473,0.536,0.384
14320.350995883942,0.52,0.392
14320.35123694241,0.536,0.376
14320.351478000879,0.536,0.376
14320.351719059348,0.512,0.40800000000000003
14320.351960117818,0.504,0.41600000000000004
14320.352201176285,0.52,0.44
14320.352442234755,0.504,0.424
14320.352683293224,0.528,0.384
14320.352924351691,0.52,0.4
14320.35316541016,0.504,0.384
14320.35340646863,0.504,0.384
14320.3536475271,0.52,0.41600000000000004
14320.353888585567,0.528,0.41600000000000004
14320.354129644036,0.504,0.44
14320.354370702506,0.504,0.432
14320.354611760973,0.52,0.448
14320.354852819442,0.52,0.448
14320.355093877912,0.504,0.4
14320.355334936381,0.504,0.40800000000000003
14320.355575994849,0.52,0.384
14320.355817053318,0.504,0.384
14320.356058111787,0.52,0.392
14320.356299170257,0.512,0.392
14320.356540228724,0.504,0.44
14320.356781287193,0.512,0.44
14320.357022345663,0.504,0.424
14320.35726340413,0.504,0.432
14320.3575044626,0.52,0.448
14320.357745521069,0.512,0.44
14320.357986579538,0.536,0.424
14320.358227638006,0.52,0.432
14320.358468696475,0.528,0.448
14320.358709754944,0.52,0.448
14320.358950813412,0.504,0.432
14320.359191871881,0.504,0.44
14320.35943293035,0.536,0.432
14320.35967398882,0.536,0.432
14320.359915047287,0.512,0.44
14320.360156105757,0.52,0.44
14320.360397164226,0.504,0.432
14320.360638222694,0.52,0.448
14320.360879281163,0.504,0.432
14320.361120339632,0.504,0.432
14320.361361398102,0.52,0.448
14320.361602456569,0.504,0.432
14320.361843515038,0.512,0.448
14320.362084573508,0.52,0.44
14320.362325631977,0.504,0.40800000000000003
14320.362566690445,0.504,0.40800000000000003
14320.362807748914,0.52,0.392
14320.363048807383,0.52,0.4
14320.36328986585,0.504,0.432
14320.36353092432,0.52,0.424
14320.36377198279,0.496,0.44
14320.364013041259,0.504,0.432
14320.364254099726,0.52,0.448
14320.364495158195,0.512,0.44
14320.364736216665,0.528,0.41600000000000004
14320.364977275132,0.52,0.41600000000000004
14320.365218333602,0.528,0.392
14320.365459392071,0.52,0.392
14320.36570045054,0.536,0.40800000000000003
14320.365941509008,0.528,0.40800000000000003
14320.366182567477,0.504,0.432
14320.366423625946,0.504,0.44
14320.366664684414,0.52,0.424
14320.366905742883,0.504,0.424
14320.367146801353,0.52,0.448
14320.367387859822,0.512,0.432
14320.36762891829,0.504,0.44
14320.367869976759,0.504,0.432
14320.368111035228,0.512,0.392
14320.368352093697,0.512,0.392
14320.368593152165,0.528,0.384
14320.368834210634,0.52,0.384
14320.369075269104,0.504,0.392
14320.369316327571,0.512,0.384
14320.36955738604,0.528,0.40800000000000003
14320.36979844451,0.52,0.40800000000000003
14320.37003950298,0.536,0.384
14320.370280561447,0.528,0.384
14320.370521619916,0.512,0.424
14320.370762678385,0.528,0.432
14320.371003736853,0.512,0.392
14320.371244795322,0.52,0.392
14320.371485853791,0.544,0.384
14320.37172691226,0.52,0.384
14320.371967970728,0.504,0.41600000000000004
14320.372209029198,0.504,0.44
14320.372450087667,0.52,0.40800000000000003
14320.372691146134,0.504,0.40800000000000003
14320.372932204604,0.52,0.384
14320.373173263073,0.504,0.384
14320.373414321542,0.52,0.392
14320.37365538001,0.512,0.384
14320.37389643848,0.528,0.376
14320.374137496949,0.528,0.392
14320.374378555418,0.512,0.376
14320.374619613885,0.52,0.384
14320.374860672355,0.504,0.424
14320.375101730824,0.512,0.41600000000000004
14320.375342789292,0.528,0.432
14320.375583847761,0.52,0.432
14320.37582490623,0.504,0.448
14320.3760659647,0.504,0.448
14320.376307023167,0.52,0.424
14320.376548081636,0.512,0.44
14320.376789140106,0.528,0.432
14320.377030198573,0.52,0.448
14320.377271257043,0.536,0.432
14320.377512315512,0.528,0.432
14320.377753373981,0.504,0.392
14320.377994432449,0.504,0.384
14320.378235490918,0.52,0.432
14320.378476549387,0.52,0.432
14320.378717607855,0.504,0.40800000000000003
14320.378958666324,0.504,0.4
14320.379199724794,0.52,0.384
14320.379440783263,0.504,0.384
14320.37968184173,0.52,0.384
14320.3799229002,0.52,0.384
14320.380163958669,0.504,0.392
14320.380405017138,0.504,0.384
14320.380646075606,0.52,0.392
14320.380887134075,0.504,0.384
14320.381128192545,0.536,0.368
14320.381369251012,0.528,0.368
14320.381610309481,0.512,0.32
14320.38185136795,0.52,0.312
14320.38209242642,0.536,0.184
14320.382333484888,0.528,0.176
14320.382574543357,0.512,0.064
14320.382815601826,0.504,0.056
14320.383056660294,0.528,0.016
14320.383297718763,0.52,0.016
14320.383538777232,0.528,0.0
14320.383779835702,0.528,-0.008
14320.38402089417,0.512,0.0
14320.384261952639,0.52,-0.008
14320.384503011108,0.504,0.0
14320.384744069575,0.512,0.0
14320.384985128045,0.504,-0.016
14320.385226186514,0.504,-0.016
14320.385467244983,0.52,0.0
14320.38570830345,0.504,-0.016
14320.38594936192,0.52,0.0
14320.38619042039,0.504,-0.016
14320.386431478859,0.52,0.0
14320.386672537326,0.504,-0.016
14320.386913595796,0.52,0.0
14320.387154654265,0.512,0.0
14320.387395712733,0.536,-0.016
14320.387636771202,0.528,0.0
14320.387877829671,0.512,-0.016
14320.38811888814,0.52,0.0
14320.388359946608,0.544,-0.016
14320.388601005077,0.528,-0.016
14320.388842063547,0.512,0.0
14320.389083122014,0.52,-0.016
14320.389324180484,0.536,0.0
14320.389565238953,0.52,0.0
14320.389806297422,0.536,-0.016
14320.39004735589,0.52,-0.016
14320.390288414359,0.536,0.0
14320.390529472828,0.528,0.0
14320.390770531296,0.504,-0.016
14320.391011589765,0.504,-0.016
14320.391252648235,0.52,0.0
14320.391493706704,0.512,0.0
14320.391734765171,0.528,-0.016
14320.39197582364,0.504,-0.016
14320.39221688211,0.52,0.0
14320.39245794058,0.512,0.0
14320.392698999047,0.52,-0.016
14320.392940057516,0.512,-0.016
14320.393181115985,0.536,0.0
14320.393422174453,0.528,-0.016
14320.393663232922,0.504,0.0
14320.393904291392,0.504,0.0
14320.394145349861,0.52,-0.016
14320.394386408329,0.504,0.0
14320.394627466798,0.52,-0.016
14320.394868525267,0.504,0.0
14320.395109583735,0.528,-0.016
14320.395350642204,0.528,0.0
14320.395591700673,0.504,-0.016
14320.395832759143,0.496,0.0
14320.39607381761,0.536,-0.016
14320.39631487608,0.536,-0.016
14320.396555934549,0.52,0.0
14320.396796993016,0.512,-0.016
14320.397038051486,0.536,-0.008
14320.397279109955,0.512,-0.016
14320.397520168424,0.536,0.0
14320.397761226892,0.528,0.0
14320.398002285361,0.512,-0.016
14320.39824334383,0.52,-0.016
14320.3984844023,0.528,-0.008
14320.398725460767,0.52,-0.016
14320.398966519237,0.536,0.0
14320.399207577706,0.528,-0.016
14320.399448636173,0.504,0.0
14320.399689694643,0.512,-0.008
14320.399930753112,0.536,-0.016
14320.400171811581,0.544,-0.016
14320.400412870049,0.52,0.0
14320.400653928518,0.528,-0.008
14320.400894986988,0.544,-0.016
14320.401136045455,0.528,-0.016
14320.401377103924,0.536,0.0
14320.401618162394,0.528,-0.016
14320.401859220863,0.544,-0.008
14320.40210027933,0.528,-0.016
14320.4023413378,0.536,-0.008
14320.40258239627,0.528,-0.016
14320.402823454737,0.544,0.0
14320.403064513206,0.528,-0.016
14320.403305571675,0.544,0.0
14320.403546630145,0.528,-0.008
14320.403787688612,0.536,-0.016
14320.404028747082,0.528,-0.016
14320.404269805551,0.544,0.0
14320.40451086402,0.528,-0.016
14320.404751922488,0.544,0.0
14320.404992980957,0.528,-0.016
14320.405234039426,0.544,0.0
14320.405475097894,0.528,-0.016
14320.405716156363,0.544,0.0
14320.405957214833,0.544,-0.008
14320.406198273302,0.528,-0.016
14320.40643933177,0.528,-0.008
14320.406680390239,0.544,-0.016
14320.406921448708,0.544,-0.016
14320.407162507176,0.528,-0.008
14320.407403565645,0.528,-0.016
14320.407644624114,0.536,0.0
14320.407885682584,0.528,-0.008
14320.408126741051,0.536,-0.016
14320.40836779952,0.536,-0.008
14320.40860885799,0.528,-0.016
14320.408849916457,0.528,-0.008
14320.409090974927,0.544,-0.016
14320.409332033396,0.528,-0.016
14320.409573091865,0.544,0.0
14320.409814150333,0.528,-0.016
14320.410055208802,0.536,0.0
14320.410296267271,0.528,-0.016
14320.41053732574,0.544,0.0
14320.410778384208,0.544,0.0
14320.411019442678,0.528,-0.016
14320.411260501147,0.528,0.0
14320.411501559614,0.544,-0.016
14320.411742618084,0.528,0.0
14320.411983676553,0.544,-0.016
14320.412224735022,0.528,-0.016
14320.41246579349,0.544,0.0
14320.41270685196,0.528,-0.016
14320.412947910429,0.536,0.0
14320.413188968896,0.528,-0.016
14320.413430027365,0.544,0.0
14320.413671085835,0.528,-0.016
14320.413912144304,0.544,-0.008
14320.414153202772,0.528,-0.008
14320.41439426124,0.536,-0.016
14320.41463531971,0.528,-0.008
14320.414876378178,0.544,-0.016
14320.415117436647,0.528,-0.016
14320.415358495116,0.536,0.0
14320.415599553586,0.528,-0.016
14320.415840612053,0.544,0.0
14320.416081670523,0.528,-0.016
14320.416322728992,0.544,0.0
14320.416563787461,0.528,-0.008
14320.416804845929,0.552,-0.016
14320.417045904398,0.528,-0.016
14320.417286962867,0.544,-0.008
14320.417528021335,0.528,-0.016
14320.417769079804,0.544,-0.008
14320.418010138274,0.528,-0.008
14320.418251196743,0.544,-0.016
14320.41849225521,0.528,-0.016
14320.41873331368,0.544,-0.008
14320.418974372149,0.528,-0.008
14320.419215430617,0.544,-0.016
14320.419456489086,0.528,-0.016
14320.419697547555,0.544,-0.008
14320.419938606025,0.528,-0.016
14320.420179664492,0.544,0.0
14320.420420722961,0.528,-0.016
14320.42066178143,0.544,0.0
14320.420902839898,0.544,-0.016
14320.421143898368,0.528,0.0
14320.421384956837,0.544,-0.008
14320.421626015306,0.52,-0.016
14320.421867073774,0.544,-0.016
14320.422108132243,0.528,0.0
14320.422349190712,0.544,-0.016
14320.422590249182,0.528,-0.008
14320.42283130765,0.528,-0.016
14320.423072366119,0.544,-0.008
14320.423313424588,0.528,-0.016
14320.423554483055,0.536,0.0
14320.423795541525,0.536,-0.016
14320.424036599994,0.52,-0.008
14320.424277658463,0.512,-0.016
14320.42451871693,0.536,0.0
14320.4247597754,0.52,-0.016
14320.42500083387,0.536,0.0
14320.425241892337,0.536,-0.016
14320.425482950806,0.512,-0.008
14320.425724009276,0.536,-0.008
14320.425965067745,0.512,-0.016
14320.426206126212,0.512,-0.008
14320.426447184682,0.528,-0.016
14320.426688243151,0.528,-0.016
14320.426929301619,0.512,0.0
14320.427170360088,0.512,-0.016
14320.427411418557,0.528,0.0
14320.427652477027,0.512,-0.008
14320.427893535494,0.528,-0.016
14320.428134593963,0.512,-0.016
14320.428375652433,0.536,0.0
14320.428616710902,0.52,0.0
14320.42885776937,0.536,-0.016
14320.429098827839,0.536,-0.016
14320.429339886308,0.52,0.0
14320.429580944776,0.528,0.0
14320.429822003245,0.512,-0.016
14320.430063061714,0.512,-0.008
14320.430304120184,0.52,-0.016
14320.430545178651,0.512,-0.016
14320.43078623712,0.536,0.0
14320.43102729559,0.504,-0.008
14320.431268354057,0.528,-0.016
14320.431509412527,0.512,-0.008
14320.431750470996,0.528,-0.016
14320.431991529465,0.52,-0.016
14320.432232587933,0.528,-0.008
14320.432473646402,0.52,-0.008
14320.432714704872,0.496,-0.016
14320.43295576334,0.52,-0.016
14320.433196821808,0.536,-0.008
14320.433437880278,0.528,-0.016
14320.433678938747,0.544,0.0
14320.433919997215,0.528,-0.016
14320.434161055684,0.536,0.0
14320.434402114153,0.528,-0.008
14320.434643172623,0.544,-0.016
14320.43488423109,0.528,-0.016
14320.43512528956,0.544,-0.008
14320.435366348029,0.528,-0.016
14320.435607406496,0.544,-0.008
14320.435848464966,0.528,-0.008
14320.436089523435,0.544,-0.016
14320.436330581904,0.528,-0.016
14320.436571640372,0.536,0.0
14320.436812698841,0.544,-0.008
14320.43705375731,0.528,-0.016
14320.437294815778,0.528,-0.008
14320.437535874247,0.536,-0.016
14320.437776932717,0.528,-0.016
14320.438017991186,0.544,-0.008
14320.438259049653,0.528,-0.016
14320.438500108123,0.544,-0.008
14320.438741166592,0.528,-0.016
14320.43898222506,0.544,-0.008
14320.439223283529,0.528,-0.008
14320.439464341998,0.536,-0.016
14320.439705400468,0.528,-0.008
14320.439946458935,0.544,-0.016
14320.440187517404,0.528,-0.016
14320.440428575874,0.536,-0.008
14320.440669634343,0.528,-0.016
14320.44091069281,0.544,0.0
14320.44115175128,0.544,-0.016
14320.44139280975,0.528,0.0
14320.441633868217,0.528,-0.008
14320.441874926686,0.544,0.016
14320.442115985155,0.528,0.008
14320.442357043625,0.544,0.12
14320.442598102092,0.528,0.128
14320.442839160562,0.536,0.296
14320.44308021903,0.528,0.304
14320.443321277498,0.544,0.392
14320.443562335968,0.528,0.4
14320.443803394437,0.544,0.432
14320.444044452906,0.528,0.424
14320.444285511374,0.544,0.392
14320.444526569843,0.536,0.4
14320.444767628313,0.528,0.384
14320.44500868678,0.528,0.4
14320.44524974525,0.544,0.44
14320.445490803719,0.544,0.44
14320.445731862188,0.528,0.4
14320.445972920656,0.528,0.4
14320.446213979125,0.544,0.384
14320.446455037594,0.528,0.392
14320.446696096064,0.544,0.432
14320.446937154531,0.544,0.424
14320.447178213,0.528,0.44
14320.44741927147,0.528,0.432
14320.447660329937,0.536,0.44
14320.447901388407,0.528,0.44
14320.448142446876,0.536,0.40800000000000003
14320.448383505345,0.528,0.40800000000000003
14320.448624563813,0.536,0.432
14320.448865622282,0.528,0.44
14320.449106680751,0.544,0.424
14320.449347739219,0.528,0.432
14320.449588797688,0.544,0.392
14320.449829856158,0.544,0.392
14320.450070914627,0.52,0.384
14320.450311973094,0.544,0.392
14320.450553031564,0.52,0.424
14320.450794090033,0.536,0.41600000000000004
14320.4510351485,0.512,0.392
14320.45127620697,0.504,0.384
14320.45151726544,0.528,0.432
14320.451758323909,0.52,0.424
14320.451999382376,0.536,0.384
14320.452240440845,0.52,0.384
14320.452481499315,0.536,0.384
14320.452722557784,0.52,0.376
14320.452963616252,0.528,0.392
14320.45320467472,0.52,0.392
14320.45344573319,0.544,0.376
14320.453686791658,0.528,0.376
14320.453927850127,0.512,0.392
14320.454168908596,0.512,0.384
14320.454409967066,0.536,0.384
14320.454651025533,0.52,0.384
14320.454892084002,0.536,0.376
14320.455133142472,0.536,0.384
14320.45537420094,0.504,0.376
14320.455615259409,0.504,0.376
14320.455856317878,0.536,0.392
14320.456097376347,0.52,0.384
14320.456338434815,0.536,0.392
14320.456579493284,0.52,0.384
14320.456820551753,0.512,0.376
14320.457061610221,0.512,0.392
14320.45730266869,0.52,0.376
14320.45754372716,0.52,0.384
14320.457784785629,0.528,0.392
14320.458025844096,0.52,0.392
14320.458266902566,0.536,0.376
14320.458507961035,0.528,0.376
14320.458749019504,0.512,0.392
14320.458990077972,0.52,0.376
14320.459231136441,0.528,0.392
14320.45947219491,0.528,0.384
14320.459713253378,0.512,0.376
14320.459954311847,0.504,0.376
14320.460195370317,0.52,0.392
14320.460436428786,0.52,0.392
14320.460677487254,0.504,0.384
14320.460918545723,0.504,0.384
14320.461159604192,0.52,0.376
14320.46140066266,0.504,0.376
14320.46164172113,0.512,0.392
14320.461882779598,0.52,0.392
14320.462123838068,0.504,0.376
14320.462364896535,0.504,0.376
14320.462605955005,0.52,0.384
14320.462847013474,0.504,0.376
14320.463088071941,0.512,0.432
14320.46332913041,0.512,0.432
14320.46357018888,0.536,0.40800000000000003
14320.46381124735,0.52,0.41600000000000004
14320.464052305817,0.528,0.384
14320.464293364286,0.52,0.376
14320.464534422756,0.504,0.392
14320.464775481225,0.504,0.376
14320.465016539692,0.52,0.384
14320.465257598162,0.52,0.376
14320.465498656631,0.504,0.384
14320.465739715099,0.504,0.376
14320.465980773568,0.52,0.4
14320.466221832037,0.504,0.40800000000000003
14320.466462890507,0.52,0.432
14320.466703948974,0.504,0.432
14320.466945007443,0.528,0.40800000000000003
14320.467186065913,0.52,0.40800000000000003
14320.46742712438,0.536,0.384
14320.46766818285,0.528,0.376
14320.467909241319,0.52,0.392
14320.468150299788,0.52,0.384
14320.468391358256,0.512,0.40800000000000003
14320.468632416725,0.512,0.40800000000000003
14320.468873475194,0.536,0.44
14320.469114533662,0.52,0.44
14320.469355592131,0.536,0.41600000000000004
14320.4695966506,0.528,0.41600000000000004
14320.46983770907,0.504,0.384
14320.470078767537,0.52,0.384
14320.470319826007,0.504,0.392
14320.470560884476,0.504,0.392
14320.470801942945,0.52,0.432
14320.471043001413,0.512,0.41600000000000004
14320.471284059882,0.528,0.44
14320.471525118352,0.52,0.432
14320.471766176819,0.528,0.392
14320.472007235288,0.536,0.392
14320.472248293758,0.512,0.376
14320.472489352227,0.52,0.376
14320.472730410695,0.504,0.384
14320.472971469164,0.52,0.376
14320.473212527633,0.536,0.392
14320.4734535861,0.544,0.384
14320.47369464457,0.512,0.41600000000000004
14320.47393570304,0.52,0.424
14320.474176761509,0.504,0.44
14320.474417819976,0.504,0.424
14320.474658878446,0.52,0.44
14320.474899936915,0.512,0.432
14320.475140995382,0.504,0.448
14320.475382053852,0.504,0.448
14320.475623112321,0.52,0.432
14320.47586417079,0.504,0.424
14320.476105229258,0.528,0.44
14320.476346287727,0.52,0.44
14320.476587346197,0.536,0.432
14320.476828404666,0.528,0.44
14320.477069463133,0.504,0.424
14320.477310521603,0.52,0.432
14320.477551580072,0.528,0.392
14320.47779263854,0.528,0.384
14320.478033697009,0.512,0.40800000000000003
14320.478274755478,0.504,0.424
14320.478515813948,0.52,0.4
14320.478756872415,0.504,0.4
14320.478997930884,0.52,0.384
14320.479238989354,0.504,0.384
14320.479480047821,0.52,0.41600000000000004
14320.47972110629,0.504,0.40800000000000003
14320.47996216476,0.536,0.432
14320.48020322323,0.536,0.424
14320.480444281697,0.52,0.44
14320.480685340166,0.52,0.432
14320.480926398635,0.536,0.448
14320.481167457103,0.504,0.432
14320.481408515572,0.528,0.44
14320.481649574042,0.504,0.44
14320.48189063251,0.52,0.424
14320.482131690978,0.504,0.44
14320.482372749448,0.52,0.424
14320.482613807917,0.504,0.448
14320.482854866386,0.52,0.424
14320.483095924854,0.504,0.44
14320.483336983323,0.52,0.432
14320.483578041792,0.512,0.432
14320.48381910026,0.528,0.448
14320.48406015873,0.528,0.44
14320.484301217199,0.512,0.432
14320.484542275668,0.52,0.432
14320.484783334135,0.504,0.4
14320.485024392605,0.528,0.40800000000000003
14320.485265451074,0.512,0.384
14320.485506509542,0.52,0.376
14320.485747568011,0.504,0.392
14320.48598862648,0.504,0.384
14320.48622968495,0.528,0.4
14320.486470743417,0.52,0.384
14320.486711801886,0.536,0.40800000000000003
14320.486952860356,0.52,0.40800000000000003
14320.487193918823,0.536,0.44
14320.487434977293,0.52,0.432
14320.487676035762,0.528,0.448
14320.487917094231,0.52,0.432
14320.488158152699,0.536,0.448
14320.488399211168,0.52,0.44
14320.488640269637,0.528,0.392
14320.488881328107,0.52,0.392
14320.489122386574,0.536,0.376
14320.489363445044,0.52,0.376
14320.489604503513,0.536,0.392
14320.48984556198,0.52,0.376
14320.49008662045,0.496,0.392
14320.49032767892,0.512,0.4
14320.490568737388,0.536,0.41600000000000004
14320.490809795856,0.52,0.4
14320.491050854325,0.528,0.384
14320.491291912795,0.52,0.376
14320.491532971262,0.528,0.392
14320.491774029731,0.52,0.384
14320.4920150882,0.512,0.40800000000000003
14320.49225614667,0.504,0.432
14320.492497205138,0.528,0.40800000000000003
14320.492738263607,0.52,0.40800000000000003
14320.492979322076,0.504,0.384
14320.493220380544,0.504,0.392
14320.493461439013,0.528,0.376
14320.493702497482,0.528,0.376
14320.493943555952,0.512,0.392
14320.49418461442,0.52,0.376
14320.494425672889,0.536,0.392
14320.494666731358,0.512,0.384
14320.494907789827,0.536,0.392
14320.495148848295,0.52,0.392
14320.495389906764,0.536,0.376
14320.495630965233,0.544,0.376
14320.495872023701,0.504,0.392
14320.49611308217,0.512,0.384
14320.49635414064,0.536,0.41600000000000004
14320.496595199109,0.536,0.41600000000000004
14320.496836257576,0.512,0.392
14320.497077316046,0.528,0.384
14320.497318374515,0.512,0.424
14320.497559432983,0.504,0.41600000000000004
14320.497800491452,0.52,0.44
14320.498041549921,0.52,0.448
14320.49828260839,0.504,0.424
14320.498523666858,0.504,0.424
14320.498764725327,0.528,0.44
14320.499005783797,0.52,0.448
14320.499246842264,0.528,0.40800000000000003
14320.499487900734,0.52,0.41600000000000004
14320.499728959203,0.528,0.392
14320.499970017672,0.528,0.4
14320.50021107614,0.504,0.384
14320.500452134609,0.504,0.384
14320.500693193078,0.52,0.384
14320.500934251548,0.52,0.392
14320.501175310015,0.504,0.376
14320.501416368485,0.504,0.384
14320.501657426954,0.52,0.40800000000000003
14320.501898485421,0.504,0.41600000000000004
14320.50213954389,0.512,0.36
14320.50238060236,0.504,0.352
14320.50262166083,0.52,0.2
14320.502862719297,0.504,0.192
14320.503103777766,0.52,0.07200000000000001
14320.503344836236,0.504,0.056
14320.503585894703,0.512,0.008
14320.503826953172,0.512,0.016
14320.504068011642,0.504,-0.008
14320.504309070111,0.504,-0.008
14320.504550128579,0.512,0.0
14320.504791187048,0.504,-0.008
14320.505032245517,0.52,0.0
14320.505273303985,0.504,0.0
14320.505514362454,0.536,-0.016
14320.505755420923,0.528,-0.016
14320.505996479393,0.52,0.0
14320.50623753786,0.536,0.0
14320.50647859633,0.512,-0.016
14320.506719654799,0.512,0.0
14320.506960713268,0.528,-0.016
14320.507201771736,0.504,0.0
14320.507442830205,0.52,-0.016
14320.507683888674,0.52,0.0
14320.507924947142,0.504,-0.016
14320.508166005611,0.504,-0.016
14320.50840706408,0.52,0.0
14320.50864812255,0.512,0.0
14320.508889181017,0.504,-0.016
14320.509130239487,0.512,-0.016
14320.509371297956,0.528,0.0
14320.509612356424,0.52,-0.016
14320.509853414893,0.536,0.0
14320.510094473362,0.528,0.0
14320.510335531832,0.512,-0.016
14320.510576590299,0.52,0.0
14320.510817648768,0.504,-0.016
14320.511058707238,0.504,-0.016
14320.511299765705,0.52,0.0
14320.511540824175,0.504,0.0
14320.511781882644,0.52,-0.016
14320.512022941113,0.504,-0.016
14320.51226399958,0.52,0.0
14320.51250505805,0.512,0.0
14320.51274611652,0.528,-0.016
14320.512987174989,0.512,0.0
14320.513228233456,0.528,-0.016
14320.513469291926,0.504,0.0
14320.513710350395,0.52,-0.016
14320.513951408862,0.512,0.0
14320.514192467332,0.536,-0.016
14320.514433525801,0.52,0.0
14320.51467458427,0.528,-0.016
14320.514915642738,0.52,-0.016
14320.515156701207,0.536,0.0
14320.515397759676,0.52,0.0
14320.515638818144,0.528,-0.016
14320.515879876613,0.52,0.0
14320.516120935083,0.528,-0.016
14320.516361993552,0.528,0.0
14320.51660305202,0.504,-0.016
14320.516844110489,0.504,0.0
14320.517085168958,0.52,-0.016
14320.517326227426,0.512,0.0
14320.517567285895,0.504,-0.016
14320.517808344364,0.504,-0.016
14320.518049402834,0.528,0.0
14320.518290461301,0.512,-0.016
14320.51853151977,0.536,0.0
14320.51877257824,0.536,-0.016
14320.51901363671,0.512,0.0
14320.519254695177,0.504,0.0
14320.519495753646,0.536,-0.016
14320.519736812115,0.52,0.0
14320.519977870583,0.536,-0.016
14320.520218929052,0.52,0.0
14320.520459987521,0.536,-0.016
14320.52070104599,0.536,-0.016
14320.520942104458,0.52,0.0
14320.521183162928,0.52,-0.016
14320.521424221397,0.536,0.0
14320.521665279864,0.528,-0.016
14320.521906338334,0.504,0.0
14320.522147396803,0.52,-0.016
14320.522388455272,0.536,0.0
14320.52262951374,0.536,-0.016
14320.52287057221,0.512,0.0
14320.523111630679,0.512,-0.016
14320.523352689146,0.52,-0.008
14320.523593747615,0.504,-0.016
14320.523834806085,0.512,-0.008
14320.524075864554,0.512,-0.016
14320.524316923022,0.528,0.0
14320.524557981491,0.528,-0.016
14320.52479903996,0.512,0.0
14320.52504009843,0.504,-0.016
14320.525281156897,0.52,0.0
14320.525522215366,0.512,-0.016
14320.525763273836,0.536,0.0
14320.526004332303,0.536,-0.016
14320.526245390773,0.504,0.0
14320.526486449242,0.504,-0.008
14320.526727507711,0.52,-0.016
14320.526968566179,0.504,-0.016
14320.527209624648,0.52,0.0
14320.527450683117,0.52,-0.016
14320.527691741585,0.504,0.0
14320.527932800054,0.504,-0.016
14320.528173858524,0.528,0.0
14320.528414916993,0.52,-0.016
14320.52865597546,0.528,0.0
14320.52889703393,0.528,-0.016
14320.529138092399,0.504,0.0
14320.529379150867,0.52,-0.016
14320.529620209336,0.536,-0.008
14320.529861267805,0.52,-0.016
14320.530102326275,0.544,-0.008
14320.530343384742,0.536,-0.016
14320.530584443211,0.504,0.0
14320.53082550168,0.512,-0.008
14320.53106656015,0.528,-0.016
14320.531307618618,0.512,-0.008
14320.531548677087,0.536,-0.016
14320.531789735556,0.536,0.0
14320.532030794024,0.512,-0.016
14320.532271852493,0.512,-0.016
14320.532512910962,0.528,0.0
14320.532753969432,0.52,-0.016
14320.5329950279,0.528,-0.008
14320.533236086369,0.52,-0.016
14320.533477144838,0.528,-0.008
14320.533718203305,0.52,-0.016
14320.533959261775,0.504,-0.008
14320.534200320244,0.512,-0.008
14320.534441378713,0.536,-0.016
14320.53468243718,0.528,-0.016
14320.53492349565,0.504,0.0
14320.53516455412,0.504,-0.008
14320.535405612587,0.52,-0.016
14320.535646671056,0.512,-0.016
14320.535887729526,0.536,0.0
14320.536128787995,0.52,-0.016
14320.536369846463,0.504,-0.008
14320.536610904932,0.512,-0.016
14320.536851963401,0.528,0.0
14320.53709302187,0.536,-0.016
14320.537334080338,0.512,0.0
14320.537575138807,0.504,0.0
14320.537816197277,0.52,-0.016
14320.538057255744,0.504,-0.016
14320.538298314214,0.52,0.0
14320.538539372683,0.504,0.0
14320.538780431152,0.52,-0.016
14320.53902148962,0.512,-0.008
14320.539262548089,0.52,-0.016
14320.539503606558,0.504,-0.016
14320.539744665026,0.528,-0.008
14320.539985723495,0.528,-0.008
14320.540226781965,0.504,-0.016
14320.540467840434,0.512,-0.008
14320.540708898901,0.528,-0.016
14320.54094995737,0.528,-0.016
14320.54119101584,0.512,-0.008
14320.541432074308,0.504,-0.016
14320.541673132777,0.52,0.0
14320.541914191246,0.504,-0.016
14320.542155249716,0.536,-0.008
14320.542396308183,0.52,-0.016
14320.542637366652,0.544,0.0
14320.542878425122,0.528,-0.008
14320.543119483591,0.544,-0.016
14320.543360542059,0.528,-0.016
14320.543601600528,0.544,0.0
14320.543842658997,0.528,-0.008
14320.544083717465,0.544,-0.016
14320.544324775934,0.528,-0.008
14320.544565834403,0.544,-0.016
14320.544806892873,0.528,-0.016
14320.54504795134,0.544,0.0
14320.54528900981,0.528,-0.008
14320.545530068279,0.536,-0.016
14320.545771126746,0.528,-0.008
14320.546012185216,0.544,-0.016
14320.546253243685,0.528,-0.016
14320.546494302154,0.536,-0.008
14320.546735360622,0.544,-0.008
14320.546976419091,0.52,-0.016
14320.54721747756,0.528,-0.016
14320.547458536028,0.544,0.0
14320.547699594497,0.528,-0.016
14320.547940652967,0.536,-0.008
14320.548181711436,0.528,-0.016
14320.548422769903,0.536,-0.008
14320.548663828373,0.528,-0.008
14320.548904886842,0.536,-0.016
14320.549145945311,0.528,-0.008
14320.549387003779,0.544,-0.016
14320.549628062248,0.528,-0.016
14320.549869120718,0.544,-0.008
14320.550110179185,0.52,-0.016
14320.550351237654,0.544,-0.008
14320.550592296124,0.528,-0.008
14320.550833354593,0.544,-0.016
14320.55107441306,0.528,-0.008
14320.55131547153,0.536,-0.016
14320.55155653,0.528,-0.016
14320.551797588467,0.544,-0.008
14320.552038646936,0.528,-0.008
14320.552279705405,0.544,-0.016
14320.552520763875,0.544,-0.016
14320.552761822342,0.528,-0.008
14320.553002880812,0.528,-0.016
14320.553243939281,0.544,-0.008
14320.553484997748,0.528,-0.016
14320.553726056218,0.544,0.0
14320.553967114687,0.528,-0.008
14320.554208173156,0.544,-0.016
14320.554449231624,0.528,-0.016
14320.554690290093,0.544,0.0
14320.554931348563,0.528,-0.016
14320.555172407032,0.544,0.0
14320.5554134655,0.528,-0.008
14320.555654523969,0.544,-0.016
14320.555895582438,0.528,-0.016
14320.556136640906,0.544,0.0
14320.556377699375,0.528,-0.008
14320.556618757844,0.544,-0.016
14320.556859816314,0.528,-0.016
14320.557100874781,0.544,0.0
14320.55734193325,0.528,-0.008
14320.55758299172,0.536,-0.016
14320.557824050187,0.528,-0.008
14320.558065108657,0.536,-0.016
14320.558306167126,0.528,-0.016
14320.558547225595,0.544,0.0
14320.558788284063,0.528,-0.008
14320.559029342532,0.544,-0.016
14320.559270401001,0.528,-0.008
14320.559511459469,0.536,-0.016
14320.559752517938,0.528,-0.016
14320.559993576408,0.536,0.0
14320.560234634877,0.528,-0.008
14320.560475693344,0.536,-0.016
14320.560716751814,0.528,-0.016
14320.560957810283,0.544,0.0
14320.561198868752,0.528,-0.016
14320.56143992722,0.536,0.0
14320.56168098569,0.528,-0.016
14320.561922044159,0.544,0.0
14320.562163102626,0.528,-0.016
14320.562404161095,0.544,0.016
14320.562645219565,0.528,0.008
14320.562886278034,0.544,0.10400000000000001
14320.563127336502,0.528,0.112
14320.56336839497,0.536,0.248
14320.56360945344,0.528,0.264
14320.563850511908,0.544,0.34400000000000003
14320.564091570377,0.528,0.34400000000000003
14320.564332628846,0.536,0.368
14320.564573687316,0.528,0.368
14320.564814745783,0.544,0.40800000000000003
14320.565055804253,0.528,0.40800000000000003
14320.565296862722,0.544,0.432
14320.56553792119,0.528,0.424
14320.565778979659,0.544,0.392
14320.566020038128,0.528,0.392
14320.566261096597,0.544,0.40800000000000003
14320.566502155065,0.536,0.40800000000000003
14320.566743213534,0.528,0.432
14320.566984272004,0.528,0.40800000000000003
14320.567225330473,0.536,0.392
14320.56746638894,0.528,0.392
14320.56770744741,0.544,0.432
14320.567948505879,0.528,0.432
14320.568189564347,0.544,0.40800000000000003
14320.568430622816,0.544,0.40800000000000003
14320.568671681285,0.528,0.384
14320.568912739755,0.528,0.392
14320.569153798222,0.544,0.432
14320.569394856691,0.544,0.40800000000000003
14320.56963591516,0.528,0.424
14320.569876973628,0.528,0.41600000000000004
14320.570118032098,0.544,0.44
14320.570359090567,0.528,0.432
14320.570600149036,0.544,0.44
14320.570841207504,0.544,0.432
14320.571082265973,0.528,0.384
14320.571323324442,0.544,0.392
14320.57156438291,0.528,0.376
14320.57180544138,0.528,0.384
14320.572046499849,0.536,0.4
14320.572287558318,0.528,0.4
14320.572528616785,0.544,0.424
14320.572769675255,0.528,0.424
14320.573010733724,0.544,0.448
14320.573251792193,0.528,0.448
14320.57349285066,0.544,0.424
14320.57373390913,0.544,0.424
14320.5739749676,0.528,0.44
14320.574216026067,0.528,0.424
14320.574457084536,0.536,0.44
14320.574698143006,0.528,0.432
14320.574939201475,0.544,0.4
14320.575180259942,0.528,0.40800000000000003
14320.575421318412,0.536,0.432
14320.575662376881,0.528,0.432
14320.575903435349,0.552,0.448
14320.576144493818,0.528,0.44
14320.576385552287,0.544,0.41600000000000004
14320.576626610757,0.528,0.41600000000000004
14320.576867669224,0.544,0.44
14320.577108727693,0.528,0.44
14320.577349786163,0.544,0.392
14320.57759084463,0.528,0.392
14320.5778319031,0.544,0.376
14320.578072961569,0.528,0.392
14320.578314020038,0.544,0.41600000000000004
14320.578555078506,0.528,0.40800000000000003
14320.578796136975,0.544,0.384
14320.579037195444,0.544,0.384
14320.579278253914,0.528,0.424
14320.579519312381,0.528,0.424
14320.57976037085,0.544,0.392
14320.58000142932,0.528,0.392
14320.580242487787,0.544,0.384
14320.580483546257,0.528,0.384
14320.580724604726,0.544,0.41600000000000004
14320.580965663195,0.528,0.40800000000000003
14320.581206721663,0.544,0.432
14320.581447780132,0.544,0.4
14320.581688838602,0.528,0.392
14320.58192989707,0.528,0.392
14320.582170955538,0.544,0.41600000000000004
14320.582412014008,0.528,0.41600000000000004
14320.582653072477,0.544,0.44
14320.582894130945,0.544,0.432
14320.583135189414,0.528,0.448
14320.583376247883,0.544,0.44
14320.58361730635,0.52,0.424
14320.58385836482,0.528,0.448
14320.58409942329,0.52,0.424
14320.584340481759,0.512,0.41600000000000004
14320.584581540226,0.52,0.384
14320.584822598696,0.512,0.376
14320.585063657165,0.528,0.4
14320.585304715634,0.52,0.432
14320.585545774102,0.544,0.392
14320.585786832571,0.552,0.392
14320.58602789104,0.52,0.376
14320.586268949508,0.52,0.376
14320.586510007977,0.528,0.392
14320.586751066447,0.536,0.392
14320.586992124916,0.52,0.376
14320.587233183383,0.512,0.384
14320.587474241853,0.528,0.376
14320.587715300322,0.512,0.384
14320.58795635879,0.528,0.392
14320.588197417259,0.536,0.384
14320.588438475728,0.512,0.376
14320.588679534198,0.52,0.384
14320.588920592665,0.504,0.392
14320.589161651134,0.512,0.392
14320.589402709604,0.528,0.376
14320.589643768071,0.512,0.392
14320.58988482654,0.528,0.376
14320.59012588501,0.536,0.376
14320.59036694348,0.512,0.392
14320.590608001947,0.52,0.384
14320.590849060416,0.504,0.376
14320.591090118885,0.52,0.384
14320.591331177355,0.504,0.376
14320.591572235822,0.52,0.384
14320.591813294292,0.504,0.376
14320.59205435276,0.512,0.392
14320.592295411228,0.504,0.376
14320.592536469698,0.512,0.384
14320.592777528167,0.52,0.376
14320.593018586636,0.52,0.392
14320.593259645104,0.504,0.376
14320.593500703573,0.504,0.376
14320.593741762043,0.528,0.392
14320.59398282051,0.52,0.376
14320.59422387898,0.536,0.392
14320.594464937449,0.536,0.384
14320.594705995918,0.504,0.392
14320.594947054386,0.504,0.376
14320.595188112855,0.528,0.392
14320.595429171324,0.52,0.376
14320.595670229792,0.544,0.40800000000000003
14320.595911288261,0.52,0.40800000000000003
14320.59615234673,0.536,0.44
14320.5963934052,0.52,0.44
14320.596634463667,0.528,0.392
14320.596875522137,0.536,0.4
14320.597116580606,0.52,0.424
14320.597357639075,0.528,0.424
14320.597598697543,0.512,0.392
14320.597839756012,0.52,0.392
14320.598080814481,0.504,0.384
14320.598321872949,0.504,0.384
14320.598562931418,0.52,0.432
14320.598803989888,0.504,0.424
14320.599045048357,0.52,0.44
14320.599286106824,0.52,0.44
14320.599527165294,0.536,0.41600000000000004
14320.599768223763,0.52,0.424
14320.60000928223,0.536,0.44
14320.6002503407,0.504,0.44
14320.60049139917,0.528,0.40800000000000003
14320.600732457639,0.536,0.41600000000000004
14320.600973516106,0.52,0.384
14320.601214574575,0.52,0.376
14320.601455633045,0.536,0.4
14320.601696691512,0.528,0.4
14320.601937749982,0.544,0.44
14320.60217880845,0.544,0.41600000000000004
14320.60241986692,0.512,0.432
14320.602660925388,0.512,0.44
14320.602901983857,0.536,0.41600000000000004
14320.603143042326,0.52,0.424
14320.603384100796,0.528,0.44
14320.603625159263,0.52,0.44
14320.603866217733,0.536,0.392
14320.604107276202,0.536,0.40800000000000003
14320.60434833467,0.52,0.384
14320.604589393139,0.536,0.392
14320.604830451608,0.512,0.432
14320.605071510077,0.504,0.424
14320.605312568545,0.528,0.448
14320.627498626709,0.504,0.0
14320.627751239936,0.52,-0.016
14320.628003853162,0.504,-0.016
14320.628256466389,0.52,0.0
14320.628509079615,0.504,-0.016
14320.628761692842,0.52,0.0
14320.629014306069,0.512,0.0
14320.629266919295,0.536,-0.016
14320.629519532522,0.528,0.0
14320.629772145749,0.504,-0.016
14320.630024758975,0.504,-0.016
14320.630277372202,0.512,0.0
14320.630529985428,0.504,-0.016
14320.630782598655,0.52,0.0
14320.631035211882,0.512,0.0
14320.631287825108,0.528,-0.016
14320.631540438335,0.52,0.0
14320.631793051562,0.536,-0.016
14320.632045664788,0.536,0.0
14320.632298278013,0.512,-0.016
14320.63255089124,0.528,-0.008
14320.632803504466,0.496,0.016
14320.633056117693,0.496,0.016
14320.63330873092,0.528,0.12
14320.633561344146,0.528,0.128
14320.633813957373,0.512,0.28
14320.6340665706,0.512,0.28
14320.634319183826,0.504,0.34400000000000003
14320.634571797053,0.504,0.34400000000000003
14320.63482441028,0.52,0.368
14320.635077023506,0.504,0.36
14320.635329636732,0.52,0.384
14320.635582249959,0.512,0.376
14320.635834863186,0.528,0.4
14320.636087476412,0.528,0.4
14320.636340089639,0.512,0.432
14320.636592702866,0.528,0.424
14320.636845316092,0.504,0.44
14320.637097929319,0.512,0.44
14320.637350542545,0.52,0.424
14320.637603155772,0.528,0.424
14320.637855768999,0.504,0.432
14320.638108382225,0.504,0.44
14320.638360995452,0.512,0.41600000000000004
14320.638613608678,0.504,0.40800000000000003
14320.638866221905,0.52,0.384
14320.639118835132,0.504,0.376
14320.639371448358,0.536,0.392
14320.639624061585,0.536,0.384
14320.639876674812,0.512,0.41600000000000004
14320.640129288038,0.512,0.424
14320.640381901265,0.536,0.384
14320.640634514491,0.52,0.392
14320.640887127718,0.504,0.376
14320.641139740945,0.512,0.376
14320.641392354171,0.528,0.432
14320.641644967398,0.512,0.432
14320.641897580623,0.536,0.392
14320.64215019385,0.512,0.4
14320.642402807076,0.536,0.432
14320.642655420303,0.52,0.424
14320.64290803353,0.528,0.432
14320.643160646756,0.528,0.424
14320.643413259982,0.512,0.432
14320.64366587321,0.512,0.424
14320.643918486436,0.528,0.432
14320.644171099662,0.512,0.432
14320.644423712889,0.536,0.41600000000000004
14320.644676326116,0.52,0.424
14320.644928939342,0.528,0.44
14320.645181552569,0.512,0.424
14320.645434165795,0.528,0.44
14320.645686779022,0.504,0.44
14320.645939392249,0.528,0.41600000000000004
14320.646192005475,0.52,0.432
14320.646444618702,0.536,0.41600000000000004
14320.646697231929,0.536,0.432
14320.646949845155,0.512,0.424
14320.647202458382,0.52,0.432
14320.647455071608,0.528,0.41600000000000004
14320.647707684835,0.536,0.44
14320.647960298062,0.512,0.40800000000000003
14320.648212911288,0.504,0.41600000000000004
14320.648465524515,0.52,0.432
14320.648718137742,0.504,0.432
14320.648970750968,0.512,0.384
14320.649223364195,0.504,0.376
14320.649475977421,0.52,0.392
14320.649728590648,0.504,0.392
14320.649981203875,0.528,0.376
14320.650233817101,0.52,0.368
14320.650486430328,0.536,0.4
14320.650739043554,0.52,0.4
14320.650991656781,0.504,0.432
14320.651244270006,0.504,0.432
14320.651496883233,0.52,0.4
14320.65174949646,0.528,0.392
14320.652002109686,0.512,0.4
14320.652254722912,0.528,0.4
14320.652507336139,0.496,0.424
14320.652759949366,0.528,0.41600000000000004
14320.653012562592,0.512,0.432
14320.653265175819,0.512,0.432
14320.653517789046,0.536,0.4
14320.653770402272,0.52,0.4
14320.654023015499,0.504,0.376
14320.654275628725,0.504,0.392
14320.654528241952,0.52,0.432
14320.654780855179,0.504,0.424
14320.655033468405,0.52,0.432
14320.655286081632,0.504,0.424
14320.655538694858,0.512,0.432
14320.655791308085,0.504,0.432
14320.656043921312,0.52,0.41600000000000004
14320.656296534538,0.512,0.432
14320.656549147765,0.528,0.376
14320.656801760992,0.536,0.384
14320.657054374218,0.512,0.41600000000000004
14320.657306987445,0.536,0.424
14320.657559600671,0.504,0.384
14320.657812213898,0.52,0.392
14320.658064827125,0.504,0.384
14320.658317440351,0.504,0.384
14320.658570053578,0.528,0.424
14320.658822666805,0.528,0.41600000000000004
14320.659075280031,0.512,0.432
14320.659327893258,0.52,0.41600000000000004
14320.659580506484,0.504,0.44
14320.659833119711,0.504,0.432
14320.660085732938,0.512,0.424
14320.660338346164,0.504,0.424
14320.66059095939,0.52,0.432
14320.660843572616,0.504,0.432
14320.661096185842,0.528,0.392
14320.661348799069,0.528,0.392
14320.661601412296,0.512,0.376
14320.661854025522,0.512,0.376
14320.662106638749,0.536,0.392
14320.662359251975,0.52,0.392
14320.662611865202,0.528,0.424
14320.662864478429,0.528,0.432
14320.663117091655,0.512,0.384
14320.663369704882,0.528,0.384
14320.663622318109,0.512,0.376
14320.663874931335,0.52,0.384
14320.664127544562,0.504,0.432
14320.664380157788,0.504,0.41600000000000004
14320.664632771015,0.512,0.432
14320.664885384242,0.504,0.432
14320.665137997468,0.52,0.392
14320.665390610695,0.512,0.384
14320.665643223922,0.52,0.40800000000000003
14320.665895837148,0.504,0.40800000000000003
14320.666148450375,0.528,0.424
14320.666401063601,0.512,0.424
14320.666653676828,0.528,0.432
14320.666906290055,0.504,0.432
14320.667158903281,0.52,0.424
14320.667411516508,0.504,0.432
14320.667664129734,0.536,0.41600000000000004
14320.667916742961,0.528,0.432
14320.668169356188,0.504,0.424
14320.668421969414,0.504,0.432
14320.668674582641,0.528,0.41600000000000004
14320.668927195868,0.528,0.44
14320.669179809094,0.504,0.40800000000000003
14320.66943242232,0.504,0.4
14320.669685035547,0.512,0.432
14320.669937648774,0.504,0.41600000000000004
14320.670190261999,0.52,0.432
14320.670442875225,0.528,0.432
14320.670695488452,0.512,0.41600000000000004
14320.670948101679,0.52,0.432
14320.671200714905,0.504,0.41600000000000004
14320.671453328132,0.496,0.424
14320.671705941359,0.52,0.44
14320.671958554585,0.504,0.424
14320.672211167812,0.52,0.432
14320.672463781038,0.536,0.424
14320.672716394265,0.512,0.432
14320.672969007492,0.512,0.424
14320.673221620718,0.52,0.432
14320.673474233945,0.504,0.432
14320.673726847172,0.52,0.384
14320.673979460398,0.528,0.384
14320.674232073625,0.512,0.4
14320.674484686851,0.52,0.4
14320.674737300078,0.496,0.424
14320.674989913305,0.496,0.41600000000000004
14320.675242526531,0.512,0.376
14320.675495139758,0.504,0.376
14320.675747752985,0.52,0.384
14320.676000366211,0.496,0.376
14320.676252979438,0.52,0.384
14320.676505592664,0.512,0.384
14320.676758205891,0.528,0.368
14320.677010819118,0.52,0.376
14320.677263432344,0.504,0.368
14320.67751604557,0.504,0.376
14320.677768658798,0.512,0.384
14320.678021272024,0.512,0.376
14320.67827388525,0.528,0.384
14320.678526498477,0.512,0.376
14320.678779111704,0.528,0.384
14320.67903172493,0.512,0.384
14320.679284338157,0.528,0.368
14320.679536951384,0.528,0.376
14320.679789564609,0.504,0.368
14320.680042177835,0.512,0.376
14320.680294791062,0.536,0.376
14320.680547404289,0.52,0.376
14320.680800017515,0.528,0.376
14320.681052630742,0.52,0.376
14320.681305243968,0.536,0.376
14320.681557857195,0.52,0.376
14320.681810470422,0.528,0.376
14320.682063083648,0.52,0.376
14320.682315696875,0.536,0.376
14320.682568310101,0.52,0.376
14320.682820923328,0.536,0.384
14320.683073536555,0.52,0.376
14320.683326149781,0.536,0.384
14320.683578763008,0.528,0.376
14320.683831376235,0.52,0.376
14320.684083989461,0.52,0.376
14320.684336602688,0.496,0.384
14320.684589215914,0.52,0.376
14320.684841829141,0.536,0.368
14320.685094442368,0.52,0.376
14320.685347055594,0.536,0.368
14320.685599668821,0.528,0.376
14320.685852282048,0.504,0.384
14320.686104895274,0.504,0.376
14320.6863575085,0.52,0.376
14320.686610121727,0.504,0.384
14320.686862734954,0.512,0.424
14320.68711534818,0.504,0.41600000000000004
14320.687367961407,0.528,0.384
14320.687620574634,0.52,0.384
14320.68787318786,0.528,0.41600000000000004
14320.688125801087,0.52,0.4
14320.688378414314,0.536,0.376
14320.68863102754,0.536,0.376
14320.688883640767,0.512,0.368
14320.689136253992,0.496,0.376
14320.689388867218,0.528,0.384
14320.689641480445,0.536,0.392
14320.689894093672,0.512,0.41600000000000004
14320.690146706898,0.528,0.40800000000000003
14320.690399320125,0.504,0.432
14320.690651933352,0.504,0.424
14320.690904546578,0.52,0.432
14320.691157159805,0.504,0.424
14320.691409773031,0.528,0.44
14320.691662386258,0.528,0.424
14320.691914999485,0.512,0.44
14320.692167612711,0.528,0.432
14320.692420225938,0.496,0.384
14320.692672839165,0.504,0.384
14320.692925452391,0.528,0.40800000000000003
14320.693178065618,0.52,0.424
14320.693430678844,0.536,0.392
14320.693683292071,0.52,0.384
14320.693935905298,0.536,0.41600000000000004
14320.694188518524,0.52,0.41600000000000004
14320.69444113175,0.536,0.432
14320.694693744977,0.52,0.432
14320.694946358204,0.544,0.392
14320.69519897143,0.504,0.392
14320.695451584657,0.52,0.384
14320.695704197884,0.504,0.4
14320.69595681111,0.528,0.304
14320.696209424337,0.512,0.312
14320.696462037564,0.504,0.168
14320.69671465079,0.504,0.168
14320.696967264017,0.52,0.064
14320.697219877244,0.512,0.056
14320.69747249047,0.528,0.008
14320.697725103697,0.528,0.016
14320.697977716924,0.512,0.0
14320.69823033015,0.512,0.0
14320.698482943377,0.528,-0.008
14320.698735556602,0.504,-0.008
14320.698988169828,0.52,0.0
14320.699240783055,0.52,0.0
14320.699493396281,0.504,-0.016
14320.699746009508,0.504,0.0
14320.699998622735,0.52,-0.016
14320.700251235961,0.504,0.0
14320.700503849188,0.52,-0.008
14320.700756462415,0.504,0.0
14320.701009075641,0.512,-0.008
14320.701261688868,0.504,0.0
14320.701514302094,0.52,-0.008
14320.701766915321,0.504,0.0
14320.702019528548,0.528,-0.008
14320.702272141774,0.52,0.0
14320.702524755001,0.496,-0.016
14320.702777368228,0.496,0.0
14320.703029981454,0.528,-0.008
14320.70328259468,0.512,-0.008
14320.703535207907,0.528,0.0
14320.703787821134,0.512,-0.008
14320.70404043436,0.52,0.0
14320.704293047587,0.504,0.0
14320.704545660814,0.528,-0.008
14320.70479827404,0.528,0.0
14320.705050887267,0.512,-0.016
14320.705303500494,0.512,-0.008
14320.70555611372,0.504,0.0
14320.705808726947,0.504,-0.008
14320.706061340174,0.52,0.0
14320.7063139534,0.512,-0.008
14320.706566566627,0.528,0.0
14320.706819179853,0.512,-0.008
14320.70707179308,0.536,0.0
14320.707324406307,0.52,0.0
14320.707577019533,0.504,-0.008
14320.70782963276,0.504,-0.008
14320.708082245985,0.52,0.0
14320.708334859211,0.504,0.0
14320.708587472438,0.52,-0.016
14320.708840085665,0.504,-0.008
14320.709092698891,0.528,0.0
14320.709345312118,0.52,-0.008
14320.709597925344,0.536,0.0
14320.709850538571,0.528,0.0
14320.710103151798,0.512,-0.016
14320.710355765024,0.504,-0.008
14320.710608378251,0.52,0.0
14320.710860991478,0.504,-0.008
14320.711113604704,0.512,0.0
14320.71136621793,0.504,-0.016
14320.711618831157,0.52,0.0
14320.711871444384,0.512,0.0
14320.71212405761,0.528,-0.008
14320.712376670837,0.504,0.0
14320.712629284064,0.536,-0.016
14320.71288189729,0.512,0.0
14320.713134510517,0.528,-0.016
14320.713387123744,0.528,-0.016
14320.71363973697,0.504,0.0
14320.713892350197,0.504,0.0
14320.714144963424,0.528,-0.016
14320.71439757665,0.528,0.0
14320.714650189877,0.512,-0.016
14320.714902803104,0.52,0.0
14320.71515541633,0.504,-0.016
14320.715408029557,0.504,0.0
14320.715660642783,0.52,-0.016
14320.71591325601,0.504,0.0
14320.716165869237,0.512,-0.016
14320.716418482463,0.504,0.0
14320.71667109569,0.52,-0.016
14320.716923708917,0.504,0.0
14320.717176322143,0.52,-0.016
14320.71742893537,0.512,0.0
14320.717681548595,0.496,-0.016
14320.717934161821,0.504,0.0
14320.718186775048,0.512,-0.016
14320.718439388274,0.504,-0.016
14320.718692001501,0.52,0.0
14320.718944614728,0.504,0.0
14320.719197227954,0.528,-0.016
14320.71944984118,0.512,0.0
14320.719702454408,0.536,-0.016
14320.719955067634,0.528,0.0
14320.72020768086,0.504,-0.016
14320.720460294087,0.504,0.0
14320.720712907314,0.528,-0.016
14320.72096552054,0.512,-0.016
14320.721218133767,0.528,0.0
14320.721470746994,0.496,0.0
14320.72172336022,0.52,-0.016
14320.721975973447,0.512,-0.016
14320.722228586674,0.528,0.0
14320.7224811999,0.512,0.0
14320.722733813127,0.528,-0.016
14320.722986426354,0.528,0.0
14320.72323903958,0.512,-0.016
14320.723491652807,0.52,0.0
14320.723744266033,0.504,-0.016
14320.72399687926,0.528,0.0
14320.724249492487,0.512,-0.016
14320.724502105713,0.504,0.0
14320.72475471894,0.528,-0.016
14320.725007332167,0.528,-0.016
14320.725259945393,0.512,0.0
14320.72551255862,0.528,0.0
14320.725765171846,0.504,-0.016
14320.726017785073,0.52,0.0
14320.7262703983,0.536,-0.016
14320.726523011526,0.52,0.0
14320.726775624753,0.528,-0.016
14320.727028237978,0.52,0.0
14320.727280851204,0.536,-0.016
14320.727533464431,0.52,0.0
14320.727786077658,0.536,-0.016
14320.728038690884,0.52,0.0
14320.72829130411,0.536,-0.016
14320.728543917337,0.52,0.0
14320.728796530564,0.536,-0.016
14320.72904914379,0.52,0.0
14320.729301757017,0.536,-0.016
14320.729554370244,0.52,-0.016
14320.72980698347,0.536,0.0
14320.730059596697,0.52,-0.016
14320.730312209924,0.536,0.0
14320.73056482315,0.52,0.0
14320.730817436377,0.528,-0.016
14320.731070049604,0.52,-0.016
14320.73132266283,0.536,0.0
14320.731575276057,0.536,-0.016
14320.731827889284,0.52,0.0
14320.73208050251,0.52,0.0
14320.732333115737,0.536,-0.016
14320.732585728963,0.536,0.0
14320.73283834219,0.52,-0.016
14320.733090955417,0.536,0.0
14320.733343568643,0.52,-0.016
14320.73359618187,0.528,0.0
14320.733848795096,0.536,-0.016
14320.734101408323,0.528,0.0
14320.73435402155,0.544,-0.016
14320.734606634776,0.544,-0.016
14320.734859248003,0.52,0.0
14320.73511186123,0.528,0.0
14320.735364474456,0.536,-0.016
14320.735617087683,0.536,0.0
14320.73586970091,0.52,-0.016
14320.736122314136,0.536,-0.016
14320.736374927363,0.52,0.0
14320.736627540588,0.52,-0.016
14320.736880153814,0.536,0.0
14320.73713276704,0.544,-0.016
14320.737385380267,0.52,-0.008
14320.737637993494,0.52,0.0
14320.73789060672,0.544,-0.016
14320.738143219947,0.528,-0.016
14320.738395833174,0.536,0.0
14320.7386484464,0.528,0.0
14320.738901059627,0.536,-0.016
14320.739153672854,0.528,-0.008
14320.73940628608,0.536,0.0
14320.739658899307,0.528,-0.016
14320.739911512534,0.536,0.0
14320.74016412576,0.528,-0.016
14320.740416738987,0.536,0.0
14320.740669352213,0.544,0.0
14320.74092196544,0.52,-0.016
14320.741174578667,0.52,-0.016
14320.741427191893,0.544,0.0
14320.74167980512,0.528,-0.016
14320.741932418347,0.536,0.0
14320.742185031573,0.544,-0.016
14320.7424376448,0.52,0.0
14320.742690258026,0.52,-0.016
14320.742942871253,0.544,0.0
14320.74319548448,0.536,0.0
14320.743448097706,0.52,-0.016
14320.743700710933,0.528,0.0
14320.74395332416,0.544,-0.016
14320.744205937386,0.528,-0.016
14320.744458550613,0.536,0.0
14320.74471116384,0.528,-0.016
14320.744963777066,0.544,0.0
14320.745216390293,0.528,0.0
14320.74546900352,0.536,-0.016
14320.745721616746,0.536,0.0
14320.74597422997,0.528,-0.016
14320.746226843197,0.528,-0.016
14320.746479456424,0.544,0.0
14320.74673206965,0.528,0.0
14320.746984682877,0.536,-0.016
14320.747237296104,0.528,-0.016
14320.74748990933,0.544,0.0
14320.747742522557,0.544,0.0
14320.747995135784,0.52,-0.016
14320.74824774901,0.528,-0.016
14320.748500362237,0.536,0.0
14320.748752975464,0.528,0.0
14320.74900558869,0.536,-0.016
14320.749258201917,0.536,-0.016
14320.749510815143,0.52,0.0
14320.74976342837,0.528,0.0
14320.750016041597,0.544,-0.016
14320.750268654823,0.528,-0.016
14320.75052126805,0.536,0.0
14320.750773881276,0.528,0.0
14320.751026494503,0.536,-0.016
14320.75127910773,0.528,-0.016
14320.751531720956,0.544,0.0
14320.751784334183,0.528,0.0
14320.75203694741,0.544,-0.016
14320.752289560636,0.528,0.0
14320.752542173863,0.536,-0.016
14320.75279478709,0.52,-0.016
14320.753047400316,0.544,0.0
14320.753300013543,0.528,-0.016
14320.75355262677,0.536,0.0
14320.753805239996,0.528,0.0
14320.754057853223,0.536,-0.016
14320.75431046645,0.528,-0.016
14320.754563079676,0.544,0.0
14320.754815692902,0.536,0.0
14320.755068306129,0.528,-0.016
14320.755320919356,0.536,0.0
14320.75557353258,0.528,-0.016
14320.755826145807,0.544,-0.016
14320.756078759034,0.528,0.0
14320.75633137226,0.528,0.0
14320.756583985487,0.536,-0.016
14320.756836598714,0.528,-0.016
14320.75708921194,0.536,0.0
14320.757341825167,0.528,0.0
14320.757594438393,0.544,-0.016
14320.75784705162,0.544,0.0
14320.758099664847,0.52,-0.016
14320.758352278073,0.528,0.0
14320.7586048913,0.536,-0.008
14320.758857504527,0.528,-0.008
14320.759110117753,0.544,0.016
14320.75936273098,0.528,0.016
14320.759615344206,0.544,0.12
14320.759867957433,0.528,0.128
14320.76012057066,0.544,0.296
14320.760373183886,0.528,0.304
14320.760625797113,0.544,0.384
14320.76087841034,0.528,0.384
14320.761131023566,0.544,0.392
14320.761383636793,0.528,0.376
14320.76163625002,0.536,0.368
14320.761888863246,0.528,0.368
14320.762141476473,0.544,0.384
14320.7623940897,0.536,0.376
14320.762646702926,0.528,0.40800000000000003
14320.762899316152,0.544,0.40800000000000003
14320.76315192938,0.52,0.384
14320.763404542606,0.52,0.384
14320.763657155832,0.544,0.392
14320.763909769059,0.528,0.384
14320.764162382286,0.536,0.424
14320.764414995512,0.536,0.424
14320.764667608739,0.52,0.4
14320.764920221964,0.528,0.4
14320.76517283519,0.536,0.384
14320.765425448417,0.528,0.392
14320.765678061643,0.544,0.41600000000000004
14320.76593067487,0.528,0.432
14320.766183288097,0.544,0.4
14320.766435901323,0.544,0.4
14320.76668851455,0.52,0.376
14320.766941127777,0.544,0.376
14320.767193741003,0.52,0.376
14320.76744635423,0.528,0.376
14320.767698967456,0.536,0.368
14320.767951580683,0.536,0.368
14320.76820419391,0.52,0.384
14320.768456807136,0.528,0.376
14320.768709420363,0.536,0.368
14320.76896203359,0.544,0.376
14320.769214646816,0.52,0.40800000000000003
14320.769467260043,0.528,0.40800000000000003
14320.76971987327,0.504,0.424
14320.769972486496,0.512,0.424
14320.770225099723,0.536,0.44
14320.77047771295,0.528,0.424
14320.770730326176,0.512,0.432
14320.770982939403,0.52,0.432
14320.77123555263,0.504,0.424
14320.771488165856,0.504,0.432
14320.771740779082,0.52,0.4
14320.771993392309,0.504,0.392
14320.772246005536,0.52,0.376
14320.772498618762,0.52,0.368
14320.772751231989,0.504,0.384
14320.773003845215,0.528,0.368
14320.773256458442,0.504,0.392
14320.773509071669,0.504,0.392
14320.773761684895,0.52,0.424
14320.774014298122,0.504,0.424
14320.774266911349,0.512,0.432
14320.774519524573,0.504,0.432
14320.7747721378,0.512,0.40800000000000003
14320.775024751027,0.504,0.40800000000000003
14320.775277364253,0.512,0.384
14320.77552997748,0.504,0.384
14320.775782590707,0.52,0.376
14320.776035203933,0.512,0.376
14320.77628781716,0.528,0.40800000000000003
14320.776540430386,0.52,0.432
14320.776793043613,0.504,0.40800000000000003
14320.77704565684,0.504,0.41600000000000004
14320.777298270066,0.528,0.376
14320.777550883293,0.52,0.376
14320.77780349652,0.536,0.384
14320.778056109746,0.528,0.384
14320.778308722973,0.512,0.376
14320.7785613362,0.504,0.384
14320.778813949426,0.528,0.41600000000000004
14320.779066562653,0.512,0.424
14320.77931917588,0.528,0.384
14320.779571789106,0.528,0.384
14320.779824402332,0.512,0.424
14320.780077015559,0.512,0.41600000000000004
14320.780329628786,0.528,0.432
14320.780582242012,0.52,0.432
14320.780834855239,0.504,0.41600000000000004
14320.781087468466,0.504,0.41600000000000004
14320.781340081692,0.512,0.384
14320.781592694919,0.504,0.384
14320.781845308145,0.52,0.376
14320.782097921372,0.504,0.376
14320.782350534599,0.536,0.384
14320.782603147825,0.528,0.376
14320.782855761052,0.512,0.40800000000000003
14320.783108374279,0.504,0.40800000000000003
14320.783360987505,0.528,0.376
14320.783613600732,0.52,0.392
14320.783866213957,0.504,0.376
14320.784118827183,0.504,0.384
14320.78437144041,0.52,0.392
14320.784624053636,0.512,0.4
14320.784876666863,0.528,0.424
14320.78512928009,0.52,0.432
14320.785381893316,0.504,0.424
14320.785634506543,0.52,0.432
14320.78588711977,0.528,0.41600000000000004
14320.786139732996,0.512,0.41600000000000004
14320.786392346223,0.528,0.432
14320.78664495945,0.52,0.424
14320.786897572676,0.536,0.432
14320.787150185903,0.52,0.424
14320.78740279913,0.536,0.432
14320.787655412356,0.528,0.424
14320.787908025583,0.512,0.44
14320.78816063881,0.504,0.424
14320.788413252036,0.52,0.432
14320.788665865262,0.504,0.44
14320.788918478489,0.52,0.424
14320.789171091716,0.504,0.44
14320.789423704942,0.512,0.384
14320.789676318169,0.504,0.376
14320.789928931395,0.52,0.4
14320.790181544622,0.504,0.40800000000000003
14320.790434157849,0.512,0.432
14320.790686771075,0.504,0.424
14320.790939384302,0.52,0.44
14320.791191997529,0.504,0.44
14320.791444610755,0.52,0.40800000000000003
14320.791697223982,0.504,0.41600000000000004
14320.791949837208,0.512,0.384
14320.792202450435,0.504,0.384
14320.792455063662,0.512,0.4
14320.792707676888,0.512,0.392
14320.792960290115,0.528,0.376
14320.793212903342,0.528,0.376
14320.793465516566,0.512,0.368
14320.793718129793,0.52,0.376
14320.79397074302,0.504,0.40800000000000003
14320.794223356246,0.496,0.40800000000000003
14320.794475969473,0.52,0.432
14320.7947285827,0.504,0.41600000000000004
14320.794981195926,0.528,0.44
14320.795233809153,0.528,0.44
14320.79548642238,0.512,0.424
14320.795739035606,0.52,0.424
14320.795991648833,0.504,0.44
14320.79624426206,0.512,0.432
14320.796496875286,0.504,0.424
14320.796749488512,0.52,0.424
14320.797002101739,0.504,0.432
14320.797254714966,0.504,0.424
14320.797507328192,0.512,0.44
14320.797759941419,0.504,0.424
14320.798012554646,0.52,0.424
14320.798265167872,0.504,0.432
14320.798517781099,0.52,0.392
14320.798770394325,0.504,0.392
14320.799023007552,0.52,0.384
14320.799275620779,0.504,0.384
14320.799528234005,0.528,0.41600000000000004
14320.799780847232,0.512,0.41600000000000004
14320.800033460459,0.536,0.432
14320.800286073685,0.512,0.424
14320.800538686912,0.536,0.44
14320.800791300138,0.528,0.44
14320.801043913365,0.512,0.424
14320.801296526592,0.504,0.432
14320.801549139818,0.52,0.424
14320.801801753045,0.504,0.432
14320.802054366271,0.512,0.41600000000000004
14320.802306979498,0.504,0.41600000000000004
14320.802559592725,0.512,0.392
14320.80281220595,0.504,0.4
14320.803064819176,0.512,0.432
14320.803317432403,0.504,0.424
14320.80357004563,0.52,0.44
14320.803822658856,0.504,0.424
14320.804075272083,0.512,0.432
14320.80432788531,0.512,0.424
14320.804580498536,0.496,0.384
14320.804833111762,0.504,0.376
14320.80508572499,0.528,0.4
14320.805338338216,0.504,0.40800000000000003
14320.805590951442,0.52,0.432
14320.805843564669,0.504,0.432
14320.806096177896,0.52,0.392
14320.806348791122,0.512,0.392
14320.806601404349,0.536,0.376
14320.806854017575,0.52,0.376
14320.807106630802,0.512,0.392
14320.807359244029,0.52,0.384
14320.807611857255,0.496,0.368
14320.807864470482,0.504,0.368
14320.808117083709,0.52,0.384
14320.808369696935,0.512,0.376
14320.808622310162,0.496,0.368
14320.808874923388,0.512,0.368
14320.809127536615,0.52,0.384
14320.809380149842,0.512,0.376
14320.809632763068,0.528,0.424
14320.809885376295,0.512,0.41600000000000004
14320.810137989522,0.528,0.432
14320.810390602748,0.536,0.432
14320.810643215975,0.504,0.41600000000000004
14320.810895829201,0.504,0.424
14320.811148442428,0.52,0.384
14320.811401055655,0.504,0.384
14320.811653668881,0.512,0.368
14320.811906282108,0.504,0.368
14320.812158895335,0.536,0.384
14320.81241150856,0.528,0.376
14320.812664121786,0.504,0.384
14320.812916735013,0.496,0.384
14320.81316934824,0.528,0.376
14320.813421961466,0.512,0.376
14320.813674574692,0.536,0.41600000000000004
14320.813927187919,0.528,0.40800000000000003
14320.814179801146,0.504,0.432
14320.814432414372,0.504,0.432
14320.814685027599,0.52,0.41600000000000004
14320.814937640826,0.504,0.432
14320.815190254052,0.512,0.41600000000000004
14320.815442867279,0.504,0.432
14320.815695480505,0.52,0.424
14320.815948093732,0.504,0.424
14320.816200706959,0.512,0.44
14320.816453320185,0.504,0.432
14320.816705933412,0.52,0.424
14320.816958546638,0.504,0.432
14320.817211159865,0.52,0.424
14320.817463773092,0.496,0.424
14320.817716386318,0.512,0.44
14320.817968999545,0.504,0.424
14320.818221612772,0.512,0.384
14320.818474225998,0.504,0.392
14320.818726839225,0.52,0.40800000000000003
14320.818979452451,0.512,0.392
14320.819232065678,0.536,0.376
14320.819484678905,0.536,0.368
14320.819737292131,0.504,0.384
14320.819989905358,0.504,0.376
14320.820242518585,0.52,0.368
14320.820495131811,0.512,0.376
14320.820747745038,0.528,0.376
14320.821000358264,0.512,0.384
14320.821252971491,0.528,0.368
14320.821505584718,0.52,0.376
14320.821758197942,0.504,0.36
14320.82201081117,0.504,0.36
14320.822263424396,0.512,0.296
14320.822516037622,0.504,0.296
14320.822768650849,0.52,0.16
14320.823021264076,0.528,0.152
14320.823273877302,0.512,0.056
14320.823526490529,0.52,0.056
14320.823779103755,0.504,0.008
14320.824031716982,0.504,0.008
14320.824284330209,0.52,-0.008
14320.824536943435,0.504,0.0
14320.824789556662,0.512,-0.008
14320.825042169889,0.504,0.0
14320.825294783115,0.52,-0.008
14320.825547396342,0.504,0.0
14320.825800009568,0.528,-0.008
14320.826052622795,0.528,0.0
14320.826305236022,0.512,-0.016
14320.826557849248,0.528,-0.008
14320.826810462475,0.512,0.0
14320.827063075702,0.536,0.0
14320.827315688928,0.504,-0.016
14320.827568302155,0.52,0.0
14320.827820915381,0.504,-0.008
14320.828073528608,0.504,0.0
14320.828326141835,0.512,-0.008
14320.828578755061,0.512,-0.008
14320.828831368288,0.528,0.0
14320.829083981514,0.536,0.0
14320.829336594741,0.504,-0.016
14320.829589207968,0.496,0.0
14320.829841821194,0.504,-0.016
14320.830094434421,0.504,0.0
14320.830347047648,0.512,-0.016
14320.830599660874,0.504,-0.008
14320.8308522741,0.52,0.0
14320.831104887327,0.504,0.0
14320.831357500552,0.512,-0.016
14320.831610113779,0.504,0.0
14320.831862727006,0.512,-0.016
14320.832115340232,0.504,-0.008
14320.832367953459,0.512,0.0
14320.832620566685,0.504,0.0
14320.832873179912,0.512,-0.008
14320.833125793139,0.512,-0.008
14320.833378406365,0.496,0.0
14320.833631019592,0.504,0.0
14320.833883632818,0.52,-0.016
14320.834136246045,0.504,0.0
14320.834388859272,0.52,-0.016
14320.834641472498,0.512,0.0
14320.834894085725,0.528,-0.016
14320.835146698952,0.528,-0.008
14320.835399312178,0.496,0.0
14320.835651925405,0.496,0.0
14320.835904538631,0.528,-0.008
14320.836157151858,0.512,0.0
14320.836409765085,0.536,-0.016
14320.836662378311,0.536,0.0
14320.836914991538,0.512,-0.016
14320.837167604765,0.504,0.0
14320.837420217991,0.512,-0.016
14320.837672831218,0.504,0.0
14320.837925444444,0.512,-0.016
14320.838178057671,0.504,0.0
14320.838430670898,0.52,-0.016
14320.838683284124,0.528,0.0
14320.83893589735,0.512,-0.016
14320.839188510578,0.528,-0.008
14320.839441123804,0.496,0.0
14320.83969373703,0.512,0.0
14320.839946350257,0.536,-0.016
14320.840198963484,0.52,0.0
14320.84045157671,0.536,-0.016
14320.840704189935,0.52,-0.016
14320.840956803162,0.528,0.0
14320.841209416389,0.52,0.0
14320.841462029615,0.536,-0.016
14320.841714642842,0.52,0.0
14320.841967256069,0.536,-0.016
14320.842219869295,0.52,0.0
14320.842472482522,0.536,-0.016
14320.842725095748,0.536,0.0
14320.842977708975,0.52,-0.016
14320.843230322202,0.52,0.0
14320.843482935428,0.528,-0.016
14320.843735548655,0.52,0.0
14320.843988161881,0.536,-0.016
14320.844240775108,0.52,0.0
14320.844493388335,0.536,-0.016
14320.844746001561,0.52,-0.016
14320.844998614788,0.536,0.0
14320.845251228015,0.52,-0.016
14320.845503841241,0.536,0.0
14320.845756454468,0.544,0.0
14320.846009067694,0.52,-0.016
14320.846261680921,0.536,-0.016
14320.846514294148,0.52,0.0
14320.846766907374,0.52,-0.016
14320.847019520601,0.536,0.0
14320.847272133828,0.52,0.0
14320.847524747054,0.536,-0.008
14320.84777736028,0.536,-0.016
14320.848029973507,0.52,0.0
14320.848282586734,0.536,0.0
14320.84853519996,0.52,-0.016
14320.848787813187,0.52,0.0
14320.849040426414,0.544,-0.016
14320.84929303964,0.536,0.0
14320.849545652867,0.52,-0.016
14320.849798266094,0.536,0.0
14320.85005087932,0.52,-0.016
14320.850303492545,0.528,-0.016
14320.850556105772,0.544,0.0
14320.850808718998,0.536,0.0
14320.851061332225,0.52,-0.016
14320.851313945452,0.52,0.0
14320.851566558678,0.536,-0.016
14320.851819171905,0.544,0.0
14320.852071785132,0.528,-0.016
14320.852324398358,0.544,0.0
14320.852577011585,0.52,-0.016
14320.852829624811,0.52,0.0
14320.853082238038,0.544,-0.016
14320.853334851265,0.536,0.0
14320.853587464491,0.52,-0.016
14320.853840077718,0.536,0.0
14320.854092690945,0.52,-0.016
14320.854345304171,0.528,0.0
14320.854597917398,0.536,-0.016
14320.854850530624,0.528,0.0
14320.855103143851,0.536,-0.016
14320.855355757078,0.528,-0.016
14320.855608370304,0.544,0.0
14320.85586098353,0.536,0.0
14320.856113596757,0.52,-0.016
14320.856366209984,0.52,0.0
14320.85661882321,0.544,-0.016
14320.856871436437,0.544,0.0
14320.857124049664,0.528,-0.016
14320.85737666289,0.528,0.0
14320.857629276117,0.544,-0.016
14320.857881889344,0.52,0.0
14320.85813450257,0.536,-0.016
14320.858387115797,0.536,0.0
14320.858639729024,0.52,-0.016
14320.85889234225,0.528,0.0
14320.859144955477,0.536,-0.016
14320.859397568704,0.528,0.0
14320.859650181928,0.544,-0.016
14320.859902795155,0.528,-0.016
14320.860155408382,0.544,0.0
14320.860408021608,0.528,0.0
14320.860660634835,0.536,-0.016
14320.860913248061,0.528,0.0
14320.861165861288,0.544,-0.016
14320.861418474515,0.528,-0.016
14320.861671087741,0.536,0.0
14320.861923700968,0.528,0.0
14320.862176314195,0.536,-0.016
14320.862428927421,0.528,0.0
14320.862681540648,0.544,-0.016
14320.862934153874,0.528,-0.016
14320.863186767101,0.536,0.0
14320.863439380328,0.528,-0.016
14320.863691993554,0.536,0.0
14320.863944606781,0.52,-0.016
14320.864197220008,0.536,0.0
14320.864449833234,0.52,-0.016
14320.86470244646,0.544,0.0
14320.864955059687,0.528,-0.016
14320.865207672914,0.544,0.0
14320.86546028614,0.528,-0.016
14320.865712899367,0.544,0.0
14320.865965512594,0.52,0.0
14320.86621812582,0.544,-0.016
14320.866470739047,0.528,-0.016
14320.866723352274,0.536,0.0
14320.8669759655,0.528,0.0
14320.867228578727,0.544,-0.016
14320.867481191954,0.544,0.0
14320.86773380518,0.528,-0.016
14320.867986418407,0.528,0.0
14320.868239031633,0.544,-0.016
14320.86849164486,0.536,-0.016
14320.868744258087,0.528,0.0
14320.868996871313,0.536,0.0
14320.869249484538,0.52,-0.016
14320.869502097765,0.528,0.0
14320.869754710991,0.536,-0.016
14320.870007324218,0.528,-0.016
14320.870259937445,0.536,0.0
14320.870512550671,0.528,0.0
14320.870765163898,0.536,-0.016
14320.871017777125,0.536,-0.016
14320.871270390351,0.528,0.0
14320.871523003578,0.536,-0.016
14320.871775616804,0.528,0.0
14320.872028230031,0.544,0.0
14320.872280843258,0.52,-0.016
14320.872533456484,0.544,-0.016
14320.87278606971,0.528,0.0
14320.873038682937,0.528,0.0
14320.873291296164,0.544,-0.016
14320.87354390939,0.536,0.0
14320.873796522617,0.52,-0.016
14320.874049135844,0.536,0.0
14320.87430174907,0.52,-0.016
14320.874554362297,0.528,-0.016
14320.874806975524,0.544,0.0
14320.87505958875,0.528,-0.016
14320.875312201977,0.536,0.0
14320.875564815204,0.528,0.0
14320.87581742843,0.544,-0.016
14320.876070041657,0.536,-0.016
14320.876322654884,0.528,0.0
14320.87657526811,0.536,-0.016
14320.876827881337,0.52,0.0
14320.877080494563,0.52,0.0
14320.87733310779,0.536,-0.016
14320.877585721017,0.52,0.0
14320.877838334243,0.536,-0.016
14320.87809094747,0.512,0.0
14320.878343560697,0.536,-0.016
14320.878596173921,0.528,0.0
14320.878848787148,0.512,-0.016
14320.879101400375,0.52,0.0
14320.879354013601,0.528,-0.016
14320.879606626828,0.52,0.0
14320.879859240054,0.528,-0.016
14320.880111853281,0.52,0.0
14320.880364466508,0.528,-0.016
14320.880617079734,0.528,0.0
14320.880869692961,0.504,-0.016
14320.881122306188,0.504,-0.016
14320.881374919414,0.512,0.0
14320.88162753264,0.504,0.0
14320.881880145867,0.528,-0.016
14320.882132759094,0.528,0.0
14320.88238537232,0.512,-0.016
14320.882637985547,0.512,0.0
14320.882890598774,0.536,-0.016
14320.883143212,0.512,0.0
14320.883395825227,0.528,-0.016
14320.883648438454,0.504,0.0
14320.88390105168,0.528,-0.016
14320.884153664907,0.512,0.0
14320.884406278134,0.536,-0.016
14320.88465889136,0.536,-0.008
14320.884911504587,0.512,0.0
14320.885164117813,0.504,-0.008
14320.88541673104,0.52,0.024
14320.885669344267,0.512,0.024
14320.885921957493,0.536,0.136
14320.88617457072,0.52,0.14400000000000002
14320.886427183947,0.536,0.304
14320.886679797173,0.52,0.312
14320.8869324104,0.528,0.384
14320.887185023626,0.52,0.384
14320.887437636853,0.536,0.368
14320.88769025008,0.528,0.376
14320.887942863306,0.504,0.368
14320.888195476531,0.512,0.376
14320.888448089758,0.528,0.41600000000000004
14320.888700702984,0.52,0.432
14320.888953316211,0.536,0.41600000000000004
14320.889205929438,0.52,0.424
14320.889458542664,0.536,0.44
14320.88971115589,0.528,0.44
14320.889963769117,0.512,0.424
14320.890216382344,0.52,0.424
14320.89046899557,0.504,0.41600000000000004
14320.890721608797,0.504,0.432
14320.890974222024,0.512,0.40800000000000003
14320.89122683525,0.512,0.41600000000000004
14320.891479448477,0.504,0.384
14320.891732061704,0.504,0.392
14320.89198467493,0.52,0.368
14320.892237288157,0.504,0.376
14320.892489901384,0.52,0.368
14320.89274251461,0.504,0.384
14320.892995127837,0.52,0.424
14320.893247741064,0.504,0.41600000000000004
14320.89350035429,0.52,0.432
14320.893752967517,0.504,0.424
14320.894005580743,0.52,0.432
14320.89425819397,0.504,0.424
14320.894510807197,0.52,0.44
14320.894763420423,0.512,0.432
14320.89501603365,0.536,0.384
14320.895268646877,0.528,0.384
14320.895521260103,0.512,0.41600000000000004
14320.89577387333,0.528,0.424
14320.896026486556,0.504,0.44
14320.896279099783,0.504,0.432
14320.89653171301,0.52,0.384
14320.896784326236,0.512,0.384
14320.897036939463,0.504,0.424
14320.89728955269,0.504,0.424
14320.897542165914,0.512,0.432
14320.89779477914,0.504,0.432
14320.898047392368,0.512,0.41600000000000004
14320.898300005594,0.504,0.424
14320.89855261882,0.52,0.44
14320.898805232047,0.52,0.424
14320.899057845274,0.536,0.44
14320.8993104585,0.528,0.424
14320.899563071727,0.504,0.44
14320.899815684954,0.504,0.424
14320.90006829818,0.52,0.44
14320.900320911407,0.528,0.432
14320.900573524634,0.512,0.392
14320.90082613786,0.528,0.392
14320.901078751087,0.512,0.376
14320.901331364314,0.528,0.384
14320.90158397754,0.504,0.368
14320.901836590767,0.504,0.368
14320.902089203993,0.528,0.384
14320.90234181722,0.52,0.376
14320.902594430447,0.536,0.4
14320.902847043673,0.52,0.40800000000000003
14320.9030996569,0.504,0.424
14320.903352270127,0.504,0.41600000000000004
14320.903604883353,0.52,0.44
14320.90385749658,0.504,0.44
14320.904110109806,0.52,0.424
14320.904362723033,0.504,0.432
14320.90461533626,0.52,0.424
14320.904867949486,0.504,0.424
14320.905120562713,0.512,0.44
14320.90537317594,0.504,0.44
14320.905625789166,0.52,0.424
14320.905878402393,0.504,0.424
14320.90613101562,0.52,0.44
14320.906383628846,0.504,0.44
14320.906636242073,0.52,0.424
14320.9068888553,0.504,0.432
14320.907141468524,0.512,0.41600000000000004
14320.90739408175,0.504,0.424
14320.907646694977,0.52,0.432
14320.907899308204,0.512,0.432
14320.90815192143,0.52,0.40800000000000003
14320.908404534657,0.512,0.41600000000000004
14320.908657147884,0.536,0.376
14320.90890976111,0.52,0.384
14320.909162374337,0.536,0.368
14320.909414987564,0.528,0.376
14320.90966760079,0.512,0.392
14320.909920214017,0.528,0.392
14320.910172827244,0.504,0.41600000000000004
14320.91042544047,0.504,0.384
14320.910678053697,0.52,0.376
14320.910930666923,0.504,0.376
14320.91118328015,0.52,0.384
14320.911435893377,0.504,0.376
14320.911688506603,0.512,0.376
14320.91194111983,0.52,0.368
14320.912193733056,0.504,0.384
14320.912446346283,0.504,0.376
14320.91269895951,0.512,0.384
14320.912951572736,0.504,0.376
14320.913204185963,0.512,0.384
14320.91345679919,0.504,0.376
14320.913709412416,0.52,0.368
14320.913962025643,0.504,0.368
14320.91421463887,0.528,0.384
14320.914467252096,0.512,0.368
14320.914719865323,0.536,0.384
14320.91497247855,0.528,0.384
14320.915225091776,0.512,0.41600000000000004
14320.915477705003,0.512,0.424
14320.91573031823,0.496,0.40800000000000003
14320.915982931456,0.504,0.41600000000000004
14320.916235544682,0.512,0.432
14320.916488157907,0.504,0.424
14320.916740771134,0.512,0.44
14320.91699338436,0.504,0.424
14320.917245997587,0.512,0.44
14320.917498610814,0.504,0.44
14320.91775122404,0.52,0.392
14320.918003837267,0.504,0.384
14320.918256450494,0.512,0.368
14320.91850906372,0.504,0.368
14320.918761676947,0.52,0.376
14320.919014290173,0.504,0.376
14320.9192669034,0.512,0.384
14320.919519516627,0.504,0.376
14320.919772129853,0.52,0.41600000000000004
14320.92002474308,0.52,0.41600000000000004
14320.920277356307,0.512,0.4
14320.920529969533,0.512,0.4
14320.92078258276,0.528,0.376
14320.921035195986,0.528,0.376
14320.921287809213,0.504,0.392
14320.92154042244,0.512,0.392
14320.921793035666,0.496,0.424
14320.922045648893,0.504,0.41600000000000004
14320.92229826212,0.528,0.44
14320.922550875346,0.536,0.41600000000000004
14320.922803488573,0.496,0.432
14320.9230561018,0.504,0.424
14320.923308715026,0.536,0.44
14320.923561328253,0.528,0.424
14320.92381394148,0.52,0.44
14320.924066554706,0.52,0.424
14320.924319167932,0.528,0.44
14320.92457178116,0.52,0.432
14320.924824394386,0.544,0.40800000000000003
14320.925077007612,0.52,0.41600000000000004
14320.925329620839,0.536,0.384
14320.925582234066,0.52,0.4
14320.925834847292,0.536,0.432
14320.926087460517,0.52,0.424
14320.926340073744,0.536,0.44
14320.92659268697,0.52,0.44
14320.926845300197,0.528,0.424
14320.927097913423,0.528,0.432
14320.92735052665,0.496,0.41600000000000004
14320.927603139877,0.512,0.432
14320.927855753103,0.536,0.41600000000000004
14320.92810836633,0.52,0.424
14320.928360979557,0.528,0.44
14320.928613592783,0.52,0.44
14320.92886620601,0.536,0.41600000000000004
14320.929118819236,0.52,0.41600000000000004
14320.929371432463,0.536,0.376
14320.92962404569,0.536,0.376
14320.929876658916,0.52,0.392
14320.930129272143,0.536,0.392
14320.93038188537,0.52,0.432
14320.93567109108,0.528,-0.008
14320.935934984485,0.544,-0.016
14320.936198877891,0.528,0.0
14320.936462771297,0.536,-0.016
14320.936726664702,0.528,0.0
14320.936990558108,0.536,-0.016
14320.937254451514,0.528,-0.016
14320.93751834492,0.544,0.0
14320.937782238325,0.528,-0.008
14320.93804613173,0.544,-0.016
14320.938310025136,0.528,-0.016
14320.938573918542,0.544,0.0
14320.938837811947,0.528,-0.016
14320.939101705353,0.544,0.0
14320.939365598759,0.528,-0.016
14320.939629492164,0.536,0.0
14320.93989338557,0.528,-0.016
14320.940157278976,0.544,0.0
14320.940421172381,0.528,-0.016
14320.940685065785,0.544,0.0
14320.94094895919,0.528,-0.008
14320.941212852596,0.536,0.032
14320.941476746002,0.528,0.032
14320.941740639408,0.544,0.136
14320.942004532813,0.528,0.14400000000000002
14320.942268426219,0.536,0.28
14320.942532319625,0.528,0.272
14320.94279621303,0.544,0.34400000000000003
14320.943060106436,0.528,0.336
14320.943323999842,0.544,0.36
14320.943587893247,0.528,0.36
14320.943851786653,0.544,0.368
14320.944115680059,0.544,0.368
14320.944379573464,0.528,0.36
14320.94464346687,0.528,0.36
14320.944907360275,0.544,0.376
14320.945171253681,0.528,0.36
14320.945435147087,0.536,0.368
14320.945699040492,0.528,0.36
14320.945962933898,0.536,0.368
14320.946226827304,0.528,0.368
14320.94649072071,0.544,0.36
14320.946754614115,0.528,0.368
14320.94701850752,0.544,0.376
14320.947282400926,0.528,0.368
14320.947546294332,0.544,0.376
14320.947810187738,0.528,0.368
14320.948074081143,0.544,0.376
14320.948337974549,0.528,0.368
14320.948601867954,0.544,0.36
14320.94886576136,0.528,0.368
14320.949129654766,0.544,0.352
14320.949393548171,0.528,0.368
14320.949657441577,0.544,0.368
14320.949921334983,0.528,0.368
14320.950185228388,0.544,0.368
14320.950449121794,0.528,0.368
14320.950713015198,0.544,0.36
14320.950976908603,0.528,0.368
14320.95124080201,0.544,0.368
14320.951504695415,0.528,0.368
14320.95176858882,0.544,0.368
14320.952032482226,0.528,0.376
14320.952296375632,0.544,0.36
14320.952560269037,0.544,0.36
14320.952824162443,0.528,0.376
14320.953088055849,0.528,0.368
14320.953351949254,0.544,0.384
14320.95361584266,0.528,0.376
14320.953879736066,0.544,0.40800000000000003
14320.954143629471,0.528,0.40800000000000003
14320.954407522877,0.544,0.41600000000000004
14320.954671416283,0.544,0.424
14320.954935309688,0.528,0.4
14320.955199203094,0.528,0.40800000000000003
14320.9554630965,0.536,0.376
14320.955726989905,0.528,0.376
14320.95599088331,0.536,0.40800000000000003
14320.956254776716,0.528,0.424
14320.956518670122,0.536,0.392
14320.956782563528,0.528,0.392
14320.957046456933,0.544,0.368
14320.957310350339,0.528,0.368
14320.957574243745,0.544,0.368
14320.95783813715,0.528,0.36
14320.958102030556,0.544,0.4
14320.958365923962,0.528,0.4
14320.958629817367,0.544,0.41600000000000004
14320.958893710773,0.528,0.40800000000000003
14320.959157604178,0.544,0.368
14320.959421497584,0.528,0.376
14320.95968539099,0.536,0.36
14320.959949284395,0.528,0.368
14320.960213177801,0.544,0.36
14320.960477071205,0.528,0.368
14320.96074096461,0.536,0.392
14320.961004858016,0.528,0.384
14320.961268751422,0.544,0.40800000000000003
14320.961532644827,0.528,0.40800000000000003
14320.961796538233,0.544,0.376
14320.962060431639,0.528,0.368
14320.962324325044,0.544,0.368
14320.96258821845,0.528,0.36
14320.962852111856,0.544,0.376
14320.963116005261,0.528,0.376
14320.963379898667,0.544,0.368
14320.963643792073,0.528,0.368
14320.963907685478,0.536,0.368
14320.964171578884,0.528,0.368
14320.96443547229,0.544,0.36
14320.964699365695,0.528,0.376
14320.9649632591,0.544,0.36
14320.965227152506,0.528,0.368
14320.965491045912,0.544,0.36
14320.965754939318,0.528,0.368
14320.966018832723,0.544,0.392
14320.966282726129,0.536,0.392
14320.966546619535,0.528,0.41600000000000004
14320.96681051294,0.528,0.424
14320.967074406346,0.544,0.4
14320.967338299752,0.528,0.4
14320.967602193157,0.544,0.368
14320.967866086563,0.544,0.368
14320.968129979969,0.528,0.40800000000000003
14320.968393873374,0.528,0.40800000000000003
14320.96865776678,0.544,0.424
14320.968921660186,0.528,0.41600000000000004
14320.969185553591,0.536,0.424
14320.969449446997,0.528,0.424
14320.969713340402,0.544,0.40800000000000003
14320.969977233808,0.528,0.41600000000000004
14320.970241127214,0.544,0.424
14320.970505020618,0.528,0.41600000000000004
14320.970768914023,0.544,0.424
14320.971032807429,0.528,0.41600000000000004
14320.971296700835,0.544,0.432
14320.97156059424,0.528,0.424
14320.971824487646,0.536,0.4
14320.972088381051,0.528,0.392
14320.972352274457,0.544,0.368
14320.972616167863,0.528,0.368
14320.972880061268,0.536,0.36
14320.973143954674,0.528,0.368
14320.97340784808,0.544,0.40800000000000003
14320.973671741485,0.52,0.41600000000000004
14320.973935634891,0.536,0.392
14320.974199528297,0.544,0.392
14320.974463421702,0.52,0.376
14320.974727315108,0.536,0.376
14320.974991208514,0.52,0.4
14320.97525510192,0.528,0.384
14320.975518995325,0.512,0.368
14320.97578288873,0.512,0.368
14320.976046782136,0.528,0.36
14320.976310675542,0.512,0.368
14320.976574568947,0.528,0.376
14320.976838462353,0.52,0.376
14320.977102355759,0.512,0.40800000000000003
14320.977366249164,0.52,0.40800000000000003
14320.97763014257,0.504,0.424
14320.977894035976,0.512,0.41600000000000004
14320.978157929381,0.528,0.424
14320.978421822787,0.512,0.41600000000000004
14320.978685716193,0.528,0.424
14320.978949609598,0.512,0.41600000000000004
14320.979213503004,0.536,0.432
14320.97947739641,0.536,0.424
14320.979741289815,0.504,0.41600000000000004
14320.98000518322,0.504,0.41600000000000004
14320.980269076625,0.528,0.424
14320.98053297003,0.52,0.432
14320.980796863436,0.536,0.4
14320.981060756842,0.512,0.4
14320.981324650247,0.528,0.368
14320.981588543653,0.512,0.376
14320.981852437058,0.52,0.368
14320.982116330464,0.512,0.368
14320.98238022387,0.52,0.40800000000000003
14320.982644117275,0.504,0.40800000000000003
14320.982908010681,0.52,0.376
14320.983171904087,0.504,0.376
14320.983435797492,0.52,0.368
14320.983699690898,0.504,0.368
14320.983963584304,0.52,0.376
14320.98422747771,0.504,0.376
14320.984491371115,0.52,0.40800000000000003
14320.98475526452,0.52,0.41600000000000004
14320.985019157926,0.504,0.384
14320.985283051332,0.52,0.392
14320.985546944738,0.504,0.368
14320.985810838143,0.504,0.392
14320.986074731549,0.528,0.41600000000000004
14320.986338624954,0.504,0.41600000000000004
14320.98660251836,0.512,0.424
14320.986866411766,0.504,0.41600000000000004
14320.987130305171,0.52,0.432
14320.987394198577,0.504,0.432
14320.987658091983,0.512,0.376
14320.987921985388,0.512,0.376
14320.988185878794,0.496,0.368
14320.9884497722,0.504,0.368
14320.988713665605,0.512,0.392
14320.98897755901,0.504,0.376
14320.989241452417,0.52,0.392
14320.989505345822,0.504,0.392
14320.989769239228,0.512,0.424
14320.990033132633,0.504,0.424
14320.990297026037,0.512,0.40800000000000003
14320.990560919443,0.504,0.432
14320.990824812849,0.52,0.4
14320.991088706254,0.52,0.392
14320.99135259966,0.504,0.376
14320.991616493066,0.504,0.376
14320.991880386471,0.52,0.368
14320.992144279877,0.512,0.368
14320.992408173282,0.528,0.376
14320.992672066688,0.528,0.384
14320.992935960094,0.512,0.41600000000000004
14320.9931998535,0.52,0.40800000000000003
14320.993463746905,0.536,0.41600000000000004
14320.99372764031,0.52,0.40800000000000003
14320.993991533716,0.536,0.424
14320.994255427122,0.536,0.41600000000000004
14320.994519320528,0.512,0.432
14320.994783213933,0.528,0.41600000000000004
14320.995047107339,0.504,0.424
14320.995311000745,0.504,0.424
14320.99557489415,0.528,0.41600000000000004
14320.995838787556,0.504,0.424
14320.996102680961,0.52,0.40800000000000003
14320.996366574367,0.504,0.424
14320.996630467773,0.52,0.40800000000000003
14320.996894361178,0.52,0.41600000000000004
14320.997158254584,0.528,0.424
14320.99742214799,0.52,0.41600000000000004
14320.997686041395,0.536,0.432
14320.997949934801,0.528,0.41600000000000004
14320.998213828207,0.512,0.384
14320.998477721612,0.504,0.376
14320.998741615018,0.528,0.392
14320.999005508424,0.52,0.384
14320.99926940183,0.536,0.40800000000000003
14320.999533295235,0.52,0.40800000000000003
14320.99979718864,0.528,0.424
14321.000061082044,0.52,0.40800000000000003
14321.00032497545,0.536,0.424
14321.000588868856,0.52,0.40800000000000003
14321.000852762261,0.528,0.424
14321.001116655667,0.52,0.41600000000000004
14321.001380549073,0.536,0.432
14321.001644442478,0.52,0.41600000000000004
14321.001908335884,0.528,0.424
14321.00217222929,0.528,0.432
14321.002436122695,0.504,0.4
14321.0027000161,0.504,0.392
14321.002963909506,0.536,0.368
14321.003227802912,0.536,0.368
14321.003491696318,0.504,0.376
14321.003755589723,0.512,0.376
14321.004019483129,0.528,0.4
14321.004283376535,0.52,0.392
14321.00454726994,0.528,0.424
14321.004811163346,0.52,0.432
14321.005075056752,0.536,0.40800000000000003
14321.005338950157,0.52,0.424
14321.005602843563,0.536,0.40800000000000003
14321.005866736969,0.52,0.41600000000000004
14321.006130630374,0.528,0.376
14321.00639452378,0.512,0.384
14321.006658417185,0.528,0.34400000000000003
14321.006922310591,0.52,0.34400000000000003
14321.007186203997,0.536,0.28800000000000003
14321.007450097402,0.528,0.28800000000000003
14321.007713990808,0.504,0.14400000000000002
14321.007977884214,0.528,0.136
14321.00824177762,0.504,0.048
14321.008505671025,0.504,0.04
14321.00876956443,0.52,0.008
14321.009033457836,0.504,0.008
14321.009297351242,0.536,-0.008
14321.009561244648,0.52,-0.008
14321.009825138053,0.536,0.0
14321.010089031457,0.52,-0.008
14321.010352924863,0.536,0.0
14321.010616818268,0.52,0.0
14321.010880711674,0.536,-0.016
14321.01114460508,0.52,0.0
14321.011408498485,0.528,-0.016
14321.01167239189,0.52,0.0
14321.011936285297,0.528,-0.016
14321.012200178702,0.528,-0.008
14321.012464072108,0.504,0.0
14321.012727965513,0.52,-0.016
14321.01299185892,0.504,0.0
14321.013255752325,0.504,-0.016
14321.01351964573,0.512,0.0
14321.013783539136,0.504,0.0
14321.014047432542,0.528,-0.016
14321.014311325947,0.52,-0.016
14321.014575219353,0.536,0.0
14321.014839112759,0.528,0.0
14321.015103006164,0.504,-0.016
14321.01536689957,0.504,-0.016
14321.015630792976,0.512,0.0
14321.015894686381,0.504,0.0
14321.016158579787,0.52,-0.016
14321.016422473193,0.504,0.0
14321.016686366598,0.512,-0.016
14321.016950260004,0.504,0.0
14321.01721415341,0.52,-0.016
14321.017478046815,0.504,0.0
14321.01774194022,0.52,-0.016
14321.018005833626,0.504,0.0
14321.018269727032,0.52,-0.016
14321.018533620438,0.504,0.0
14321.018797513843,0.528,-0.016
14321.019061407249,0.528,-0.016
14321.019325300655,0.52,0.0
14321.01958919406,0.52,0.0
14321.019853087464,0.528,-0.016
14321.02011698087,0.512,0.0
14321.020380874275,0.528,-0.016
14321.020644767681,0.528,0.0
14321.020908661087,0.512,-0.016
14321.021172554492,0.528,0.0
14321.021436447898,0.504,-0.016
14321.021700341304,0.512,0.0
14321.02196423471,0.528,-0.016
14321.022228128115,0.52,-0.016
14321.02249202152,0.536,0.0
14321.022755914926,0.52,-0.016
14321.023019808332,0.536,0.0
14321.023283701737,0.52,-0.016
14321.023547595143,0.536,0.0
14321.023811488549,0.52,-0.016
14321.024075381954,0.536,0.0
14321.02433927536,0.52,-0.016
14321.024603168766,0.536,0.0
14321.024867062171,0.528,0.0
14321.025130955577,0.512,-0.016
14321.025394848983,0.504,0.0
14321.025658742388,0.528,-0.016
14321.025922635794,0.52,0.0
14321.0261865292,0.528,-0.016
14321.026450422605,0.52,-0.016
14321.02671431601,0.544,0.0
14321.026978209416,0.544,-0.016
14321.027242102822,0.52,0.0
14321.027505996228,0.52,-0.016
14321.027769889633,0.528,0.0
14321.028033783039,0.512,-0.016
14321.028297676445,0.528,0.0
14321.02856156985,0.52,0.0
14321.028825463256,0.528,-0.016
14321.029089356662,0.52,0.0
14321.029353250067,0.536,-0.016
14321.029617143473,0.52,-0.016
14321.029881036877,0.536,0.0
14321.030144930282,0.52,-0.016
14321.030408823688,0.544,0.0
14321.030672717094,0.536,-0.008
14321.0309366105,0.504,-0.016
14321.031200503905,0.496,0.0
14321.03146439731,0.528,-0.016
14321.031728290716,0.52,-0.016
14321.031992184122,0.536,0.0
14321.032256077528,0.52,-0.016
14321.032519970933,0.536,0.0
14321.032783864339,0.536,-0.016
14321.033047757744,0.52,0.0
14321.03331165115,0.528,0.0
14321.033575544556,0.512,-0.016
14321.033839437961,0.512,-0.016
14321.034103331367,0.536,-0.008
14321.034367224773,0.536,-0.016
14321.034631118178,0.512,0.0
14321.034895011584,0.52,-0.016
14321.03515890499,0.536,0.0
14321.035422798395,0.536,-0.016
14321.035686691801,0.512,-0.008
14321.035950585207,0.504,-0.016
14321.036214478612,0.536,0.0
14321.036478372018,0.536,-0.016
14321.036742265424,0.52,0.0
14321.03700615883,0.52,-0.016
14321.037270052235,0.536,0.0
14321.03753394564,0.536,-0.016
14321.037797839046,0.512,0.0
14321.038061732452,0.512,-0.016
14321.038325625857,0.528,0.0
14321.038589519263,0.52,-0.016
14321.038853412669,0.528,0.0
14321.039117306074,0.52,-0.008
14321.03938119948,0.536,-0.016
14321.039645092884,0.52,-0.016
14321.03990898629,0.536,0.0
14321.040172879695,0.528,0.0
14321.0404367731,0.512,-0.016
14321.040700666506,0.504,-0.008
14321.040964559912,0.536,-0.016
14321.041228453318,0.52,-0.016
14321.041492346723,0.536,0.0
14321.041756240129,0.536,-0.016
14321.042020133535,0.512,0.0
14321.04228402694,0.504,-0.016
14321.042547920346,0.528,0.0
14321.042811813752,0.52,-0.016
14321.043075707157,0.536,0.0
14321.043339600563,0.52,0.0
14321.043603493968,0.528,-0.016
14321.043867387374,0.528,-0.008
14321.04413128078,0.504,-0.016
14321.044395174185,0.504,-0.016
14321.044659067591,0.536,0.0
14321.044922960997,0.536,0.0
14321.045186854402,0.52,-0.016
14321.045450747808,0.52,-0.016
14321.045714641214,0.536,0.0
14321.04597853462,0.536,0.0
14321.046242428025,0.512,-0.016
14321.04650632143,0.52,-0.016
14321.046770214836,0.504,-0.008
14321.047034108242,0.504,-0.008
14321.047298001648,0.512,-0.016
14321.047561895053,0.504,0.0
14321.047825788459,0.528,-0.016
14321.048089681864,0.52,-0.016
14321.04835357527,0.536,0.0
14321.048617468676,0.528,-0.016
14321.048881362081,0.512,0.0
14321.049145255487,0.512,-0.016
14321.049409148893,0.528,-0.008
14321.049673042296,0.528,-0.016
14321.049936935702,0.512,0.0
14321.050200829108,0.52,-0.016
14321.050464722513,0.504,-0.008
14321.050728615919,0.512,-0.016
14321.050992509325,0.536,0.0
14321.05125640273,0.52,0.0
14321.051520296136,0.536,-0.016
14321.051784189542,0.512,-0.016
14321.052048082947,0.528,0.0
14321.052311976353,0.512,-0.008
14321.052575869759,0.528,-0.016
14321.052839763164,0.504,-0.016
14321.05310365657,0.512,-0.008
14321.053367549976,0.512,-0.016
14321.053631443381,0.528,0.0
14321.053895336787,0.504,-0.016
14321.054159230192,0.528,0.0
14321.054423123598,0.504,-0.016
14321.054687017004,0.52,0.0
14321.05495091041,0.512,-0.016
14321.055214803815,0.536,0.0
14321.05547869722,0.512,-0.008
14321.055742590626,0.528,-0.016
14321.056006484032,0.52,-0.016
14321.056270377438,0.536,0.0
14321.056534270843,0.528,-0.016
14321.056798164249,0.544,0.0
14321.057062057655,0.528,-0.016
14321.05732595106,0.504,0.0
14321.057589844466,0.504,-0.016
14321.057853737871,0.536,0.0
14321.058117631277,0.52,0.0
14321.058381524683,0.528,-0.016
14321.058645418088,0.536,-0.016
14321.058909311494,0.512,-0.008
14321.0591732049,0.512,-0.016
14321.059437098304,0.504,-0.008
14321.05970099171,0.52,-0.016
14321.059964885115,0.504,0.0
14321.06022877852,0.504,-0.008
14321.060492671926,0.52,-0.016
14321.060756565332,0.512,-0.016
14321.061020458737,0.536,-0.008
14321.061284352143,0.528,-0.016
14321.061548245549,0.504,0.0
14321.061812138954,0.504,-0.016
14321.06207603236,0.528,0.0
14321.062339925766,0.52,0.0
14321.062603819171,0.536,-0.016
14321.062867712577,0.52,-0.016
14321.063131605983,0.536,0.0
14321.063395499388,0.52,-0.016
14321.063659392794,0.504,0.0
14321.0639232862,0.504,-0.016
14321.064187179605,0.52,0.0
14321.06445107301,0.504,-0.016
14321.064714966416,0.52,0.0
14321.064978859822,0.504,-0.016
14321.065242753228,0.52,0.0
14321.065506646633,0.52,-0.016
14321.065770540039,0.528,-0.008
14321.066034433445,0.52,-0.016
14321.06629832685,0.528,0.0
14321.066562220256,0.536,0.0
14321.066826113662,0.504,-0.016
14321.067090007067,0.504,-0.016
14321.067353900473,0.52,0.0
14321.067617793879,0.504,-0.016
14321.067881687284,0.52,0.0
14321.06814558069,0.52,-0.016
14321.068409474095,0.504,-0.008
14321.068673367501,0.504,-0.016
14321.068937260907,0.52,0.0
14321.069201154312,0.504,-0.016
14321.069465047716,0.512,0.0
14321.069728941122,0.504,-0.016
14321.069992834528,0.52,0.0
14321.070256727933,0.504,-0.016
14321.070520621339,0.528,-0.008
14321.070784514744,0.52,-0.008
14321.07104840815,0.528,-0.016
14321.071312301556,0.512,-0.016
14321.071576194961,0.536,0.0
14321.071840088367,0.528,-0.008
14321.072103981773,0.504,-0.016
14321.072367875178,0.504,-0.016
14321.072631768584,0.528,0.0
14321.07289566199,0.528,-0.008
14321.073159555395,0.504,0.024
14321.0734234488,0.504,0.024
14321.073687342207,0.512,0.14400000000000002
14321.073951235612,0.504,0.14400000000000002
14321.074215129018,0.536,0.272
14321.074479022423,0.52,0.28
14321.07474291583,0.536,0.34400000000000003
14321.075006809235,0.52,0.336
14321.07527070264,0.536,0.36
14321.075534596046,0.512,0.36
14321.075798489452,0.52,0.368
14321.076062382857,0.512,0.368
14321.076326276263,0.528,0.36
14321.076590169669,0.512,0.368
14321.076854063074,0.536,0.368
14321.07711795648,0.536,0.368
14321.077381849886,0.504,0.368
14321.077645743291,0.504,0.368
14321.077909636697,0.528,0.368
14321.078173530103,0.504,0.368
14321.078437423508,0.52,0.384
14321.078701316914,0.504,0.376
14321.07896521032,0.52,0.4
14321.079229103723,0.504,0.40800000000000003
14321.079492997129,0.528,0.424
14321.079756890535,0.52,0.40800000000000003
14321.08002078394,0.504,0.432
14321.080284677346,0.512,0.41600000000000004
14321.080548570751,0.536,0.432
14321.080812464157,0.52,0.424
14321.081076357563,0.536,0.384
14321.081340250968,0.52,0.392
14321.081604144374,0.528,0.368
14321.08186803778,0.528,0.368
14321.082131931185,0.512,0.376
14321.082395824591,0.528,0.368
14321.082659717997,0.512,0.41600000000000004
14321.082923611402,0.512,0.41600000000000004
14321.083187504808,0.528,0.376
14321.083451398214,0.512,0.376
14321.08371529162,0.528,0.392
14321.083979185025,0.528,0.384
14321.08424307843,0.504,0.40800000000000003
14321.084506971836,0.504,0.4
14321.084770865242,0.52,0.376
14321.085034758647,0.512,0.384
14321.085298652053,0.528,0.368
14321.085562545459,0.52,0.368
14321.085826438864,0.536,0.368
14321.08609033227,0.52,0.368
14321.086354225676,0.512,0.4
14321.086618119081,0.512,0.4
14321.086882012487,0.52,0.424
14321.087145905893,0.52,0.432
14321.087409799298,0.504,0.41600000000000004
14321.087673692704,0.504,0.41600000000000004
14321.08793758611,0.512,0.392
14321.088201479515,0.512,0.40800000000000003
14321.08846537292,0.528,0.376
14321.088729266326,0.52,0.368
14321.088993159732,0.504,0.384
14321.089257053136,0.512,0.376
14321.089520946542,0.528,0.41600000000000004
14321.089784839947,0.52,0.40800000000000003
14321.090048733353,0.536,0.424
14321.090312626759,0.536,0.424
14321.090576520164,0.52,0.384
14321.09084041357,0.52,0.376
14321.091104306975,0.536,0.368
14321.091368200381,0.536,0.368
14321.091632093787,0.512,0.376
14321.091895987192,0.528,0.368
14321.092159880598,0.504,0.40800000000000003
14321.092423774004,0.512,0.4
14321.09268766741,0.528,0.424
14321.092951560815,0.52,0.41600000000000004
14321.09321545422,0.528,0.40800000000000003
14321.093479347626,0.528,0.40800000000000003
14321.093743241032,0.504,0.424
14321.094007134438,0.504,0.424
14321.094271027843,0.52,0.40800000000000003
14321.094534921249,0.504,0.41600000000000004
14321.094798814654,0.52,0.424
14321.09506270806,0.504,0.41600000000000004
14321.095326601466,0.52,0.424
14321.095590494871,0.512,0.424
14321.095854388277,0.528,0.4
14321.096118281683,0.512,0.392
14321.096382175088,0.504,0.376
14321.096646068494,0.512,0.384
14321.0969099619,0.504,0.392
14321.097173855305,0.504,0.392
14321.097437748711,0.536,0.368
14321.097701642117,0.52,0.368
14321.097965535522,0.544,0.36
14321.098229428928,0.52,0.368
14321.098493322334,0.536,0.40800000000000003
14321.09875721574,0.536,0.40800000000000003
14321.099021109143,0.52,0.41600000000000004
14321.099285002549,0.528,0.40800000000000003
14321.099548895954,0.52,0.424
14321.09981278936,0.528,0.424
14321.100076682766,0.544,0.40800000000000003
14321.100340576171,0.528,0.40800000000000003
14321.100604469577,0.544,0.424
14321.100868362983,0.536,0.424
14321.101132256388,0.528,0.376
14321.101396149794,0.528,0.376
14321.1016600432,0.536,0.40800000000000003
14321.101923936605,0.528,0.40800000000000003
14321.10218783001,0.536,0.376
14321.102451723416,0.528,0.376
14321.102715616822,0.536,0.368
14321.102979510228,0.528,0.368
14321.103243403633,0.536,0.376
14321.103507297039,0.528,0.376
14321.103771190445,0.544,0.41600000000000004
14321.10403508385,0.52,0.40800000000000003
14321.104298977256,0.544,0.424
14321.104562870662,0.528,0.384
14321.104826764067,0.544,0.424
14321.105090657473,0.528,0.424
14321.105354550878,0.536,0.392
14321.105618444284,0.528,0.384
14321.10588233769,0.544,0.424
14321.106146231095,0.528,0.40800000000000003
14321.106410124501,0.544,0.432
14321.106674017907,0.528,0.41600000000000004
14321.106937911312,0.544,0.424
14321.107201804718,0.528,0.424
14321.107465698124,0.544,0.41600000000000004
14321.10772959153,0.528,0.432
14321.107993484935,0.536,0.40800000000000003
14321.10825737834,0.528,0.432
14321.108521271746,0.544,0.4
14321.108785165152,0.528,0.40800000000000003
14321.109049058556,0.544,0.376
14321.109312951961,0.544,0.376
14321.109576845367,0.52,0.392
14321.109840738773,0.52,0.384
14321.110104632178,0.544,0.424
14321.110368525584,0.536,0.41600000000000004
14321.11063241899,0.52,0.392
14321.110896312395,0.52,0.4
14321.1111602058,0.536,0.424
14321.111424099206,0.52,0.40800000000000003
14321.111687992612,0.528,0.376
14321.111951886018,0.512,0.376
14321.112215779423,0.536,0.40800000000000003
14321.112479672829,0.536,0.4
14321.112743566235,0.52,0.41600000000000004
14321.11300745964,0.528,0.40800000000000003
14321.113271353046,0.512,0.424
14321.113535246452,0.504,0.424
14321.113799139857,0.536,0.41600000000000004
14321.114063033263,0.52,0.41600000000000004
14321.114326926669,0.544,0.392
14321.114590820074,0.512,0.392
14321.11485471348,0.536,0.376
14321.115118606886,0.52,0.392
14321.115382500291,0.528,0.4
14321.115646393697,0.52,0.392
14321.115910287102,0.536,0.376
14321.116174180508,0.528,0.368
14321.116438073914,0.512,0.376
14321.11670196732,0.512,0.368
14321.116965860725,0.528,0.376
14321.11722975413,0.512,0.376
14321.117493647536,0.536,0.4
14321.117757540942,0.52,0.4
14321.118021434348,0.536,0.424
14321.118285327753,0.512,0.41600000000000004
14321.118549221159,0.536,0.432
14321.118813114563,0.52,0.424
14321.119077007968,0.504,0.392
14321.119340901374,0.512,0.392
14321.11960479478,0.528,0.368
14321.119868688185,0.528,0.368
14321.120132581591,0.504,0.392
14321.120396474997,0.52,0.392
14321.120660368402,0.536,0.424
14321.120924261808,0.52,0.40800000000000003
14321.121188155214,0.528,0.424
14321.12145204862,0.52,0.384
14321.121715942025,0.504,0.41600000000000004
14321.12197983543,0.52,0.424
14321.122243728836,0.536,0.40800000000000003
14321.122507622242,0.528,0.424
14321.122771515647,0.544,0.4
14321.123035409053,0.528,0.4
14321.123299302459,0.544,0.368
14321.123563195864,0.528,0.376
14321.12382708927,0.544,0.36
14321.124090982676,0.528,0.368
14321.124354876081,0.544,0.4
14321.124618769487,0.544,0.376
14321.124882662893,0.528,0.40800000000000003
14321.125146556298,0.544,0.4
14321.125410449704,0.52,0.432
14321.12567434311,0.528,0.424
14321.125938236515,0.544,0.40800000000000003
14321.12620212992,0.528,0.40800000000000003
14321.126466023326,0.544,0.392
14321.126729916732,0.528,0.40800000000000003
14321.126993810138,0.544,0.432
14321.127257703543,0.528,0.40800000000000003
14321.127521596949,0.536,0.424
14321.127785490355,0.536,0.40800000000000003
14321.12804938376,0.52,0.368
14321.128313277166,0.536,0.368
14321.128577170572,0.512,0.392
14321.128841063975,0.512,0.4
14321.129104957381,0.528,0.376
14321.129368850787,0.512,0.368
14321.129632744192,0.52,0.376
14321.129896637598,0.528,0.368
14321.130160531004,0.512,0.368
14321.13042442441,0.52,0.368
14321.130688317815,0.536,0.368
14321.13095221122,0.536,0.368
14321.131216104626,0.512,0.368
14321.131479998032,0.504,0.368
14321.131743891438,0.52,0.368
14321.132007784843,0.512,0.368
14321.132271678249,0.528,0.368
14321.132535571654,0.52,0.368
14321.13279946506,0.504,0.368
14321.133063358466,0.504,0.36
14321.133327251871,0.528,0.376
14321.133591145277,0.504,0.368
14321.133855038683,0.528,0.368
14321.134118932088,0.504,0.368
14321.134382825494,0.52,0.376
14321.1346467189,0.504,0.368
14321.134910612305,0.52,0.368
14321.13517450571,0.52,0.368
14321.135438399117,0.504,0.368
14321.135702292522,0.504,0.368
14321.135966185928,0.528,0.376
14321.136230079333,0.512,0.368
14321.13649397274,0.528,0.368
14321.136757866145,0.512,0.368
14321.13702175955,0.536,0.368
14321.137285652956,0.528,0.368
14321.137549546362,0.504,0.384
14321.137813439767,0.504,0.384
14321.138077333173,0.528,0.392
14321.138341226579,0.528,0.376
14321.138605119982,0.512,0.392
14321.138869013388,0.504,0.376
14321.139132906794,0.536,0.304
14321.1393968002,0.52,0.296
14321.139660693605,0.536,0.152
14321.13992458701,0.528,0.14400000000000002
14321.140188480416,0.504,0.04
14321.140452373822,0.512,0.04
14321.140716267228,0.536,0.0
14321.140980160633,0.536,0.008
14321.141244054039,0.504,-0.008
14321.141507947445,0.504,0.0
14321.14177184085,0.536,-0.016
14321.142035734256,0.528,-0.016
14321.142299627661,0.52,0.0
14321.142563521067,0.528,-0.008
14321.142827414473,0.512,0.0
14321.143091307878,0.52,0.0
14321.143355201284,0.504,-0.016
14321.14361909469,0.512,0.0
14321.143882988095,0.536,-0.016
14321.144146881501,0.544,0.0
14321.144410774907,0.512,-0.016
14321.144674668312,0.504,0.0
14321.144938561718,0.52,-0.016
14321.145202455124,0.512,0.0
14321.14546634853,0.536,-0.016
14321.145730241935,0.536,0.0
14321.14599413534,0.512,-0.016
14321.146258028746,0.512,0.0
14321.146521922152,0.528,-0.016
14321.146785815557,0.512,0.0
14321.147049708963,0.52,-0.016
14321.147313602369,0.504,-0.016
14321.147577495774,0.52,0.0
14321.14784138918,0.512,-0.016
14321.148105282586,0.528,0.0
14321.148369175991,0.52,0.0
14321.148633069395,0.528,-0.016
14321.1488969628,0.528,0.0
14321.149160856206,0.512,-0.016
14321.149424749612,0.512,0.0
14321.149688643018,0.536,-0.016
14321.149952536423,0.52,-0.016
14321.150216429829,0.544,0.0
14321.150480323235,0.536,0.0
14321.15074421664,0.528,-0.016
14321.151008110046,0.52,0.0
14321.151272003452,0.536,-0.016
14321.151535896857,0.544,-0.016
14321.151799790263,0.52,0.0
14321.152063683669,0.544,0.0
14321.152327577074,0.528,-0.016
14321.15259147048,0.528,0.0
14321.152855363885,0.536,-0.016
14321.153119257291,0.528,-0.016
14321.153383150697,0.544,0.0
14321.153647044102,0.528,0.0
14321.153910937508,0.536,-0.016
14321.154174830914,0.528,-0.016
14321.15443872432,0.544,0.0
14321.154702617725,0.528,-0.016
14321.15496651113,0.544,0.0
14321.155230404536,0.528,-0.016
14321.155494297942,0.544,0.0
14321.155758191348,0.528,0.0
14321.156022084753,0.544,-0.016
14321.156285978159,0.528,0.0
14321.156549871564,0.536,-0.016
14321.15681376497,0.536,0.0
14321.157077658376,0.52,-0.016
14321.157341551781,0.528,0.0
14321.157605445187,0.544,-0.016
14321.157869338593,0.528,-0.016
14321.158133231998,0.544,-0.008
14321.158397125402,0.528,-0.016
14321.158661018808,0.544,0.0
14321.158924912213,0.528,-0.016
14321.15918880562,0.544,0.0
14321.159452699025,0.528,-0.016
14321.15971659243,0.544,0.0
14321.159980485836,0.528,0.0
14321.160244379242,0.544,-0.016
14321.160508272647,0.528,0.0
14321.160772166053,0.544,-0.016
14321.161036059459,0.528,-0.016
14321.161299952864,0.544,0.0
14321.16156384627,0.528,-0.016
14321.161827739676,0.544,0.0
14321.162091633081,0.528,-0.016
14321.162355526487,0.544,0.0
14321.162619419893,0.544,-0.016
14321.162883313298,0.528,0.0
14321.163147206704,0.528,0.0
14321.16341110011,0.544,-0.016
14321.163674993515,0.528,0.0
14321.16393888692,0.544,-0.016
14321.164202780326,0.544,0.0
14321.164466673732,0.528,-0.016
14321.164730567138,0.528,0.0
14321.164994460543,0.544,-0.016
14321.165258353949,0.528,-0.016
14321.165522247355,0.536,0.0
14321.16578614076,0.528,-0.016
14321.166050034166,0.536,-0.008
14321.166313927572,0.528,-0.016
14321.166577820977,0.544,0.0
14321.166841714383,0.528,0.0
14321.167105607788,0.544,-0.016
14321.167369501194,0.528,0.0
14321.1676333946,0.544,-0.016
14321.167897288005,0.528,-0.016
14321.168161181411,0.544,0.0
14321.168425074815,0.528,-0.016
14321.16868896822,0.544,0.0
14321.168952861626,0.528,-0.016
14321.169216755032,0.544,-0.008
14321.169480648437,0.528,-0.016
14321.169744541843,0.544,0.0
14321.170008435249,0.528,-0.016
14321.170272328654,0.544,0.0
14321.17053622206,0.528,-0.016
14321.170800115466,0.544,0.0
14321.171064008871,0.528,-0.016
14321.171327902277,0.544,0.0
14321.171591795683,0.544,-0.016
14321.171855689088,0.528,0.0
14321.172119582494,0.52,-0.016
14321.1723834759,0.536,0.0
14321.172647369305,0.52,-0.008
14321.17291126271,0.504,-0.016
14321.173175156116,0.512,-0.016
14321.173439049522,0.536,0.0
14321.173702942928,0.52,-0.016
14321.173966836333,0.544,0.0
14321.174230729739,0.528,-0.016
14321.174494623145,0.512,-0.008
14321.17475851655,0.512,-0.008
14321.175022409956,0.52,-0.016
14321.175286303362,0.512,0.0
14321.175550196767,0.52,-0.016
14321.175814090173,0.512,0.0
14321.176077983579,0.528,-0.016
14321.176341876984,0.52,-0.016
14321.17660577039,0.536,-0.008
14321.176869663796,0.52,-0.016
14321.177133557201,0.536,0.0
14321.177397450607,0.52,-0.016
14321.177661344012,0.528,-0.008
14321.177925237418,0.52,-0.016
14321.178189130822,0.504,-0.008
14321.178453024228,0.504,-0.016
14321.178716917633,0.528,-0.008
14321.178980811039,0.52,-0.008
14321.179244704444,0.536,-0.016
14321.17950859785,0.528,-0.016
14321.179772491256,0.504,-0.008
14321.180036384661,0.512,-0.016
14321.180300278067,0.528,0.0
14321.180564171473,0.512,-0.016
14321.180828064878,0.52,0.0
14321.181091958284,0.536,-0.016
14321.18135585169,0.512,0.0
14321.181619745095,0.512,-0.016
14321.181883638501,0.528,0.0
14321.182147531907,0.52,-0.016
14321.182411425312,0.544,-0.008
14321.182675318718,0.536,-0.016
14321.182939212124,0.52,0.0
14321.18320310553,0.536,-0.016
14321.183466998935,0.512,0.0
14321.18373089234,0.512,-0.016
14321.183994785746,0.528,0.0
14321.184258679152,0.528,-0.016
14321.184522572557,0.512,0.0
14321.184786465963,0.512,-0.016
14321.185050359369,0.528,-0.008
14321.185314252774,0.504,-0.016
14321.18557814618,0.512,0.0
14321.185842039586,0.504,-0.016
14321.186105932991,0.536,0.0
14321.186369826397,0.52,-0.016
14321.186633719803,0.536,-0.008
14321.186897613208,0.512,-0.016
14321.187161506614,0.528,-0.008
14321.18742540002,0.512,-0.016
14321.187689293425,0.52,-0.008
14321.18795318683,0.504,-0.008
14321.188217080235,0.528,-0.016
14321.18848097364,0.52,-0.016
14321.188744867046,0.536,0.0
14321.189008760452,0.512,-0.016
14321.189272653857,0.536,0.0
14321.189536547263,0.52,-0.016
14321.189800440668,0.536,0.0
14321.190064334074,0.528,-0.016
14321.19032822748,0.512,0.0
14321.190592120885,0.52,-0.008
14321.190856014291,0.536,-0.016
14321.191119907697,0.536,-0.016
14321.191383801102,0.52,0.0
14321.191647694508,0.528,0.0
14321.191911587914,0.512,-0.016
14321.19217548132,0.512,-0.016
14321.192439374725,0.504,-0.008
14321.19270326813,0.504,-0.016
14321.192967161536,0.528,0.0
14321.193231054942,0.536,-0.016
14321.193494948348,0.512,0.0
14321.193758841753,0.496,0.0
14321.194022735159,0.52,-0.016
14321.194286628564,0.504,0.0
14321.19455052197,0.52,-0.016
14321.194814415376,0.504,-0.008
14321.195078308781,0.52,-0.016
14321.195342202187,0.512,-0.008
14321.195606095593,0.536,-0.016
14321.195869988998,0.52,-0.016
14321.196133882404,0.536,-0.008
14321.19639777581,0.52,-0.016
14321.196661669215,0.528,0.0
14321.19692556262,0.512,-0.008
14321.197189456027,0.528,-0.016
14321.197453349432,0.504,-0.008
14321.197717242838,0.512,-0.016
14321.197981136242,0.504,-0.016
14321.198245029647,0.528,-0.008
14321.198508923053,0.536,-0.016
14321.198772816459,0.52,0.0
14321.199036709864,0.52,-0.008
14321.19930060327,0.536,-0.016
14321.199564496676,0.52,0.0
14321.199828390081,0.536,-0.016
14321.200092283487,0.52,-0.016
14321.200356176892,0.536,-0.008
14321.200620070298,0.536,-0.008
14321.200883963704,0.512,-0.016
14321.20114785711,0.528,-0.016
14321.201411750515,0.504,0.0
14321.20167564392,0.504,-0.016
14321.201939537326,0.52,0.0
14321.202203430732,0.512,-0.016
14321.202467324138,0.536,0.0
14321.202731217543,0.52,-0.016
14321.202995110949,0.536,0.0
14321.203259004355,0.52,-0.016
14321.20352289776,0.536,0.0
14321.203786791166,0.504,-0.016
14321.204050684571,0.528,0.0
14321.204314577977,0.536,-0.016
14321.204578471383,0.52,0.0
14321.204842364788,0.528,-0.008
14321.205106258194,0.536,0.032
14321.2053701516,0.528,0.04
14321.205634045005,0.544,0.16
14321.205897938411,0.544,0.168
14321.206161831817,0.52,0.296
14321.206425725222,0.528,0.304
14321.206689618628,0.536,0.36
14321.206953512034,0.528,0.36
14321.20721740544,0.536,0.4
14321.207481298845,0.528,0.392
14321.20774519225,0.544,0.41600000000000004
14321.208009085654,0.528,0.41600000000000004
14321.20827297906,0.544,0.432
14321.208536872466,0.528,0.424
14321.208800765871,0.536,0.41600000000000004
14321.209064659277,0.528,0.424
14321.209328552683,0.544,0.376
14321.209592446088,0.52,0.376
14321.209856339494,0.528,0.36
14321.2101202329,0.528,0.376
14321.210384126305,0.504,0.368
14321.21064801971,0.512,0.368
14321.210911913116,0.536,0.392
14321.211175806522,0.504,0.392
14321.211439699928,0.528,0.424
14321.211703593333,0.52,0.424
14321.211967486739,0.536,0.41600000000000004
14321.212231380145,0.528,0.41600000000000004
14321.21249527355,0.504,0.432
14321.212759166956,0.512,0.432
14321.213023060362,0.52,0.41600000000000004
14321.213286953767,0.512,0.41600000000000004
14321.213550847173,0.536,0.424
14321.213814740579,0.536,0.41600000000000004
14321.214078633984,0.52,0.424
14321.21434252739,0.52,0.40800000000000003
14321.214606420795,0.536,0.376
14321.214870314201,0.52,0.376
14321.215134207607,0.536,0.368
14321.215398101012,0.52,0.368
14321.215661994418,0.504,0.368
14321.215925887824,0.504,0.368
14321.21618978123,0.528,0.4
14321.216453674635,0.512,0.4
14321.21671756804,0.52,0.424
14321.216981461446,0.504,0.41600000000000004
14321.217245354852,0.512,0.368
14321.217509248258,0.504,0.376
14321.217773141661,0.528,0.368
14321.218037035067,0.52,0.376
14321.218300928473,0.528,0.4
14321.218564821878,0.52,0.384
14321.218828715284,0.536,0.41600000000000004
14321.21909260869,0.536,0.40800000000000003
14321.219356502095,0.504,0.424
14321.2196203955,0.52,0.424
14321.219884288907,0.504,0.40800000000000003
14321.220148182312,0.504,0.4
14321.220412075718,0.536,0.368
14321.220675969123,0.52,0.368
14321.22093986253,0.536,0.376
14321.221203755935,0.52,0.368
14321.22146764934,0.528,0.36
14321.221731542746,0.52,0.368
14321.221995436152,0.504,0.392
14321.222259329557,0.504,0.384
14321.222523222963,0.52,0.41600000000000004
14321.222787116369,0.52,0.40800000000000003
14321.223051009774,0.504,0.41600000000000004
14321.22331490318,0.504,0.41600000000000004
14321.223578796586,0.528,0.424
14321.223842689991,0.52,0.40800000000000003
14321.224106583397,0.536,0.424
14321.224370476803,0.52,0.424
14321.224634370208,0.528,0.41600000000000004
14321.224898263614,0.528,0.41600000000000004
14321.22516215702,0.504,0.424
14321.225426050425,0.52,0.41600000000000004
14321.22568994383,0.504,0.432
14321.225953837236,0.504,0.424
14321.226217730642,0.52,0.376
14321.226481624048,0.512,0.376
14321.226745517453,0.528,0.368
14321.227009410859,0.52,0.368
14321.227273304265,0.504,0.384
14321.22753719767,0.52,0.392
14321.227801091074,0.504,0.41600000000000004
14321.22806498448,0.512,0.40800000000000003
14321.228328877885,0.52,0.432
14321.228592771291,0.504,0.432
14321.228856664697,0.52,0.40800000000000003
14321.229120558102,0.504,0.41600000000000004
14321.229384451508,0.52,0.376
14321.229648344914,0.504,0.376
14321.22991223832,0.52,0.368
14321.230176131725,0.504,0.376
14321.23044002513,0.52,0.392
14321.230703918536,0.52,0.392
14321.230967811942,0.504,0.41600000000000004
14321.231231705347,0.512,0.4
14321.231495598753,0.504,0.376
14321.231759492159,0.504,0.376
14321.232023385564,0.512,0.368
14321.23228727897,0.504,0.376
14321.232551172376,0.512,0.36
14321.232815065781,0.504,0.368
14321.233078959187,0.512,0.41600000000000004
14321.233342852593,0.504,0.40800000000000003
14321.233606745998,0.52,0.424
14321.233870639404,0.52,0.41600000000000004
14321.23413453281,0.504,0.432
14321.234398426215,0.504,0.432
14321.23466231962,0.52,0.384
14321.234926213026,0.512,0.376
14321.235190106432,0.504,0.40800000000000003
14321.235453999838,0.504,0.40800000000000003
14321.235717893243,0.52,0.376
14321.235981786649,0.504,0.376
14321.236245680055,0.528,0.368
14321.23650957346,0.504,0.376
14321.236773466866,0.52,0.40800000000000003
14321.237037360272,0.512,0.4
14321.237301253677,0.528,0.368
14321.237565147081,0.512,0.368
14321.237829040487,0.536,0.368
14321.238092933892,0.528,0.368
14321.238356827298,0.512,0.376
14321.238620720704,0.512,0.368
14321.23888461411,0.528,0.40800000000000003
14321.239148507515,0.528,0.40800000000000003
14321.23941240092,0.504,0.424
14321.239676294326,0.512,0.40800000000000003
14321.239940187732,0.528,0.376
14321.240204081138,0.536,0.368
14321.240467974543,0.512,0.384
14321.240731867949,0.512,0.384
14321.240995761354,0.528,0.41600000000000004
14321.24125965476,0.52,0.41600000000000004
14321.241523548166,0.504,0.376
14321.241787441571,0.504,0.368
14321.242051334977,0.528,0.376
14321.242315228383,0.512,0.368
14321.242579121788,0.528,0.368
14321.242843015194,0.512,0.376
14321.2431069086,0.528,0.41600000000000004
14321.243370802005,0.496,0.424
14321.243634695411,0.528,0.40800000000000003
14321.243898588817,0.52,0.40800000000000003
14321.244162482222,0.536,0.392
14321.244426375628,0.52,0.392
14321.244690269034,0.536,0.424
14321.24495416244,0.528,0.41600000000000004
14321.245218055845,0.52,0.424
14321.24548194925,0.52,0.41600000000000004
14321.245745842656,0.536,0.432
14321.246009736062,0.528,0.432
14321.246273629467,0.512,0.41600000000000004
14321.246537522873,0.512,0.424
14321.246801416279,0.536,0.41600000000000004
14321.247065309684,0.536,0.432
14321.24732920309,0.504,0.41600000000000004
14321.247593096494,0.504,0.432
14321.2478569899,0.528,0.4
14321.248120883305,0.52,0.392
14321.24838477671,0.536,0.376
14321.248648670116,0.528,0.368
14321.248912563522,0.504,0.392
14321.249176456928,0.504,0.376
14321.249440350333,0.52,0.392
14321.249704243739,0.504,0.392
14321.249968137145,0.528,0.40800000000000003
14321.25023203055,0.512,0.392
14321.250495923956,0.528,0.368
14321.250759817362,0.536,0.368
14321.251023710767,0.512,0.368
14321.251287604173,0.512,0.36
14321.251551497578,0.52,0.368
14321.251815390984,0.504,0.368
14321.25207928439,0.528,0.4
14321.256311893463,0.528,-0.016
14321.256558056077,0.504,-0.008
14321.25680421869,0.504,-0.016
14321.257050381302,0.52,0.0
14321.257296543916,0.52,-0.016
14321.25754270653,0.504,0.0
14321.257788869143,0.504,-0.016
14321.258035031757,0.528,0.0
14321.258281194368,0.512,-0.016
14321.258527356982,0.528,0.0
14321.258773519596,0.52,0.0
14321.25901968221,0.504,-0.016
14321.259265844821,0.504,-0.016
14321.259512007435,0.52,0.0
14321.259758170048,0.512,-0.016
14321.260004332662,0.528,0.0
14321.260250495276,0.52,0.0
14321.260496657887,0.504,-0.016
14321.260742820501,0.504,0.0
14321.260988983115,0.512,-0.016
14321.261235145728,0.504,-0.008
14321.261481308342,0.52,0.024
14321.261727470954,0.512,0.032
14321.261973633567,0.504,0.136
14321.262219796181,0.512,0.136
14321.262465958795,0.528,0.272
14321.262712121406,0.528,0.28
14321.26295828402,0.512,0.34400000000000003
14321.263204446634,0.528,0.352
14321.263450609247,0.504,0.376
14321.26369677186,0.52,0.376
14321.263942934473,0.536,0.376
14321.264189097086,0.52,0.376
14321.2644352597,0.536,0.376
14321.264681422314,0.528,0.376
14321.264927584927,0.52,0.384
14321.265173747539,0.536,0.376
14321.265419910153,0.52,0.384
14321.265666072766,0.52,0.376
14321.26591223538,0.536,0.384
14321.266158397992,0.52,0.384
14321.266404560605,0.536,0.376
14321.266650723219,0.52,0.376
14321.266896885832,0.544,0.392
14321.267143048446,0.528,0.376
14321.267389211058,0.544,0.384
14321.267635373672,0.544,0.376
14321.267881536285,0.52,0.392
14321.268127698899,0.52,0.384
14321.268373861512,0.536,0.376
14321.268620024124,0.528,0.376
14321.268866186738,0.52,0.384
14321.269112349351,0.52,0.376
14321.269358511965,0.536,0.392
14321.269604674577,0.52,0.376
14321.26985083719,0.536,0.384
14321.270096999804,0.52,0.376
14321.270343162418,0.528,0.384
14321.270589325031,0.528,0.384
14321.270835487643,0.512,0.376
14321.271081650257,0.52,0.376
14321.27132781287,0.504,0.376
14321.271573975484,0.504,0.376
14321.271820138098,0.52,0.392
14321.27206630071,0.52,0.376
14321.272312463323,0.512,0.392
14321.272558625937,0.512,0.376
14321.27280478855,0.504,0.376
14321.273050951162,0.504,0.384
14321.273297113776,0.52,0.376
14321.27354327639,0.504,0.376
14321.273789439003,0.512,0.384
14321.274035601617,0.504,0.376
14321.274281764228,0.52,0.384
14321.274527926842,0.512,0.376
14321.274774089456,0.528,0.384
14321.27502025207,0.52,0.376
14321.275266414683,0.528,0.384
14321.275512577295,0.512,0.376
14321.275758739908,0.536,0.376
14321.276004902522,0.528,0.384
14321.276251065136,0.512,0.376
14321.27649722775,0.528,0.376
14321.276743390361,0.52,0.392
14321.276989552975,0.528,0.384
14321.277235715588,0.496,0.376
14321.277481878202,0.496,0.384
14321.277728040814,0.536,0.392
14321.277974203427,0.536,0.384
14321.27822036604,0.52,0.41600000000000004
14321.278466528654,0.52,0.41600000000000004
14321.278712691268,0.536,0.44
14321.27895885388,0.536,0.432
14321.279205016494,0.52,0.448
14321.279451179107,0.528,0.432
14321.27969734172,0.536,0.44
14321.279943504334,0.536,0.424
14321.280189666946,0.52,0.44
14321.28043582956,0.52,0.432
14321.280681992173,0.536,0.44
14321.280928154787,0.528,0.44
14321.281174317399,0.544,0.41600000000000004
14321.281420480012,0.528,0.432
14321.281666642626,0.52,0.384
14321.28191280524,0.536,0.384
14321.282158967853,0.52,0.376
14321.282405130465,0.544,0.384
14321.282651293079,0.52,0.376
14321.282897455692,0.536,0.376
14321.283143618306,0.52,0.392
14321.28338978092,0.528,0.384
14321.283635943531,0.544,0.41600000000000004
14321.283882106145,0.528,0.40800000000000003
14321.284128268759,0.544,0.432
14321.284374431372,0.528,0.432
14321.284620593984,0.544,0.384
14321.284866756598,0.528,0.384
14321.285112919211,0.544,0.40800000000000003
14321.285359081825,0.52,0.40800000000000003
14321.285605244439,0.544,0.432
14321.28585140705,0.528,0.432
14321.286097569664,0.536,0.392
14321.286343732278,0.528,0.392
14321.286589894891,0.536,0.4
14321.286836057505,0.528,0.4
14321.287082220117,0.536,0.432
14321.28732838273,0.528,0.424
14321.287574545344,0.544,0.44
14321.287820707958,0.528,0.424
14321.28806687057,0.536,0.44
14321.288313033183,0.528,0.432
14321.288559195797,0.544,0.384
14321.28880535841,0.528,0.384
14321.289051521024,0.544,0.376
14321.289297683636,0.528,0.384
14321.28954384625,0.536,0.376
14321.289790008863,0.528,0.384
14321.290036171476,0.52,0.40800000000000003
14321.29028233409,0.52,0.41600000000000004
14321.290528496702,0.544,0.44
14321.290774659316,0.512,0.44
14321.29102082193,0.536,0.392
14321.291266984543,0.528,0.392
14321.291513147155,0.536,0.376
14321.291759309768,0.528,0.384
14321.292005472382,0.544,0.424
14321.292251634995,0.528,0.41600000000000004
14321.292497797609,0.544,0.432
14321.29274396022,0.528,0.432
14321.292990122834,0.536,0.44
14321.293236285448,0.528,0.44
14321.293482448062,0.536,0.424
14321.293728610675,0.528,0.44
14321.293974773287,0.536,0.424
14321.2942209359,0.528,0.44
14321.294467098514,0.544,0.41600000000000004
14321.294713261128,0.528,0.432
14321.294959423742,0.544,0.392
14321.295205586353,0.528,0.40800000000000003
14321.295451748967,0.544,0.44
14321.29569791158,0.528,0.432
14321.295944074194,0.544,0.44
14321.296190236806,0.544,0.432
14321.29643639942,0.528,0.44
14321.296682562033,0.528,0.44
14321.296928724647,0.536,0.4
14321.29717488726,0.528,0.4
14321.297421049872,0.544,0.376
14321.297667212486,0.544,0.376
14321.2979133751,0.528,0.40800000000000003
14321.298159537713,0.528,0.40800000000000003
14321.298405700327,0.544,0.44
14321.298651862939,0.528,0.432
14321.298898025552,0.536,0.44
14321.299144188166,0.528,0.44
14321.29939035078,0.544,0.384
14321.299636513391,0.528,0.384
14321.299882676005,0.544,0.392
14321.300128838619,0.528,0.392
14321.300375001232,0.544,0.424
14321.300621163846,0.528,0.432
14321.300867326458,0.544,0.41600000000000004
14321.301113489071,0.528,0.392
14321.301359651685,0.536,0.41600000000000004
14321.301605814298,0.544,0.40800000000000003
14321.301851976912,0.52,0.424
14321.302098139524,0.528,0.41600000000000004
14321.302344302137,0.52,0.384
14321.302590464751,0.52,0.384
14321.302836627365,0.536,0.4
14321.303082789977,0.528,0.392
14321.30332895259,0.504,0.44
14321.303575115204,0.504,0.44
14321.303821277817,0.536,0.432
14321.304067440431,0.52,0.44
14321.304313603043,0.536,0.384
14321.304559765656,0.52,0.384
14321.30480592827,0.544,0.424
14321.305052090884,0.528,0.432
14321.305298253497,0.504,0.41600000000000004
14321.30554441611,0.52,0.424
14321.305790578723,0.504,0.44
14321.306036741336,0.504,0.432
14321.30628290395,0.52,0.44
14321.306529066562,0.512,0.44
14321.306775229175,0.52,0.41600000000000004
14321.307021391789,0.504,0.41600000000000004
14321.307267554403,0.52,0.392
14321.307513717016,0.504,0.392
14321.307759879628,0.528,0.376
14321.308006042242,0.504,0.392
14321.308252204855,0.52,0.376
14321.308498367469,0.504,0.384
14321.308744530083,0.512,0.392
14321.308990692694,0.504,0.384
14321.309236855308,0.52,0.376
14321.309483017922,0.512,0.376
14321.309729180535,0.528,0.392
14321.309975343147,0.536,0.384
14321.31022150576,0.504,0.41600000000000004
14321.310467668374,0.504,0.41600000000000004
14321.310713830988,0.52,0.44
14321.310959993602,0.52,0.432
14321.311206156213,0.536,0.448
14321.311452318827,0.52,0.44
14321.31169848144,0.536,0.424
14321.311944644054,0.528,0.432
14321.312190806668,0.504,0.392
14321.31243696928,0.504,0.392
14321.312683131893,0.52,0.40800000000000003
14321.312929294507,0.512,0.4
14321.31317545712,0.504,0.424
14321.313421619734,0.504,0.41600000000000004
14321.313667782346,0.52,0.384
14321.31391394496,0.512,0.4
14321.314160107573,0.52,0.376
14321.314406270187,0.536,0.384
14321.314652432799,0.512,0.376
14321.314898595412,0.512,0.384
14321.315144758026,0.528,0.376
14321.31539092064,0.52,0.376
14321.315637083253,0.536,0.384
14321.315883245865,0.528,0.376
14321.316129408478,0.512,0.392
14321.316375571092,0.504,0.384
14321.316621733706,0.52,0.392
14321.31686789632,0.512,0.376
14321.317114058931,0.504,0.4
14321.317360221545,0.504,0.376
14321.317606384158,0.52,0.392
14321.317852546772,0.504,0.376
14321.318098709384,0.52,0.41600000000000004
14321.318344871997,0.528,0.44
14321.318591034611,0.512,0.41600000000000004
14321.318837197225,0.504,0.432
14321.319083359838,0.52,0.392
14321.31932952245,0.504,0.4
14321.319575685064,0.528,0.376
14321.319821847677,0.504,0.392
14321.320068010291,0.52,0.376
14321.320314172905,0.512,0.376
14321.320560335516,0.504,0.424
14321.32080649813,0.512,0.424
14321.321052660744,0.504,0.432
14321.321298823357,0.512,0.44
14321.321544985969,0.504,0.424
14321.321791148583,0.504,0.44
14321.322037311196,0.52,0.392
14321.32228347381,0.504,0.4
14321.322529636423,0.512,0.41600000000000004
14321.322775799035,0.504,0.41600000000000004
14321.323021961649,0.528,0.336
14321.323268124263,0.528,0.328
14321.323514286876,0.52,0.168
14321.32376044949,0.528,0.16
14321.324006612102,0.512,0.056
14321.324252774715,0.52,0.056
14321.324498937329,0.504,0.008
14321.324745099942,0.528,0.008
14321.324991262554,0.504,-0.008
14321.325237425168,0.504,-0.008
14321.325483587781,0.52,0.0
14321.325729750395,0.504,0.0
14321.325975913009,0.512,-0.008
14321.32622207562,0.504,-0.008
14321.326468238234,0.536,0.0
14321.326714400848,0.512,0.0
14321.326960563461,0.536,-0.008
14321.327206726075,0.52,0.0
14321.327452888687,0.504,-0.016
14321.3276990513,0.512,0.0
14321.327945213914,0.536,-0.016
14321.328191376528,0.528,0.0
14321.32843753914,0.512,-0.016
14321.328683701753,0.528,0.0
14321.328929864367,0.504,-0.016
14321.32917602698,0.52,0.0
14321.329422189594,0.504,-0.016
14321.329668352206,0.504,0.0
14321.32991451482,0.52,-0.016
14321.330160677433,0.504,0.0
14321.330406840047,0.52,-0.016
14321.33065300266,0.504,-0.016
14321.330899165272,0.528,0.0
14321.331145327886,0.512,0.0
14321.3313914905,0.536,-0.016
14321.331637653113,0.52,0.0
14321.331883815727,0.504,-0.016
14321.332129978338,0.504,-0.016
14321.332376140952,0.528,0.0
14321.332622303566,0.504,0.0
14321.33286846618,0.528,-0.016
14321.333114628791,0.512,-0.016
14321.333360791405,0.536,0.0
14321.333606954018,0.52,0.0
14321.333853116632,0.528,-0.016
14321.334099279245,0.52,0.0
14321.334345441857,0.504,-0.016
14321.334591604471,0.496,0.0
14321.334837767085,0.52,-0.016
14321.335083929698,0.504,0.0
14321.335330092312,0.52,-0.016
14321.335576254924,0.512,-0.016
14321.335822417537,0.504,0.0
14321.33606858015,0.504,0.0
14321.336314742764,0.52,-0.016
14321.336560905376,0.504,0.0
14321.33680706799,0.528,-0.016
14321.337053230603,0.512,0.0
14321.337299393217,0.536,-0.016
14321.33754555583,0.528,0.0
14321.337791718443,0.504,-0.016
14321.338037881056,0.504,-0.016
14321.33828404367,0.512,0.0
14321.338530206283,0.504,0.0
14321.338776368897,0.512,-0.016
14321.339022531509,0.504,0.0
14321.339268694122,0.528,-0.016
14321.339514856736,0.512,-0.016
14321.33976101935,0.528,0.0
14321.340007181961,0.512,0.0
14321.340253344575,0.504,-0.016
14321.340499507189,0.504,0.0
14321.340745669802,0.512,-0.016
14321.340991832416,0.504,-0.016
14321.341237995028,0.528,0.0
14321.341484157641,0.52,-0.016
14321.341730320255,0.496,0.0
14321.341976482869,0.504,-0.016
14321.342222645482,0.512,0.0
14321.342468808094,0.504,-0.016
14321.342714970708,0.52,0.0
14321.342961133321,0.504,-0.016
14321.343207295935,0.512,0.0
14321.343453458547,0.504,0.0
14321.34369962116,0.52,-0.016
14321.343945783774,0.504,-0.016
14321.344191946388,0.528,0.0
14321.344438109001,0.512,-0.016
14321.344684271613,0.504,0.0
14321.344930434227,0.504,0.0
14321.34517659684,0.512,-0.016
14321.345422759454,0.504,-0.016
14321.345668922067,0.52,0.0
14321.34591508468,0.504,0.0
14321.346161247293,0.512,-0.016
14321.346407409907,0.504,-0.016
14321.34665357252,0.528,0.0
14321.346899735132,0.512,-0.016
14321.347145897746,0.528,0.0
14321.34739206036,0.512,-0.016
14321.347638222973,0.528,0.0
14321.347884385586,0.512,-0.016
14321.348130548198,0.536,0.0
14321.348376710812,0.528,-0.016
14321.348622873425,0.504,0.0
14321.34886903604,0.504,-0.016
14321.349115198653,0.536,0.0
14321.349361361265,0.512,-0.016
14321.349607523878,0.528,0.0
14321.349853686492,0.512,0.0
14321.350099849105,0.528,-0.016
14321.350346011719,0.536,-0.016
14321.35059217433,0.52,0.0
14321.350838336944,0.52,-0.016
14321.351084499558,0.528,0.0
14321.351330662172,0.52,0.0
14321.351576824783,0.536,-0.016
14321.351822987397,0.52,0.0
14321.35206915001,0.536,-0.016
14321.352315312624,0.536,-0.016
14321.352561475238,0.52,0.0
14321.35280763785,0.52,0.0
14321.353053800463,0.536,-0.016
14321.353299963077,0.52,0.0
14321.35354612569,0.536,-0.016
14321.353792288304,0.52,-0.016
14321.354038450916,0.536,0.0
14321.35428461353,0.52,-0.016
14321.354530776143,0.536,0.0
14321.354776938757,0.52,0.0
14321.355023101369,0.536,-0.016
14321.355269263982,0.52,-0.016
14321.355515426596,0.544,0.0
14321.35576158921,0.536,0.0
14321.356007751823,0.52,-0.016
14321.356253914435,0.528,-0.016
14321.356500077049,0.536,0.0
14321.356746239662,0.528,-0.016
14321.356992402276,0.528,0.0
14321.35723856489,0.536,-0.016
14321.357484727501,0.52,0.0
14321.357730890115,0.528,-0.016
14321.357977052729,0.512,-0.008
14321.358223215342,0.52,-0.016
14321.358469377954,0.504,0.0
14321.358715540568,0.504,-0.016
14321.358961703181,0.528,0.0
14321.359207865795,0.512,-0.016
14321.359454028408,0.528,-0.008
14321.35970019102,0.52,-0.016
14321.359946353634,0.544,0.0
14321.360192516247,0.528,-0.016
14321.360438678861,0.544,0.0
14321.360684841475,0.536,-0.016
14321.360931004087,0.52,0.0
14321.3611771667,0.528,-0.016
14321.361423329314,0.544,0.0
14321.361669491927,0.536,-0.016
14321.36191565454,0.52,0.0
14321.362161817153,0.52,-0.016
14321.362407979766,0.544,-0.008
14321.36265414238,0.528,-0.016
14321.362900304994,0.536,-0.008
14321.363146467605,0.536,-0.008
14321.36339263022,0.52,-0.016
14321.363638792833,0.528,-0.016
14321.363884955446,0.536,0.0
14321.36413111806,0.52,-0.016
14321.364377280672,0.536,-0.008
14321.364623443285,0.528,-0.016
14321.364869605899,0.536,0.0
14321.365115768513,0.528,-0.008
14321.365361931124,0.536,-0.016
14321.365608093738,0.528,-0.016
14321.365854256352,0.536,0.0
14321.366100418965,0.544,-0.016
14321.366346581579,0.52,0.0
14321.36659274419,0.536,-0.016
14321.366838906804,0.512,0.0
14321.367085069418,0.52,-0.016
14321.367331232032,0.528,0.0
14321.367577394645,0.528,-0.016
14321.367823557257,0.504,-0.008
14321.36806971987,0.504,-0.016
14321.368315882484,0.528,-0.008
14321.368562045098,0.528,0.0
14321.368808207711,0.504,-0.016
14321.369054370323,0.52,-0.016
14321.369300532937,0.504,0.0
14321.36954669555,0.52,-0.016
14321.369792858164,0.504,0.0
14321.370039020776,0.528,-0.016
14321.37028518339,0.504,-0.008
14321.370531346003,0.536,-0.016
14321.370777508617,0.512,0.0
14321.37102367123,0.512,-0.016
14321.371269833842,0.528,0.0
14321.371515996456,0.52,-0.016
14321.37176215907,0.504,0.0
14321.372008321683,0.504,0.0
14321.372254484297,0.528,-0.016
14321.372500646909,0.528,-0.016
14321.372746809522,0.504,0.0
14321.372992972136,0.52,-0.016
14321.37323913475,0.504,0.0
14321.373485297361,0.504,-0.016
14321.373731459975,0.512,0.0
14321.373977622588,0.504,-0.016
14321.374223785202,0.52,0.0
14321.374469947816,0.504,-0.016
14321.374716110427,0.52,0.0
14321.374962273041,0.504,0.0
14321.375208435655,0.52,-0.016
14321.375454598268,0.512,-0.016
14321.375700760882,0.528,-0.008
14321.375946923494,0.52,-0.016
14321.376193086107,0.512,0.0
14321.376439248721,0.512,-0.016
14321.376685411335,0.528,0.0
14321.376931573946,0.52,-0.016
14321.37717773656,0.504,0.0
14321.377423899174,0.52,-0.016
14321.377670061787,0.504,0.0
14321.3779162244,0.504,-0.016
14321.378162387013,0.52,-0.008
14321.378408549626,0.512,-0.008
14321.37865471224,0.504,-0.016
14321.378900874854,0.504,-0.008
14321.379147037467,0.512,-0.016
14321.379393200079,0.504,-0.016
14321.379639362693,0.512,0.0
14321.379885525306,0.504,0.0
14321.38013168792,0.512,-0.016
14321.380377850532,0.504,-0.008
14321.380624013145,0.52,-0.016
14321.380870175759,0.504,-0.016
14321.381116338373,0.52,-0.008
14321.381362500986,0.512,-0.016
14321.381608663598,0.52,0.0
14321.381854826212,0.52,0.0
14321.382100988825,0.504,-0.016
14321.382347151439,0.504,-0.016
14321.382593314052,0.528,0.0
14321.382839476664,0.512,-0.016
14321.383085639278,0.52,0.0
14321.383331801891,0.512,-0.016
14321.383577964505,0.528,0.0
14321.383824127117,0.536,-0.016
14321.38407028973,0.504,0.0
14321.384316452344,0.496,-0.008
14321.384562614958,0.528,0.024
14321.384808777571,0.536,0.024
14321.385054940183,0.512,0.136
14321.385301102797,0.52,0.136
14321.38554726541,0.496,0.28
14321.385793428024,0.496,0.28800000000000003
14321.386039590638,0.528,0.34400000000000003
14321.38628575325,0.52,0.34400000000000003
14321.386531915863,0.536,0.368
14321.386778078477,0.536,0.368
14321.38702424109,0.52,0.384
14321.387270403704,0.52,0.376
14321.387516566316,0.536,0.384
14321.38776272893,0.536,0.376
14321.388008891543,0.52,0.376
14321.388255054157,0.528,0.376
14321.388501216768,0.52,0.384
14321.388747379382,0.52,0.376
14321.388993541996,0.536,0.376
14321.38923970461,0.536,0.376
14321.389485867223,0.52,0.384
14321.389732029835,0.52,0.384
14321.389978192448,0.536,0.376
14321.390224355062,0.528,0.376
14321.390470517676,0.52,0.376
14321.39071668029,0.536,0.376
14321.390962842901,0.52,0.384
14321.391209005515,0.52,0.376
14321.391455168128,0.536,0.392
14321.391701330742,0.52,0.384
14321.391947493354,0.544,0.376
14321.392193655967,0.528,0.384
14321.39243981858,0.544,0.376
14321.392685981195,0.52,0.384
14321.392932143808,0.536,0.376
14321.39317830642,0.536,0.376
14321.393424469034,0.52,0.384
14321.393670631647,0.52,0.392
14321.39391679426,0.536,0.376
14321.394162956874,0.544,0.392
14321.394409119486,0.52,0.376
14321.3946552821,0.528,0.376
14321.394901444713,0.544,0.392
14321.395147607327,0.528,0.376
14321.395393769939,0.536,0.384
14321.395639932553,0.536,0.376
14321.395886095166,0.52,0.384
14321.39613225778,0.528,0.376
14321.396378420393,0.536,0.384
14321.396624583005,0.52,0.376
14321.396870745619,0.536,0.376
14321.397116908232,0.528,0.376
14321.397363070846,0.544,0.384
14321.39760923346,0.528,0.376
14321.397855396071,0.544,0.384
14321.398101558685,0.528,0.376
14321.398347721299,0.536,0.384
14321.398593883912,0.52,0.384
14321.398840046524,0.544,0.376
14321.399086209138,0.52,0.376
14321.399332371751,0.544,0.392
14321.399578534365,0.528,0.376
14321.399824696979,0.544,0.392
14321.40007085959,0.528,0.376
14321.400317022204,0.544,0.384
14321.400563184818,0.52,0.376
14321.400809347431,0.544,0.384
14321.401055510045,0.528,0.384
14321.401301672657,0.536,0.376
14321.40154783527,0.528,0.376
14321.401793997884,0.544,0.384
14321.402040160498,0.528,0.376
14321.40228632311,0.544,0.392
14321.402532485723,0.528,0.384
14321.402778648337,0.536,0.376
14321.40302481095,0.528,0.376
14321.403270973564,0.544,0.384
14321.403517136176,0.52,0.376
14321.40376329879,0.536,0.392
14321.404009461403,0.528,0.376
14321.404255624017,0.544,0.384
14321.40450178663,0.528,0.376
14321.404747949242,0.536,0.392
14321.404994111856,0.528,0.376
14321.40524027447,0.544,0.392
14321.405486437083,0.528,0.376
14321.405732599696,0.536,0.392
14321.405978762308,0.528,0.384
14321.406224924922,0.536,0.376
14321.406471087535,0.528,0.376
14321.406717250149,0.536,0.384
14321.40696341276,0.528,0.376
14321.407209575375,0.536,0.392
14321.407455737988,0.528,0.376
14321.407701900602,0.536,0.384
14321.407948063215,0.536,0.376
14321.408194225827,0.52,0.384
14321.40844038844,0.52,0.384
14321.408686551054,0.544,0.376
14321.408932713668,0.528,0.376
14321.409178876282,0.544,0.392
14321.409425038893,0.528,0.384
14321.409671201507,0.544,0.376
14321.40991736412,0.536,0.376
14321.410163526734,0.52,0.376
14321.410409689346,0.528,0.376
14321.41065585196,0.544,0.392
14321.410902014573,0.536,0.376
14321.411148177187,0.528,0.384
14321.4113943398,0.528,0.376
14321.411640502412,0.544,0.384
14321.411886665026,0.528,0.376
14321.41213282764,0.544,0.392
14321.412378990253,0.528,0.376
14321.412625152867,0.544,0.376
14321.412871315479,0.528,0.376
14321.413117478092,0.536,0.376
14321.413363640706,0.52,0.376
14321.41360980332,0.544,0.392
14321.413855965931,0.544,0.384
14321.414102128545,0.528,0.376
14321.414348291159,0.544,0.376
14321.414594453772,0.528,0.376
14321.414840616386,0.528,0.376
14321.415086778998,0.544,0.384
14321.415332941611,0.536,0.376
14321.415579104225,0.52,0.384
14321.415825266839,0.528,0.376
14321.416071429452,0.52,0.384
14321.416317592064,0.528,0.376
14321.416563754678,0.512,0.392
14321.416809917291,0.504,0.376
14321.417056079905,0.52,0.384
14321.417302242517,0.512,0.376
14321.41754840513,0.52,0.384
14321.417794567744,0.504,0.376
14321.418040730357,0.52,0.384
14321.418286892971,0.504,0.384
14321.418533055583,0.536,0.376
14321.418779218197,0.52,0.376
14321.41902538081,0.536,0.392
14321.419271543424,0.528,0.376
14321.419517706037,0.512,0.384
14321.41976386865,0.52,0.376
14321.420010031263,0.504,0.41600000000000004
14321.420256193876,0.528,0.424
14321.42050235649,0.512,0.40800000000000003
14321.420748519102,0.52,0.40800000000000003
14321.420994681715,0.528,0.384
14321.421240844329,0.528,0.376
14321.421487006943,0.504,0.392
14321.421733169556,0.504,0.392
14321.421979332168,0.52,0.432
14321.422225494782,0.512,0.40800000000000003
14321.422471657395,0.528,0.392
14321.422717820009,0.52,0.392
14321.422963982623,0.536,0.432
14321.423210145234,0.52,0.424
14321.423456307848,0.528,0.44
14321.423702470462,0.504,0.432
14321.423948633075,0.536,0.44
14321.424194795689,0.536,0.44
14321.4244409583,0.512,0.424
14321.424687120914,0.52,0.44
14321.424933283528,0.504,0.392
14321.425179446142,0.512,0.392
14321.425425608753,0.504,0.376
14321.425671771367,0.504,0.376
14321.42591793398,0.528,0.4
14321.426164096594,0.504,0.392
14321.426410259208,0.52,0.41600000000000004
14321.42665642182,0.512,0.4
14321.426902584433,0.528,0.376
14321.427148747047,0.52,0.376
14321.42739490966,0.536,0.384
14321.427641072274,0.52,0.376
14321.427887234886,0.536,0.384
14321.4281333975,0.52,0.376
14321.428379560113,0.504,0.384
14321.428625722727,0.504,0.376
14321.428871885339,0.536,0.384
14321.429118047952,0.512,0.376
14321.429364210566,0.528,0.392
14321.42961037318,0.52,0.376
14321.429856535793,0.536,0.384
14321.430102698405,0.528,0.384
14321.430348861019,0.512,0.40800000000000003
14321.430595023632,0.52,0.4
14321.430841186246,0.504,0.44
14321.43108734886,0.512,0.44
14321.431333511471,0.504,0.392
14321.431579674085,0.504,0.4
14321.431825836698,0.512,0.384
14321.432071999312,0.512,0.376
14321.432318161924,0.528,0.392
14321.432564324537,0.512,0.4
14321.432810487151,0.528,0.424
14321.433056649765,0.512,0.424
14321.433302812378,0.528,0.41600000000000004
14321.43354897499,0.52,0.41600000000000004
14321.433795137604,0.504,0.384
14321.434041300217,0.504,0.384
14321.434287462831,0.528,0.432
14321.434533625445,0.52,0.424
14321.434779788056,0.536,0.44
14321.43502595067,0.528,0.432
14321.435272113284,0.512,0.448
14321.435518275897,0.504,0.432
14321.435764438509,0.52,0.44
14321.436010601123,0.52,0.432
14321.436256763736,0.504,0.448
14321.43650292635,0.504,0.448
14321.436749088964,0.512,0.424
14321.436995251575,0.504,0.44
14321.437241414189,0.52,0.432
14321.437487576803,0.504,0.44
14321.437733739416,0.512,0.392
14321.43797990203,0.496,0.392
14321.438226064642,0.52,0.376
14321.438472227255,0.504,0.376
14321.438718389869,0.528,0.392
14321.438964552483,0.528,0.392
14321.439210715094,0.512,0.384
14321.439456877708,0.52,0.4
14321.439703040322,0.536,0.424
14321.439949202935,0.528,0.40800000000000003
14321.440195365549,0.52,0.384
14321.44044152816,0.528,0.376
14321.440687690774,0.512,0.40800000000000003
14321.440933853388,0.512,0.40800000000000003
14321.441180016001,0.504,0.432
14321.441426178615,0.504,0.44
14321.441672341227,0.52,0.424
14321.44191850384,0.52,0.44
14321.442164666454,0.536,0.41600000000000004
14321.442410829068,0.52,0.424
14321.442656991681,0.528,0.432
14321.442903154293,0.512,0.41600000000000004
14321.443149316907,0.528,0.44
14321.44339547952,0.52,0.432
14321.443641642134,0.504,0.384
14321.443887804746,0.504,0.392
14321.44413396736,0.528,0.376
14321.444380129973,0.512,0.384
14321.444626292587,0.528,0.4
14321.4448724552,0.504,0.4
14321.445118617812,0.52,0.432
14321.445364780426,0.504,0.424
14321.44561094304,0.52,0.41600000000000004
14321.445857105653,0.512,0.41600000000000004
14321.446103268267,0.504,0.328
14321.446349430878,0.504,0.32
14321.446595593492,0.512,0.152
14321.446841756106,0.504,0.14400000000000002
14321.44708791872,0.52,0.048
14321.447334081331,0.504,0.04
14321.447580243945,0.528,0.0
14321.447826406558,0.512,0.008
14321.448072569172,0.536,-0.008
14321.448318731786,0.512,0.0
14321.448564894397,0.528,-0.008
14321.448811057011,0.528,-0.008
14321.449057219625,0.504,0.0
14321.449303382238,0.504,0.0
14321.449549544852,0.512,-0.008
14321.449795707464,0.504,0.0
14321.450041870077,0.512,-0.008
14321.45028803269,0.504,0.0
14321.450534195304,0.512,-0.016
14321.450780357916,0.504,-0.008
14321.45102652053,0.52,0.0
14321.451272683144,0.504,0.0
14321.451518845757,0.528,-0.016
14321.45176500837,0.528,0.0
14321.452011170983,0.512,-0.016
14321.452257333596,0.52,0.0
14321.45250349621,0.504,-0.016
14321.452749658823,0.504,0.0
14321.452995821437,0.52,-0.016
14321.453241984049,0.504,0.0
14321.453488146662,0.512,-0.016
14321.453734309276,0.504,0.0
14321.45398047189,0.52,-0.016
14321.454226634502,0.52,0.0
14321.454472797115,0.504,-0.016
14321.454718959729,0.504,0.0
14321.454965122342,0.528,-0.016
14321.455211284956,0.528,-0.016
14321.455457447568,0.512,0.0
14321.455703610181,0.528,0.0
14321.455949772795,0.512,-0.016
14321.456195935409,0.512,0.0
14321.456442098022,0.504,-0.016
14321.456688260634,0.512,0.0
14321.456934423248,0.504,-0.016
14321.457180585861,0.504,0.0
14321.457426748475,0.512,-0.008
14321.457672911087,0.496,-0.016
14321.4579190737,0.52,0.0
14321.458165236314,0.504,-0.016
14321.458411398928,0.52,0.0
14321.458657561541,0.504,0.0
14321.458903724153,0.512,-0.016
14321.459149886767,0.504,0.0
14321.45939604938,0.52,-0.016
14321.459642211994,0.504,-0.016
14321.459888374608,0.512,0.0
14321.46013453722,0.528,-0.016
14321.460380699833,0.512,0.0
14321.460626862447,0.512,-0.016
14321.46087302506,0.528,0.0
14321.461119187674,0.528,-0.016
14321.461365350286,0.496,0.0
14321.4616115129,0.496,-0.016
14321.461857675513,0.528,0.0
14321.462103838126,0.52,-0.016
14321.462350000738,0.536,0.0
14321.462596163352,0.52,-0.016
14321.462842325966,0.536,0.0
14321.46308848858,0.528,-0.016
14321.463334651193,0.504,0.0
14321.463580813805,0.504,-0.016
14321.463826976418,0.52,0.0
14321.464073139032,0.504,-0.016
14321.464319301645,0.52,0.0
14321.464565464259,0.504,-0.016
14321.46481162687,0.52,0.0
14321.465057789484,0.504,-0.016
14321.465303952098,0.52,0.0
14321.465550114712,0.504,-0.016
14321.465796277324,0.52,0.0
14321.466042439937,0.528,0.0
14321.46628860255,0.512,-0.016
14321.466534765164,0.512,0.0
14321.466780927778,0.504,-0.016
14321.46702709039,0.504,0.0
14321.467273253003,0.52,-0.016
14321.467519415617,0.496,0.0
14321.46776557823,0.512,-0.016
14321.468011740844,0.504,-0.016
14321.468257903456,0.512,0.0
14321.46850406607,0.504,-0.016
14321.468750228683,0.528,0.0
14321.468996391297,0.528,-0.016
14321.469242553909,0.512,0.0
14321.469488716522,0.528,-0.016
14321.469734879136,0.512,0.0
14321.46998104175,0.512,-0.016
14321.470227204363,0.528,0.0
14321.470473366975,0.536,-0.016
14321.470719529589,0.512,0.0
14321.470965692202,0.528,-0.016
14321.471211854816,0.504,0.0
14321.47145801743,0.504,-0.016
14321.471704180041,0.52,0.0
14321.471950342655,0.504,-0.016
14321.472196505269,0.52,0.0
14321.472442667882,0.504,-0.008
14321.472688830494,0.52,-0.016
14321.472934993108,0.528,-0.016
14321.473181155721,0.504,0.0
14321.473427318335,0.504,-0.016
14321.473673480948,0.512,0.0
14321.47391964356,0.504,-0.016
14321.474165806174,0.512,0.0
14321.474411968788,0.504,-0.016
14321.474658131401,0.52,0.0
14321.474904294015,0.512,-0.016
14321.475150456627,0.504,0.0
14321.47539661924,0.512,-0.016
14321.475642781854,0.504,0.0
14321.475888944467,0.504,-0.016
14321.47613510708,0.528,0.0
14321.476381269693,0.512,-0.016
14321.476627432306,0.528,0.0
14321.47687359492,0.536,0.0
14321.477119757534,0.512,-0.016
14321.477365920146,0.512,0.0
14321.47761208276,0.528,-0.016
14321.477858245373,0.528,-0.016
14321.478104407986,0.504,0.0
14321.4783505706,0.536,-0.016
14321.478596733212,0.512,0.0
14321.478842895825,0.512,-0.016
14321.479089058439,0.536,0.0
14321.479335221053,0.528,-0.016
14321.479581383666,0.512,0.0
14321.479827546278,0.512,0.0
14321.480073708892,0.528,-0.016
14321.480319871505,0.504,0.0
14321.480566034119,0.528,-0.016
14321.48081219673,0.52,-0.016
14321.481058359344,0.504,0.0
14321.481304521958,0.504,-0.016
14321.481550684572,0.52,0.0
14321.481796847185,0.512,-0.016
14321.482043009797,0.52,0.0
14321.48228917241,0.504,-0.008
14321.482535335024,0.52,-0.016
14321.482781497638,0.512,-0.016
14321.483027660252,0.536,0.0
14321.483273822863,0.52,0.0
14321.483519985477,0.536,-0.016
14321.48376614809,0.52,-0.016
14321.484012310704,0.536,0.0
14321.484258473316,0.528,-0.016
14321.48450463593,0.504,0.0
14321.484750798543,0.512,-0.016
14321.484996961157,0.504,0.0
14321.48524312377,0.504,-0.016
14321.485489286382,0.52,0.0
14321.485735448996,0.504,-0.016
14321.48598161161,0.536,0.0
14321.486227774223,0.52,-0.016
14321.486473936837,0.528,0.0
14321.486720099449,0.528,0.0
14321.486966262062,0.504,-0.016
14321.487212424676,0.504,-0.016
14321.48745858729,0.528,-0.008
14321.487704749901,0.528,-0.008
14321.487950912515,0.512,-0.016
14321.488197075128,0.52,-0.016
14321.488443237742,0.536,0.0
14321.488689400356,0.528,-0.016
14321.488935562968,0.512,0.0
14321.489181725581,0.504,-0.016
14321.489427888195,0.528,-0.008
14321.489674050808,0.52,-0.016
14321.489920213422,0.536,0.0
14321.490166376034,0.536,-0.016
14321.490412538647,0.504,0.0
14321.490658701261,0.504,-0.008
14321.490904863875,0.528,-0.016
14321.491151026486,0.536,-0.008
14321.4913971891,0.52,-0.016
14321.491643351714,0.52,0.0
14321.491889514327,0.536,-0.016
14321.492135676941,0.52,-0.016
14321.492381839553,0.536,0.0
14321.492628002166,0.536,-0.016
14321.49287416478,0.52,-0.008
14321.493120327394,0.528,-0.016
14321.493366490007,0.536,-0.008
14321.493612652619,0.52,-0.016
14321.493858815233,0.536,0.0
14321.494104977846,0.52,-0.016
14321.49435114046,0.536,0.0
14321.494597303072,0.544,-0.016
14321.494843465685,0.52,0.0
14321.495089628299,0.52,-0.008
14321.495335790913,0.536,-0.016
14321.495581953526,0.52,-0.016
14321.495828116138,0.536,0.0
14321.496074278752,0.528,-0.008
14321.496320441365,0.536,-0.016
14321.496566603979,0.528,-0.016
14321.496812766592,0.544,0.0
14321.497058929204,0.536,-0.016
14321.497305091818,0.52,0.0
14321.497551254432,0.52,-0.016
14321.497797417045,0.536,0.0
14321.498043579659,0.528,-0.008
14321.49828974227,0.544,-0.016
14321.498535904884,0.528,-0.016
14321.498782067498,0.528,0.0
14321.499028230111,0.52,-0.016
14321.499274392723,0.536,0.0
14321.499520555337,0.528,0.0
14321.49976671795,0.544,-0.016
14321.500012880564,0.528,-0.008
14321.500259043178,0.544,-0.016
14321.50050520579,0.528,-0.016
14321.500751368403,0.536,0.0
14321.500997531017,0.52,-0.008
14321.50124369363,0.536,-0.016
14321.501489856244,0.528,-0.008
14321.501736018856,0.536,-0.016
14321.50198218147,0.52,-0.016
14321.502228344083,0.536,0.0
14321.502474506697,0.528,-0.016
14321.502720669308,0.544,0.0
14321.502966831922,0.528,-0.016
14321.503212994536,0.536,0.0
14321.50345915715,0.528,-0.016
14321.503705319763,0.544,0.0
14321.503951482375,0.528,-0.016
14321.504197644988,0.544,0.0
14321.504443807602,0.528,-0.016
14321.504689970216,0.544,0.0
14321.50493613283,0.528,-0.016
14321.505182295441,0.544,0.0
14321.505428458055,0.528,-0.016
14321.505674620668,0.544,0.0
14321.505920783282,0.528,-0.016
14321.506166945894,0.536,0.0
14321.506413108507,0.544,0.0
14321.506659271121,0.528,-0.016
14321.506905433735,0.52,-0.016
14321.507151596348,0.544,0.0
14321.50739775896,0.528,-0.008
14321.507643921574,0.544,0.024
14321.507890084187,0.544,0.032
14321.5081362468,0.528,0.14400000000000002
14321.508382409414,0.528,0.14400000000000002
14321.508628572026,0.544,0.272
14321.50887473464,0.528,0.272
14321.509120897254,0.536,0.34400000000000003
14321.509367059867,0.528,0.352
14321.509613222479,0.536,0.376
14321.509859385093,0.528,0.376
14321.510105547706,0.544,0.368
14321.51035171032,0.528,0.376
14321.510597872933,0.544,0.41600000000000004
14321.510844035545,0.528,0.40800000000000003
14321.511090198159,0.544,0.432
14321.511336360772,0.528,0.424
14321.511582523386,0.544,0.44
14321.511828686,0.52,0.41600000000000004
14321.512074848612,0.544,0.392
14321.512321011225,0.528,0.376
14321.512567173839,0.544,0.4
14321.512813336452,0.528,0.424
14321.513059499064,0.544,0.392
14321.513305661678,0.528,0.392
14321.513551824291,0.544,0.41600000000000004
14321.513797986905,0.528,0.424
14321.514044149519,0.544,0.384
14321.51429031213,0.528,0.376
14321.514536474744,0.544,0.4
14321.514782637358,0.544,0.4
14321.515028799971,0.528,0.376
14321.515274962585,0.528,0.376
14321.515521125197,0.544,0.41600000000000004
14321.51576728781,0.528,0.424
14321.516013450424,0.544,0.384
14321.516259613038,0.536,0.376
14321.516505775651,0.52,0.392
14321.516751938263,0.52,0.376
14321.516998100877,0.544,0.392
14321.51724426349,0.512,0.376
14321.517490426104,0.528,0.392
14321.517736588716,0.512,0.376
14321.51798275133,0.52,0.384
14321.518228913943,0.52,0.376
14321.518475076557,0.504,0.384
14321.51872123917,0.504,0.376
14321.518967401782,0.52,0.392
14321.519213564396,0.52,0.376
14321.51945972701,0.504,0.384
14321.519705889623,0.504,0.384
14321.519952052236,0.52,0.376
14321.520198214848,0.528,0.384
14321.520444377462,0.504,0.376
14321.520690540076,0.504,0.376
14321.52093670269,0.52,0.392
14321.521182865301,0.504,0.376
14321.521429027915,0.52,0.392
14321.521675190528,0.504,0.376
14321.521921353142,0.52,0.384
14321.522167515755,0.504,0.376
14321.522413678367,0.52,0.392
14321.52265984098,0.512,0.376
14321.522906003594,0.536,0.384
14321.523152166208,0.528,0.376
14321.523398328822,0.512,0.392
14321.523644491434,0.52,0.392
14321.523890654047,0.504,0.376
14321.52413681666,0.512,0.384
14321.524382979274,0.536,0.376
14321.524629141886,0.52,0.376
14321.5248753045,0.536,0.384
14321.525121467113,0.528,0.392
14321.525367629727,0.504,0.376
14321.52561379234,0.528,0.376
14321.525859954952,0.504,0.392
14321.526106117566,0.504,0.376
14321.52635228018,0.52,0.384
14321.526598442793,0.504,0.384
14321.526844605407,0.528,0.376
14321.527090768019,0.528,0.376
14321.527336930632,0.504,0.392
14321.527583093246,0.512,0.376
14321.52782925586,0.504,0.392
14321.528075418471,0.504,0.376
14321.528321581085,0.512,0.384
14321.528567743699,0.512,0.376
14321.528813906312,0.504,0.392
14321.529060068926,0.504,0.376
14321.529306231538,0.528,0.392
14321.529552394151,0.52,0.392
14321.529798556765,0.528,0.376
14321.530044719379,0.536,0.376
14321.530290881992,0.504,0.384
14321.530537044604,0.504,0.376
14321.530783207218,0.52,0.384
14321.531029369831,0.52,0.376
14321.531275532445,0.528,0.4
14321.531521695057,0.528,0.384
14321.53176785767,0.496,0.432
14321.532014020284,0.504,0.432
14321.532260182898,0.528,0.384
14321.532506345511,0.504,0.392
14321.532752508123,0.52,0.376
14321.532998670737,0.52,0.384
14321.53324483335,0.504,0.376
14321.533490995964,0.528,0.384
14321.533737158577,0.512,0.376
14321.53398332119,0.528,0.376
14321.534229483803,0.504,0.392
14321.534475646416,0.512,0.376
14321.53472180903,0.528,0.392
14321.534967971644,0.52,0.376
14321.535214134256,0.536,0.384
14321.53546029687,0.528,0.376
14321.535706459483,0.504,0.384
14321.535952622096,0.52,0.376
14321.536198784708,0.504,0.384
14321.536444947322,0.504,0.376
14321.536691109935,0.528,0.384
14321.536937272549,0.52,0.392
14321.537183435163,0.536,0.376
14321.537429597774,0.52,0.384
14321.537675760388,0.528,0.376
14321.537921923002,0.528,0.376
14321.538168085615,0.512,0.392
14321.538414248229,0.504,0.376
14321.53866041084,0.536,0.392
14321.538906573454,0.52,0.376
14321.539152736068,0.528,0.384
14321.539398898682,0.536,0.376
14321.539645061293,0.512,0.384
14321.539891223907,0.536,0.376
14321.54013738652,0.504,0.392
14321.540383549134,0.504,0.376
14321.540629711748,0.52,0.384
14321.54087587436,0.504,0.376
14321.541122036973,0.528,0.384
14321.541368199587,0.512,0.376
14321.5416143622,0.536,0.392
14321.541860524814,0.52,0.384
14321.542106687426,0.536,0.376
14321.54235285004,0.528,0.376
14321.542599012653,0.504,0.392
14321.542845175267,0.52,0.376
14321.543091337879,0.504,0.384
14321.543337500492,0.512,0.376
14321.543583663106,0.504,0.384
14321.54382982572,0.504,0.384
14321.544075988333,0.512,0.376
14321.544322150945,0.504,0.392
14321.544568313559,0.528,0.376
14321.544814476172,0.536,0.384
14321.545060638786,0.52,0.392
14321.5453068014,0.528,0.376
14321.545552964011,0.512,0.392
14321.545799126625,0.52,0.376
14321.546045289238,0.504,0.384
14321.546291451852,0.504,0.392
14321.546537614464,0.528,0.376
14321.546783777078,0.52,0.376
14321.547029939691,0.504,0.392
14321.547276102305,0.504,0.384
14321.547522264918,0.512,0.376
14321.54776842753,0.504,0.384
14321.548014590144,0.52,0.376
14321.548260752757,0.504,0.376
14321.548506915371,0.512,0.384
14321.548753077985,0.504,0.376
14321.548999240596,0.528,0.392
14321.54924540321,0.536,0.376
14321.549491565824,0.512,0.392
14321.549737728437,0.512,0.376
14321.54998389105,0.496,0.384
14321.550230053663,0.512,0.376
14321.550476216276,0.536,0.392
14321.55072237889,0.52,0.376
14321.550968541504,0.536,0.384
14321.551214704115,0.52,0.384
14321.551460866729,0.528,0.376
14321.556710004807,0.536,0.0
14321.5569828252,0.52,-0.016
14321.557255645594,0.52,0.0
14321.557528465986,0.536,-0.016
14321.557801286379,0.52,0.0
14321.558074106773,0.536,-0.016
14321.558346927166,0.536,0.0
14321.558619747559,0.52,-0.016
14321.558892567953,0.528,0.0
14321.559165388346,0.536,-0.016
14321.559438208738,0.536,-0.016
14321.559711029133,0.52,0.0
14321.559983849525,0.528,0.0
14321.560256669918,0.536,-0.016
14321.560529490313,0.528,0.0
14321.560802310705,0.544,-0.008
14321.561075131098,0.528,0.0
14321.561347951492,0.536,-0.016
14321.561620771885,0.52,0.0
14321.561893592278,0.544,-0.008
14321.562166412672,0.536,-0.008
14321.562439233065,0.52,0.016
14321.562712053457,0.528,0.016
14321.562984873852,0.536,0.10400000000000001
14321.563257694244,0.528,0.112
14321.563530514637,0.536,0.248
14321.563803335031,0.528,0.264
14321.564076155424,0.544,0.34400000000000003
14321.564348975817,0.536,0.34400000000000003
14321.564621796211,0.528,0.368
14321.564894616604,0.544,0.368
14321.565167436996,0.528,0.384
14321.565440257391,0.528,0.384
14321.565713077784,0.536,0.392
14321.565985898176,0.528,0.392
14321.56625871857,0.544,0.376
14321.566531538963,0.528,0.384
14321.566804359356,0.544,0.392
14321.56707717975,0.528,0.384
14321.567350000143,0.544,0.392
14321.567622820536,0.544,0.384
14321.56789564093,0.52,0.384
14321.568168461323,0.528,0.384
14321.568441281715,0.544,0.384
14321.56871410211,0.528,0.384
14321.568986922503,0.544,0.384
14321.569259742895,0.528,0.384
14321.56953256329,0.544,0.392
14321.569805383682,0.528,0.392
14321.570078204075,0.544,0.376
14321.57035102447,0.528,0.384
14321.570623844862,0.544,0.384
14321.570896665255,0.528,0.384
14321.571169485649,0.536,0.392
14321.571442306042,0.528,0.384
14321.571715126434,0.536,0.392
14321.571987946829,0.528,0.384
14321.572260767221,0.544,0.392
14321.572533587614,0.536,0.384
14321.572806408009,0.52,0.384
14321.573079228401,0.528,0.384
14321.573352048794,0.504,0.392
14321.573624869188,0.512,0.384
14321.573897689581,0.528,0.384
14321.574170509974,0.52,0.384
14321.574443330368,0.536,0.392
14321.57471615076,0.536,0.384
14321.574988971153,0.512,0.392
14321.575261791548,0.512,0.376
14321.57553461194,0.528,0.392
14321.575807432333,0.512,0.384
14321.576080252727,0.528,0.392
14321.57635307312,0.512,0.384
14321.576625893513,0.536,0.384
14321.576898713907,0.536,0.384
14321.5771715343,0.512,0.384
14321.577444354692,0.512,0.384
14321.577717175087,0.528,0.392
14321.57798999548,0.512,0.392
14321.578262815872,0.528,0.384
14321.578535636267,0.52,0.384
14321.57880845666,0.536,0.384
14321.579081277052,0.536,0.384
14321.579354097446,0.504,0.392
14321.579626917839,0.504,0.384
14321.579899738232,0.512,0.384
14321.580172558626,0.512,0.384
14321.580445379019,0.528,0.392
14321.580718199411,0.504,0.376
14321.580991019806,0.52,0.392
14321.581263840199,0.504,0.384
14321.581536660591,0.528,0.392
14321.581809480986,0.504,0.392
14321.582082301378,0.536,0.384
14321.58235512177,0.52,0.384
14321.582627942165,0.536,0.384
14321.582900762558,0.52,0.384
14321.58317358295,0.536,0.392
14321.583446403345,0.528,0.384
14321.583719223738,0.512,0.392
14321.58399204413,0.52,0.384
14321.584264864525,0.504,0.392
14321.584537684917,0.512,0.384
14321.58481050531,0.528,0.392
14321.585083325705,0.52,0.384
14321.585356146097,0.528,0.392
14321.58562896649,0.528,0.384
14321.585901786884,0.504,0.384
14321.586174607277,0.512,0.384
14321.58644742767,0.528,0.376
14321.586720248064,0.52,0.384
14321.586993068457,0.528,0.392
14321.58726588885,0.528,0.384
14321.587538709244,0.52,0.392
14321.587811529636,0.52,0.384
14321.588084350029,0.544,0.392
14321.588357170423,0.536,0.392
14321.588629990816,0.512,0.384
14321.588902811209,0.52,0.384
14321.589175631603,0.504,0.376
14321.589448451996,0.512,0.384
14321.589721272388,0.536,0.392
14321.589994092783,0.52,0.392
14321.590266913176,0.528,0.376
14321.590539733568,0.52,0.384
14321.590812553963,0.536,0.392
14321.591085374355,0.52,0.384
14321.591358194748,0.504,0.4
14321.591631015142,0.52,0.384
14321.591903835535,0.504,0.432
14321.592176655928,0.528,0.432
14321.592449476322,0.504,0.44
14321.592722296715,0.512,0.432
14321.592995117107,0.528,0.44
14321.593267937502,0.52,0.432
14321.593540757895,0.504,0.448
14321.593813578287,0.504,0.432
14321.594086398682,0.52,0.448
14321.594359219074,0.504,0.448
14321.594632039467,0.52,0.41600000000000004
14321.594904859861,0.504,0.40800000000000003
14321.595177680254,0.528,0.392
14321.595450500647,0.528,0.4
14321.595723321041,0.512,0.432
14321.595996141434,0.52,0.432
14321.596268961826,0.504,0.44
14321.59654178222,0.52,0.432
14321.596814602613,0.504,0.448
14321.597087423006,0.504,0.448
14321.5973602434,0.52,0.424
14321.597633063793,0.504,0.44
14321.597905884186,0.528,0.448
14321.59817870458,0.504,0.432
14321.598451524973,0.52,0.448
14321.598724345366,0.512,0.448
14321.59899716576,0.528,0.432
14321.599269986153,0.52,0.448
14321.599542806545,0.536,0.432
14321.59981562694,0.528,0.44
14321.600088447332,0.52,0.424
14321.600361267725,0.512,0.424
14321.60063408812,0.536,0.392
14321.600906908512,0.504,0.392
14321.601179728905,0.528,0.424
14321.6014525493,0.52,0.41600000000000004
14321.601725369692,0.504,0.44
14321.601998190084,0.504,0.448
14321.602271010479,0.52,0.432
14321.602543830872,0.504,0.432
14321.602816651264,0.52,0.448
14321.603089471659,0.504,0.432
14321.603362292051,0.536,0.44
14321.603635112444,0.536,0.448
14321.603907932838,0.512,0.432
14321.604180753231,0.528,0.448
14321.604453573624,0.512,0.432
14321.604726394018,0.52,0.448
14321.60499921441,0.504,0.4
14321.605272034803,0.504,0.384
14321.605544855198,0.528,0.40800000000000003
14321.60581767559,0.512,0.41600000000000004
14321.606090495983,0.536,0.448
14321.606363316378,0.52,0.448
14321.60663613677,0.504,0.41600000000000004
14321.606908957163,0.512,0.4
14321.607181777557,0.536,0.424
14321.60745459795,0.52,0.424
14321.607727418343,0.536,0.432
14321.608000238737,0.52,0.424
14321.60827305913,0.528,0.448
14321.608545879522,0.528,0.432
14321.608818699917,0.504,0.448
14321.60909152031,0.504,0.44
14321.609364340702,0.52,0.4
14321.609637161097,0.512,0.4
14321.60990998149,0.528,0.384
14321.610182801882,0.536,0.384
14321.610455622276,0.512,0.384
14321.610728442669,0.52,0.384
14321.611001263062,0.504,0.40800000000000003
14321.611274083456,0.504,0.41600000000000004
14321.611546903849,0.52,0.44
14321.611819724241,0.52,0.448
14321.612092544636,0.504,0.392
14321.612365365028,0.504,0.40800000000000003
14321.612638185421,0.528,0.384
14321.612911005815,0.52,0.384
14321.613183826208,0.504,0.40800000000000003
14321.6134566466,0.504,0.40800000000000003
14321.613729466995,0.528,0.432
14321.614002287388,0.504,0.44
14321.61427510778,0.52,0.424
14321.614547928175,0.512,0.432
14321.614820748568,0.528,0.392
14321.61509356896,0.52,0.4
14321.615366389355,0.528,0.384
14321.615639209747,0.528,0.384
14321.61591203014,0.504,0.392
14321.616184850534,0.52,0.384
14321.616457670927,0.504,0.392
14321.61673049132,0.528,0.392
14321.617003311714,0.504,0.432
14321.617276132107,0.512,0.424
14321.6175489525,0.504,0.392
14321.617821772894,0.512,0.4
14321.618094593287,0.536,0.432
14321.61836741368,0.528,0.432
14321.618640234074,0.512,0.40800000000000003
14321.618913054466,0.528,0.41600000000000004
14321.619185874859,0.504,0.384
14321.619458695253,0.512,0.384
14321.619731515646,0.536,0.41600000000000004
14321.620004336039,0.536,0.424
14321.620277156433,0.504,0.384
14321.620549976826,0.504,0.392
14321.620822797218,0.52,0.41600000000000004
14321.621095617613,0.512,0.432
14321.621368438005,0.536,0.4
14321.621641258398,0.536,0.4
14321.621914078793,0.52,0.384
14321.622186899185,0.52,0.384
14321.622459719578,0.536,0.392
14321.622732539972,0.536,0.384
14321.623005360365,0.52,0.392
14321.623278180758,0.52,0.392
14321.623551001152,0.528,0.424
14321.623823821545,0.528,0.424
14321.624096641937,0.512,0.41600000000000004
14321.624369462332,0.52,0.41600000000000004
14321.624642282724,0.504,0.384
14321.624915103117,0.504,0.384
14321.625187923511,0.528,0.41600000000000004
14321.625460743904,0.528,0.432
14321.625733564297,0.504,0.40800000000000003
14321.626006384691,0.504,0.384
14321.626279205084,0.52,0.40800000000000003
14321.626552025476,0.504,0.4
14321.626824845871,0.52,0.432
14321.627097666264,0.512,0.44
14321.627370486656,0.528,0.424
14321.62764330705,0.536,0.432
14321.627916127443,0.512,0.392
14321.628188947836,0.52,0.392
14321.62846176823,0.504,0.384
14321.628734588623,0.512,0.384
14321.629007409016,0.528,0.4
14321.62928022941,0.528,0.392
14321.629553049803,0.504,0.432
14321.629825870195,0.504,0.424
14321.63009869059,0.528,0.44
14321.630371510983,0.52,0.432
14321.630644331375,0.536,0.36
14321.63091715177,0.528,0.36
14321.631189972162,0.504,0.20800000000000002
14321.631462792555,0.496,0.192
14321.63173561295,0.528,0.07200000000000001
14321.632008433342,0.528,0.07200000000000001
14321.632281253735,0.504,0.016
14321.632554074129,0.512,0.016
14321.632826894522,0.504,0.0
14321.633099714914,0.504,-0.008
14321.633372535309,0.52,0.0
14321.633645355701,0.512,0.0
14321.633918176094,0.528,-0.008
14321.634190996489,0.528,0.0
14321.634463816881,0.504,-0.008
14321.634736637274,0.504,0.0
14321.635009457668,0.52,-0.008
14321.635282278061,0.504,0.0
14321.635555098454,0.52,-0.008
14321.635827918848,0.52,-0.008
14321.63610073924,0.504,0.0
14321.636373559633,0.504,0.0
14321.636646380028,0.528,-0.008
14321.63691920042,0.536,0.0
14321.637192020813,0.512,-0.008
14321.637464841207,0.52,0.0
14321.6377376616,0.504,-0.008
14321.638010481993,0.504,0.0
14321.638283302387,0.52,-0.008
14321.63855612278,0.504,0.0
14321.638828943172,0.52,-0.008
14321.639101763567,0.512,-0.008
14321.63937458396,0.528,0.0
14321.639647404352,0.528,0.0
14321.639920224747,0.512,-0.008
14321.64019304514,0.52,-0.008
14321.640465865532,0.536,0.0
14321.640738685926,0.536,0.0
14321.641011506319,0.52,-0.008
14321.641284326712,0.544,0.0
14321.641557147106,0.52,-0.008
14321.641829967499,0.528,0.0
14321.642102787891,0.536,-0.008
14321.642375608286,0.528,-0.008
14321.642648428679,0.52,0.0
14321.642921249071,0.528,-0.008
14321.643194069466,0.536,0.0
14321.643466889858,0.528,0.0
14321.64373971025,0.528,-0.008
14321.644012530645,0.52,0.0
14321.644285351038,0.544,-0.008
14321.64455817143,0.544,-0.008
14321.644830991825,0.52,0.0
14321.645103812218,0.52,0.0
14321.64537663261,0.536,-0.008
14321.645649453005,0.528,-0.008
14321.645922273397,0.544,0.0
14321.64619509379,0.536,0.0
14321.646467914185,0.52,-0.016
14321.646740734577,0.528,0.0
14321.64701355497,0.536,-0.016
14321.647286375364,0.544,0.0
14321.647559195757,0.52,-0.016
14321.64783201615,0.536,0.0
14321.648104836544,0.528,-0.008
14321.648377656937,0.536,0.0
14321.64865047733,0.52,-0.016
14321.648923297724,0.528,0.0
14321.649196118116,0.544,-0.016
14321.649468938509,0.544,-0.008
14321.649741758903,0.528,0.0
14321.650014579296,0.528,-0.008
14321.650287399689,0.544,0.0
14321.650560220083,0.528,0.0
14321.650833040476,0.544,-0.008
14321.651105860868,0.528,-0.008
14321.651378681263,0.536,0.0
14321.651651501656,0.528,0.0
14321.651924322048,0.536,-0.016
14321.652197142443,0.528,-0.008
14321.652469962835,0.544,0.0
14321.652742783228,0.528,-0.008
14321.653015603622,0.544,0.0
14321.653288424015,0.536,-0.008
14321.653561244408,0.52,0.0
14321.653834064802,0.528,0.0
14321.654106885195,0.544,-0.008
14321.654379705587,0.528,0.0
14321.654652525982,0.544,-0.016
14321.654925346375,0.536,0.0
14321.655198166767,0.52,-0.008
14321.655470987162,0.528,-0.008
14321.655743807554,0.544,0.0
14321.656016627947,0.528,-0.008
14321.656289448341,0.544,0.0
14321.656562268734,0.528,-0.008
14321.656835089127,0.536,0.0
14321.657107909521,0.52,0.0
14321.657380729914,0.544,-0.016
14321.657653550306,0.528,-0.008
14321.6579263707,0.544,0.0
14321.658199191093,0.528,-0.008
14321.658472011486,0.544,0.0
14321.65874483188,0.528,0.0
14321.659017652273,0.544,-0.008
14321.659290472666,0.528,0.0
14321.65956329306,0.536,-0.008
14321.659836113453,0.528,0.0
14321.660108933846,0.536,-0.016
14321.66038175424,0.536,-0.008
14321.660654574633,0.528,0.0
14321.660927395025,0.536,0.0
14321.66120021542,0.528,-0.008
14321.661473035812,0.528,0.0
14321.661745856205,0.544,-0.008
14321.6620186766,0.528,0.0
14321.662291496992,0.544,-0.008
14321.662564317385,0.528,0.0
14321.66283713778,0.544,-0.008
14321.663109958172,0.528,0.0
14321.663382778564,0.536,-0.008
14321.663655598959,0.528,0.0
14321.663928419352,0.536,-0.016
14321.664201239744,0.528,0.0
14321.664474060139,0.536,-0.008
14321.664746880531,0.528,0.0
14321.665019700924,0.544,-0.008
14321.665292521318,0.528,0.0
14321.665565341711,0.544,-0.016
14321.665838162104,0.528,-0.008
14321.666110982498,0.544,0.0
14321.66638380289,0.528,0.0
14321.666656623283,0.544,-0.008
14321.666929443678,0.528,0.0
14321.66720226407,0.544,-0.016
14321.667475084463,0.528,0.0
14321.667747904858,0.544,-0.008
14321.66802072525,0.528,-0.016
14321.668293545643,0.544,0.0
14321.668566366037,0.544,0.0
14321.66883918643,0.528,-0.016
14321.669112006823,0.528,-0.008
14321.669384827217,0.544,0.0
14321.66965764761,0.528,-0.008
14321.669930468002,0.544,0.0
14321.670203288397,0.528,0.0
14321.67047610879,0.536,-0.008
14321.670748929182,0.528,-0.016
14321.671021749577,0.536,0.0
14321.67129456997,0.528,0.0
14321.671567390362,0.536,-0.008
14321.671840210756,0.528,0.0
14321.672113031149,0.544,-0.016
14321.672385851542,0.528,0.0
14321.672658671936,0.544,-0.016
14321.672931492329,0.528,-0.016
14321.673204312721,0.536,0.0
14321.673477133116,0.528,-0.008
14321.673749953508,0.544,0.0
14321.674022773901,0.544,0.0
14321.674295594295,0.528,-0.016
14321.674568414688,0.528,-0.008
14321.67484123508,0.544,0.0
14321.675114055475,0.528,0.0
14321.675386875868,0.544,-0.008
14321.67565969626,0.528,-0.008
14321.675932516655,0.544,0.0
14321.676205337048,0.536,0.0
14321.67647815744,0.528,-0.008
14321.676750977835,0.544,0.0
14321.677023798227,0.528,-0.016
14321.67729661862,0.528,0.0
14321.677569439014,0.544,-0.008
14321.677842259407,0.536,0.0
14321.6781150798,0.52,-0.016
14321.678387900194,0.544,0.0
14321.678660720587,0.52,-0.008
14321.67893354098,0.528,0.0
14321.679206361374,0.512,-0.016
14321.679479181767,0.504,0.0
14321.67975200216,0.536,-0.016
14321.680024822554,0.536,-0.016
14321.680297642946,0.52,0.0
14321.680570463339,0.512,0.0
14321.680843283733,0.52,-0.008
14321.681116104126,0.512,0.0
14321.681388924519,0.52,-0.016
14321.681661744913,0.52,0.0
14321.681934565306,0.504,-0.016
14321.682207385698,0.504,-0.008
14321.682480206093,0.528,0.0
14321.682753026485,0.52,-0.008
14321.683025846878,0.536,0.0
14321.683298667273,0.52,-0.008
14321.683571487665,0.536,0.0
14321.683844308058,0.52,0.0
14321.684117128452,0.536,-0.016
14321.684389948845,0.52,0.0
14321.684662769238,0.536,-0.016
14321.684935589632,0.512,0.0
14321.685208410025,0.544,-0.016
14321.685481230417,0.536,-0.008
14321.685754050812,0.528,0.0
14321.686026871204,0.528,-0.016
14321.686299691597,0.544,0.0
14321.686572511991,0.528,0.0
14321.686845332384,0.544,-0.008
14321.687118152777,0.536,-0.008
14321.687390973171,0.528,0.0
14321.687663793564,0.52,0.0
14321.687936613956,0.544,-0.016
14321.688209434351,0.528,-0.008
14321.688482254744,0.536,0.0
14321.688755075136,0.528,0.0
14321.68902789553,0.536,-0.016
14321.689300715923,0.528,0.0
14321.689573536316,0.544,-0.016
14321.68984635671,0.528,0.0
14321.690119177103,0.544,-0.016
14321.690391997496,0.528,0.0
14321.69066481789,0.544,-0.016
14321.690937638283,0.544,0.0
14321.691210458675,0.528,-0.016
14321.69148327907,0.52,-0.008
14321.691756099463,0.544,0.0
14321.692028919855,0.544,0.0
14321.69230174025,0.528,-0.016
14321.692574560642,0.528,-0.008
14321.692847381035,0.544,0.0
14321.69312020143,0.528,0.0
14321.693393021822,0.544,-0.016
14321.693665842215,0.52,0.0
14321.693938662609,0.544,-0.016
14321.694211483002,0.536,0.0
14321.694484303394,0.52,-0.016
14321.694757123789,0.536,0.0
14321.695029944181,0.52,-0.016
14321.695302764574,0.536,-0.008
14321.695575584969,0.512,0.0
14321.695848405361,0.504,0.0
14321.696121225754,0.52,-0.016
14321.696394046148,0.52,0.0
14321.69666686654,0.536,-0.016
14321.696939686934,0.52,0.0
14321.697212507328,0.536,-0.016
14321.69748532772,0.544,0.0
14321.697758148113,0.512,-0.016
14321.698030968508,0.504,-0.008
14321.6983037889,0.52,0.0
14321.698576609293,0.52,-0.008
14321.698849429687,0.504,0.016
14321.69912225008,0.512,0.016
14321.699395070473,0.504,0.12
14321.699667890867,0.512,0.128
14321.69994071126,0.504,0.296
14321.700213531652,0.504,0.304
14321.700486352047,0.52,0.392
14321.70075917244,0.504,0.384
14321.701031992832,0.52,0.4
14321.701304813227,0.512,0.384
14321.70157763362,0.536,0.424
14321.701850454012,0.536,0.432
14321.702123274406,0.512,0.4
14321.702396094799,0.528,0.392
14321.702668915192,0.504,0.424
14321.702941735586,0.52,0.424
14321.703214555979,0.528,0.392
14321.703487376371,0.536,0.392
14321.703760196766,0.512,0.384
14321.704033017159,0.504,0.392
14321.704305837551,0.52,0.384
14321.704578657946,0.52,0.384
14321.704851478338,0.536,0.384
14321.70512429873,0.52,0.384
14321.705397119125,0.536,0.392
14321.705669939518,0.504,0.392
14321.70594275991,0.528,0.376
14321.706215580305,0.52,0.384
14321.706488400698,0.536,0.392
14321.70676122109,0.528,0.384
14321.707034041485,0.504,0.392
14321.707306861877,0.504,0.384
14321.70757968227,0.528,0.392
14321.707852502665,0.52,0.392
14321.708125323057,0.536,0.384
14321.70839814345,0.536,0.392
14321.708670963844,0.52,0.384
14321.708943784237,0.52,0.384
14321.70921660463,0.528,0.392
14321.709489425024,0.512,0.384
14321.709762245417,0.536,0.384
14321.71003506581,0.504,0.384
14321.710307886204,0.52,0.384
14321.710580706596,0.52,0.384
14321.710853526989,0.504,0.384
14321.711126347383,0.504,0.384
14321.711399167776,0.52,0.392
14321.711671988169,0.504,0.384
14321.711944808563,0.52,0.376
14321.712217628956,0.52,0.384
14321.712490449348,0.504,0.384
14321.712763269743,0.512,0.384
14321.713036090136,0.504,0.392
14321.713308910528,0.528,0.384
14321.713581730923,0.504,0.392
14321.713854551315,0.512,0.384
14321.714127371708,0.536,0.384
14321.714400192102,0.512,0.384
14321.714673012495,0.528,0.392
14321.714945832888,0.536,0.384
14321.715218653282,0.512,0.384
14321.715491473675,0.52,0.384
14321.715764294067,0.528,0.392
14321.716037114462,0.52,0.384
14321.716309934855,0.496,0.392
14321.716582755247,0.504,0.392
14321.716855575642,0.52,0.384
14321.717128396034,0.512,0.392
14321.717401216427,0.536,0.376
14321.717674036821,0.52,0.384
14321.717946857214,0.528,0.392
14321.718219677607,0.528,0.384
14321.718492498001,0.504,0.384
14321.718765318394,0.504,0.384
14321.719038138786,0.528,0.384
14321.71931095918,0.504,0.384
14321.719583779573,0.512,0.392
14321.719856599966,0.504,0.384
14321.72012942036,0.52,0.392
14321.720402240753,0.504,0.384
14321.720675061146,0.52,0.384
14321.72094788154,0.512,0.384
14321.721220701933,0.504,0.392
14321.721493522326,0.504,0.384
14321.72176634272,0.536,0.392
14321.722039163113,0.528,0.384
14321.722311983505,0.52,0.392
14321.7225848039,0.52,0.384
14321.722857624292,0.536,0.392
14321.723130444685,0.52,0.384
14321.72340326508,0.528,0.392
14321.723676085472,0.52,0.384
14321.723948905865,0.528,0.384
14321.72422172626,0.528,0.384
14321.724494546652,0.504,0.392
14321.724767367044,0.504,0.384
14321.725040187439,0.52,0.384
14321.725313007832,0.504,0.384
14321.725585828224,0.52,0.392
14321.725858648619,0.512,0.384
14321.726131469011,0.536,0.392
14321.726404289404,0.536,0.384
14321.726677109798,0.52,0.384
14321.726949930191,0.536,0.384
14321.727222750584,0.504,0.392
14321.727495570978,0.512,0.384
14321.72776839137,0.544,0.384
14321.728041211763,0.528,0.384
14321.728314032158,0.52,0.392
14321.72858685255,0.528,0.384
14321.728859672943,0.52,0.392
14321.729132493338,0.528,0.384
14321.72940531373,0.536,0.392
14321.729678134123,0.52,0.384
14321.729950954517,0.536,0.392
14321.73022377491,0.536,0.384
14321.730496595303,0.52,0.384
14321.730769415697,0.536,0.384
14321.73104223609,0.52,0.392
14321.731315056482,0.528,0.384
14321.731587876877,0.52,0.384
14321.73186069727,0.528,0.384
14321.732133517662,0.512,0.392
14321.732406338057,0.52,0.392
14321.73267915845,0.504,0.384
14321.732951978842,0.52,0.384
14321.733224799236,0.504,0.392
14321.733497619629,0.528,0.376
14321.733770440022,0.512,0.392
14321.734043260416,0.52,0.384
14321.734316080809,0.528,0.392
14321.734588901201,0.528,0.384
14321.734861721596,0.496,0.392
14321.735134541988,0.52,0.384
14321.735407362381,0.496,0.392
14321.735680182775,0.504,0.392
14321.735953003168,0.512,0.384
14321.73622582356,0.504,0.384
14321.736498643955,0.528,0.392
14321.736771464348,0.528,0.384
14321.73704428474,0.512,0.392
14321.737317105135,0.52,0.384
14321.737589925528,0.528,0.384
14321.73786274592,0.52,0.384
14321.738135566315,0.536,0.384
14321.738408386707,0.52,0.384
14321.7386812071,0.536,0.384
14321.738954027494,0.528,0.384
14321.739226847887,0.52,0.392
14321.73949966828,0.52,0.384
14321.739772488674,0.536,0.384
14321.740045309067,0.52,0.384
14321.74031812946,0.536,0.384
14321.740590949854,0.536,0.384
14321.740863770247,0.52,0.392
14321.74113659064,0.52,0.384
14321.741409411034,0.536,0.392
14321.741682231426,0.528,0.384
14321.741955051819,0.52,0.384
14321.742227872213,0.52,0.384
14321.742500692606,0.544,0.392
14321.742773512999,0.52,0.392
14321.743046333393,0.536,0.384
14321.743319153786,0.536,0.384
14321.743591974178,0.512,0.384
14321.743864794573,0.52,0.384
14321.744137614965,0.536,0.392
14321.744410435358,0.536,0.392
14321.744683255753,0.512,0.376
14321.744956076145,0.52,0.384
14321.745228896538,0.504,0.392
14321.745501716932,0.504,0.384
14321.745774537325,0.52,0.392
14321.746047357718,0.504,0.384
14321.746320178112,0.52,0.384
14321.746592998505,0.512,0.384
14321.746865818897,0.528,0.384
14321.747138639292,0.536,0.384
14321.747411459684,0.512,0.392
14321.747684280077,0.52,0.384
14321.747957100471,0.504,0.392
14321.748229920864,0.512,0.384
14321.748502741257,0.536,0.384
14321.748775561651,0.528,0.384
14321.749048382044,0.504,0.392
14321.749321202436,0.504,0.384
14321.749594022831,0.512,0.392
14321.749866843224,0.52,0.376
14321.750139663616,0.504,0.392
14321.75041248401,0.504,0.384
14321.750685304403,0.52,0.392
14321.750958124796,0.512,0.384
14321.75123094519,0.528,0.392
14321.751503765583,0.512,0.384
14321.751776585976,0.536,0.384
14321.75204940637,0.52,0.384
14321.752322226763,0.536,0.392
14321.752595047155,0.536,0.384
14321.75286786755,0.512,0.384
14321.753140687943,0.536,0.384
14321.753413508335,0.52,0.392
14321.75368632873,0.536,0.384
14321.753959149122,0.504,0.4
14321.754231969515,0.536,0.384
14321.75450478991,0.512,0.432
14321.754777610302,0.504,0.424
14321.755050430695,0.52,0.392
14321.755323251089,0.504,0.392
14321.755596071482,0.528,0.376
14321.755868891874,0.528,0.384
14321.756141712269,0.512,0.384
14321.756414532661,0.52,0.384
14321.756687353054,0.528,0.392
14321.756960173449,0.52,0.384
14321.757232993841,0.528,0.392
14321.757505814234,0.52,0.384
14321.757778634628,0.536,0.392
14321.75805145502,0.528,0.384
14321.758324275414,0.512,0.392
14321.758597095808,0.528,0.392
14321.7588699162,0.512,0.432
14321.759142736593,0.528,0.424
14321.759415556988,0.504,0.44
14321.75968837738,0.504,0.432
14321.759961197773,0.52,0.448
14321.760234018167,0.512,0.448
14321.76050683856,0.528,0.40800000000000003
14321.760779658953,0.52,0.40800000000000003
14321.761052479347,0.528,0.384
14321.76132529974,0.52,0.384
14321.761598120132,0.536,0.432
14321.761870940527,0.504,0.424
14321.76214376092,0.528,0.392
14321.762416581312,0.52,0.384
14321.762689401707,0.544,0.4
14321.7629622221,0.52,0.384
14321.763235042492,0.536,0.432
14321.763507862886,0.528,0.44
14321.763780683279,0.512,0.432
14321.764053503672,0.52,0.448
14321.764326324066,0.504,0.392
14321.764599144459,0.504,0.4
14321.764871964851,0.512,0.392
14321.765144785246,0.504,0.4
14321.765417605639,0.52,0.424
14321.765690426031,0.512,0.40800000000000003
14321.765963246426,0.528,0.384
14321.766236066818,0.512,0.392
14321.76650888721,0.536,0.376
14321.766781707605,0.528,0.392
14321.767054527998,0.504,0.352
14321.76732734839,0.512,0.34400000000000003
14321.767600168785,0.504,0.184
14321.767872989178,0.504,0.184
14321.76814580957,0.52,0.064
14321.768418629965,0.504,0.064
14321.768691450357,0.52,0.016
14321.76896427075,0.504,0.016
14321.769237091145,0.52,-0.008
14321.769509911537,0.504,0.008
14321.76978273193,0.52,-0.016
14321.770055552324,0.52,0.0
14321.770328372717,0.504,-0.016
14321.77060119311,0.512,0.0
14321.770874013504,0.504,-0.016
14321.771146833897,0.504,0.0
14321.77141965429,0.52,-0.016
14321.771692474684,0.512,0.0
14321.771965295076,0.536,-0.008
14321.772238115469,0.512,0.0
14321.772510935863,0.536,-0.008
14321.772783756256,0.536,-0.008
14321.773056576649,0.512,0.0
14321.773329397043,0.52,0.0
14321.773602217436,0.504,-0.008
14321.773875037828,0.504,-0.008
14321.774147858223,0.52,0.0
14321.774420678616,0.512,-0.008
14321.774693499008,0.504,0.0
14321.774966319403,0.52,0.0
14321.775239139795,0.504,-0.008
14321.775511960188,0.504,0.0
14321.775784780582,0.52,-0.008
14321.776057600975,0.504,-0.008
14321.776330421368,0.52,0.0
14321.776603241762,0.512,-0.008
14321.776876062155,0.528,0.0
14321.777148882547,0.512,-0.008
14321.777421702942,0.528,0.0
14321.777694523335,0.528,-0.008
14321.777967343727,0.504,0.0
14321.778240164122,0.504,0.0
14321.778512984514,0.52,-0.008
14321.778785804907,0.504,0.0
14321.779058625301,0.528,-0.008
14321.779331445694,0.52,0.0
14321.779604266087,0.536,-0.008
14321.779877086481,0.504,0.0
14321.780149906874,0.528,-0.008
14321.780422727266,0.528,-0.008
14321.78069554766,0.504,0.0
14321.780968368053,0.504,0.0
14321.781241188446,0.52,-0.008
14321.78151400884,0.504,-0.008
14321.781786829233,0.512,0.0
14321.782059649626,0.504,-0.008
14321.78233247002,0.52,0.0
14321.782605290413,0.504,0.0
14321.782878110806,0.52,-0.008
14321.7831509312,0.504,0.0
14321.783423751593,0.528,-0.008
14321.783696571985,0.512,0.0
14321.78396939238,0.528,-0.008
14321.784242212772,0.528,-0.008
14321.784515033165,0.512,0.0
14321.78478785356,0.496,-0.008
14321.785060673952,0.52,0.0
14321.785333494345,0.52,-0.008
14321.78560631474,0.504,0.0
14321.785879135132,0.504,-0.008
14321.786151955524,0.528,0.0
14321.786424775919,0.52,0.0
14321.786697596312,0.504,-0.008
14321.786970416704,0.504,-0.008
14321.787243237099,0.512,0.0
14321.787516057491,0.504,0.0
14321.787788877884,0.52,-0.008
14321.788061698278,0.536,0.0
14321.788334518671,0.512,-0.016
14321.788607339064,0.512,-0.008
14321.788880159458,0.528,0.0
14321.78915297985,0.52,0.0
14321.789425800243,0.536,-0.008
14321.789698620638,0.528,-0.008
14321.78997144103,0.52,0.0
14321.790244261423,0.52,0.0
14321.790517081818,0.536,-0.008
14321.79078990221,0.528,-0.008
14321.791062722603,0.536,0.0
14321.791335542997,0.52,0.0
14321.79160836339,0.536,-0.016
14321.791881183783,0.52,-0.016
14321.792154004177,0.536,0.0
14321.79242682457,0.536,0.0
14321.792699644962,0.52,-0.008
14321.792972465357,0.52,-0.008
14321.79324528575,0.536,0.0
14321.793518106142,0.544,0.0
14321.793790926537,0.52,-0.008
14321.79406374693,0.528,0.0
14321.794336567322,0.536,-0.008
14321.794609387716,0.536,0.0
14321.794882208109,0.52,-0.008
14321.795155028502,0.52,0.0
14321.795427848896,0.544,-0.008
14321.795700669289,0.536,-0.008
14321.795973489681,0.52,0.0
14321.796246310076,0.52,-0.008
14321.796519130468,0.536,0.0
14321.796791950861,0.528,0.0
14321.797064771255,0.504,-0.008
14321.797337591648,0.52,0.0
14321.79761041204,0.504,-0.008
14321.797883232435,0.504,-0.008
14321.798156052828,0.52,0.0
14321.79842887322,0.512,0.0
14321.798701693615,0.528,-0.008
14321.798974514008,0.528,0.0
14321.7992473344,0.504,-0.008
14321.799520154795,0.52,0.0
14321.799792975187,0.504,-0.016
14321.80006579558,0.512,-0.008
14321.800338615974,0.528,0.0
14321.800611436367,0.52,0.0
14321.80088425676,0.544,-0.008
14321.801157077154,0.536,-0.008
14321.801429897547,0.504,0.0
14321.80170271794,0.512,0.0
14321.801975538334,0.528,-0.008
14321.802248358727,0.536,0.0
14321.80252117912,0.52,-0.008
14321.802793999514,0.528,0.0
14321.803066819906,0.544,-0.016
14321.803339640299,0.52,0.0
14321.803612460693,0.544,-0.016
14321.803885281086,0.528,-0.016
14321.804158101479,0.544,0.0
14321.804430921873,0.528,-0.016
14321.804703742266,0.536,0.0
14321.804976562658,0.52,0.0
14321.805249383053,0.536,-0.008
14321.805522203445,0.528,-0.008
14321.805795023838,0.544,0.0
14321.806067844233,0.536,-0.008
14321.806340664625,0.52,0.0
14321.806613485018,0.528,0.0
14321.806886305412,0.544,-0.016
14321.807159125805,0.528,0.0
14321.807431946198,0.536,-0.008
14321.807704766592,0.528,-0.008
14321.807977586985,0.544,0.0
14321.808250407377,0.528,0.0
14321.808523227772,0.544,-0.016
14321.808796048164,0.528,0.0
14321.809068868557,0.544,-0.016
14321.809341688951,0.528,0.0
14321.809614509344,0.544,-0.016
14321.809887329737,0.528,0.0
14321.810160150131,0.544,-0.008
14321.810432970524,0.528,0.0
14321.810705790916,0.544,-0.016
14321.810978611311,0.528,0.0
14321.811251431704,0.544,-0.008
14321.811524252096,0.528,0.0
14321.81179707249,0.544,-0.016
14321.812069892883,0.528,-0.008
14321.812342713276,0.536,0.0
14321.81261553367,0.528,0.0
14321.812888354063,0.536,-0.008
14321.813161174456,0.536,0.0
14321.81343399485,0.52,-0.016
14321.813706815243,0.528,0.0
14321.813979635635,0.544,-0.016
14321.81425245603,0.528,0.0
14321.814525276423,0.536,-0.008
14321.814798096815,0.528,0.0
14321.81507091721,0.536,-0.008
14321.815343737602,0.528,0.0
14321.815616557995,0.544,-0.008
14321.81588937839,0.528,0.0
14321.816162198782,0.544,-0.016
14321.816435019175,0.528,0.0
14321.816707839569,0.536,-0.008
14321.816980659962,0.528,0.0
14321.817253480354,0.544,-0.016
14321.817526300749,0.528,0.0
14321.817799121141,0.536,-0.008
14321.818071941534,0.528,-0.008
14321.818344761929,0.544,0.0
14321.818617582321,0.52,0.0
14321.818890402714,0.544,-0.016
14321.819163223108,0.528,0.0
14321.8194360435,0.544,-0.008
14321.819708863894,0.528,0.0
14321.819981684288,0.544,-0.016
14321.82025450468,0.544,0.0
14321.820527325073,0.528,-0.008
14321.820800145468,0.528,0.0
14321.82107296586,0.536,-0.016
14321.821345786253,0.536,0.0
14321.821618606647,0.52,-0.008
14321.82189142704,0.528,0.0
14321.822164247433,0.512,-0.016
14321.822437067827,0.512,0.0
14321.82270988822,0.528,-0.008
14321.822982708612,0.52,0.0
14321.823255529007,0.536,-0.016
14321.8235283494,0.528,0.0
14321.823801169792,0.512,-0.016
14321.824073990187,0.536,0.0
14321.82434681058,0.52,-0.016
14321.824619630972,0.52,0.0
14321.824892451366,0.528,-0.008
14321.825165271759,0.536,0.0
14321.825438092152,0.512,-0.016
14321.825710912546,0.512,0.0
14321.825983732939,0.528,-0.016
14321.826256553331,0.52,0.0
14321.826529373726,0.504,-0.016
14321.826802194118,0.528,0.0
14321.827075014511,0.504,-0.016
14321.827347834906,0.528,0.0
14321.827620655298,0.52,-0.016
14321.82789347569,0.512,-0.016
14321.828166296085,0.528,0.0
14321.828439116478,0.52,0.0
14321.82871193687,0.536,-0.016
14321.828984757265,0.52,0.0
14321.829257577658,0.536,-0.016
14321.82953039805,0.52,-0.016
14321.829803218445,0.504,0.0
14321.830076038837,0.512,0.0
14321.83034885923,0.504,-0.008
14321.830621679625,0.512,0.0
14321.830894500017,0.536,-0.016
14321.83116732041,0.528,0.0
14321.831440140804,0.52,-0.016
14321.831712961197,0.528,0.0
14321.83198578159,0.504,-0.016
14321.832258601984,0.504,0.0
14321.832531422377,0.528,-0.016
14321.83280424277,0.536,0.0
14321.833077063164,0.512,-0.016
14321.833349883556,0.528,0.0
14321.833622703949,0.504,-0.016
14321.833895524343,0.52,0.0
14321.834168344736,0.504,-0.016
14321.834441165129,0.512,-0.016
14321.834713985523,0.528,0.0
14321.834986805916,0.52,-0.008
14321.835259626308,0.504,0.016
14321.835532446703,0.52,0.024
14321.835805267096,0.504,0.12
14321.836078087488,0.512,0.128
14321.836350907883,0.536,0.296
14321.836623728275,0.528,0.296
14321.836896548668,0.504,0.4
14321.837169369062,0.512,0.392
14321.837442189455,0.52,0.424
14321.837715009848,0.512,0.424
14321.837987830242,0.504,0.44
14321.838260650635,0.504,0.44
14321.838533471027,0.52,0.392
14321.838806291422,0.504,0.4
14321.839079111814,0.52,0.384
14321.839351932207,0.504,0.4
14321.839624752602,0.528,0.44
14321.839897572994,0.528,0.432
14321.840170393387,0.512,0.448
14321.840443213781,0.52,0.432
14321.840716034174,0.504,0.448
14321.840988854567,0.52,0.432
14321.841261674961,0.536,0.448
14321.841534495354,0.528,0.448
14321.841807315746,0.504,0.432
14321.84208013614,0.512,0.432
14321.842352956533,0.504,0.448
14321.842625776926,0.504,0.44
14321.84289859732,0.52,0.456
14321.843171417713,0.512,0.456
14321.843444238106,0.504,0.432
14321.8437170585,0.504,0.432
14321.843989878893,0.528,0.44
14321.844262699286,0.52,0.448
14321.84453551968,0.528,0.432
14321.844808340073,0.52,0.448
14321.845081160465,0.528,0.432
14321.84535398086,0.52,0.432
14321.845626801252,0.536,0.448
14321.845899621645,0.536,0.448
14321.84617244204,0.512,0.432
14321.846445262432,0.504,0.448
14321.846718082825,0.52,0.392
14321.84699090322,0.504,0.4
14321.847263723612,0.52,0.384
14321.847536544004,0.504,0.392
14321.847809364399,0.528,0.384
14321.848082184792,0.52,0.392
14321.848355005184,0.528,0.432
14321.848627825579,0.52,0.432
14321.848900645971,0.504,0.44
14321.849173466364,0.504,0.44
14321.849446286758,0.52,0.4
14321.849719107151,0.512,0.40800000000000003
14321.849991927544,0.52,0.384
14321.850264747938,0.504,0.384
14321.85053756833,0.512,0.40800000000000003
14321.850810388723,0.504,0.392
14321.851083209118,0.512,0.424
14321.85135602951,0.504,0.424
14321.851628849903,0.52,0.44
14321.851901670298,0.504,0.432
14321.85217449069,0.528,0.448
14321.852447311083,0.528,0.432
14321.852720131477,0.512,0.448
14321.85299295187,0.52,0.448
14321.853265772263,0.504,0.424
14321.853538592657,0.504,0.44
14321.85381141305,0.52,0.424
14321.854084233442,0.504,0.44
14321.854357053837,0.528,0.392
14321.85462987423,0.528,0.392
14321.854902694622,0.512,0.424
14321.855175515017,0.528,0.44
14321.85544833541,0.504,0.4
14321.855721155802,0.504,0.4
14321.855993976196,0.52,0.384
14321.856266796589,0.512,0.384
14321.856539616982,0.504,0.392
14321.856812437376,0.504,0.384
14321.857085257769,0.536,0.40800000000000003
14321.857358078161,0.512,0.41600000000000004
14321.857630898556,0.536,0.44
14321.857903718948,0.52,0.44
14321.858176539341,0.536,0.40800000000000003
14321.858449359735,0.536,0.40800000000000003
14321.858722180128,0.512,0.392
14321.85899500052,0.528,0.4
14321.859267820915,0.512,0.424
14321.859540641308,0.504,0.44
14321.8598134617,0.528,0.41600000000000004
14321.860086282095,0.52,0.41600000000000004
14321.860359102488,0.528,0.392
14321.86063192288,0.52,0.384
14321.860904743275,0.536,0.41600000000000004
14321.861177563667,0.528,0.424
14321.86145038406,0.504,0.4
14321.861723204454,0.512,0.4
14321.861996024847,0.504,0.392
14321.86226884524,0.504,0.392
14321.862541665634,0.536,0.41600000000000004
14321.862814486027,0.528,0.424
14321.86308730642,0.512,0.44
14321.863360126814,0.528,0.44
14321.863632947206,0.504,0.448
14321.8639057676,0.512,0.448
14321.864178587994,0.536,0.41600000000000004
14321.864451408386,0.536,0.40800000000000003
14321.864724228779,0.52,0.384
14321.864997049173,0.528,0.392
14321.865269869566,0.504,0.376
14321.865542689959,0.536,0.384
14321.865815510353,0.504,0.392
14321.866088330746,0.504,0.384
14321.866361151138,0.528,0.392
14321.866633971533,0.512,0.384
14321.866906791925,0.528,0.392
14321.867179612318,0.528,0.384
14321.867452432713,0.504,0.392
14321.867725253105,0.512,0.392
14321.867998073498,0.536,0.384
14321.868270893892,0.52,0.384
14321.868543714285,0.536,0.392
14321.868816534678,0.52,0.384
14321.869089355072,0.536,0.384
14321.869362175465,0.528,0.384
14321.869634995857,0.504,0.384
14321.869907816252,0.512,0.384
14321.870180636644,0.528,0.392
14321.870453457037,0.536,0.384
14321.870726277431,0.52,0.392
14321.870999097824,0.536,0.384
14321.871271918217,0.52,0.392
14321.871544738611,0.536,0.384
14321.871817559004,0.52,0.392
14321.872090379396,0.52,0.384
14321.872363199791,0.528,0.384
14321.872636020184,0.52,0.384
14321.872908840576,0.528,0.392
14321.87318166097,0.536,0.384
14321.873454481363,0.504,0.392
14321.873727301756,0.512,0.384
14321.87400012215,0.536,0.392
14321.874272942543,0.528,0.384
14321.874545762936,0.512,0.392
14321.87481858333,0.504,0.384
14321.875091403723,0.528,0.392
14321.875364224115,0.504,0.392
14321.87563704451,0.52,0.384
14321.875909864902,0.528,0.384
14321.876182685295,0.512,0.392
14321.87645550569,0.512,0.392
14321.876728326082,0.528,0.384
14321.877001146475,0.52,0.384
14321.87727396687,0.504,0.392
14321.877546787262,0.504,0.384
14321.877819607655,0.528,0.392
14321.878092428049,0.52,0.384
14321.878365248442,0.536,0.392
14321.878638068834,0.528,0.392
14321.878910889229,0.504,0.384
14321.879183709621,0.512,0.384
14321.879456530014,0.536,0.384
14321.879729350409,0.536,0.384
14321.880002170801,0.52,0.384
14321.880274991194,0.536,0.384
14321.880547811588,0.52,0.384
14321.88082063198,0.528,0.384
14321.881093452374,0.536,0.392
14321.881366272768,0.544,0.384
14321.88163909316,0.52,0.384
14321.881911913553,0.528,0.384
14321.882184733948,0.544,0.392
14321.88245755434,0.528,0.384
14321.882730374733,0.544,0.392
14321.883003195127,0.528,0.384
14321.88327601552,0.544,0.392
14321.883548835913,0.528,0.384
14321.883821656307,0.544,0.384
14321.893119573593,0.504,-0.016
14321.893362542192,0.52,-0.008
14321.893605510792,0.504,-0.016
14321.89384847939,0.52,-0.008
14321.89409144799,0.504,-0.008
14321.894334416587,0.528,-0.016
14321.894577385186,0.52,-0.008
14321.894820353786,0.528,-0.016
14321.895063322385,0.512,-0.008
14321.895306290984,0.528,-0.016
14321.895549259583,0.52,-0.016
14321.895792228182,0.536,-0.008
14321.896035196782,0.536,-0.016
14321.89627816538,0.504,0.0
14321.89652113398,0.512,-0.016
14321.896764102577,0.504,-0.008
14321.897007071177,0.52,-0.016
14321.897250039776,0.504,-0.008
14321.897493008375,0.504,-0.016
14321.897735976974,0.52,0.0
14321.897978945573,0.52,-0.008
14321.898221914173,0.536,0.024
14321.898464882772,0.528,0.024
14321.898707851371,0.504,0.152
14321.898950819968,0.512,0.16
14321.899193788568,0.536,0.296
14321.899436757167,0.52,0.304
14321.899679725766,0.544,0.34400000000000003
14321.899922694365,0.536,0.336
14321.900165662964,0.52,0.368
14321.900408631564,0.528,0.36
14321.900651600163,0.52,0.41600000000000004
14321.900894568762,0.52,0.424
14321.90113753736,0.536,0.4
14321.901380505959,0.528,0.4
14321.901623474558,0.544,0.376
14321.901866443157,0.528,0.368
14321.902109411756,0.52,0.4
14321.902352380355,0.536,0.4
14321.902595348954,0.52,0.41600000000000004
14321.902838317554,0.52,0.432
14321.903081286153,0.536,0.41600000000000004
14321.903324254752,0.544,0.41600000000000004
14321.90356722335,0.528,0.432
14321.903810191949,0.544,0.41600000000000004
14321.904053160548,0.52,0.392
14321.904296129147,0.528,0.392
14321.904539097746,0.544,0.368
14321.904782066345,0.536,0.368
14321.905025034945,0.52,0.384
14321.905268003544,0.52,0.384
14321.905510972143,0.536,0.41600000000000004
14321.90575394074,0.536,0.392
14321.90599690934,0.528,0.368
14321.906239877939,0.536,0.376
14321.906482846538,0.52,0.40800000000000003
14321.906725815137,0.528,0.40800000000000003
14321.906968783736,0.544,0.424
14321.907211752336,0.536,0.41600000000000004
14321.907454720935,0.52,0.432
14321.907697689534,0.52,0.432
14321.907940658131,0.544,0.41600000000000004
14321.90818362673,0.528,0.432
14321.90842659533,0.536,0.41600000000000004
14321.908669563929,0.528,0.424
14321.908912532528,0.536,0.41600000000000004
14321.909155501127,0.528,0.432
14321.909398469727,0.536,0.384
14321.909641438326,0.528,0.392
14321.909884406925,0.544,0.368
14321.910127375524,0.528,0.368
14321.910370344121,0.544,0.4
14321.91061331272,0.528,0.40800000000000003
14321.91085628132,0.544,0.424
14321.911099249919,0.528,0.40800000000000003
14321.911342218518,0.544,0.424
14321.911585187117,0.528,0.41600000000000004
14321.911828155717,0.544,0.432
14321.912071124316,0.528,0.424
14321.912314092915,0.544,0.376
14321.912557061512,0.528,0.376
14321.912800030112,0.544,0.392
14321.91304299871,0.528,0.392
14321.91328596731,0.544,0.376
14321.91352893591,0.528,0.376
14321.913771904508,0.544,0.368
14321.914014873108,0.536,0.368
14321.914257841707,0.528,0.392
14321.914500810306,0.528,0.392
14321.914743778905,0.544,0.424
14321.914986747503,0.528,0.41600000000000004
14321.915229716102,0.536,0.432
14321.915472684701,0.528,0.424
14321.9157156533,0.544,0.40800000000000003
14321.9159586219,0.528,0.424
14321.916201590499,0.544,0.4
14321.916444559098,0.528,0.41600000000000004
14321.916687527697,0.544,0.424
14321.916930496296,0.528,0.41600000000000004
14321.917173464893,0.544,0.432
14321.917416433493,0.536,0.41600000000000004
14321.917659402092,0.52,0.432
14321.917902370691,0.528,0.432
14321.91814533929,0.536,0.40800000000000003
14321.91838830789,0.528,0.41600000000000004
14321.918631276489,0.536,0.432
14321.918874245088,0.528,0.432
14321.919117213687,0.544,0.41600000000000004
14321.919360182284,0.528,0.41600000000000004
14321.919603150884,0.544,0.432
14321.919846119483,0.528,0.41600000000000004
14321.920089088082,0.544,0.432
14321.920332056681,0.528,0.432
14321.92057502528,0.544,0.392
14321.92081799388,0.528,0.4
14321.921060962479,0.544,0.384
14321.921303931078,0.528,0.4
14321.921546899677,0.536,0.368
14321.921789868275,0.544,0.384
14321.922032836874,0.52,0.368
14321.922275805473,0.528,0.384
14321.922518774072,0.536,0.40800000000000003
14321.922761742671,0.528,0.40800000000000003
14321.92300471127,0.544,0.424
14321.92324767987,0.528,0.41600000000000004
14321.923490648469,0.544,0.40800000000000003
14321.923733617068,0.544,0.40800000000000003
14321.923976585666,0.52,0.424
14321.924219554265,0.52,0.432
14321.924462522864,0.536,0.40800000000000003
14321.924705491463,0.528,0.424
14321.924948460062,0.512,0.376
14321.925191428661,0.52,0.384
14321.92543439726,0.504,0.368
14321.92567736586,0.512,0.392
14321.925920334459,0.536,0.41600000000000004
14321.926163303056,0.536,0.424
14321.926406271656,0.512,0.4
14321.926649240255,0.528,0.4
14321.926892208854,0.512,0.376
14321.927135177453,0.52,0.376
14321.927378146052,0.504,0.368
14321.927621114652,0.52,0.376
14321.92786408325,0.504,0.4
14321.92810705185,0.504,0.40800000000000003
14321.92835002045,0.528,0.376
14321.928592989047,0.504,0.376
14321.928835957646,0.52,0.41600000000000004
14321.929078926245,0.512,0.384
14321.929321894844,0.536,0.41600000000000004
14321.929564863443,0.536,0.4
14321.929807832043,0.512,0.41600000000000004
14321.930050800642,0.512,0.424
14321.930293769241,0.536,0.392
14321.93053673784,0.536,0.4
14321.930779706438,0.512,0.376
14321.931022675037,0.504,0.392
14321.931265643636,0.52,0.368
14321.931508612235,0.504,0.376
14321.931751580834,0.528,0.40800000000000003
14321.931994549434,0.52,0.4
14321.932237518033,0.504,0.368
14321.932480486632,0.512,0.376
14321.932723455231,0.528,0.368
14321.93296642383,0.52,0.368
14321.933209392428,0.504,0.368
14321.933452361027,0.512,0.368
14321.933695329626,0.528,0.376
14321.933938298225,0.528,0.368
14321.934181266824,0.504,0.368
14321.934424235424,0.504,0.368
14321.934667204023,0.528,0.384
14321.934910172622,0.536,0.384
14321.935153141221,0.512,0.41600000000000004
14321.935396109819,0.52,0.40800000000000003
14321.935639078418,0.504,0.424
14321.935882047017,0.512,0.41600000000000004
14321.936125015616,0.504,0.432
14321.936367984215,0.512,0.40800000000000003
14321.936610952815,0.528,0.376
14321.936853921414,0.52,0.376
14321.937096890013,0.536,0.392
14321.937339858612,0.52,0.392
14321.93758282721,0.536,0.40800000000000003
14321.937825795809,0.528,0.40800000000000003
14321.938068764408,0.504,0.368
14321.938311733007,0.512,0.376
14321.938554701606,0.528,0.368
14321.938797670206,0.536,0.368
14321.939040638805,0.52,0.368
14321.939283607404,0.536,0.368
14321.939526576003,0.504,0.376
14321.939769544602,0.52,0.368
14321.9400125132,0.504,0.368
14321.940255481799,0.504,0.368
14321.940498450398,0.52,0.368
14321.940741418997,0.52,0.368
14321.940984387596,0.528,0.368
14321.941227356196,0.544,0.368
14321.941470324795,0.512,0.376
14321.941713293394,0.536,0.368
14321.941956261993,0.504,0.376
14321.94219923059,0.512,0.368
14321.94244219919,0.528,0.368
14321.942685167789,0.504,0.368
14321.942928136388,0.52,0.368
14321.943171104987,0.504,0.368
14321.943414073587,0.52,0.368
14321.943657042186,0.52,0.368
14321.943900010785,0.504,0.376
14321.944142979384,0.52,0.368
14321.944385947982,0.504,0.368
14321.94462891658,0.504,0.368
14321.94487188518,0.512,0.368
14321.94511485378,0.504,0.368
14321.945357822378,0.52,0.376
14321.945600790978,0.512,0.368
14321.945843759577,0.528,0.376
14321.946086728176,0.528,0.368
14321.946329696775,0.512,0.376
14321.946572665374,0.504,0.368
14321.946815633972,0.52,0.376
14321.94705860257,0.504,0.368
14321.94730157117,0.52,0.368
14321.94754453977,0.512,0.368
14321.947787508368,0.528,0.368
14321.948030476968,0.536,0.368
14321.948273445567,0.504,0.368
14321.948516414166,0.504,0.368
14321.948759382765,0.52,0.368
14321.949002351363,0.528,0.368
14321.949245319962,0.504,0.376
14321.949488288561,0.504,0.368
14321.94973125716,0.52,0.368
14321.94997422576,0.504,0.368
14321.950217194359,0.52,0.376
14321.950460162958,0.504,0.368
14321.950703131557,0.528,0.368
14321.950946100156,0.52,0.368
14321.951189068755,0.536,0.368
14321.951432037353,0.528,0.368
14321.951675005952,0.504,0.368
14321.951917974551,0.504,0.368
14321.95216094315,0.528,0.368
14321.95240391175,0.512,0.368
14321.952646880349,0.536,0.368
14321.952889848948,0.536,0.368
14321.953132817547,0.512,0.376
14321.953375786146,0.512,0.368
14321.953618754744,0.504,0.368
14321.953861723343,0.504,0.368
14321.954104691942,0.52,0.36
14321.954347660541,0.504,0.368
14321.95459062914,0.512,0.368
14321.95483359774,0.504,0.368
14321.955076566339,0.528,0.368
14321.955319534938,0.52,0.368
14321.955562503537,0.528,0.368
14321.955805472135,0.528,0.368
14321.956048440734,0.504,0.376
14321.956291409333,0.512,0.368
14321.956534377932,0.528,0.368
14321.956777346531,0.512,0.368
14321.95702031513,0.528,0.368
14321.95726328373,0.528,0.368
14321.957506252329,0.504,0.368
14321.957749220928,0.504,0.368
14321.957992189527,0.52,0.36
14321.958235158125,0.512,0.368
14321.958478126724,0.536,0.352
14321.958721095323,0.536,0.352
14321.958964063922,0.504,0.28
14321.959207032522,0.528,0.272
14321.95945000112,0.504,0.136
14321.95969296972,0.504,0.128
14321.95993593832,0.512,0.032
14321.960178906918,0.504,0.04
14321.960421875516,0.528,0.0
14321.960664844115,0.536,0.008
14321.960907812714,0.512,-0.008
14321.961150781313,0.528,0.0
14321.961393749913,0.504,-0.008
14321.961636718512,0.504,0.0
14321.961879687111,0.52,-0.016
14321.96212265571,0.512,0.0
14321.96236562431,0.52,-0.016
14321.962608592907,0.52,0.0
14321.962851561506,0.504,-0.016
14321.963094530105,0.504,-0.016
14321.963337498704,0.528,0.0
14321.963580467303,0.52,-0.016
14321.963823435903,0.536,0.0
14321.964066404502,0.52,-0.016
14321.964309373101,0.536,0.0
14321.9645523417,0.52,0.0
14321.9647953103,0.536,-0.016
14321.965038278897,0.52,0.0
14321.965281247496,0.544,-0.016
14321.965524216095,0.536,-0.016
14321.965767184694,0.52,0.0
14321.966010153294,0.52,0.0
14321.966253121893,0.544,-0.016
14321.966496090492,0.52,-0.016
14321.966739059091,0.536,0.0
14321.96698202769,0.536,0.0
14321.967224996288,0.52,-0.016
14321.967467964887,0.536,0.0
14321.967710933486,0.52,-0.016
14321.967953902085,0.544,0.0
14321.968196870685,0.52,-0.016
14321.968439839284,0.536,-0.016
14321.968682807883,0.528,0.0
14321.968925776482,0.528,-0.016
14321.969168745081,0.536,0.0
14321.96941171368,0.528,0.0
14321.969654682278,0.536,-0.016
14321.969897650877,0.52,0.0
14321.970140619476,0.544,-0.016
14321.970383588075,0.52,-0.016
14321.970626556675,0.544,0.0
14321.970869525274,0.528,0.0
14321.971112493873,0.536,-0.016
14321.971355462472,0.528,-0.016
14321.971598431071,0.536,0.0
14321.971841399669,0.528,-0.008
14321.972084368268,0.544,-0.016
14321.972327336867,0.544,-0.016
14321.972570305466,0.52,0.0
14321.972813274066,0.528,-0.016
14321.973056242665,0.536,0.0
14321.973299211264,0.528,-0.016
14321.973542179863,0.544,0.0
14321.973785148462,0.528,-0.016
14321.97402811706,0.536,0.0
14321.974271085659,0.528,-0.016
14321.974514054258,0.544,0.0
14321.974757022857,0.536,-0.016
14321.974999991457,0.52,0.0
14321.975242960056,0.544,-0.016
14321.975485928655,0.52,0.0
14321.975728897254,0.528,-0.008
14321.975971865853,0.536,-0.016
14321.976214834453,0.528,-0.008
14321.97645780305,0.536,-0.016
14321.97670077165,0.528,-0.008
14321.976943740248,0.536,-0.016
14321.977186708848,0.528,-0.016
14321.977429677447,0.544,-0.008
14321.977672646046,0.528,-0.016
14321.977915614645,0.544,0.0
14321.978158583244,0.528,-0.008
14321.978401551843,0.544,-0.016
14321.97864452044,0.528,-0.008
14321.97888748904,0.544,-0.016
14321.97913045764,0.528,-0.016
14321.979373426238,0.536,0.0
14321.979616394838,0.528,-0.008
14321.979859363437,0.544,-0.016
14321.980102332036,0.544,-0.008
14321.980345300635,0.52,-0.016
14321.980588269234,0.528,-0.016
14321.980831237832,0.544,0.0
14321.981074206431,0.528,-0.016
14321.98131717503,0.536,0.0
14321.98156014363,0.528,-0.008
14321.981803112229,0.544,-0.016
14321.982046080828,0.528,-0.016
14321.982289049427,0.544,-0.008
14321.982532018026,0.528,-0.008
14321.982774986625,0.544,-0.016
14321.983017955225,0.528,0.0
14321.983260923822,0.536,-0.016
14321.983503892421,0.528,-0.016
14321.98374686102,0.544,-0.008
14321.98398982962,0.528,-0.016
14321.984232798219,0.536,-0.008
14321.984475766818,0.536,-0.016
14321.984718735417,0.528,-0.008
14321.984961704016,0.536,-0.016
14321.985204672616,0.52,0.0
14321.985447641213,0.528,-0.016
14321.985690609812,0.544,-0.008
14321.985933578411,0.528,0.0
14321.98617654701,0.544,-0.016
14321.98641951561,0.528,-0.016
14321.986662484209,0.544,0.0
14321.986905452808,0.528,-0.016
14321.987148421407,0.544,0.0
14321.987391390006,0.528,-0.016
14321.987634358606,0.544,-0.008
14321.987877327203,0.528,-0.008
14321.988120295802,0.544,-0.016
14321.988363264401,0.528,-0.016
14321.988606233,0.544,-0.008
14321.9888492016,0.528,-0.008
14321.989092170199,0.536,-0.016
14321.989335138798,0.528,-0.016
14321.989578107397,0.544,0.0
14321.989821075997,0.544,-0.016
14321.990064044594,0.52,0.0
14321.990307013193,0.528,-0.016
14321.990549981792,0.544,-0.008
14321.990792950392,0.528,-0.016
14321.99103591899,0.544,0.0
14321.99127888759,0.528,-0.016
14321.99152185619,0.536,0.0
14321.991764824788,0.528,-0.016
14321.992007793388,0.544,0.0
14321.992250761985,0.528,-0.016
14321.992493730584,0.544,0.0
14321.992736699183,0.528,0.0
14321.992979667782,0.544,-0.016
14321.993222636382,0.528,-0.016
14321.99346560498,0.544,-0.008
14321.99370857358,0.528,-0.008
14321.99395154218,0.536,-0.016
14321.994194510778,0.528,-0.008
14321.994437479378,0.536,-0.016
14321.994680447975,0.528,-0.008
14321.994923416574,0.536,-0.016
14321.995166385173,0.528,-0.008
14321.995409353773,0.544,-0.016
14321.995652322372,0.528,-0.016
14321.995895290971,0.536,-0.008
14321.99613825957,0.528,-0.008
14321.99638122817,0.544,-0.016
14321.996624196769,0.528,-0.016
14321.996867165366,0.544,-0.008
14321.997110133965,0.528,-0.016
14321.997353102564,0.544,0.0
14321.997596071164,0.528,-0.008
14321.997839039763,0.536,-0.016
14321.998082008362,0.528,-0.016
14321.998324976961,0.544,-0.008
14321.99856794556,0.528,-0.016
14321.99881091416,0.536,-0.008
14321.999053882757,0.528,-0.016
14321.999296851356,0.536,-0.008
14321.999539819955,0.528,-0.016
14321.999782788555,0.544,-0.008
14322.000025757154,0.528,-0.016
14322.000268725753,0.544,0.0
14322.000511694352,0.528,-0.016
14322.000754662951,0.544,-0.008
14322.00099763155,0.528,-0.016
14322.00124060015,0.536,-0.008
14322.001483568747,0.528,-0.008
14322.001726537346,0.536,-0.016
14322.001969505945,0.528,-0.016
14322.002212474545,0.544,0.0
14322.002455443144,0.528,-0.016
14322.002698411743,0.544,0.0
14322.002941380342,0.536,-0.016
14322.003184348941,0.528,-0.008
14322.00342731754,0.528,-0.016
14322.003670286138,0.544,-0.008
14322.003913254737,0.528,-0.016
14322.004156223336,0.544,-0.008
14322.004399191936,0.544,-0.016
14322.004642160535,0.52,-0.008
14322.004885129134,0.528,-0.008
14322.005128097733,0.544,-0.016
14322.005371066332,0.536,-0.008
14322.005614034932,0.528,-0.016
14322.00585700353,0.528,-0.008
14322.006099972128,0.544,-0.016
14322.006342940727,0.528,-0.016
14322.006585909327,0.536,-0.008
14322.006828877926,0.544,-0.016
14322.007071846525,0.52,0.0
14322.007314815124,0.52,-0.016
14322.007557783723,0.536,0.0
14322.007800752323,0.528,-0.008
14322.008043720922,0.52,-0.016
14322.008286689519,0.536,-0.016
14322.008529658118,0.512,0.0
14322.008772626717,0.504,-0.008
14322.009015595317,0.52,-0.016
14322.009258563916,0.52,-0.008
14322.009501532515,0.504,-0.016
14322.009744501114,0.512,-0.008
14322.009987469713,0.504,-0.016
14322.010230438313,0.504,-0.008
14322.01047340691,0.52,-0.016
14322.01071637551,0.504,-0.008
14322.010959344108,0.52,-0.016
14322.011202312708,0.512,-0.016
14322.011445281307,0.536,-0.008
14322.011688249906,0.52,-0.016
14322.011931218505,0.536,-0.008
14322.012174187104,0.52,-0.016
14322.012417155704,0.528,-0.008
14322.012660124303,0.52,-0.016
14322.0129030929,0.536,0.0
14322.0131460615,0.52,-0.008
14322.013389030099,0.536,-0.016
14322.013631998698,0.536,0.0
14322.013874967297,0.504,-0.016
14322.014117935896,0.504,-0.016
14322.014360904495,0.52,0.0
14322.014603873095,0.504,-0.016
14322.014846841694,0.52,0.0
14322.015089810291,0.52,-0.016
14322.01533277889,0.504,0.0
14322.01557574749,0.504,-0.016
14322.015818716089,0.52,0.0
14322.016061684688,0.52,-0.016
14322.016304653287,0.536,0.0
14322.016547621886,0.52,-0.008
14322.016790590485,0.536,-0.016
14322.017033559085,0.52,-0.008
14322.017276527682,0.536,-0.016
14322.017519496281,0.536,-0.016
14322.01776246488,0.504,-0.008
14322.01800543348,0.504,-0.016
14322.018248402079,0.52,-0.008
14322.018491370678,0.512,-0.016
14322.018734339277,0.504,0.0
14322.018977307876,0.504,-0.016
14322.019220276476,0.512,0.0
14322.019463245075,0.504,-0.008
14322.019706213672,0.512,0.024
14322.019949182271,0.504,0.032
14322.02019215087,0.52,0.136
14322.02043511947,0.512,0.14400000000000002
14322.020678088069,0.504,0.272
14322.020921056668,0.504,0.28800000000000003
14322.021164025267,0.512,0.392
14322.021406993867,0.504,0.384
14322.021649962466,0.52,0.424
14322.021892931063,0.504,0.424
14322.022135899662,0.512,0.40800000000000003
14322.022378868262,0.504,0.40800000000000003
14322.02262183686,0.512,0.432
14322.02286480546,0.504,0.41600000000000004
14322.02310777406,0.52,0.424
14322.023350742658,0.504,0.41600000000000004
14322.023593711257,0.52,0.41600000000000004
14322.023836679857,0.512,0.41600000000000004
14322.024079648456,0.528,0.432
14322.024322617053,0.512,0.41600000000000004
14322.024565585652,0.536,0.424
14322.024808554252,0.528,0.41600000000000004
14322.02505152285,0.52,0.368
14322.02529449145,0.536,0.376
14322.02553746005,0.52,0.368
14322.025780428648,0.536,0.368
14322.026023397248,0.512,0.376
14322.026266365847,0.52,0.36
14322.026509334444,0.504,0.376
14322.026752303043,0.504,0.368
14322.026995271643,0.512,0.368
14322.027238240242,0.504,0.368
14322.027481208841,0.52,0.368
14322.02772417744,0.504,0.368
14322.02796714604,0.512,0.36
14322.028210114639,0.512,0.368
14322.028453083238,0.504,0.36
14322.028696051835,0.504,0.368
14322.028939020434,0.52,0.376
14322.029181989034,0.512,0.368
14322.029424957633,0.536,0.368
14322.029667926232,0.528,0.368
14322.029910894831,0.512,0.376
14322.03015386343,0.504,0.376
14322.03039683203,0.52,0.368
14322.030639800629,0.512,0.384
14322.030882769228,0.536,0.40800000000000003
14322.031125737825,0.512,0.40800000000000003
14322.031368706424,0.528,0.368
14322.031611675024,0.52,0.376
14322.031854643623,0.528,0.368
14322.032097612222,0.528,0.376
14322.032340580821,0.512,0.40800000000000003
14322.03258354942,0.504,0.4
14322.03282651802,0.52,0.384
14322.033069486619,0.512,0.392
14322.033312455216,0.536,0.40800000000000003
14322.033555423815,0.528,0.392
14322.033798392415,0.512,0.40800000000000003
14322.034041361014,0.52,0.40800000000000003
14322.034284329613,0.528,0.424
14322.034527298212,0.528,0.40800000000000003
14322.034770266811,0.512,0.424
14322.03501323541,0.52,0.41600000000000004
14322.03525620401,0.504,0.432
14322.035499172607,0.504,0.424
14322.035742141206,0.52,0.41600000000000004
14322.035985109806,0.504,0.41600000000000004
14322.036228078405,0.528,0.424
14322.036471047004,0.528,0.432
14322.036714015603,0.504,0.41600000000000004
14322.036956984202,0.504,0.41600000000000004
14322.037199952802,0.528,0.432
14322.0374429214,0.512,0.41600000000000004
14322.03768589,0.536,0.432
14322.037928858597,0.528,0.432
14322.038171827196,0.512,0.41600000000000004
14322.038414795796,0.512,0.41600000000000004
14322.038657764395,0.528,0.432
14322.038900732994,0.52,0.41600000000000004
14322.039143701593,0.504,0.384
14322.039386670192,0.504,0.392
14322.039629638792,0.52,0.376
14322.03987260739,0.504,0.392
14322.040115575988,0.52,0.424
14322.040358544587,0.52,0.424
14322.040601513187,0.504,0.384
14322.040844481786,0.512,0.384
14322.041087450385,0.528,0.368
14322.041330418984,0.512,0.368
14322.041573387583,0.536,0.384
14322.041816356183,0.528,0.376
14322.042059324782,0.504,0.41600000000000004
14322.042302293381,0.504,0.40800000000000003
14322.042545261978,0.528,0.432
14322.042788230578,0.528,0.41600000000000004
14322.043031199177,0.512,0.392
14322.043274167776,0.52,0.392
14322.043517136375,0.536,0.424
14322.043760104974,0.512,0.41600000000000004
14322.044003073574,0.536,0.432
14322.044246042173,0.504,0.432
14322.044489010772,0.528,0.4
14322.04473197937,0.536,0.4
14322.044974947969,0.512,0.376
14322.045217916568,0.528,0.376
14322.045460885167,0.504,0.40800000000000003
14322.045703853766,0.504,0.40800000000000003
14322.045946822365,0.52,0.424
14322.046189790964,0.504,0.424
14322.046432759564,0.528,0.384
14322.046675728163,0.528,0.392
14322.04691869676,0.504,0.368
14322.04716166536,0.512,0.376
14322.047404633959,0.504,0.368
14322.047647602558,0.504,0.368
14322.047890571157,0.512,0.4
14322.048133539756,0.504,0.41600000000000004
14322.048376508355,0.52,0.4
14322.048619476955,0.504,0.4
14322.048862445554,0.52,0.368
14322.049105414153,0.504,0.368
14322.04934838275,0.528,0.376
14322.04959135135,0.512,0.376
14322.049834319949,0.536,0.41600000000000004
14322.050077288548,0.512,0.424
14322.050320257147,0.528,0.40800000000000003
14322.050563225746,0.528,0.41600000000000004
14322.050806194346,0.512,0.432
14322.051049162945,0.504,0.424
14322.051292131544,0.52,0.376
14322.051535100141,0.512,0.384
14322.05177806874,0.504,0.376
14322.05202103734,0.504,0.368
14322.052264005939,0.512,0.392
14322.052506974538,0.504,0.392
14322.052749943137,0.512,0.424
14322.052992911737,0.504,0.41600000000000004
14322.053235880336,0.52,0.376
14322.053478848935,0.512,0.376
14322.053721817532,0.528,0.41600000000000004
14322.053964786131,0.512,0.41600000000000004
14322.05420775473,0.528,0.368
14322.05445072333,0.528,0.384
14322.054693691929,0.504,0.368
14322.054936660528,0.504,0.368
14322.055179629127,0.52,0.40800000000000003
14322.055422597727,0.512,0.41600000000000004
14322.055665566326,0.528,0.384
14322.055908534925,0.528,0.384
14322.056151503522,0.512,0.392
14322.056394472122,0.52,0.384
14322.05663744072,0.504,0.376
14322.05688040932,0.504,0.376
14322.05712337792,0.52,0.41600000000000004
14322.057366346518,0.512,0.41600000000000004
14322.057609315118,0.528,0.376
14322.057852283717,0.52,0.376
14322.058095252316,0.528,0.368
14322.058338220913,0.536,0.368
14322.058581189513,0.512,0.368
14322.058824158112,0.512,0.368
14322.059067126711,0.528,0.368
14322.05931009531,0.512,0.368
14322.05955306391,0.536,0.368
14322.059796032509,0.536,0.368
14322.060039001108,0.512,0.376
14322.060281969707,0.52,0.368
14322.060524938306,0.504,0.376
14322.060767906903,0.504,0.368
14322.061010875503,0.528,0.368
14322.061253844102,0.52,0.368
14322.061496812701,0.528,0.376
14322.0617397813,0.52,0.368
14322.0619827499,0.504,0.368
14322.062225718499,0.504,0.368
14322.062468687098,0.536,0.368
14322.062711655697,0.52,0.368
14322.062954624294,0.536,0.376
14322.063197592894,0.528,0.368
14322.063440561493,0.504,0.368
14322.063683530092,0.504,0.368
14322.063926498691,0.512,0.368
14322.06416946729,0.504,0.368
14322.06441243589,0.528,0.368
14322.064655404489,0.52,0.368
14322.064898373088,0.528,0.368
14322.065141341685,0.536,0.368
14322.065384310285,0.52,0.368
14322.065627278884,0.52,0.368
14322.065870247483,0.528,0.368
14322.066113216082,0.528,0.368
14322.066356184681,0.504,0.368
14322.06659915328,0.504,0.368
14322.06684212188,0.52,0.368
14322.067085090479,0.512,0.36
14322.067328059078,0.504,0.392
14322.067571027676,0.504,0.384
14322.067813996275,0.52,0.392
14322.068056964874,0.504,0.384
14322.068299933473,0.528,0.424
14322.068542902072,0.52,0.40800000000000003
14322.068785870671,0.536,0.432
14322.06902883927,0.536,0.424
14322.06927180787,0.52,0.4
14322.069514776469,0.528,0.40800000000000003
14322.069757745066,0.504,0.376
14322.070000713666,0.504,0.368
14322.070243682265,0.52,0.392
14322.070486650864,0.504,0.40800000000000003
14322.070729619463,0.512,0.376
14322.070972588062,0.504,0.376
14322.071215556662,0.512,0.368
14322.07145852526,0.504,0.368
14322.07170149386,0.52,0.384
14322.071944462457,0.512,0.384
14322.072187431057,0.528,0.368
14322.072430399656,0.528,0.368
14322.072673368255,0.512,0.376
14322.072916336854,0.512,0.368
14322.073159305453,0.536,0.368
14322.073402274053,0.52,0.368
14322.073645242652,0.504,0.376
14322.073888211251,0.504,0.384
14322.07413117985,0.512,0.40800000000000003
14322.074374148448,0.504,0.424
14322.074617117047,0.52,0.4
14322.074860085646,0.504,0.40800000000000003
14322.075103054245,0.512,0.424
14322.075346022844,0.504,0.40800000000000003
14322.075588991444,0.52,0.432
14322.075831960043,0.504,0.432
14322.076074928642,0.52,0.41600000000000004
14322.076317897241,0.52,0.432
14322.076560865838,0.504,0.40800000000000003
14322.076803834438,0.504,0.40800000000000003
14322.077046803037,0.52,0.424
14322.077289771636,0.512,0.424
14322.077532740235,0.496,0.4
14322.077775708834,0.512,0.392
14322.078018677434,0.504,0.424
14322.078261646033,0.512,0.40800000000000003
14322.078504614632,0.504,0.424
14322.078747583231,0.504,0.424
14322.078990551829,0.52,0.40800000000000003
14322.079233520428,0.512,0.432
14322.079476489027,0.528,0.40800000000000003
14322.079719457626,0.52,0.4
14322.079962426225,0.512,0.376
14322.080205394825,0.512,0.384
14322.080448363424,0.528,0.28800000000000003
14322.080691332023,0.528,0.28800000000000003
14322.080934300622,0.504,0.136
14322.08117726922,0.504,0.128
14322.081420237819,0.52,0.04
14322.081663206418,0.52,0.04
14322.081906175017,0.504,0.008
14322.082149143616,0.52,0.008
14322.082392112216,0.496,-0.008
14322.082635080815,0.504,0.0
14322.082878049414,0.512,-0.016
14322.083121018013,0.504,0.0
14322.08336398661,0.52,-0.016
14322.08360695521,0.504,0.0
14322.083849923809,0.512,-0.016
14322.084092892408,0.504,-0.016
14322.084335861007,0.52,0.0
14322.084578829606,0.504,0.0
14322.084821798206,0.52,-0.016
14322.085064766805,0.504,-0.016
14322.085307735404,0.512,0.0
14322.085550704003,0.504,0.0
14322.0857936726,0.512,-0.016
14322.0860366412,0.512,-0.016
14322.086279609799,0.496,0.0
14322.086522578398,0.504,-0.016
14322.086765546997,0.512,0.0
14322.087008515597,0.52,-0.016
14322.087251484196,0.496,0.0
14322.087494452795,0.504,-0.016
14322.087737421394,0.52,0.0
14322.087980389992,0.504,0.0
14322.08822335859,0.52,-0.016
14322.08846632719,0.504,-0.016
14322.08870929579,0.512,0.0
14322.088952264388,0.504,-0.016
14322.089195232988,0.536,0.0
14322.089438201587,0.512,0.0
14322.089681170186,0.528,-0.016
14322.089924138785,0.528,0.0
14322.090167107383,0.512,-0.016
14322.090410075982,0.52,-0.016
14322.09065304458,0.528,0.0
14322.09089601318,0.536,0.0
14322.09113898178,0.504,-0.016
14322.091381950378,0.504,-0.016
14322.091624918978,0.52,0.0
14322.091867887577,0.504,0.0
14322.092110856176,0.528,-0.016
14322.092353824775,0.52,-0.016
14322.092596793373,0.536,0.0
14322.092839761972,0.52,0.0
14322.093082730571,0.536,-0.016
14322.09332569917,0.536,0.0
14322.09356866777,0.52,-0.016
14322.093811636369,0.52,-0.016
14322.094054604968,0.544,0.0
14322.094297573567,0.544,-0.016
14322.094540542166,0.52,0.0
14322.094783510764,0.528,-0.016
14322.095026479363,0.52,0.0
14322.095269447962,0.52,-0.016
14322.095512416561,0.536,0.0
14322.09575538516,0.528,-0.016
14322.09599835376,0.528,-0.008
14322.096241322359,0.536,-0.008
14322.096484290958,0.52,-0.016
14322.096727259557,0.536,-0.016
14322.096970228156,0.52,0.0
14322.097213196754,0.536,-0.016
14322.097456165353,0.52,0.0
14322.097699133952,0.52,-0.016
14322.097942102551,0.536,0.0
14322.09818507115,0.528,-0.016
14322.09842803975,0.544,0.0
14322.098671008349,0.536,-0.016
14322.098913976948,0.52,0.0
14322.099156945547,0.52,-0.016
14322.099399914145,0.536,0.0
14322.099642882744,0.52,-0.016
14322.099885851343,0.528,0.0
14322.100128819942,0.528,-0.016
14322.100371788541,0.504,-0.008
14322.10061475714,0.512,-0.016
14322.10085772574,0.536,-0.008
14322.101100694339,0.52,-0.016
14322.101343662938,0.536,-0.008
14322.101586631536,0.52,-0.016
14322.101829600135,0.528,0.0
14322.102072568734,0.536,-0.016
14322.102315537333,0.512,0.0
14322.102558505932,0.504,-0.016
14322.102801474532,0.52,0.0
14322.10304444313,0.504,-0.008
14322.10328741173,0.528,-0.016
14322.10353038033,0.536,0.0
14322.103773348928,0.512,-0.016
14322.104016317526,0.52,-0.016
14322.104259286125,0.504,0.0
14322.104502254724,0.504,0.0
14322.104745223323,0.52,-0.016
14322.104988191923,0.504,-0.016
14322.105231160522,0.52,-0.008
14322.105474129121,0.504,-0.016
14322.10571709772,0.528,0.0
14322.10596006632,0.504,-0.016
14322.106203034917,0.52,0.0
14322.106446003516,0.512,-0.016
14322.106688972115,0.528,-0.008
14322.106931940714,0.528,-0.016
14322.107174909313,0.504,0.0
14322.107417877913,0.504,-0.016
14322.107660846512,0.528,-0.008
14322.107903815111,0.528,-0.016
14322.10814678371,0.536,0.0
14322.108389752308,0.536,-0.016
14322.108632720907,0.52,0.0
14322.108875689506,0.52,-0.008
14322.109118658105,0.536,-0.016
14322.109361626704,0.536,-0.016
14322.109604595304,0.52,-0.008
14322.109847563903,0.52,-0.016
14322.110090532502,0.536,0.0
14322.110333501101,0.528,-0.016
14322.1105764697,0.536,-0.008
14322.110819438298,0.528,-0.008
14322.111062406897,0.536,-0.016
14322.111305375496,0.52,-0.016
14322.111548344095,0.536,-0.008
14322.111791312695,0.528,-0.008
14322.112034281294,0.536,-0.016
14322.112277249893,0.528,-0.008
14322.112520218492,0.536,-0.016
14322.112763187091,0.536,-0.016
14322.113006155689,0.52,-0.008
14322.113249124288,0.536,-0.008
14322.113492092887,0.528,-0.016
14322.113735061486,0.528,-0.008
14322.113978030085,0.544,-0.016
14322.114220998685,0.528,-0.008
14322.114463967284,0.536,-0.016
14322.114706935883,0.528,-0.008
14322.114949904482,0.544,-0.016
14322.115192873081,0.528,-0.016
14322.115435841679,0.544,0.0
14322.115678810278,0.528,-0.008
14322.115921778877,0.536,-0.016
14322.116164747476,0.544,-0.008
14322.116407716076,0.528,-0.016
14322.116650684675,0.528,-0.008
14322.116893653274,0.536,-0.016
14322.117136621873,0.528,-0.016
14322.117379590472,0.544,0.0
14322.11762255907,0.528,-0.008
14322.117865527669,0.544,-0.016
14322.118108496268,0.544,-0.008
14322.118351464867,0.528,-0.016
14322.118594433467,0.528,-0.008
14322.118837402066,0.544,-0.016
14322.119080370665,0.528,-0.008
14322.119323339264,0.544,-0.016
14322.119566307863,0.528,-0.016
14322.11980927646,0.536,-0.008
14322.12005224506,0.528,-0.008
14322.12029521366,0.536,-0.016
14322.120538182258,0.528,-0.016
14322.120781150858,0.536,-0.008
14322.121024119457,0.528,-0.008
14322.121267088056,0.544,-0.016
14322.121510056655,0.544,-0.008
14322.121753025254,0.528,-0.016
14322.121995993853,0.528,-0.008
14322.12223896245,0.544,-0.016
14322.12248193105,0.528,-0.016
14322.12272489965,0.544,-0.008
14322.122967868248,0.544,-0.016
14322.123210836848,0.528,0.0
14322.123453805447,0.528,-0.016
14322.123696774046,0.544,0.0
14322.123939742645,0.528,-0.008
14322.124182711244,0.544,-0.016
14322.124425679842,0.528,-0.008
14322.124668648441,0.544,-0.016
14322.12491161704,0.536,-0.016
14322.12515458564,0.52,-0.008
14322.125397554239,0.52,-0.008
14322.125640522838,0.536,-0.016
14322.125883491437,0.544,-0.016
14322.126126460036,0.496,-0.008
14322.126369428635,0.512,-0.008
14322.126612397233,0.536,-0.016
14322.126855365832,0.536,-0.016
14322.127098334431,0.512,-0.008
14322.12734130303,0.52,-0.016
14322.12758427163,0.504,-0.008
14322.127827240229,0.52,-0.008
14322.128070208828,0.528,-0.016
14322.128313177427,0.536,-0.008
14322.128556146026,0.512,-0.016
14322.128799114626,0.512,-0.008
14322.129042083223,0.536,-0.016
14322.129285051822,0.528,-0.008
14322.129528020421,0.512,-0.016
14322.12977098902,0.504,-0.016
14322.13001395762,0.52,-0.008
14322.130256926219,0.504,-0.008
14322.130499894818,0.52,-0.016
14322.130742863417,0.504,-0.016
14322.130985832016,0.52,-0.008
14322.131228800614,0.504,-0.008
14322.131471769213,0.528,-0.016
14322.131714737812,0.528,-0.016
14322.131957706411,0.504,-0.008
14322.13220067501,0.504,-0.008
14322.13244364361,0.528,-0.016
14322.132686612209,0.52,-0.016
14322.132929580808,0.536,0.0
14322.133172549407,0.536,-0.016
14322.133415518007,0.52,0.0
14322.133658486604,0.52,-0.008
14322.133901455203,0.536,-0.016
14322.134144423802,0.536,0.0
14322.134387392402,0.52,-0.016
14322.134630361,0.528,-0.016
14322.1348733296,0.504,0.0
14322.1351162982,0.504,-0.008
14322.135359266798,0.528,-0.016
14322.135602235398,0.528,-0.008
14322.135845203995,0.512,-0.016
14322.136088172594,0.52,-0.016
14322.136331141193,0.528,-0.008
14322.136574109792,0.52,-0.008
14322.136817078392,0.536,-0.016
14322.13706004699,0.52,0.0
14322.13730301559,0.528,-0.016
14322.13754598419,0.528,-0.016
14322.137788952788,0.504,0.0
14322.138031921386,0.512,-0.008
14322.138274889985,0.504,-0.016
14322.138517858584,0.52,-0.016
14322.138760827183,0.504,-0.008
14322.139003795783,0.504,-0.016
14322.139246764382,0.528,-0.008
14322.139489732981,0.52,-0.008
14322.13973270158,0.536,-0.016
14322.13997567018,0.528,-0.016
14322.140218638779,0.512,-0.008
14322.140461607376,0.504,-0.016
14322.140704575975,0.528,0.0
14322.140947544574,0.52,-0.008
14322.141190513174,0.504,0.024
14322.141433481773,0.528,0.024
14322.141676450372,0.504,0.136
14322.141919418971,0.504,0.14400000000000002
14322.14216238757,0.52,0.28
14322.14240535617,0.528,0.28800000000000003
14322.142648324767,0.504,0.376
14322.142891293366,0.504,0.376
14322.143134261965,0.52,0.40800000000000003
14322.143377230565,0.512,0.4
14322.143620199164,0.528,0.424
14322.143863167763,0.504,0.424
14322.144106136362,0.52,0.376
14322.144349104961,0.504,0.376
14322.14459207356,0.52,0.384
14322.144835042158,0.52,0.392
14322.145078010757,0.504,0.368
14322.145320979356,0.512,0.376
14322.145563947955,0.536,0.41600000000000004
14322.145806916555,0.536,0.40800000000000003
14322.146049885154,0.52,0.432
14322.146292853753,0.528,0.424
14322.146535822352,0.52,0.41600000000000004
14322.146778790951,0.528,0.432
14322.14702175955,0.52,0.376
14322.147264728148,0.528,0.376
14322.147507696747,0.52,0.368
14322.147750665346,0.528,0.368
14322.147993633946,0.504,0.376
14322.148236602545,0.504,0.368
14322.148479571144,0.528,0.376
14322.148722539743,0.52,0.368
14322.148965508342,0.528,0.384
14322.149208476942,0.52,0.376
14322.149451445539,0.536,0.384
14322.149694414138,0.536,0.384
14322.149937382737,0.52,0.41600000000000004
14322.150180351337,0.528,0.40800000000000003
14322.150423319936,0.512,0.424
14322.150666288535,0.52,0.41600000000000004
14322.150909257134,0.504,0.424
14322.151152225733,0.52,0.432
14322.151395194333,0.504,0.41600000000000004
14322.151638162932,0.512,0.424
14322.151881131529,0.504,0.41600000000000004
14322.152124100128,0.52,0.432
14322.152367068727,0.504,0.41600000000000004
14322.152610037327,0.504,0.41600000000000004
14322.152853005926,0.52,0.432
14322.153095974525,0.504,0.424
14322.153338943124,0.528,0.4
14322.153581911723,0.536,0.40800000000000003
14322.153824880323,0.512,0.368
14322.15406784892,0.52,0.368
14322.15431081752,0.504,0.384
14322.154553786118,0.504,0.368
14322.154796754718,0.52,0.368
14322.155039723317,0.504,0.368
14322.155282691916,0.52,0.376
14322.155525660515,0.52,0.376
14322.155768629114,0.504,0.40800000000000003
14322.156011597714,0.52,0.40800000000000003
14322.156254566311,0.504,0.41600000000000004
14322.15649753491,0.504,0.41600000000000004
14322.15674050351,0.52,0.424
14322.156983472109,0.504,0.424
14322.157226440708,0.52,0.432
14322.157469409307,0.504,0.432
14322.157712377906,0.52,0.40800000000000003
14322.157955346505,0.512,0.40800000000000003
14322.158198315105,0.536,0.384
14322.158441283704,0.52,0.384
14322.158684252301,0.528,0.41600000000000004
14322.1589272209,0.52,0.392
14322.1591701895,0.504,0.368
14322.159413158099,0.504,0.368
14322.159656126698,0.528,0.376
14322.159899095297,0.536,0.368
14322.160142063896,0.512,0.376
14322.160385032495,0.52,0.368
14322.160628001095,0.536,0.368
14322.160870969692,0.528,0.368
14322.161113938291,0.504,0.41600000000000004
14322.16135690689,0.52,0.40800000000000003
14322.16159987549,0.504,0.432
14322.161842844089,0.504,0.41600000000000004
14322.162085812688,0.52,0.4
14322.162328781287,0.512,0.392
14322.162571749886,0.528,0.368
14322.162814718486,0.536,0.368
14322.163057687083,0.512,0.392
14322.163300655682,0.504,0.384
14322.163543624281,0.528,0.368
14322.16378659288,0.52,0.392
14322.16402956148,0.504,0.41600000000000004
14322.164272530079,0.504,0.432
14322.164515498678,0.52,0.392
14322.164758467277,0.52,0.392
14322.165001435877,0.496,0.376
14322.165244404476,0.504,0.392
14322.165487373073,0.528,0.41600000000000004
14322.165730341672,0.528,0.424
14322.165973310272,0.512,0.40800000000000003
14322.16621627887,0.504,0.40800000000000003
14322.16645924747,0.52,0.424
14322.16670221607,0.504,0.41600000000000004
14322.166945184668,0.52,0.384
14322.167188153267,0.504,0.384
14322.167431121867,0.512,0.36
14322.167674090464,0.504,0.368
14322.167917059063,0.52,0.384
14322.168160027662,0.512,0.392
14322.168402996262,0.504,0.424
14322.16864596486,0.512,0.424
14322.16888893346,0.528,0.4
14322.16913190206,0.52,0.4
14322.169374870658,0.504,0.376
14322.169617839258,0.504,0.368
14322.169860807857,0.528,0.392
14322.170103776454,0.528,0.392
14322.170346745053,0.504,0.424
14322.170589713653,0.504,0.41600000000000004
14322.170832682252,0.52,0.432
14322.171075650851,0.512,0.432
14322.17131861945,0.504,0.41600000000000004
14322.17156158805,0.512,0.40800000000000003
14322.171804556649,0.504,0.432
14322.172047525248,0.512,0.432
14322.172290493845,0.52,0.40800000000000003
14322.172533462444,0.52,0.40800000000000003
14322.172776431044,0.536,0.432
14322.173019399643,0.528,0.424
14322.173262368242,0.504,0.392
14322.173505336841,0.512,0.384
14322.17374830544,0.504,0.368
14322.17399127404,0.512,0.368
14322.174234242639,0.528,0.384
14322.174477211236,0.528,0.392
14322.174720179835,0.496,0.4
14322.174963148434,0.512,0.384
14322.175206117034,0.536,0.41600000000000004
14322.175449085633,0.52,0.424
14322.175692054232,0.504,0.40800000000000003
14322.175935022831,0.504,0.41600000000000004
14322.17617799143,0.52,0.432
14322.17642096003,0.52,0.424
14322.176663928629,0.504,0.40800000000000003
14322.176906897226,0.504,0.424
14322.177149865825,0.52,0.4
14322.177392834425,0.504,0.41600000000000004
14322.177635803024,0.52,0.424
14322.177878771623,0.504,0.432
14322.178121740222,0.528,0.41600000000000004
14322.178364708821,0.52,0.40800000000000003
14322.17860767742,0.536,0.424
14322.17885064602,0.52,0.41600000000000004
14322.179093614617,0.528,0.432
14322.179336583216,0.52,0.424
14322.179579551816,0.536,0.376
14322.179822520415,0.536,0.376
14322.180065489014,0.52,0.368
14322.180308457613,0.536,0.376
14322.180551426212,0.52,0.41600000000000004
14322.180794394812,0.52,0.41600000000000004
14322.18103736341,0.528,0.384
14322.181280332008,0.536,0.384
14322.181523300607,0.52,0.368
14322.181766269206,0.52,0.368
14322.182009237806,0.536,0.368
14322.182252206405,0.52,0.368
14322.182495175004,0.544,0.4
14322.182738143603,0.544,0.424
14322.182981112202,0.52,0.4
14322.183224080802,0.52,0.392
14322.1834670494,0.536,0.376
14322.183710017998,0.536,0.376
14322.183952986597,0.52,0.368
14322.184195955197,0.52,0.376
14322.184438923796,0.544,0.40800000000000003
14322.204668283463,0.528,0.0
14322.20491779546,0.544,-0.016
14322.205167307457,0.528,0.0
14322.205416819454,0.544,-0.016
14322.20566633145,0.528,0.0
14322.205915843448,0.544,-0.016
14322.206165355445,0.528,0.0
14322.206414867442,0.544,-0.016
14322.206664379437,0.536,-0.016
14322.206913891434,0.528,0.0
14322.207163403431,0.528,0.0
14322.207412915428,0.536,-0.016
14322.207662427425,0.528,0.0
14322.207911939422,0.544,-0.016
14322.208161451419,0.544,-0.016
14322.208410963416,0.528,0.0
14322.208660475413,0.528,-0.016
14322.20890998741,0.544,0.0
14322.209159499407,0.528,-0.016
14322.209409011404,0.544,0.0
14322.209658523401,0.528,-0.008
14322.209908035398,0.552,0.016
14322.210157547395,0.528,0.008
14322.21040705939,0.544,0.10400000000000001
14322.210656571388,0.528,0.112
14322.210906083385,0.536,0.264
14322.211155595382,0.544,0.264
14322.211405107379,0.528,0.34400000000000003
14322.211654619376,0.536,0.34400000000000003
14322.211904131373,0.528,0.376
14322.21215364337,0.528,0.368
14322.212403155367,0.544,0.384
14322.212652667364,0.528,0.376
14322.21290217936,0.544,0.40800000000000003
14322.213151691358,0.528,0.41600000000000004
14322.213401203355,0.544,0.432
14322.213650715352,0.528,0.432
14322.213900227349,0.544,0.4
14322.214149739344,0.544,0.40800000000000003
14322.214399251341,0.528,0.384
14322.214648763338,0.528,0.392
14322.214898275335,0.544,0.432
14322.215147787332,0.544,0.424
14322.21539729933,0.528,0.44
14322.215646811326,0.544,0.44
14322.215896323323,0.528,0.41600000000000004
14322.21614583532,0.544,0.424
14322.216395347317,0.528,0.44
14322.216644859314,0.528,0.432
14322.216894371311,0.544,0.448
14322.217143883308,0.528,0.432
14322.217393395305,0.536,0.392
14322.217642907302,0.544,0.384
14322.217892419298,0.528,0.4
14322.218141931295,0.528,0.4
14322.218391443292,0.544,0.432
14322.218640955289,0.528,0.432
14322.218890467286,0.544,0.384
14322.219139979283,0.544,0.392
14322.21938949128,0.528,0.376
14322.219639003277,0.528,0.392
14322.219888515274,0.544,0.376
14322.22013802727,0.544,0.384
14322.220387539268,0.528,0.376
14322.220637051265,0.528,0.376
14322.220886563262,0.544,0.392
14322.221136075259,0.544,0.392
14322.221385587256,0.528,0.376
14322.221635099251,0.544,0.392
14322.221884611248,0.528,0.376
14322.222134123245,0.528,0.384
14322.222383635242,0.536,0.376
14322.22263314724,0.528,0.392
14322.222882659236,0.536,0.376
14322.223132171233,0.528,0.384
14322.22338168323,0.544,0.376
14322.223631195227,0.528,0.392
14322.223880707224,0.544,0.376
14322.224130219221,0.528,0.376
14322.224379731219,0.544,0.392
14322.224629243216,0.544,0.376
14322.224878755213,0.528,0.392
14322.22512826721,0.544,0.376
14322.225377779205,0.528,0.392
14322.225627291202,0.528,0.384
14322.225876803199,0.544,0.376
14322.226126315196,0.544,0.384
14322.226375827193,0.528,0.376
14322.22662533919,0.528,0.376
14322.226874851187,0.544,0.392
14322.227124363184,0.528,0.376
14322.227373875181,0.544,0.384
14322.227623387178,0.528,0.384
14322.227872899175,0.536,0.376
14322.228122411172,0.528,0.376
14322.22837192317,0.544,0.392
14322.228621435166,0.544,0.384
14322.228870947163,0.528,0.376
14322.229120459158,0.544,0.376
14322.229369971155,0.528,0.392
14322.229619483152,0.528,0.392
14322.22986899515,0.544,0.376
14322.230118507146,0.528,0.384
14322.230368019143,0.544,0.376
14322.23061753114,0.544,0.384
14322.230867043138,0.528,0.376
14322.231116555135,0.528,0.376
14322.231366067132,0.544,0.392
14322.231615579129,0.536,0.392
14322.231865091126,0.528,0.384
14322.232114603123,0.528,0.384
14322.23236411512,0.536,0.392
14322.232613627117,0.528,0.392
14322.232863139112,0.544,0.376
14322.233112651109,0.536,0.392
14322.233362163106,0.52,0.376
14322.233611675103,0.528,0.384
14322.2338611871,0.536,0.376
14322.234110699097,0.536,0.384
14322.234360211094,0.512,0.384
14322.234609723091,0.52,0.384
14322.234859235088,0.504,0.384
14322.235108747085,0.512,0.392
14322.235358259082,0.536,0.376
14322.23560777108,0.52,0.376
14322.235857283076,0.536,0.392
14322.236106795073,0.528,0.392
14322.23635630707,0.512,0.376
14322.236605819066,0.528,0.392
14322.236855331063,0.544,0.376
14322.23710484306,0.536,0.376
14322.237354355057,0.52,0.384
14322.237603867054,0.536,0.392
14322.23785337905,0.512,0.376
14322.238102891048,0.512,0.392
14322.238352403045,0.536,0.376
14322.238601915042,0.536,0.376
14322.238851427039,0.52,0.392
14322.239100939036,0.536,0.384
14322.239350451033,0.512,0.376
14322.23959996303,0.512,0.376
14322.239849475027,0.528,0.392
14322.240098987024,0.52,0.392
14322.24034849902,0.536,0.376
14322.240598011016,0.528,0.392
14322.240847523013,0.496,0.376
14322.24109703501,0.504,0.376
14322.241346547007,0.52,0.392
14322.241596059004,0.512,0.376
14322.241845571001,0.528,0.392
14322.242095082998,0.52,0.376
14322.242344594995,0.536,0.392
14322.242594106992,0.544,0.376
14322.24284361899,0.52,0.392
14322.243093130986,0.536,0.384
14322.243342642983,0.504,0.376
14322.24359215498,0.504,0.384
14322.243841666977,0.536,0.384
14322.244091178973,0.528,0.384
14322.24434069097,0.512,0.376
14322.244590202967,0.52,0.376
14322.244839714964,0.504,0.392
14322.24508922696,0.512,0.392
14322.245338738958,0.528,0.376
14322.245588250955,0.528,0.384
14322.245837762952,0.504,0.376
14322.246087274949,0.512,0.392
14322.246336786946,0.536,0.376
14322.246586298943,0.52,0.376
14322.24683581094,0.536,0.392
14322.247085322937,0.536,0.376
14322.247334834934,0.512,0.384
14322.247584346931,0.52,0.384
14322.247833858926,0.504,0.376
14322.248083370923,0.504,0.392
14322.24833288292,0.528,0.376
14322.248582394917,0.528,0.376
14322.248831906914,0.52,0.384
14322.249081418911,0.52,0.376
14322.249330930908,0.536,0.392
14322.249580442905,0.52,0.384
14322.249829954902,0.536,0.392
14322.2500794669,0.536,0.384
14322.250328978897,0.512,0.376
14322.250578490894,0.528,0.376
14322.25082800289,0.504,0.392
14322.251077514888,0.504,0.384
14322.251327026885,0.52,0.376
14322.25157653888,0.528,0.376
14322.251826050877,0.504,0.384
14322.252075562874,0.512,0.384
14322.25232507487,0.528,0.376
14322.252574586868,0.504,0.392
14322.252824098865,0.528,0.376
14322.253073610862,0.52,0.384
14322.253323122859,0.504,0.376
14322.253572634856,0.512,0.384
14322.253822146853,0.528,0.376
14322.25407165885,0.528,0.384
14322.254321170847,0.504,0.376
14322.254570682844,0.504,0.376
14322.254820194841,0.52,0.392
14322.255069706838,0.512,0.392
14322.255319218833,0.504,0.376
14322.25556873083,0.504,0.384
14322.255818242827,0.52,0.384
14322.256067754824,0.52,0.392
14322.256317266821,0.504,0.376
14322.256566778819,0.52,0.376
14322.256816290816,0.504,0.384
14322.257065802813,0.504,0.384
14322.25731531481,0.528,0.392
14322.257564826807,0.52,0.376
14322.257814338804,0.504,0.392
14322.2580638508,0.504,0.376
14322.258313362798,0.52,0.392
14322.258562874795,0.528,0.392
14322.258812386792,0.504,0.376
14322.259061898787,0.504,0.376
14322.259311410784,0.528,0.392
14322.259560922781,0.528,0.384
14322.259810434778,0.512,0.376
14322.260059946775,0.528,0.384
14322.260309458772,0.512,0.376
14322.26055897077,0.52,0.376
14322.260808482766,0.536,0.392
14322.261057994763,0.52,0.376
14322.26130750676,0.512,0.392
14322.261557018757,0.504,0.392
14322.261806530754,0.528,0.376
14322.262056042751,0.52,0.376
14322.262305554748,0.536,0.392
14322.262555066745,0.52,0.384
14322.26280457874,0.536,0.376
14322.263054090738,0.536,0.392
14322.263303602735,0.512,0.376
14322.263553114732,0.504,0.376
14322.263802626729,0.528,0.392
14322.264052138726,0.536,0.384
14322.264301650723,0.52,0.376
14322.26455116272,0.52,0.376
14322.264800674717,0.504,0.384
14322.265050186714,0.512,0.376
14322.26529969871,0.536,0.384
14322.265549210708,0.536,0.384
14322.265798722705,0.504,0.392
14322.266048234702,0.504,0.4
14322.266297746699,0.52,0.432
14322.266547258694,0.512,0.432
14322.266796770691,0.528,0.448
14322.267046282688,0.504,0.432
14322.267295794685,0.52,0.448
14322.267545306682,0.512,0.424
14322.26779481868,0.504,0.448
14322.268044330676,0.504,0.432
14322.268293842673,0.512,0.448
14322.26854335467,0.504,0.44
14322.268792866667,0.52,0.4
14322.269042378664,0.504,0.40800000000000003
14322.269291890661,0.512,0.424
14322.269541402658,0.504,0.424
14322.269790914655,0.528,0.384
14322.270040426652,0.52,0.392
14322.270289938648,0.528,0.432
14322.270539450645,0.52,0.432
14322.270788962642,0.536,0.392
14322.271038474639,0.52,0.392
14322.271287986636,0.536,0.384
14322.271537498633,0.52,0.384
14322.27178701063,0.536,0.368
14322.272036522627,0.528,0.384
14322.272286034624,0.504,0.352
14322.272535546621,0.504,0.352
14322.272785058618,0.528,0.192
14322.273034570615,0.504,0.184
14322.273284082612,0.528,0.064
14322.273533594609,0.536,0.064
14322.273783106606,0.512,0.008
14322.274032618601,0.504,0.016
14322.274282130598,0.528,-0.008
14322.274531642595,0.52,-0.008
14322.274781154592,0.536,0.0
14322.27503066659,0.528,0.0
14322.275280178586,0.52,-0.008
14322.275529690583,0.52,-0.008
14322.27577920258,0.528,0.0
14322.276028714577,0.528,-0.008
14322.276278226575,0.512,0.0
14322.276527738572,0.52,-0.008
14322.276777250569,0.504,0.0
14322.277026762566,0.504,-0.008
14322.277276274563,0.512,0.0
14322.27752578656,0.512,-0.008
14322.277775298555,0.52,0.0
14322.278024810552,0.52,0.0
14322.278274322549,0.504,-0.008
14322.278523834546,0.512,0.0
14322.278773346543,0.52,-0.008
14322.27902285854,0.528,0.0
14322.279272370537,0.504,-0.008
14322.279521882534,0.504,0.0
14322.279771394531,0.528,-0.008
14322.280020906528,0.52,-0.008
14322.280270418525,0.528,0.0
14322.280519930522,0.52,0.0
14322.28076944252,0.504,-0.008
14322.281018954516,0.504,0.0
14322.281268466513,0.52,-0.008
14322.281517978508,0.512,-0.008
14322.281767490505,0.528,0.0
14322.282017002502,0.52,0.0
14322.2822665145,0.536,-0.016
14322.282516026497,0.528,0.0
14322.282765538494,0.504,-0.008
14322.28301505049,0.504,0.0
14322.283264562488,0.528,-0.008
14322.283514074485,0.528,-0.008
14322.283763586482,0.504,0.0
14322.284013098479,0.512,0.0
14322.284262610476,0.52,-0.008
14322.284512122473,0.52,-0.008
14322.28476163447,0.504,0.0
14322.285011146467,0.504,0.0
14322.285260658462,0.52,-0.008
14322.285510170459,0.504,0.0
14322.285759682456,0.52,-0.016
14322.286009194453,0.512,0.0
14322.28625870645,0.504,-0.016
14322.286508218447,0.504,0.0
14322.286757730444,0.52,-0.016
14322.287007242441,0.504,0.0
14322.287256754438,0.512,-0.008
14322.287506266435,0.504,0.0
14322.287755778432,0.52,-0.008
14322.28800529043,0.512,0.0
14322.288254802426,0.528,-0.016
14322.288504314423,0.52,0.0
14322.28875382642,0.536,-0.016
14322.289003338416,0.528,0.0
14322.289252850413,0.504,-0.008
14322.28950236241,0.512,-0.008
14322.289751874407,0.528,0.0
14322.290001386404,0.52,0.0
14322.2902508984,0.528,-0.016
14322.290500410398,0.528,0.0
14322.290749922395,0.504,-0.008
14322.290999434392,0.496,0.0
14322.291248946389,0.528,-0.016
14322.291498458386,0.504,0.0
14322.291747970383,0.544,-0.016
14322.29199748238,0.528,0.0
14322.292246994377,0.536,-0.008
14322.292496506374,0.528,-0.008
14322.29274601837,0.536,0.0
14322.292995530366,0.52,-0.008
14322.293245042363,0.536,0.0
14322.29349455436,0.528,0.0
14322.293744066357,0.544,-0.008
14322.293993578354,0.528,0.0
14322.294243090351,0.544,-0.016
14322.294492602348,0.536,0.0
14322.294742114345,0.52,-0.016
14322.294991626342,0.528,0.0
14322.29524113834,0.544,-0.016
14322.295490650336,0.528,0.0
14322.295740162333,0.544,-0.016
14322.29598967433,0.528,0.0
14322.296239186328,0.544,-0.016
14322.296488698323,0.544,0.0
14322.29673821032,0.528,-0.016
14322.296987722317,0.536,0.0
14322.297237234314,0.528,-0.016
14322.29748674631,0.528,0.0
14322.297736258308,0.544,-0.016
14322.297985770305,0.528,0.0
14322.298235282302,0.496,-0.016
14322.298484794299,0.504,0.0
14322.298734306296,0.536,-0.016
14322.298983818293,0.528,-0.008
14322.29923333029,0.544,0.0
14322.299482842287,0.528,0.0
14322.299732354284,0.544,-0.016
14322.299981866281,0.544,0.0
14322.300231378276,0.528,-0.016
14322.300480890273,0.528,-0.008
14322.30073040227,0.536,0.0
14322.300979914267,0.528,0.0
14322.301229426264,0.544,-0.016
14322.301478938261,0.528,0.0
14322.301728450258,0.536,-0.016
14322.301977962255,0.528,0.0
14322.302227474253,0.544,-0.016
14322.30247698625,0.528,-0.016
14322.302726498247,0.544,0.0
14322.302976010244,0.544,0.0
14322.30322552224,0.528,-0.016
14322.303475034238,0.528,0.0
14322.303724546235,0.544,-0.016
14322.30397405823,0.528,0.0
14322.304223570227,0.544,-0.016
14322.304473082224,0.528,0.0
14322.304722594221,0.544,-0.016
14322.304972106218,0.528,-0.016
14322.305221618215,0.544,0.0
14322.305471130212,0.536,0.0
14322.305720642209,0.52,-0.016
14322.305970154206,0.52,-0.016
14322.306219666203,0.536,0.0
14322.3064691782,0.536,0.0
14322.306718690197,0.512,-0.016
14322.306968202194,0.512,0.0
14322.307217714191,0.528,-0.016
14322.307467226188,0.512,0.0
14322.307716738183,0.528,-0.016
14322.30796625018,0.512,0.0
14322.308215762177,0.536,-0.016
14322.308465274175,0.52,0.0
14322.308714786172,0.536,-0.016
14322.308964298169,0.52,0.0
14322.309213810166,0.544,-0.016
14322.309463322163,0.544,0.0
14322.30971283416,0.52,-0.016
14322.309962346157,0.528,0.0
14322.310211858154,0.544,-0.016
14322.31046137015,0.528,0.0
14322.310710882148,0.512,-0.016
14322.310960394145,0.512,0.0
14322.311209906142,0.52,-0.016
14322.311459418137,0.512,0.0
14322.311708930134,0.52,-0.016
14322.311958442131,0.512,-0.016
14322.312207954128,0.52,0.0
14322.312457466125,0.512,0.0
14322.312706978122,0.52,-0.016
14322.31295649012,0.512,0.0
14322.313206002116,0.52,-0.016
14322.313455514113,0.512,-0.016
14322.31370502611,0.528,0.0
14322.313954538107,0.512,0.0
14322.314204050104,0.528,-0.016
14322.314453562101,0.512,0.0
14322.314703074098,0.52,-0.016
14322.314952586095,0.512,0.0
14322.31520209809,0.528,-0.016
14322.315451610088,0.504,-0.016
14322.315701122085,0.528,0.0
14322.315950634082,0.52,-0.016
14322.316200146079,0.536,0.0
14322.316449658076,0.528,-0.016
14322.316699170073,0.504,0.0
14322.31694868207,0.512,0.0
14322.317198194067,0.528,-0.016
14322.317447706064,0.52,0.0
14322.31769721806,0.504,-0.016
14322.317946730058,0.52,0.0
14322.318196242055,0.504,-0.016
14322.318445754052,0.512,0.0
14322.318695266049,0.52,-0.016
14322.318944778044,0.504,-0.008
14322.319194290041,0.52,0.0
14322.319443802038,0.528,0.0
14322.319693314035,0.504,-0.016
14322.319942826032,0.512,0.0
14322.32019233803,0.528,-0.016
14322.320441850026,0.52,-0.016
14322.320691362023,0.528,0.0
14322.32094087402,0.52,0.0
14322.321190386017,0.536,-0.016
14322.321439898014,0.52,0.0
14322.321689410011,0.536,-0.016
14322.321938922008,0.512,-0.008
14322.322188434006,0.552,-0.016
14322.322437946003,0.544,-0.016
14322.322687457998,0.52,0.0
14322.322936969995,0.52,0.0
14322.323186481992,0.536,-0.016
14322.323435993989,0.528,0.0
14322.323685505986,0.512,-0.016
14322.323935017983,0.504,0.0
14322.32418452998,0.536,-0.016
14322.324434041977,0.52,-0.016
14322.324683553974,0.536,0.0
14322.324933065971,0.544,-0.016
14322.325182577968,0.52,0.0
14322.325432089965,0.52,0.0
14322.325681601962,0.536,-0.016
14322.325931113959,0.528,-0.016
14322.326180625956,0.504,0.0
14322.326430137951,0.512,-0.016
14322.326679649948,0.52,0.0
14322.326929161945,0.512,-0.016
14322.327178673942,0.52,0.0
14322.32742818594,0.512,0.0
14322.327677697936,0.528,-0.016
14322.327927209933,0.512,0.0
14322.32817672193,0.528,-0.016
14322.328426233928,0.512,-0.016
14322.328675745925,0.528,0.0
14322.328925257922,0.52,-0.016
14322.329174769919,0.504,0.0
14322.329424281916,0.512,0.0
14322.329673793913,0.536,-0.016
14322.32992330591,0.536,-0.016
14322.330172817905,0.52,0.0
14322.330422329902,0.52,-0.016
14322.330671841899,0.536,0.0
14322.330921353896,0.536,0.0
14322.331170865893,0.512,-0.016
14322.33142037789,0.512,-0.016
14322.331669889887,0.52,0.0
14322.331919401884,0.52,0.0
14322.332168913881,0.504,-0.016
14322.332418425878,0.504,0.0
14322.332667937875,0.528,-0.016
14322.332917449872,0.528,-0.016
14322.33316696187,0.544,0.0
14322.333416473866,0.528,-0.016
14322.333665985863,0.544,0.0
14322.333915497858,0.528,-0.008
14322.334165009855,0.544,0.0
14322.334414521853,0.528,-0.008
14322.33466403385,0.544,0.008
14322.334913545847,0.536,0.016
14322.335163057844,0.52,0.12
14322.33541256984,0.52,0.128
14322.335662081838,0.536,0.272
14322.335911593835,0.528,0.272
14322.336161105832,0.504,0.34400000000000003
14322.336410617829,0.512,0.352
14322.336660129826,0.504,0.376
14322.336909641823,0.52,0.368
14322.33715915382,0.504,0.392
14322.337408665817,0.504,0.392
14322.337658177812,0.52,0.432
14322.337907689809,0.504,0.44
14322.338157201806,0.52,0.40800000000000003
14322.338406713803,0.52,0.4
14322.3386562258,0.504,0.384
14322.338905737797,0.504,0.384
14322.339155249794,0.52,0.392
14322.339404761791,0.528,0.384
14322.339654273788,0.504,0.424
14322.339903785785,0.504,0.44
14322.340153297782,0.528,0.432
14322.34040280978,0.536,0.44
14322.340652321776,0.512,0.424
14322.340901833773,0.52,0.424
14322.34115134577,0.504,0.44
14322.341400857766,0.504,0.424
14322.341650369763,0.52,0.384
14322.34189988176,0.504,0.384
14322.342149393757,0.52,0.424
14322.342398905754,0.52,0.432
14322.34264841775,0.504,0.4
14322.342897929748,0.504,0.4
14322.343147441745,0.52,0.392
14322.343396953742,0.52,0.4
14322.343646465739,0.504,0.432
14322.343895977736,0.504,0.44
14322.344145489733,0.512,0.392
14322.34439500173,0.504,0.384
14322.344644513727,0.536,0.4
14322.344894025724,0.528,0.384
14322.34514353772,0.504,0.40800000000000003
14322.345393049716,0.512,0.4
14322.345642561713,0.52,0.41600000000000004
14322.34589207371,0.512,0.40800000000000003
14322.346141585707,0.504,0.44
14322.346391097704,0.52,0.44
14322.346640609701,0.504,0.4
14322.346890121698,0.504,0.41600000000000004
14322.347139633695,0.52,0.44
14322.347389145692,0.52,0.432
14322.34763865769,0.504,0.44
14322.347888169686,0.52,0.432
14322.348137681684,0.504,0.4
14322.34838719368,0.504,0.4
14322.348636705678,0.52,0.424
14322.348886217673,0.504,0.424
14322.34913572967,0.52,0.44
14322.349385241667,0.504,0.424
14322.349634753664,0.528,0.44
14322.34988426566,0.504,0.432
14322.350133777658,0.536,0.448
14322.350383289655,0.52,0.44
14322.350632801652,0.536,0.4
14322.350882313649,0.52,0.392
14322.351131825646,0.536,0.40800000000000003
14322.351381337643,0.52,0.4
14322.35163084964,0.504,0.424
14322.351880361637,0.512,0.40800000000000003
14322.352129873634,0.536,0.44
14322.352379385631,0.528,0.44
14322.352628897626,0.512,0.424
14322.352878409623,0.512,0.424
14322.35312792162,0.52,0.44
14322.353377433617,0.52,0.44
14322.353626945614,0.504,0.424
14322.353876457611,0.512,0.424
14322.354125969609,0.528,0.448
14322.354375481606,0.52,0.448
14322.354624993603,0.536,0.392
14322.3548745056,0.528,0.4
14322.355124017597,0.504,0.392
14322.355373529594,0.512,0.4
14322.35562304159,0.544,0.424
14322.355872553588,0.528,0.424
14322.356122065585,0.544,0.44
14322.35637157758,0.528,0.44
14322.356621089577,0.544,0.41600000000000004
14322.356870601574,0.528,0.424
14322.357120113571,0.544,0.44
14322.357369625568,0.528,0.432
14322.357619137565,0.544,0.448
14322.357868649562,0.528,0.448
14322.35811816156,0.536,0.41600000000000004
14322.358367673556,0.528,0.432
14322.358617185553,0.544,0.384
14322.35886669755,0.528,0.4
14322.359116209547,0.536,0.376
14322.359365721544,0.544,0.40800000000000003
14322.359615233541,0.52,0.424
14322.359864745538,0.528,0.424
14322.360114257533,0.544,0.4
14322.36036376953,0.528,0.392
14322.360613281528,0.544,0.424
14322.360862793525,0.544,0.424
14322.361112305522,0.528,0.392
14322.361361817519,0.528,0.392
14322.361611329516,0.544,0.41600000000000004
14322.361860841513,0.528,0.432
14322.36211035351,0.544,0.40800000000000003
14322.362359865507,0.528,0.41600000000000004
14322.362609377504,0.544,0.392
14322.3628588895,0.528,0.4
14322.363108401498,0.544,0.40800000000000003
14322.363357913495,0.528,0.4
14322.363607425492,0.536,0.384
14322.363856937487,0.528,0.384
14322.364106449484,0.536,0.376
14322.364355961481,0.528,0.376
14322.364605473478,0.536,0.384
14322.364854985475,0.528,0.392
14322.365104497472,0.544,0.376
14322.36535400947,0.528,0.392
14322.365603521466,0.544,0.376
14322.365853033463,0.528,0.392
14322.36610254546,0.544,0.376
14322.366352057457,0.528,0.384
14322.366601569454,0.544,0.376
14322.366851081451,0.528,0.392
14322.367100593448,0.544,0.376
14322.367350105445,0.528,0.384
14322.36759961744,0.536,0.376
14322.367849129438,0.528,0.384
14322.368098641435,0.544,0.392
14322.368348153432,0.536,0.384
14322.368597665429,0.528,0.384
14322.368847177426,0.528,0.376
14322.369096689423,0.544,0.392
14322.36934620142,0.544,0.384
14322.369595713417,0.52,0.392
14322.369845225414,0.536,0.376
14322.37009473741,0.512,0.392
14322.370344249408,0.512,0.376
14322.370593761405,0.528,0.392
14322.370843273402,0.512,0.376
14322.371092785399,0.528,0.392
14322.371342297394,0.512,0.392
14322.371591809391,0.52,0.376
14322.371841321388,0.512,0.392
14322.372090833385,0.52,0.376
14322.372340345382,0.52,0.376
14322.37258985738,0.504,0.392
14322.372839369376,0.52,0.384
14322.373088881373,0.536,0.376
14322.37333839337,0.52,0.376
14322.373587905367,0.504,0.384
14322.373837417364,0.504,0.384
14322.374086929362,0.52,0.376
14322.374336441359,0.52,0.376
14322.374585953356,0.504,0.392
14322.374835465353,0.504,0.384
14322.375084977348,0.528,0.376
14322.375334489345,0.512,0.384
14322.375584001342,0.536,0.376
14322.375833513339,0.52,0.376
14322.376083025336,0.536,0.392
14322.376332537333,0.528,0.376
14322.37658204933,0.496,0.392
14322.376831561327,0.52,0.376
14322.377081073324,0.544,0.384
14322.377330585321,0.528,0.376
14322.377580097318,0.536,0.392
14322.377829609315,0.528,0.384
14322.378079121312,0.544,0.376
14322.37832863331,0.528,0.376
14322.378578145306,0.544,0.392
14322.378827657301,0.528,0.376
14322.379077169298,0.536,0.392
14322.379326681295,0.528,0.392
14322.379576193292,0.536,0.376
14322.37982570529,0.528,0.376
14322.380075217287,0.536,0.384
14322.380324729284,0.528,0.376
14322.38057424128,0.544,0.384
14322.380823753278,0.544,0.376
14322.381073265275,0.528,0.384
14322.381322777272,0.544,0.384
14322.381572289269,0.528,0.376
14322.381821801266,0.528,0.376
14322.382071313263,0.544,0.392
14322.38232082526,0.528,0.392
14322.382570337255,0.536,0.376
14322.382819849252,0.528,0.384
14322.383069361249,0.544,0.376
14322.383318873246,0.528,0.384
14322.383568385243,0.536,0.384
14322.38381789724,0.528,0.384
14322.384067409237,0.536,0.392
14322.384316921234,0.536,0.384
14322.384566433231,0.52,0.376
14322.384815945228,0.52,0.376
14322.385065457225,0.536,0.392
14322.385314969222,0.52,0.392
14322.38556448122,0.536,0.376
14322.385813993216,0.536,0.384
14322.386063505213,0.512,0.376
14322.386313017209,0.512,0.376
14322.386562529206,0.528,0.392
14322.386812041203,0.512,0.384
14322.3870615532,0.528,0.376
14322.387311065197,0.528,0.392
14322.387560577194,0.504,0.376
14322.38781008919,0.512,0.384
14322.388059601188,0.528,0.392
14322.388309113185,0.512,0.384
14322.388558625182,0.536,0.376
14322.388808137179,0.52,0.376
14322.389057649176,0.536,0.392
14322.389307161173,0.528,0.384
14322.38955667317,0.512,0.376
14322.389806185167,0.512,0.384
14322.390055697162,0.52,0.376
14322.39030520916,0.512,0.392
14322.390554721156,0.52,0.376
14322.390804233153,0.512,0.392
14322.39105374515,0.52,0.376
14322.391303257147,0.512,0.376
14322.391552769144,0.52,0.392
14322.391802281141,0.512,0.384
14322.392051793138,0.536,0.376
14322.392301305135,0.52,0.376
14322.392550817132,0.536,0.392
14322.39280032913,0.528,0.384
14322.393049841126,0.512,0.376
14322.393299353123,0.512,0.376
14322.39354886512,0.52,0.392
14322.393798377116,0.52,0.392
14322.394047889113,0.512,0.376
14322.39429740111,0.52,0.376
14322.394546913107,0.504,0.392
14322.394796425104,0.52,0.376
14322.3950459371,0.504,0.392
14322.395295449098,0.528,0.376
14322.395544961095,0.512,0.384
14322.395794473092,0.52,0.392
14322.396043985089,0.544,0.376
14322.396293497086,0.528,0.384
14322.396543009083,0.512,0.368
14322.39679252108,0.512,0.376
14322.397042033077,0.52,0.304
14322.397291545074,0.512,0.312
14322.39754105707,0.528,0.2
14322.397790569066,0.512,0.184
14322.398040081063,0.528,0.064
14322.39828959306,0.512,0.056
14322.398539105057,0.512,0.008
14322.398788617054,0.512,0.016
14322.399038129051,0.504,-0.008
14322.399287641048,0.52,-0.008
14322.399537153045,0.504,0.0
14322.399786665042,0.512,-0.008
14322.40003617704,0.528,0.0
14322.400285689037,0.512,-0.008
14322.400535201034,0.528,0.0
14322.40078471303,0.52,-0.008
14322.401034225028,0.536,0.0
14322.401283737023,0.52,0.0
14322.40153324902,0.512,-0.016
14322.401782761017,0.512,0.0
14322.402032273014,0.528,-0.008
14322.402281785011,0.52,0.0
14322.402531297008,0.536,-0.008
14322.402780809005,0.536,0.0
14322.403030321002,0.52,-0.008
14322.403279832999,0.52,0.0
14322.403529344996,0.544,-0.008
14322.403778856993,0.512,0.0
14322.40402836899,0.544,-0.008
14322.404277880987,0.528,0.0
14322.404527392984,0.536,-0.008
14322.404776904981,0.528,0.0
14322.405026416976,0.544,-0.008
14322.405275928973,0.528,-0.008
14322.40552544097,0.536,0.0
14322.405774952967,0.528,0.0
14322.406024464965,0.544,-0.008
14322.406273976962,0.528,-0.008
14322.406523488959,0.544,0.0
14322.406773000956,0.528,0.0
14322.407022512953,0.544,-0.008
14322.40727202495,0.528,0.0
14322.407521536947,0.544,-0.008
14322.407771048944,0.544,0.0
14322.40802056094,0.528,-0.008
14322.408270072938,0.528,-0.008
14322.408519584935,0.544,0.0
14322.40876909693,0.528,0.0
14322.409018608927,0.536,-0.016
14322.409268120924,0.544,0.0
14322.409517632921,0.528,-0.008
14322.409767144918,0.528,0.0
14322.410016656915,0.544,-0.008
14322.410266168912,0.528,0.0
14322.41051568091,0.544,-0.016
14322.410765192906,0.528,0.0
14322.411014704903,0.544,-0.016
14322.4112642169,0.528,-0.008
14322.411513728897,0.544,0.0
14322.411763240894,0.528,-0.008
14322.412012752891,0.544,0.0
14322.412262264888,0.528,0.0
14322.412511776884,0.544,-0.008
14322.41276128888,0.544,-0.008
14322.413010800878,0.528,0.0
14322.413260312875,0.528,0.0
14322.413509824872,0.544,-0.016
14322.413759336869,0.528,0.0
14322.414008848866,0.544,-0.008
14322.414258360863,0.528,-0.016
14322.41450787286,0.544,0.0
14322.414757384857,0.536,0.0
14322.415006896854,0.528,-0.016
14322.41525640885,0.528,-0.008
14322.415505920848,0.536,0.0
14322.415755432845,0.528,0.0
14322.416004944842,0.544,-0.008
14322.416254456837,0.528,0.0
14322.416503968834,0.544,-0.016
14322.416753480831,0.528,0.0
14322.417002992828,0.544,-0.016
14322.417252504825,0.528,-0.016
14322.417502016822,0.544,0.0
14322.41775152882,0.544,0.0
14322.418001040816,0.528,-0.016
14322.418250552813,0.528,0.0
14322.41850006481,0.544,-0.016
14322.418749576807,0.528,-0.008
14322.418999088804,0.544,0.0
14322.419248600801,0.544,0.0
14322.419498112798,0.528,-0.016
14322.419747624795,0.528,0.0
14322.41999713679,0.544,-0.016
14322.420246648788,0.544,0.0
14322.420496160785,0.52,-0.016
14322.420745672782,0.528,0.0
14322.420995184779,0.544,-0.016
14322.421244696776,0.536,0.0
14322.421494208773,0.52,-0.016
14322.42174372077,0.512,0.0
14322.421993232767,0.544,-0.016
14322.422242744764,0.536,0.0
14322.422492256761,0.528,-0.016
14322.422741768758,0.528,0.0
14322.422991280755,0.536,-0.016
14322.423240792752,0.528,0.0
14322.423490304749,0.544,-0.016
14322.423739816744,0.528,0.0
14322.423989328741,0.544,-0.008
14322.424238840738,0.528,0.0
14322.424488352735,0.544,-0.008
14322.424737864732,0.528,0.0
14322.42498737673,0.544,-0.008
14322.425236888726,0.528,-0.008
14322.425486400723,0.544,0.0
14322.42573591272,0.544,0.0
14322.425985424718,0.528,-0.016
14322.426234936715,0.528,0.0
14322.426484448712,0.544,-0.016
14322.426733960709,0.544,0.0
14322.426983472706,0.528,-0.016
14322.427232984703,0.536,0.0
14322.427482496698,0.528,-0.016
14322.427732008695,0.528,0.0
14322.427981520692,0.544,-0.016
14322.428231032689,0.536,-0.016
14322.428480544686,0.528,0.0
14322.428730056683,0.544,0.0
14322.42897956868,0.528,-0.016
14322.429229080677,0.528,0.0
14322.429478592674,0.544,-0.016
14322.429728104671,0.536,0.0
14322.429977616668,0.528,-0.016
14322.430227128665,0.544,-0.016
14322.430476640662,0.528,0.0
14322.43072615266,0.528,0.0
14322.430975664656,0.552,-0.016
14322.431225176651,0.528,0.0
14322.431474688648,0.544,-0.016
14322.431724200645,0.528,0.0
14322.431973712643,0.544,-0.016
14322.43222322464,0.528,0.0
14322.432472736637,0.544,-0.016
14322.432722248634,0.528,0.0
14322.43297176063,0.544,-0.016
14322.433221272628,0.544,0.0
14322.433470784625,0.528,-0.016
14322.433720296622,0.544,-0.016
14322.433969808619,0.528,0.0
14322.434219320616,0.528,-0.016
14322.434468832613,0.544,0.0
14322.43471834461,0.528,-0.016
14322.434967856605,0.544,0.0
14322.435217368602,0.528,-0.016
14322.435466880599,0.544,0.0
14322.435716392596,0.528,0.0
14322.435965904593,0.544,-0.016
14322.43621541659,0.544,0.0
14322.436464928587,0.528,-0.016
14322.436714440584,0.528,-0.016
14322.436963952581,0.544,0.0
14322.437213464578,0.528,0.0
14322.437462976575,0.544,-0.016
14322.437712488572,0.528,-0.016
14322.43796200057,0.544,0.0
14322.438211512566,0.528,-0.016
14322.438461024563,0.544,0.0
14322.438710536559,0.528,0.0
14322.438960048556,0.544,-0.016
14322.439209560553,0.544,0.0
14322.43945907255,0.528,-0.008
14322.439708584547,0.528,0.0
14322.439958096544,0.536,-0.016
14322.44020760854,0.528,-0.016
14322.440457120538,0.536,0.0
14322.440706632535,0.528,0.0
14322.440956144532,0.536,-0.016
14322.441205656529,0.528,0.0
14322.441455168526,0.544,-0.016
14322.441704680523,0.544,0.0
14322.44195419252,0.528,-0.016
14322.442203704517,0.528,0.0
14322.442453216512,0.544,-0.016
14322.44270272851,0.528,-0.016
14322.442952240506,0.544,0.0
14322.443201752503,0.528,0.0
14322.4434512645,0.544,-0.016
14322.443700776497,0.544,0.0
14322.443950288494,0.528,-0.016
14322.444199800491,0.536,0.0
14322.444449312488,0.528,-0.016
14322.444698824485,0.544,0.0
14322.444948336482,0.528,-0.016
14322.44519784848,0.528,-0.016
14322.445447360476,0.536,0.0
14322.445696872473,0.544,0.0
14322.44594638447,0.528,-0.016
14322.446195896466,0.528,0.0
14322.446445408463,0.544,-0.016
14322.44669492046,0.528,0.0
14322.446944432457,0.544,-0.016
14322.447193944454,0.528,-0.016
14322.44744345645,0.544,0.0
14322.447692968448,0.528,-0.008
14322.447942480445,0.536,0.0
14322.448191992442,0.536,-0.016
14322.448441504439,0.52,0.0
14322.448691016436,0.512,0.0
14322.448940528433,0.528,-0.016
14322.44919004043,0.528,-0.016
14322.449439552427,0.504,0.0
14322.449689064424,0.512,0.0
14322.44993857642,0.528,-0.016
14322.450188088416,0.512,0.0
14322.450437600413,0.528,-0.016
14322.45068711241,0.512,0.0
14322.450936624407,0.528,-0.016
14322.451186136404,0.528,-0.016
14322.451435648401,0.512,0.0
14322.451685160398,0.512,-0.016
14322.451934672396,0.528,0.0
14322.452184184393,0.512,-0.016
14322.45243369639,0.536,0.0
14322.452683208387,0.536,0.0
14322.452932720384,0.52,-0.016
14322.45318223238,0.52,-0.016
14322.453431744378,0.536,0.0
14322.453681256373,0.536,0.0
14322.45393076837,0.52,-0.016
14322.454180280367,0.512,-0.016
14322.454429792364,0.528,0.0
14322.454679304361,0.52,0.0
14322.454928816358,0.544,-0.016
14322.455178328355,0.52,0.0
14322.455427840352,0.536,-0.016
14322.455677352349,0.52,0.0
14322.455926864346,0.536,-0.016
14322.456176376343,0.528,0.0
14322.45642588834,0.512,-0.016
14322.456675400337,0.52,0.0
14322.456924912334,0.536,-0.016
14322.457174424331,0.528,0.0
14322.457423936326,0.52,-0.016
14322.457673448323,0.512,-0.016
14322.45792296032,0.52,0.0
14322.458172472318,0.52,-0.016
14322.458421984315,0.504,0.0
14322.458671496312,0.512,0.0
14322.458921008309,0.52,-0.016
14322.459170520306,0.528,-0.008
14322.459420032303,0.504,0.016
14322.4596695443,0.52,0.016
14322.459919056297,0.536,0.12
14322.460168568294,0.536,0.128
14322.46041808029,0.52,0.272
14322.460667592288,0.536,0.272
14322.460917104285,0.52,0.336
14322.46116661628,0.52,0.336
14322.461416128277,0.536,0.368
14322.461665640274,0.528,0.368
14322.461915152271,0.52,0.384
14322.462164664268,0.528,0.384
14322.462414176265,0.512,0.432
14322.462663688262,0.52,0.424
14322.46291320026,0.504,0.44
14322.463162712256,0.512,0.424
14322.463412224253,0.528,0.384
14322.46366173625,0.536,0.384
14322.463911248247,0.52,0.41600000000000004
14322.464160760244,0.528,0.41600000000000004
14322.464410272241,0.512,0.432
14322.464659784238,0.504,0.432
14322.464909296234,0.528,0.44
14322.46515880823,0.528,0.44
14322.465408320228,0.504,0.4
14322.465657832225,0.528,0.384
14322.465907344222,0.504,0.41600000000000004
14322.466156856219,0.512,0.41600000000000004
14322.466406368216,0.528,0.44
14322.466655880213,0.504,0.44
14322.46690539221,0.52,0.424
14322.467154904207,0.504,0.448
14322.467404416204,0.52,0.40800000000000003
14322.4676539282,0.512,0.40800000000000003
14322.467903440198,0.528,0.384
14322.468152952195,0.52,0.392
14322.468402464192,0.528,0.432
14322.468651976187,0.52,0.41600000000000004
14322.468901488184,0.536,0.44
14322.469151000181,0.528,0.432
14322.469400512178,0.512,0.448
14322.469650024175,0.504,0.448
14322.469899536172,0.528,0.424
14322.47014904817,0.52,0.44
14322.470398560166,0.536,0.432
14322.470648072163,0.536,0.432
14322.47089758416,0.52,0.44
14322.471147096157,0.536,0.44
14322.471396608154,0.52,0.392
14322.471646120151,0.536,0.392
14322.471895632149,0.52,0.384
14322.472145144146,0.528,0.384
14322.47239465614,0.512,0.44
14322.472644168138,0.52,0.44
14322.472893680135,0.504,0.424
14322.473143192132,0.512,0.44
14322.473392704129,0.536,0.424
14322.473642216126,0.52,0.41600000000000004
14322.473891728123,0.536,0.392
14322.47414124012,0.536,0.4
14322.474390752117,0.512,0.432
14322.474640264114,0.504,0.41600000000000004
14322.474889776111,0.52,0.432
14322.475139288108,0.512,0.44
14322.475388800105,0.528,0.424
14322.475638312102,0.52,0.432
14322.4758878241,0.504,0.448
14322.476137336094,0.504,0.432
14322.476386848091,0.536,0.448
14322.476636360088,0.52,0.44
14322.476885872085,0.536,0.424
14322.477135384082,0.52,0.432
14322.47738489608,0.528,0.44
14322.477634408076,0.52,0.44
14322.477883920074,0.536,0.432
14322.47813343207,0.52,0.432
14322.478382944068,0.536,0.44
14322.478632456065,0.536,0.44
14322.478881968062,0.52,0.424
14322.479131480059,0.536,0.44
14322.479380992056,0.512,0.424
14322.479630504053,0.512,0.44
14322.479880016048,0.536,0.424
14322.480129528045,0.52,0.432
14322.480379040042,0.536,0.392
14322.480628552039,0.528,0.384
14322.480878064036,0.512,0.4
14322.481127576033,0.52,0.4
14322.48137708803,0.504,0.432
14322.481626600027,0.512,0.424
14322.481876112024,0.52,0.44
14322.482125624021,0.512,0.432
14322.482375136018,0.528,0.4
14322.482624648015,0.512,0.392
14322.482874160012,0.528,0.40800000000000003
14322.48312367201,0.52,0.4
14322.483373184006,0.536,0.432
14322.483622696001,0.528,0.40800000000000003
14322.483872207999,0.512,0.384
14322.484121719996,0.528,0.384
14322.484371231993,0.512,0.392
14322.48462074399,0.512,0.384
14322.484870255987,0.528,0.392
14322.485119767984,0.504,0.392
14322.48536927998,0.52,0.432
14322.485618791978,0.52,0.424
14322.485868303975,0.504,0.432
14322.486117815972,0.504,0.424
14322.486367327969,0.528,0.392
14322.486616839966,0.512,0.4
14322.486866351963,0.536,0.432
14322.48711586396,0.536,0.41600000000000004
14322.487365375955,0.512,0.384
14322.487614887952,0.52,0.384
14322.48786439995,0.504,0.376
14322.488113911946,0.504,0.392
14322.488363423943,0.52,0.376
14322.48861293594,0.504,0.376
14322.488862447937,0.52,0.392
14322.489111959934,0.504,0.376
14322.489361471931,0.528,0.392
14322.489610983928,0.512,0.392
14322.489860495925,0.528,0.376
14322.490110007922,0.536,0.384
14322.49035951992,0.512,0.376
14322.490609031916,0.52,0.376
14322.490858543913,0.504,0.392
14322.491108055909,0.528,0.376
14322.491357567906,0.504,0.384
14322.491607079903,0.504,0.376
14322.4918565919,0.52,0.392
14322.492106103897,0.504,0.376
14322.492355615894,0.52,0.392
14322.49260512789,0.504,0.376
14322.492854639888,0.528,0.392
14322.493104151885,0.528,0.384
14322.493353663882,0.512,0.376
14322.493603175879,0.52,0.376
14322.493852687876,0.528,0.384
14322.494102199873,0.528,0.384
14322.49435171187,0.512,0.376
14322.494601223867,0.504,0.376
14322.494850735862,0.528,0.392
14322.49510024786,0.528,0.392
14322.495349759856,0.512,0.376
14322.495599271853,0.512,0.392
14322.49584878385,0.496,0.376
14322.496098295847,0.512,0.376
14322.496347807844,0.536,0.384
14322.496597319841,0.52,0.376
14322.496846831838,0.536,0.392
14322.497096343835,0.528,0.384
14322.497345855832,0.504,0.392
14322.49759536783,0.504,0.384
14322.497844879827,0.52,0.392
14322.498094391824,0.504,0.392
14322.49834390382,0.52,0.432
14322.498593415816,0.512,0.44
14322.498842927813,0.536,0.424
14322.49909243981,0.536,0.44
14322.499341951807,0.512,0.432
14322.499591463804,0.528,0.432
14322.4998409758,0.52,0.44
14322.500090487798,0.52,0.44
14322.500339999795,0.536,0.41600000000000004
14322.500589511792,0.52,0.40800000000000003
14322.500839023789,0.528,0.392
14322.501088535786,0.536,0.392
14322.501338047783,0.512,0.41600000000000004
14322.50158755978,0.512,0.41600000000000004
14322.501837071777,0.528,0.44
14322.502086583774,0.52,0.44
14322.50233609577,0.528,0.40800000000000003
14322.502585607766,0.52,0.40800000000000003
14322.502835119763,0.504,0.392
14322.50308463176,0.512,0.41600000000000004
14322.503334143757,0.528,0.384
14322.503583655754,0.52,0.392
14322.503833167752,0.536,0.376
14322.509078264236,0.536,-0.016
14322.509324691495,0.52,0.0
14322.509571118751,0.528,0.0
14322.50981754601,0.544,-0.016
14322.510063973268,0.544,-0.016
14322.510310400527,0.528,0.0
14322.510556827783,0.528,-0.016
14322.510803255042,0.544,0.0
14322.5110496823,0.528,-0.016
14322.511296109556,0.544,-0.008
14322.511542536815,0.544,-0.016
14322.511788964073,0.528,0.0
14322.51203539133,0.528,-0.016
14322.512281818588,0.544,0.0
14322.512528245847,0.528,0.0
14322.512774673105,0.536,-0.016
14322.513021100362,0.536,-0.016
14322.51326752762,0.528,0.0
14322.513513954878,0.528,0.0
14322.513760382135,0.544,-0.016
14322.514006809393,0.544,-0.008
14322.514253236652,0.52,0.024
14322.51449966391,0.544,0.024
14322.514746091167,0.52,0.14400000000000002
14322.514992518425,0.536,0.152
14322.515238945683,0.504,0.304
14322.51548537294,0.504,0.312
14322.515731800198,0.528,0.4
14322.515978227457,0.528,0.4
14322.516224654713,0.512,0.432
14322.516471081972,0.52,0.432
14322.51671750923,0.536,0.456
14322.516963936489,0.544,0.456
14322.517210363745,0.52,0.44
14322.517456791003,0.536,0.432
14322.517703218262,0.52,0.448
14322.517949645518,0.528,0.44
14322.518196072777,0.536,0.456
14322.518442500035,0.512,0.456
14322.518688927294,0.528,0.44
14322.51893535455,0.52,0.456
14322.519181781809,0.504,0.432
14322.519428209067,0.512,0.448
14322.519674636324,0.52,0.40800000000000003
14322.519921063582,0.512,0.41600000000000004
14322.52016749084,0.528,0.4
14322.520413918099,0.512,0.392
14322.520660345355,0.528,0.40800000000000003
14322.520906772614,0.512,0.4
14322.521153199872,0.528,0.44
14322.521399627129,0.504,0.456
14322.521646054387,0.52,0.424
14322.521892481645,0.504,0.424
14322.522138908902,0.52,0.4
14322.52238533616,0.512,0.4
14322.522631763419,0.528,0.424
14322.522878190677,0.52,0.424
14322.523124617934,0.536,0.448
14322.523371045192,0.52,0.44
14322.52361747245,0.528,0.456
14322.523863899707,0.528,0.448
14322.524110326965,0.504,0.41600000000000004
14322.524356754224,0.504,0.40800000000000003
14322.524603181482,0.52,0.424
14322.524849608739,0.52,0.424
14322.525096035997,0.536,0.448
14322.525342463256,0.52,0.432
14322.525588890512,0.536,0.456
14322.52583531777,0.528,0.448
14322.526081745029,0.504,0.40800000000000003
14322.526328172286,0.512,0.40800000000000003
14322.526574599544,0.528,0.392
14322.526821026802,0.52,0.392
14322.52706745406,0.528,0.40800000000000003
14322.527313881317,0.52,0.4
14322.527560308576,0.536,0.448
14322.527806735834,0.52,0.456
14322.52805316309,0.544,0.424
14322.528299590349,0.528,0.424
14322.528546017607,0.512,0.4
14322.528792444866,0.504,0.424
14322.529038872122,0.52,0.456
14322.52928529938,0.512,0.448
14322.52953172664,0.528,0.4
14322.529778153896,0.512,0.4
14322.530024581154,0.528,0.424
14322.530271008412,0.52,0.41600000000000004
14322.530517435669,0.536,0.448
14322.530763862927,0.536,0.448
14322.531010290186,0.512,0.4
14322.531256717444,0.512,0.40800000000000003
14322.5315031447,0.52,0.392
14322.53174957196,0.52,0.392
14322.531995999218,0.544,0.44
14322.532242426474,0.52,0.44
14322.532488853733,0.528,0.4
14322.53273528099,0.536,0.40800000000000003
14322.53298170825,0.52,0.392
14322.533228135506,0.536,0.392
14322.533474562764,0.512,0.4
14322.533720990023,0.52,0.4
14322.53396741728,0.536,0.384
14322.534213844538,0.528,0.392
14322.534460271796,0.504,0.4
14322.534706699053,0.512,0.392
14322.534953126311,0.536,0.4
14322.53519955357,0.536,0.392
14322.535445980828,0.512,0.4
14322.535692408084,0.528,0.4
14322.535938835343,0.504,0.392
14322.536185262601,0.504,0.392
14322.536431689858,0.528,0.384
14322.536678117116,0.512,0.392
14322.536924544374,0.52,0.392
14322.537170971633,0.504,0.392
14322.53741739889,0.52,0.392
14322.537663826148,0.52,0.392
14322.537910253406,0.528,0.4
14322.538156680663,0.528,0.392
14322.538403107921,0.504,0.392
14322.53864953518,0.52,0.392
14322.538895962438,0.504,0.4
14322.539142389694,0.504,0.392
14322.539388816953,0.528,0.4
14322.539635244211,0.504,0.392
14322.539881671468,0.52,0.4
14322.540128098726,0.512,0.392
14322.540374525985,0.528,0.392
14322.540620953241,0.504,0.392
14322.5408673805,0.52,0.4
14322.541113807758,0.512,0.392
14322.541360235016,0.528,0.384
14322.541606662273,0.512,0.392
14322.541853089531,0.536,0.4
14322.54209951679,0.528,0.392
14322.542345944046,0.504,0.4
14322.542592371305,0.504,0.392
14322.542838798563,0.52,0.4
14322.543085225821,0.504,0.392
14322.543331653078,0.528,0.4
14322.543578080336,0.528,0.392
14322.543824507595,0.504,0.392
14322.544070934851,0.504,0.392
14322.54431736211,0.536,0.392
14322.544563789368,0.52,0.392
14322.544810216625,0.536,0.4
14322.545056643883,0.536,0.392
14322.545303071141,0.504,0.4
14322.5455494984,0.504,0.392
14322.545795925656,0.52,0.392
14322.546042352915,0.52,0.4
14322.546288780173,0.504,0.384
14322.54653520743,0.504,0.4
14322.546781634688,0.52,0.392
14322.547028061947,0.512,0.392
14322.547274489205,0.504,0.4
14322.547520916462,0.504,0.392
14322.54776734372,0.52,0.4
14322.548013770978,0.504,0.4
14322.548260198235,0.528,0.392
14322.548506625493,0.512,0.392
14322.548753052752,0.528,0.4
14322.548999480008,0.512,0.392
14322.549245907267,0.528,0.384
14322.549492334525,0.52,0.392
14322.549738761783,0.528,0.4
14322.54998518904,0.536,0.392
14322.550231616298,0.512,0.4
14322.550478043557,0.52,0.392
14322.550724470813,0.536,0.4
14322.550970898072,0.536,0.4
14322.55121732533,0.52,0.384
14322.551463752588,0.528,0.392
14322.551710179845,0.544,0.392
14322.551956607103,0.528,0.392
14322.552203034362,0.536,0.4
14322.552449461618,0.528,0.392
14322.552695888877,0.544,0.392
14322.552942316135,0.528,0.392
14322.553188743392,0.544,0.4
14322.55343517065,0.536,0.392
14322.553681597909,0.52,0.4
14322.553928025167,0.528,0.392
14322.554174452423,0.544,0.4
14322.554420879682,0.528,0.392
14322.55466730694,0.536,0.4
14322.554913734197,0.528,0.392
14322.555160161455,0.536,0.392
14322.555406588714,0.528,0.392
14322.555653015972,0.544,0.4
14322.555899443229,0.528,0.384
14322.556145870487,0.544,0.4
14322.556392297745,0.528,0.4
14322.556638725002,0.544,0.392
14322.55688515226,0.528,0.392
14322.557131579519,0.544,0.392
14322.557378006777,0.528,0.392
14322.557624434034,0.544,0.4
14322.557870861292,0.528,0.392
14322.55811728855,0.544,0.4
14322.558363715807,0.528,0.392
14322.558610143065,0.536,0.4
14322.558856570324,0.528,0.4
14322.55910299758,0.544,0.392
14322.559349424839,0.528,0.392
14322.559595852097,0.544,0.4
14322.559842279356,0.544,0.392
14322.560088706612,0.528,0.4
14322.56033513387,0.528,0.392
14322.560581561129,0.544,0.4
14322.560827988385,0.528,0.4
14322.561074415644,0.544,0.384
14322.561320842902,0.544,0.392
14322.56156727016,0.528,0.392
14322.561813697417,0.528,0.392
14322.562060124676,0.544,0.392
14322.562306551934,0.544,0.392
14322.56255297919,0.528,0.392
14322.562799406449,0.528,0.392
14322.563045833707,0.544,0.4
14322.563292260964,0.528,0.392
14322.563538688222,0.544,0.392
14322.56378511548,0.544,0.392
14322.564031542739,0.528,0.392
14322.564277969996,0.528,0.392
14322.564524397254,0.544,0.4
14322.564770824512,0.528,0.392
14322.565017251769,0.536,0.4
14322.565263679027,0.528,0.392
14322.565510106286,0.536,0.392
14322.565756533544,0.528,0.392
14322.5660029608,0.544,0.4
14322.566249388059,0.528,0.392
14322.566495815317,0.544,0.392
14322.566742242574,0.528,0.392
14322.566988669832,0.544,0.4
14322.56723509709,0.544,0.4
14322.567481524347,0.528,0.424
14322.567727951606,0.528,0.432
14322.567974378864,0.544,0.41600000000000004
14322.568220806123,0.528,0.41600000000000004
14322.56846723338,0.544,0.392
14322.568713660638,0.528,0.4
14322.568960087896,0.544,0.392
14322.569206515152,0.528,0.392
14322.56945294241,0.544,0.392
14322.56969936967,0.528,0.392
14322.569945796928,0.544,0.4
14322.570192224184,0.528,0.392
14322.570438651443,0.544,0.4
14322.570685078701,0.544,0.4
14322.570931505958,0.528,0.384
14322.571177933216,0.544,0.4
14322.571424360474,0.528,0.448
14322.57167078773,0.528,0.448
14322.57191721499,0.544,0.41600000000000004
14322.572163642248,0.528,0.41600000000000004
14322.572410069506,0.544,0.44
14322.572656496763,0.544,0.40800000000000003
14322.572902924021,0.528,0.392
14322.57314935128,0.528,0.392
14322.573395778536,0.544,0.4
14322.573642205794,0.528,0.392
14322.573888633053,0.544,0.40800000000000003
14322.574135060311,0.536,0.392
14322.574381487568,0.528,0.41600000000000004
14322.574627914826,0.536,0.41600000000000004
14322.574874342085,0.528,0.44
14322.575120769341,0.528,0.448
14322.5753671966,0.544,0.432
14322.575613623858,0.528,0.44
14322.575860051116,0.544,0.36
14322.576106478373,0.528,0.352
14322.576352905631,0.544,0.184
14322.57659933289,0.528,0.176
14322.576845760146,0.544,0.064
14322.577092187405,0.528,0.056
14322.577338614663,0.544,0.008
14322.57758504192,0.528,0.008
14322.577831469178,0.544,-0.008
14322.578077896436,0.528,0.0
14322.578324323695,0.544,-0.008
14322.578570750951,0.528,0.0
14322.57881717821,0.552,-0.008
14322.579063605468,0.536,0.0
14322.579310032725,0.528,-0.008
14322.579556459983,0.528,0.0
14322.579802887241,0.544,-0.016
14322.5800493145,0.544,0.0
14322.580295741756,0.528,-0.016
14322.580542169015,0.528,-0.016
14322.580788596273,0.544,0.0
14322.58103502353,0.528,-0.016
14322.581281450788,0.544,0.0
14322.581527878046,0.528,0.0
14322.581774305303,0.544,-0.016
14322.582020732561,0.536,0.0
14322.58226715982,0.528,-0.008
14322.582513587078,0.528,-0.016
14322.582760014335,0.544,0.0
14322.583006441593,0.544,-0.016
14322.583252868852,0.528,0.0
14322.583499296108,0.528,0.0
14322.583745723367,0.544,-0.016
14322.583992150625,0.528,0.0
14322.584238577883,0.544,-0.016
14322.58448500514,0.528,0.0
14322.584731432398,0.544,-0.008
14322.584977859657,0.544,0.0
14322.585224286913,0.528,-0.016
14322.585470714172,0.528,0.0
14322.58571714143,0.544,-0.016
14322.585963568687,0.544,0.0
14322.586209995945,0.528,-0.016
14322.586456423203,0.544,-0.016
14322.586702850462,0.528,0.0
14322.586949277718,0.528,-0.016
14322.587195704977,0.552,0.0
14322.587442132235,0.544,-0.016
14322.587688559492,0.528,0.0
14322.58793498675,0.528,-0.016
14322.588181414008,0.544,0.0
14322.588427841267,0.528,-0.016
14322.588674268523,0.544,0.0
14322.588920695782,0.528,0.0
14322.58916712304,0.544,-0.016
14322.589413550297,0.528,-0.016
14322.589659977555,0.536,0.0
14322.589906404814,0.536,0.0
14322.59015283207,0.504,-0.016
14322.590399259328,0.512,0.0
14322.590645686587,0.536,-0.016
14322.590892113845,0.528,-0.016
14322.591138541102,0.544,0.0
14322.59138496836,0.528,-0.016
14322.591631395619,0.544,0.0
14322.591877822875,0.544,-0.016
14322.592124250134,0.528,0.0
14322.592370677392,0.544,-0.016
14322.59261710465,0.528,0.0
14322.592863531907,0.528,0.0
14322.593109959165,0.544,-0.016
14322.593356386424,0.528,-0.016
14322.59360281368,0.544,0.0
14322.593849240939,0.544,-0.016
14322.594095668197,0.528,0.0
14322.594342095455,0.528,-0.016
14322.594588522712,0.544,0.0
14322.59483494997,0.544,-0.016
14322.595081377229,0.528,0.0
14322.595327804485,0.528,0.0
14322.595574231744,0.544,-0.016
14322.595820659002,0.544,-0.016
14322.596067086259,0.528,0.0
14322.596313513517,0.528,-0.016
14322.596559940775,0.544,0.0
14322.596806368034,0.544,-0.016
14322.59705279529,0.528,0.0
14322.597299222549,0.544,0.0
14322.597545649807,0.528,-0.016
14322.597792077064,0.528,-0.016
14322.598038504322,0.544,0.0
14322.59828493158,0.528,0.0
14322.598531358839,0.552,-0.016
14322.598777786096,0.544,-0.016
14322.599024213354,0.528,0.0
14322.599270640612,0.536,-0.016
14322.599517067869,0.528,0.0
14322.599763495127,0.536,-0.016
14322.600009922386,0.528,0.0
14322.600256349642,0.528,-0.016
14322.6005027769,0.536,0.0
14322.600749204159,0.544,-0.016
14322.600995631417,0.528,0.0
14322.601242058674,0.528,-0.016
14322.601488485932,0.536,0.0
14322.60173491319,0.528,-0.016
14322.601981340447,0.544,0.0
14322.602227767706,0.544,0.0
14322.602474194964,0.528,-0.016
14322.602720622222,0.544,-0.016
14322.602967049479,0.528,0.0
14322.603213476737,0.536,-0.016
14322.603459903996,0.528,0.0
14322.603706331252,0.528,-0.008
14322.60395275851,0.552,-0.016
14322.60419918577,0.528,-0.016
14322.604445613026,0.536,0.0
14322.604692040284,0.528,-0.016
14322.604938467543,0.544,0.0
14322.605184894801,0.544,-0.016
14322.605431322057,0.52,0.0
14322.605677749316,0.536,-0.016
14322.605924176574,0.52,0.0
14322.60617060383,0.512,-0.016
14322.60641703109,0.528,0.0
14322.606663458348,0.512,-0.016
14322.606909885606,0.52,0.0
14322.607156312863,0.512,-0.016
14322.607402740121,0.52,0.0
14322.60764916738,0.528,-0.016
14322.607895594636,0.504,0.0
14322.608142021894,0.512,-0.016
14322.608388449153,0.528,0.0
14322.60863487641,0.512,-0.016
14322.608881303668,0.528,0.0
14322.609127730926,0.536,-0.016
14322.609374158184,0.512,0.0
14322.609620585441,0.512,-0.016
14322.6098670127,0.528,0.0
14322.610113439958,0.52,-0.016
14322.610359867214,0.536,0.0
14322.610606294473,0.536,-0.016
14322.610852721731,0.512,0.0
14322.61109914899,0.52,-0.008
14322.611345576246,0.512,-0.016
14322.611592003504,0.52,-0.016
14322.611838430763,0.504,0.0
14322.61208485802,0.512,-0.016
14322.612331285278,0.536,0.0
14322.612577712536,0.544,-0.016
14322.612824139795,0.52,0.0
14322.613070567051,0.52,-0.016
14322.61331699431,0.536,0.0
14322.613563421568,0.52,-0.016
14322.613809848825,0.536,0.0
14322.614056276083,0.52,-0.016
14322.614302703341,0.536,0.0
14322.614549130598,0.52,-0.016
14322.614795557856,0.512,-0.008
14322.615041985115,0.512,-0.016
14322.615288412373,0.52,0.0
14322.61553483963,0.52,-0.008
14322.615781266888,0.504,-0.016
14322.616027694146,0.504,-0.016
14322.616274121403,0.52,0.0
14322.616520548661,0.504,-0.008
14322.61676697592,0.52,-0.016
14322.617013403178,0.504,-0.008
14322.617259830435,0.52,-0.016
14322.617506257693,0.504,-0.016
14322.617752684951,0.52,-0.008
14322.617999112208,0.52,-0.016
14322.618245539466,0.504,0.0
14322.618491966725,0.504,-0.016
14322.618738393981,0.528,0.0
14322.61898482124,0.52,-0.016
14322.619231248498,0.536,0.0
14322.619477675757,0.528,-0.016
14322.619724103013,0.52,0.0
14322.619970530272,0.52,-0.016
14322.62021695753,0.528,0.0
14322.620463384786,0.536,-0.008
14322.620709812045,0.52,-0.016
14322.620956239303,0.52,-0.016
14322.621202666562,0.536,0.0
14322.621449093818,0.52,-0.016
14322.621695521077,0.544,-0.008
14322.621941948335,0.544,-0.016
14322.622188375592,0.52,-0.008
14322.62243480285,0.52,-0.016
14322.622681230108,0.536,0.0
14322.622927657365,0.52,-0.008
14322.623174084623,0.536,-0.016
14322.623420511882,0.536,-0.016
14322.62366693914,0.504,0.0
14322.623913366397,0.504,-0.016
14322.624159793655,0.52,0.0
14322.624406220913,0.504,-0.016
14322.62465264817,0.52,0.0
14322.624899075428,0.52,-0.016
14322.625145502687,0.504,0.0
14322.625391929945,0.504,-0.008
14322.625638357202,0.512,-0.016
14322.62588478446,0.504,-0.016
14322.626131211719,0.52,0.0
14322.626377638975,0.52,-0.016
14322.626624066233,0.504,0.0
14322.626870493492,0.504,-0.008
14322.627116920748,0.512,-0.016
14322.627363348007,0.504,-0.016
14322.627609775265,0.52,-0.008
14322.627856202524,0.512,-0.016
14322.62810262978,0.536,0.0
14322.628349057039,0.52,-0.016
14322.628595484297,0.528,0.0
14322.628841911554,0.52,-0.008
14322.629088338812,0.536,-0.016
14322.62933476607,0.528,-0.008
14322.629581193329,0.52,-0.016
14322.629827620585,0.52,-0.016
14322.630074047844,0.536,0.0
14322.630320475102,0.52,-0.016
14322.630566902359,0.536,-0.008
14322.630813329617,0.52,0.0
14322.631059756875,0.504,-0.016
14322.631306184134,0.512,-0.016
14322.63155261139,0.528,0.0
14322.631799038649,0.528,-0.016
14322.632045465907,0.52,0.0
14322.632291893164,0.52,-0.016
14322.632538320422,0.536,0.0
14322.63278474768,0.528,-0.016
14322.633031174937,0.512,0.0
14322.633277602195,0.504,-0.016
14322.633524029454,0.52,0.0
14322.633770456712,0.512,-0.008
14322.634016883969,0.52,-0.016
14322.634263311227,0.52,-0.008
14322.634509738486,0.504,-0.016
14322.634756165742,0.504,-0.016
14322.635002593,0.52,0.0
14322.635249020259,0.52,-0.016
14322.635495447517,0.504,0.0
14322.635741874774,0.504,-0.016
14322.635988302032,0.52,0.0
14322.63623472929,0.504,-0.016
14322.636481156547,0.536,0.0
14322.636727583806,0.52,-0.016
14322.636974011064,0.536,0.0
14322.63722043832,0.528,-0.008
14322.637466865579,0.512,0.024
14322.637713292837,0.536,0.024
14322.637959720096,0.512,0.128
14322.638206147352,0.504,0.136
14322.63845257461,0.52,0.272
14322.63869900187,0.512,0.28800000000000003
14322.638945429126,0.528,0.352
14322.639191856384,0.512,0.352
14322.639438283642,0.536,0.384
14322.6396847109,0.528,0.376
14322.639931138157,0.496,0.392
14322.640177565416,0.496,0.384
14322.640423992674,0.528,0.4
14322.64067041993,0.528,0.392
14322.64091684719,0.512,0.384
14322.641163274448,0.512,0.392
14322.641409701704,0.536,0.392
14322.641656128962,0.52,0.384
14322.64190255622,0.536,0.4
14322.64214898348,0.528,0.392
14322.642395410736,0.504,0.4
14322.642641837994,0.504,0.392
14322.642888265253,0.52,0.384
14322.64313469251,0.512,0.392
14322.643381119768,0.528,0.4
14322.643627547026,0.52,0.4
14322.643873974284,0.536,0.392
14322.644120401541,0.52,0.392
14322.6443668288,0.536,0.384
14322.644613256058,0.536,0.392
14322.644859683314,0.52,0.4
14322.645106110573,0.512,0.392
14322.645352537831,0.528,0.4
14322.645598965088,0.512,0.392
14322.645845392346,0.504,0.4
14322.646091819604,0.504,0.392
14322.646338246863,0.528,0.4
14322.64658467412,0.512,0.392
14322.646831101378,0.528,0.392
14322.647077528636,0.52,0.392
14322.647323955893,0.536,0.384
14322.647570383151,0.52,0.392
14322.64781681041,0.536,0.4
14322.648063237668,0.52,0.392
14322.648309664924,0.536,0.4
14322.648556092183,0.52,0.392
14322.648802519441,0.536,0.392
14322.649048946698,0.544,0.384
14322.649295373956,0.512,0.4
14322.649541801215,0.504,0.4
14322.649788228473,0.52,0.384
14322.65003465573,0.512,0.384
14322.650281082988,0.504,0.4
14322.650527510246,0.52,0.384
14322.650773937503,0.504,0.4
14322.651020364761,0.504,0.392
14322.65126679202,0.528,0.4
14322.651513219276,0.512,0.384
14322.651759646535,0.504,0.392
14322.652006073793,0.504,0.392
14322.652252501051,0.52,0.4
14322.652498928308,0.52,0.384
14322.652745355566,0.504,0.4
14322.652991782825,0.512,0.392
14322.653238210081,0.504,0.4
14322.65348463734,0.504,0.384
14322.653731064598,0.512,0.4
14322.653977491856,0.504,0.392
14322.654223919113,0.52,0.392
14322.654470346371,0.504,0.4
14322.65471677363,0.528,0.384
14322.654963200886,0.52,0.392
14322.655209628145,0.528,0.392
14322.655456055403,0.528,0.392
14322.65570248266,0.504,0.4
14322.655948909918,0.528,0.392
14322.656195337177,0.536,0.4
14322.656441764435,0.528,0.392
14322.656688191692,0.544,0.4
14322.65693461895,0.536,0.4
14322.657181046208,0.52,0.384
14322.657427473465,0.52,0.392
14322.657673900723,0.536,0.384
14322.657920327982,0.528,0.392
14322.65816675524,0.512,0.4
14322.658413182497,0.504,0.392
14322.658659609755,0.528,0.384
14322.658906037013,0.52,0.392
14322.65915246427,0.504,0.4
14322.659398891528,0.52,0.4
14322.659645318787,0.504,0.384
14322.659891746043,0.504,0.392
14322.660138173302,0.52,0.4
14322.66038460056,0.512,0.4
14322.660631027818,0.528,0.392
14322.660877455075,0.52,0.384
14322.661123882333,0.536,0.4
14322.661370309592,0.52,0.392
14322.661616736848,0.536,0.4
14322.661863164107,0.536,0.4
14322.662109591365,0.52,0.384
14322.662356018624,0.52,0.4
14322.66260244588,0.536,0.392
14322.662848873139,0.536,0.392
14322.663095300397,0.52,0.4
14322.663341727653,0.536,0.4
14322.663588154912,0.512,0.392
14322.66383458217,0.52,0.392
14322.664081009427,0.544,0.384
14322.664327436685,0.528,0.392
14322.664573863944,0.512,0.384
14322.664820291202,0.512,0.392
14322.665066718459,0.528,0.384
14322.665313145717,0.512,0.392
14322.665559572975,0.536,0.4
14322.665806000232,0.52,0.392
14322.66605242749,0.536,0.384
14322.666298854749,0.52,0.384
14322.666545282007,0.536,0.392
14322.666791709264,0.52,0.384
14322.667038136522,0.504,0.4
14322.66728456378,0.512,0.4
14322.667530991037,0.504,0.384
14322.667777418295,0.504,0.392
14322.668023845554,0.52,0.384
14322.668270272812,0.512,0.384
14322.668516700069,0.536,0.4
14322.668763127327,0.528,0.384
14322.669009554586,0.512,0.4
14322.669255981842,0.512,0.392
14322.6695024091,0.52,0.384
14322.669748836359,0.504,0.4
14322.669995263615,0.528,0.384
14322.670241690874,0.52,0.4
14322.670488118132,0.528,0.384
14322.67073454539,0.52,0.384
14322.670980972647,0.536,0.4
14322.671227399906,0.52,0.4
14322.671473827164,0.536,0.384
14322.67172025442,0.512,0.384
14322.671966681679,0.544,0.392
14322.672213108937,0.536,0.384
14322.672459536196,0.512,0.4
14322.672705963452,0.512,0.392
14322.67295239071,0.544,0.4
14322.673198817969,0.528,0.4
14322.673445245226,0.544,0.384
14322.673691672484,0.528,0.384
14322.673938099742,0.544,0.392
14322.674184526999,0.544,0.4
14322.674430954257,0.528,0.384
14322.674677381516,0.528,0.4
14322.674923808774,0.544,0.384
14322.67517023603,0.528,0.392
14322.675416663289,0.544,0.4
14322.675663090547,0.528,0.384
14322.675909517804,0.544,0.4
14322.676155945062,0.528,0.384
14322.67640237232,0.544,0.4
14322.67664879958,0.528,0.392
14322.676895226836,0.544,0.384
14322.677141654094,0.528,0.384
14322.677388081353,0.536,0.4
14322.67763450861,0.528,0.4
14322.677880935868,0.536,0.392
14322.678127363126,0.528,0.4
14322.678373790382,0.544,0.384
14322.67862021764,0.528,0.4
14322.6788666449,0.544,0.384
14322.679113072158,0.528,0.4
14322.679359499414,0.544,0.384
14322.679605926673,0.528,0.384
14322.679852353931,0.544,0.4
14322.680098781188,0.528,0.384
14322.680345208446,0.544,0.392
14322.680591635704,0.528,0.384
14322.680838062963,0.536,0.392
14322.68108449022,0.528,0.392
14322.681330917478,0.544,0.41600000000000004
14322.681577344736,0.528,0.40800000000000003
14322.681823771993,0.536,0.432
14322.682070199251,0.528,0.432
14322.68231662651,0.544,0.448
14322.682563053766,0.528,0.448
14322.682809481024,0.544,0.432
14322.683055908283,0.544,0.448
14322.683302335541,0.528,0.44
14322.683548762798,0.528,0.448
14322.683795190056,0.544,0.44
14322.684041617315,0.528,0.456
14322.684288044571,0.544,0.432
14322.68453447183,0.536,0.448
14322.684780899088,0.528,0.4
14322.685027326346,0.528,0.40800000000000003
14322.685273753603,0.544,0.432
14322.685520180861,0.544,0.44
14322.68576660812,0.528,0.4
14322.686013035376,0.528,0.4
14322.686259462635,0.544,0.384
14322.686505889893,0.528,0.384
14322.686752317151,0.544,0.4
14322.686998744408,0.528,0.384
14322.687245171666,0.544,0.4
14322.687491598925,0.528,0.384
14322.687738026181,0.544,0.4
14322.68798445344,0.528,0.384
14322.688230880698,0.544,0.4
14322.688477307955,0.528,0.4
14322.688723735213,0.544,0.384
14322.688970162471,0.528,0.392
14322.68921658973,0.544,0.384
14322.689463016986,0.536,0.392
14322.689709444245,0.528,0.384
14322.689955871503,0.536,0.392
14322.69020229876,0.512,0.384
14322.690448726018,0.512,0.384
14322.690695153276,0.536,0.4
14322.690941580535,0.544,0.384
14322.691188007791,0.528,0.4
14322.69143443505,0.528,0.392
14322.691680862308,0.552,0.384
14322.691927289565,0.528,0.392
14322.692173716823,0.536,0.384
14322.692420144082,0.528,0.384
14322.692666571338,0.544,0.4
14322.692912998597,0.536,0.384
14322.693159425855,0.528,0.392
14322.693405853113,0.528,0.392
14322.69365228037,0.544,0.392
14322.693898707628,0.544,0.4
14322.694145134887,0.528,0.384
14322.694391562143,0.544,0.384
14322.694637989402,0.528,0.392
14322.69488441666,0.528,0.384
14322.695130843918,0.544,0.4
14322.695377271175,0.536,0.384
14322.695623698433,0.528,0.4
14322.695870125692,0.528,0.384
14322.696116552948,0.544,0.4
14322.696362980207,0.528,0.384
14322.696609407465,0.544,0.4
14322.696855834722,0.544,0.392
14322.69710226198,0.528,0.384
14322.697348689238,0.544,0.384
14322.697595116497,0.528,0.392
14322.697841543753,0.544,0.384
14322.698087971012,0.528,0.4
14322.69833439827,0.544,0.392
14322.698580825527,0.528,0.368
14322.698827252785,0.528,0.368
14322.699073680044,0.544,0.312
14322.699320107302,0.528,0.296
14322.699566534558,0.544,0.16
14322.699812961817,0.528,0.152
14322.700059389075,0.544,0.056
14322.700305816332,0.528,0.048
14322.70055224359,0.552,0.016
14322.700798670849,0.552,0.008
14322.701045098105,0.528,-0.008
14322.701291525364,0.528,0.0
14322.701537952622,0.552,-0.008
14322.70178437988,0.536,0.0
14322.702030807137,0.528,-0.008
14322.702277234395,0.528,0.0
14322.702523661654,0.536,-0.016
14322.70277008891,0.528,0.0
14322.703016516169,0.536,-0.008
14322.703262943427,0.528,0.0
14322.703509370685,0.544,-0.016
14322.703755797942,0.528,0.0
14322.7040022252,0.544,-0.016
14322.704248652459,0.544,-0.008
14322.704495079715,0.528,0.0
14322.704741506974,0.528,-0.016
14322.704987934232,0.544,0.0
14322.70523436149,0.528,-0.016
14322.705480788747,0.544,0.0
14322.705727216005,0.544,0.0
14322.705973643264,0.528,-0.016
14322.70622007052,0.528,-0.016
14322.706466497779,0.544,0.0
14322.706712925037,0.544,-0.008
14322.706959352294,0.528,0.0
14322.707205779552,0.528,0.0
14322.70745220681,0.544,-0.016
14322.707698634069,0.528,0.0
14322.707945061326,0.552,-0.016
14322.708191488584,0.552,-0.016
14322.708437915842,0.528,0.0
14322.708684343099,0.544,0.0
14322.708930770357,0.528,-0.016
14322.709177197616,0.528,0.0
14322.709423624874,0.552,-0.016
14322.70967005213,0.536,0.0
14322.709916479389,0.528,-0.016
14322.710162906647,0.528,0.0
14322.710409333904,0.544,-0.016
14322.710655761162,0.544,0.0
14322.71090218842,0.528,-0.016
14322.711148615677,0.528,-0.016
14322.711395042936,0.552,0.0
14322.711641470194,0.528,-0.016
14322.711887897452,0.544,0.0
14322.712134324709,0.544,0.0
14322.712380751967,0.512,-0.016
14322.712627179226,0.528,0.0
14322.712873606482,0.512,-0.016
14322.71312003374,0.512,0.0
14322.713366461,0.528,-0.016
14322.713612888258,0.512,-0.016
14322.713859315514,0.528,0.0
14322.714105742773,0.512,-0.016
14322.71435217003,0.528,0.0
14322.714598597287,0.512,0.0
14322.714845024546,0.52,-0.016
14322.715091451804,0.512,-0.016
14322.71533787906,0.528,0.0
14322.71558430632,0.528,0.0
14322.715830733578,0.512,-0.016
14322.716077160836,0.504,-0.016
14322.716323588093,0.536,0.0
14322.716570015351,0.536,-0.016
14322.71681644261,0.512,0.0
14322.717062869866,0.52,-0.016
14322.717309297124,0.512,0.0
14322.717555724383,0.512,-0.016
14322.717802151641,0.528,0.0
14322.718048578898,0.536,0.0
14322.718295006156,0.52,-0.016
14322.718541433414,0.528,-0.016
14322.718787860671,0.512,0.0
14322.71903428793,0.52,-0.016
14322.719280715188,0.512,0.0
14322.719527142444,0.512,0.0
14322.719773569703,0.536,-0.016
14322.720019996961,0.52,0.0
14322.72026642422,0.536,-0.016
14322.720512851476,0.512,-0.016
14322.720759278734,0.528,0.0
14322.721005705993,0.52,-0.016
14322.72125213325,0.536,0.0
14322.721498560508,0.528,-0.016
14322.721744987766,0.504,0.0
14322.721991415025,0.512,-0.016
14322.722237842281,0.528,0.0
14322.72248426954,0.512,0.0
14322.722730696798,0.528,-0.016
14322.722977124055,0.512,-0.016
14322.723223551313,0.528,0.0
14322.723469978571,0.504,-0.016
14322.72371640583,0.52,0.0
14322.723962833086,0.504,-0.016
14322.724209260345,0.528,0.0
14322.724455687603,0.52,-0.016
14322.72470211486,0.544,0.0
14322.724948542118,0.536,-0.016
14322.725194969376,0.512,0.0
14322.725441396633,0.52,0.0
14322.725687823891,0.544,-0.016
14322.72593425115,0.528,-0.016
14322.726180678408,0.544,0.0
14322.726427105665,0.528,-0.016
14322.726673532923,0.544,0.0
14322.726919960181,0.528,-0.016
14322.727166387438,0.536,0.0
14322.727412814696,0.528,0.0
14322.727659241955,0.536,-0.016
14322.727905669213,0.528,-0.016
14322.72815209647,0.536,0.0
14322.728398523728,0.528,-0.016
14322.728644950987,0.544,0.0
14322.728891378243,0.528,0.0
14322.729137805502,0.544,-0.016
14322.72938423276,0.528,-0.016
14322.729630660016,0.544,0.0
14322.729877087275,0.528,-0.008
14322.730123514533,0.544,-0.016
14322.730369941792,0.544,-0.016
14322.730616369048,0.528,-0.008
14322.730862796307,0.528,-0.008
14322.731109223565,0.544,-0.016
14322.731355650822,0.528,0.0
14322.73160207808,0.544,-0.016
14322.731848505338,0.528,-0.008
14322.732094932597,0.544,-0.016
14322.732341359853,0.528,0.0
14322.732587787112,0.544,-0.016
14322.73283421437,0.528,-0.016
14322.733080641627,0.544,0.0
14322.733327068885,0.544,0.0
14322.733573496143,0.52,-0.016
14322.7338199234,0.528,0.0
14322.734066350658,0.544,-0.016
14322.734312777917,0.52,0.0
14322.734559205175,0.512,-0.016
14322.734805632432,0.512,-0.008
14322.73505205969,0.52,-0.016
14322.735298486949,0.512,-0.016
14322.735544914205,0.52,0.0
14322.735791341463,0.504,-0.008
14322.736037768722,0.528,-0.016
14322.73628419598,0.512,-0.016
14322.736530623237,0.528,0.0
14322.736777050495,0.52,-0.016
14322.737023477754,0.504,-0.008
14322.73726990501,0.52,-0.008
14322.737516332269,0.536,-0.016
14322.737762759527,0.52,-0.016
14322.738009186784,0.536,0.0
14322.738255614042,0.536,-0.008
14322.7385020413,0.512,-0.016
14322.738748468559,0.536,0.0
14322.738994895815,0.52,-0.016
14322.739241323074,0.544,-0.016
14322.739487750332,0.52,0.0
14322.739734177589,0.52,-0.016
14322.739980604847,0.512,0.0
14322.740227032105,0.512,-0.008
14322.740473459364,0.528,-0.016
14322.74071988662,0.52,-0.016
14322.740966313879,0.512,0.0
14322.741212741137,0.512,-0.016
14322.741459168394,0.536,0.0
14322.741705595652,0.52,-0.016
14322.74195202291,0.536,-0.008
14322.742198450169,0.528,-0.016
14322.742444877425,0.512,-0.008
14322.742691304684,0.52,-0.016
14322.742937731942,0.504,-0.008
14322.743184159199,0.504,-0.008
14322.743430586457,0.52,-0.016
14322.743677013716,0.504,-0.016
14322.743923440972,0.52,-0.008
14322.74416986823,0.504,-0.016
14322.744416295489,0.52,-0.008
14322.744662722747,0.512,-0.008
14322.744909150004,0.528,-0.016
14322.745155577262,0.52,-0.016
14322.74540200452,0.504,-0.008
14322.745648431777,0.52,-0.008
14322.745894859036,0.504,-0.016
14322.746141286294,0.512,-0.008
14322.746387713552,0.528,-0.016
14322.746634140809,0.512,-0.016
14322.746880568067,0.528,-0.008
14322.747126995326,0.52,-0.016
14322.747373422582,0.536,0.0
14322.74761984984,0.536,-0.008
14322.7478662771,0.512,-0.016
14322.748112704356,0.512,-0.016
14322.748359131614,0.528,0.0
14322.748605558872,0.536,-0.016
14322.74885198613,0.504,0.0
14322.749098413387,0.512,-0.008
14322.749344840646,0.536,-0.016
14322.749591267904,0.52,-0.016
14322.74983769516,0.536,0.0
14322.75008412242,0.52,-0.016
14322.750330549678,0.536,-0.008
14322.750576976936,0.536,-0.016
14322.750823404192,0.512,0.0
14322.75106983145,0.512,-0.016
14322.75131625871,0.528,0.0
14322.751562685966,0.52,-0.016
14322.751809113224,0.536,0.0
14322.752055540483,0.528,-0.016
14322.75230196774,0.504,-0.008
14322.752548394998,0.512,0.0
14322.752794822256,0.504,-0.016
14322.753041249514,0.528,-0.016
14322.753287676771,0.504,0.0
14322.75353410403,0.52,-0.016
14322.753780531288,0.504,-0.008
14322.754026958544,0.504,0.0
14322.754273385803,0.528,-0.016
14322.754519813061,0.52,-0.016
14322.75476624032,0.536,0.0
14322.755012667576,0.528,-0.008
14322.755259094834,0.52,-0.016
14322.755505522093,0.536,-0.016
14322.75575194935,0.512,-0.008
14322.755998376608,0.512,-0.016
14322.756244803866,0.528,0.0
14322.756491231123,0.512,0.0
14322.756737658381,0.528,-0.016
14322.75698408564,0.52,-0.016
14322.757230512898,0.536,-0.008
14322.757476940154,0.512,-0.016
14322.757723367413,0.536,0.0
14322.757969794671,0.536,-0.016
14322.758216221928,0.52,-0.008
14322.758462649186,0.536,-0.016
14322.758709076445,0.512,0.0
14322.758955503703,0.512,-0.016
14322.75920193096,0.528,0.0
14322.759448358218,0.52,0.0
14322.759694785476,0.528,-0.016
14322.759941212733,0.52,0.0
14322.760187639991,0.504,-0.016
14322.76043406725,0.512,-0.008
14322.760680494508,0.528,0.024
14322.760926921765,0.528,0.024
14322.761173349023,0.512,0.128
14322.761419776281,0.504,0.136
14322.761666203538,0.528,0.28
14322.761912630796,0.512,0.28
14322.762159058055,0.528,0.352
14322.762405485311,0.52,0.352
14322.76265191257,0.536,0.4
14322.762898339828,0.512,0.4
14322.763144767086,0.536,0.432
14322.763391194343,0.528,0.432
14322.763637621601,0.544,0.392
14322.76388404886,0.528,0.4
14322.764130476116,0.544,0.424
14322.764376903375,0.528,0.424
14322.764623330633,0.544,0.44
14322.764869757892,0.528,0.424
14322.765116185148,0.544,0.4
14322.765362612407,0.528,0.392
14322.765609039665,0.544,0.44
14322.765855466921,0.528,0.432
14322.76610189418,0.544,0.448
14322.766348321438,0.544,0.448
14322.766594748695,0.528,0.41600000000000004
14322.766841175953,0.536,0.41600000000000004
14322.767087603212,0.528,0.392
14322.76733403047,0.528,0.392
14322.767580457727,0.544,0.384
14322.767826884985,0.528,0.392
14322.768073312243,0.544,0.424
14322.7683197395,0.528,0.40800000000000003
14322.768566166758,0.544,0.392
14322.768812594017,0.528,0.392
14322.769059021275,0.544,0.432
14322.769305448532,0.528,0.432
14322.76955187579,0.536,0.448
14322.769798303048,0.528,0.456
14322.770044730305,0.544,0.432
14322.770291157563,0.528,0.44
14322.770537584822,0.544,0.456
14322.770784012078,0.528,0.448
14322.771030439337,0.536,0.40800000000000003
14322.771276866595,0.544,0.40800000000000003
14322.771523293854,0.528,0.392
14322.77176972111,0.528,0.392
14322.772016148368,0.544,0.40800000000000003
14322.772262575627,0.528,0.40800000000000003
14322.772509002883,0.544,0.44
14322.772755430142,0.544,0.424
14322.7730018574,0.528,0.456
14322.773248284659,0.528,0.448
14322.773494711915,0.544,0.40800000000000003
14322.773741139174,0.528,0.41600000000000004
14322.773987566432,0.536,0.392
14322.774233993689,0.528,0.392
14322.774480420947,0.544,0.424
14322.774726848205,0.528,0.41600000000000004
14322.774973275462,0.544,0.4
14322.77521970272,0.528,0.40800000000000003
14322.775466129979,0.544,0.432
14322.775712557237,0.544,0.432
14322.775958984494,0.528,0.448
14322.776205411752,0.528,0.44
14322.77645183901,0.544,0.456
14322.776698266267,0.528,0.448
14322.776944693525,0.544,0.424
14322.777191120784,0.528,0.41600000000000004
14322.777437548042,0.544,0.392
14322.777683975299,0.544,0.392
14322.777930402557,0.528,0.424
14322.778176829815,0.528,0.424
14322.778423257072,0.544,0.448
14322.77866968433,0.544,0.44
14322.778916111589,0.528,0.392
14322.779162538847,0.536,0.4
14322.779408966104,0.528,0.41600000000000004
14322.779655393362,0.528,0.40800000000000003
14322.77990182062,0.536,0.392
14322.780148247877,0.528,0.4
14322.780394675136,0.544,0.432
14322.780641102394,0.528,0.40800000000000003
14322.78088752965,0.544,0.384
14322.781133956909,0.544,0.4
14322.781380384167,0.528,0.384
14322.781626811426,0.528,0.384
14322.781873238682,0.544,0.4
14322.78211966594,0.528,0.392
14322.782366093199,0.544,0.384
14322.782612520456,0.544,0.4
14322.782858947714,0.528,0.384
14322.783105374972,0.544,0.392
14322.78335180223,0.528,0.384
14322.783598229487,0.528,0.384
14322.783844656746,0.544,0.4
14322.784091084004,0.528,0.384
14322.78433751126,0.544,0.4
14322.784583938519,0.528,0.384
14322.784830365777,0.536,0.4
14322.785076793034,0.528,0.4
14322.785323220292,0.544,0.384
14322.78556964755,0.544,0.384
14322.78581607481,0.528,0.392
14322.786062502066,0.536,0.4
14322.786308929324,0.528,0.384
14322.786555356583,0.536,0.392
14322.78680178384,0.512,0.4
14322.787048211097,0.52,0.392
14322.787294638356,0.512,0.4
14322.787541065614,0.512,0.392
14322.78778749287,0.528,0.384
14322.78803392013,0.52,0.384
14322.788280347388,0.536,0.4
14322.788526774644,0.52,0.4
14322.788773201903,0.544,0.384
14322.789019629161,0.536,0.4
14322.789266056418,0.52,0.384
14322.789512483676,0.528,0.4
14322.789758910934,0.544,0.384
14322.790005338193,0.528,0.384
14322.79025176545,0.544,0.4
14322.790498192708,0.536,0.384
14322.790744619966,0.52,0.4
14322.790991047223,0.512,0.384
14322.791237474481,0.536,0.4
14322.79148390174,0.512,0.384
14322.791730328998,0.528,0.4
14322.791976756254,0.512,0.384
14322.792223183513,0.528,0.392
14322.792469610771,0.52,0.384
14322.792716038028,0.536,0.392
14322.792962465286,0.536,0.392
14322.793208892544,0.52,0.384
14322.793455319801,0.528,0.384
14322.79370174706,0.512,0.4
14322.793948174318,0.512,0.384
14322.794194601576,0.536,0.392
14322.794441028833,0.528,0.392
14322.794687456091,0.512,0.384
14322.79493388335,0.52,0.384
14322.795180310606,0.504,0.4
14322.795426737865,0.512,0.384
14322.795673165123,0.52,0.4
14322.795919592381,0.512,0.384
14322.796166019638,0.52,0.392
14322.796412446896,0.512,0.384
14322.796658874155,0.528,0.4
14322.796905301411,0.512,0.384
14322.79715172867,0.528,0.392
14322.797398155928,0.52,0.384
14322.797644583186,0.504,0.40800000000000003
14322.797891010443,0.512,0.4
14322.798137437701,0.528,0.448
14322.79838386496,0.52,0.448
14322.798630292216,0.544,0.40800000000000003
14322.798876719475,0.536,0.40800000000000003
14322.799123146733,0.52,0.44
14322.79936957399,0.536,0.448
14322.799616001248,0.512,0.40800000000000003
14322.799862428506,0.528,0.4
14322.800108855765,0.504,0.384
14322.800355283021,0.504,0.384
14322.80060171028,0.52,0.432
14322.800848137538,0.512,0.424
14322.801094564795,0.528,0.4
14322.801340992053,0.528,0.392
14322.801587419312,0.512,0.4
14322.80183384657,0.52,0.384
14322.802080273827,0.504,0.4
14322.802326701085,0.504,0.384
14322.802573128343,0.52,0.392
14322.8028195556,0.528,0.4
14322.803065982858,0.504,0.384
14322.803312410117,0.504,0.4
14322.803558837373,0.52,0.384
14322.803805264632,0.504,0.4
14322.80405169189,0.528,0.384
14322.804298119148,0.52,0.4
14322.804544546405,0.504,0.384
