Time,Channel 1,Channel 2
18725.339358329773,0.488,-0.016
18725.33962355077,0.512,-0.008
18725.339888771774,0.512,-0.016
18725.340153992773,0.496,0.0
18725.34041921377,0.488,-0.016
18725.34068443477,0.504,0.0
18725.340949655772,0.488,-0.016
18725.34121487677,0.504,-0.008
18725.34148009777,0.488,-0.008
18725.341745318772,0.504,-0.016
18725.34201053977,0.496,0.0
18725.34227576077,0.544,-0.016
18725.34254098177,0.528,-0.008
18725.34280620277,0.544,-0.016
18725.34307142377,0.536,-0.016
18725.343336644768,0.52,-0.008
18725.343601865767,0.512,-0.008
18725.34386708677,0.536,-0.016
18725.344132307768,0.528,-0.016
18725.344397528766,0.536,0.0
18725.34466274977,0.512,0.0
18725.344927970767,0.536,0.032
18725.345193191766,0.528,0.032
18725.345458412765,0.536,0.168
18725.345723633767,0.528,0.176
18725.345988854766,0.544,0.32
18725.346254075765,0.528,0.32
18725.346519296767,0.544,0.392
18725.346784517766,0.528,0.392
18725.347049738764,0.544,0.424
18725.347314959763,0.528,0.41600000000000004
18725.347580180765,0.552,0.424
18725.347845401764,0.536,0.41600000000000004
18725.348110622763,0.528,0.432
18725.348375843765,0.52,0.41600000000000004
18725.348641064764,0.496,0.432
18725.348906285762,0.496,0.424
18725.34917150676,0.512,0.44
18725.349436727764,0.496,0.41600000000000004
18725.349701948762,0.512,0.432
18725.34996716976,0.504,0.432
18725.35023239076,0.488,0.41600000000000004
18725.350497611762,0.488,0.432
18725.35076283276,0.512,0.424
18725.35102805376,0.496,0.432
18725.35129327476,0.504,0.41600000000000004
18725.35155849576,0.496,0.432
18725.35182371676,0.504,0.40800000000000003
18725.352088937758,0.504,0.41600000000000004
18725.35235415876,0.488,0.432
18725.35261937976,0.496,0.424
18725.352884600758,0.512,0.432
18725.35314982176,0.504,0.424
18725.35341504276,0.488,0.44
18725.353680263757,0.504,0.424
18725.353945484756,0.488,0.44
18725.35421070576,0.488,0.424
18725.354475926757,0.512,0.44
18725.354741147756,0.512,0.424
18725.355006368758,0.536,0.44
18725.355271589757,0.536,0.432
18725.355536810755,0.52,0.392
18725.355802031754,0.512,0.392
18725.356067252756,0.544,0.384
18725.356332473755,0.528,0.384
18725.356597694754,0.544,0.4
18725.356862915753,0.528,0.384
18725.357128136755,0.544,0.376
18725.357393357754,0.544,0.376
18725.357658578752,0.52,0.384
18725.357923799755,0.528,0.392
18725.358189020753,0.496,0.40800000000000003
18725.358454241752,0.496,0.40800000000000003
18725.35871946275,0.504,0.424
18725.358984683753,0.496,0.424
18725.35924990475,0.504,0.40800000000000003
18725.35951512575,0.512,0.41600000000000004
18725.359780346753,0.488,0.432
18725.36004556775,0.496,0.432
18725.36031078875,0.504,0.41600000000000004
18725.36057600975,0.504,0.432
18725.36084123075,0.488,0.40800000000000003
18725.36110645175,0.488,0.41600000000000004
18725.36137167275,0.512,0.432
18725.36163689375,0.496,0.432
18725.36190211475,0.512,0.40800000000000003
18725.36216733575,0.496,0.41600000000000004
18725.362432556747,0.528,0.424
18725.36269777775,0.504,0.432
18725.362962998748,0.528,0.40800000000000003
18725.363228219747,0.528,0.41600000000000004
18725.363493440746,0.536,0.432
18725.363758661748,0.544,0.432
18725.364023882747,0.528,0.40800000000000003
18725.364289103745,0.528,0.41600000000000004
18725.364554324748,0.544,0.432
18725.364819545746,0.536,0.41600000000000004
18725.365084766745,0.496,0.432
18725.365349987744,0.504,0.41600000000000004
18725.365615208746,0.496,0.432
18725.365880429745,0.504,0.432
18725.366145650743,0.544,0.424
18725.366410871746,0.536,0.432
18725.366676092744,0.496,0.41600000000000004
18725.366941313743,0.496,0.41600000000000004
18725.367206534742,0.512,0.432
18725.367471755744,0.496,0.41600000000000004
18725.367736976743,0.512,0.44
18725.36800219774,0.504,0.424
18725.368267418744,0.496,0.432
18725.368532639743,0.496,0.432
18725.36879786074,0.52,0.424
18725.36906308174,0.52,0.432
18725.369328302742,0.496,0.41600000000000004
18725.36959352374,0.52,0.41600000000000004
18725.36985874474,0.496,0.424
18725.37012396574,0.504,0.424
18725.37038918674,0.496,0.41600000000000004
18725.37065440774,0.496,0.41600000000000004
18725.37091962874,0.528,0.432
18725.37118484974,0.536,0.432
18725.37145007074,0.52,0.41600000000000004
18725.371715291738,0.52,0.424
18725.371980512737,0.504,0.376
18725.37224573374,0.504,0.376
18725.372510954738,0.544,0.40800000000000003
18725.372776175736,0.536,0.4
18725.37304139674,0.552,0.392
18725.373306617737,0.528,0.392
18725.373571838736,0.544,0.376
18725.373837059735,0.544,0.368
18725.374102280737,0.512,0.4
18725.374367501736,0.512,0.4
18725.374632722735,0.496,0.41600000000000004
18725.374897943737,0.504,0.424
18725.375163164736,0.496,0.4
18725.375428385734,0.504,0.392
18725.375693606733,0.488,0.368
18725.375958827735,0.488,0.368
18725.376224048734,0.504,0.376
18725.376489269733,0.512,0.368
18725.37675449073,0.496,0.368
18725.377019711734,0.496,0.368
18725.377284932732,0.504,0.368
18725.37755015373,0.496,0.36
18725.377815374733,0.512,0.376
18725.378080595732,0.504,0.368
18725.37834581673,0.496,0.368
18725.37861103773,0.504,0.368
18725.378876258732,0.488,0.368
18725.37914147973,0.496,0.368
18725.37940670073,0.52,0.368
18725.37967192173,0.52,0.368
18725.37993714273,0.536,0.368
18725.38020236373,0.536,0.368
18725.380467584728,0.504,0.392
18725.38073280573,0.504,0.4
18725.38099802673,0.536,0.376
18725.381263247727,0.52,0.376
18725.38152846873,0.536,0.368
18725.38179368973,0.536,0.368
18725.382058910727,0.52,0.40800000000000003
18725.382324131726,0.528,0.40800000000000003
18725.38258935273,0.512,0.424
18725.382854573727,0.512,0.41600000000000004
18725.383119794726,0.496,0.432
18725.383385015724,0.496,0.424
18725.383650236727,0.504,0.44
18725.383915457725,0.504,0.432
18725.384180678724,0.496,0.41600000000000004
18725.384445899726,0.496,0.41600000000000004
18725.384711120725,0.504,0.432
18725.384976341724,0.496,0.40800000000000003
18725.385241562723,0.512,0.432
18725.385506783725,0.496,0.41600000000000004
18725.385772004724,0.512,0.432
18725.386037225722,0.504,0.40800000000000003
18725.386302446725,0.496,0.424
18725.386567667723,0.512,0.41600000000000004
18725.386832888722,0.488,0.432
18725.38709810972,0.496,0.432
18725.387363330723,0.512,0.41600000000000004
18725.38762855172,0.488,0.424
18725.38789377272,0.504,0.40800000000000003
18725.388158993723,0.496,0.4
18725.38842421472,0.512,0.432
18725.38868943572,0.504,0.432
18725.38895465672,0.536,0.41600000000000004
18725.38921987772,0.52,0.41600000000000004
18725.38948509872,0.536,0.376
18725.38975031972,0.528,0.376
18725.390015540717,0.512,0.4
18725.39028076172,0.512,0.4
18725.39054598272,0.488,0.432
18725.390811203717,0.496,0.41600000000000004
18725.39107642472,0.504,0.432
18725.391341645718,0.504,0.424
18725.391606866717,0.488,0.432
18725.391872087715,0.496,0.424
18725.392137308718,0.528,0.432
18725.392402529716,0.536,0.424
18725.392667750715,0.52,0.44
18725.392932971718,0.52,0.432
18725.393198192716,0.536,0.40800000000000003
18725.393463413715,0.536,0.44
18725.393728634714,0.512,0.40800000000000003
18725.393993855716,0.512,0.432
18725.394259076715,0.496,0.41600000000000004
18725.394524297713,0.496,0.432
18725.394789518716,0.512,0.40800000000000003
18725.395054739714,0.496,0.432
18725.395319960713,0.512,0.41600000000000004
18725.39558518171,0.496,0.424
18725.395850402714,0.504,0.44
18725.396115623713,0.496,0.432
18725.39638084471,0.512,0.41600000000000004
18725.39664606571,0.496,0.432
18725.396911286713,0.512,0.41600000000000004
18725.39717650771,0.496,0.41600000000000004
18725.39744172871,0.512,0.432
18725.397706949712,0.496,0.424
18725.39797217071,0.52,0.432
18725.39823739171,0.512,0.432
18725.39850261271,0.536,0.41600000000000004
18725.39876783371,0.536,0.41600000000000004
18725.39903305471,0.512,0.432
18725.399298275708,0.512,0.41600000000000004
18725.39956349671,0.544,0.432
18725.39982871771,0.536,0.432
18725.400093938708,0.52,0.41600000000000004
18725.400359159707,0.52,0.424
18725.40062438071,0.504,0.40800000000000003
18725.400889601708,0.512,0.41600000000000004
18725.401154822706,0.496,0.432
18725.40142004371,0.512,0.44
18725.401685264707,0.496,0.424
18725.401950485706,0.52,0.432
18725.402215706705,0.496,0.424
18725.402480927707,0.496,0.424
18725.402746148706,0.52,0.424
18725.403011369704,0.512,0.424
18725.403276590703,0.496,0.432
18725.403541811706,0.512,0.432
18725.403807032704,0.488,0.41600000000000004
18725.404072253703,0.496,0.424
18725.404337474705,0.512,0.44
18725.404602695704,0.496,0.432
18725.404867916703,0.512,0.41600000000000004
18725.4051331377,0.496,0.41600000000000004
18725.405398358704,0.512,0.432
18725.405663579702,0.512,0.41600000000000004
18725.4059288007,0.536,0.432
18725.406194021703,0.536,0.41600000000000004
18725.406459242702,0.512,0.432
18725.4067244637,0.52,0.41600000000000004
18725.4069896847,0.496,0.432
18725.407254905702,0.512,0.424
18725.4075201267,0.488,0.432
18725.4077853477,0.496,0.432
18725.4080505687,0.512,0.41600000000000004
18725.4083157897,0.496,0.41600000000000004
18725.4085810107,0.52,0.432
18725.408846231698,0.512,0.41600000000000004
18725.4091114527,0.488,0.432
18725.4093766737,0.488,0.424
18725.409641894697,0.504,0.4
18725.409907115696,0.496,0.376
18725.4101723367,0.512,0.392
18725.410437557697,0.496,0.392
18725.410702778696,0.512,0.384
18725.4109679997,0.512,0.384
18725.411233220697,0.488,0.28
18725.411498441696,0.496,0.28
18725.411763662694,0.512,0.128
18725.412028883697,0.512,0.136
18725.412294104695,0.52,0.04
18725.412559325694,0.52,0.04
18725.412824546696,0.496,0.008
18725.413089767695,0.496,0.008
18725.413354988694,0.504,-0.008
18725.413620209692,0.496,0.0
18725.413885430695,0.504,-0.008
18725.414150651693,0.496,0.0
18725.414415872692,0.512,-0.016
18725.414681093695,0.496,-0.016
18725.414946314693,0.504,0.0
18725.415211535692,0.496,0.0
18725.41547675669,0.52,-0.016
18725.415741977693,0.488,0.0
18725.41600719869,0.504,-0.016
18725.41627241969,0.496,-0.016
18725.41653764069,0.512,0.0
18725.41680286169,0.496,-0.016
18725.41706808269,0.512,0.0
18725.41733330369,0.496,-0.016
18725.41759852469,0.52,0.0
18725.41786374569,0.504,0.0
18725.41812896669,0.496,-0.016
18725.418394187687,0.496,0.0
18725.41865940869,0.52,-0.016
18725.41892462969,0.512,0.0
18725.419189850687,0.496,-0.016
18725.41945507169,0.496,0.0
18725.419720292688,0.512,-0.016
18725.419985513687,0.496,0.0
18725.420250734685,0.536,-0.016
18725.420515955688,0.536,-0.016
18725.420781176686,0.504,0.0
18725.421046397685,0.52,0.0
18725.421311618687,0.496,-0.016
18725.421576839686,0.496,0.0
18725.421842060685,0.512,-0.016
18725.422107281684,0.496,0.0
18725.422372502686,0.512,-0.008
18725.422637723685,0.504,0.0
18725.422902944683,0.552,-0.016
18725.423168165682,0.528,0.0
18725.423433386684,0.552,-0.016
18725.423698607683,0.552,-0.016
18725.42396382868,0.536,0.0
18725.424229049684,0.552,0.0
18725.424494270683,0.536,-0.016
18725.42475949168,0.536,-0.016
18725.42502471268,0.552,0.0
18725.425289933683,0.56,0.0
18725.42555515468,0.536,-0.016
18725.42582037568,0.536,0.0
18725.426085596682,0.552,-0.016
18725.42635081768,0.544,-0.016
18725.42661603868,0.552,0.0
18725.42688125968,0.552,-0.016
18725.42714648068,0.536,0.0
18725.42741170168,0.544,-0.016
18725.427676922678,0.56,0.0
18725.42794214368,0.552,0.0
18725.42820736468,0.536,-0.016
18725.428472585678,0.536,0.0
18725.428737806677,0.504,-0.016
18725.42900302768,0.512,-0.016
18725.429268248678,0.528,0.0
18725.429533469676,0.504,0.0
18725.429798690675,0.544,-0.016
18725.430063911677,0.552,-0.016
18725.430329132676,0.512,0.0
18725.430594353675,0.528,0.0
18725.430859574677,0.496,-0.016
18725.431124795676,0.496,0.0
18725.431390016674,0.52,-0.016
18725.431655237673,0.52,-0.016
18725.431920458675,0.496,0.0
18725.432185679674,0.504,0.0
18725.432450900673,0.52,-0.016
18725.432716121675,0.504,-0.016
18725.432981342674,0.528,0.0
18725.433246563673,0.528,-0.016
18725.43351178467,0.504,0.0
18725.433777005674,0.496,0.0
18725.434042226672,0.528,-0.016
18725.43430744767,0.52,0.0
18725.434572668673,0.496,-0.016
18725.434837889672,0.52,-0.016
18725.43510311067,0.496,0.0
18725.43536833167,0.496,-0.016
18725.43563355267,0.544,0.0
18725.43589877367,0.544,-0.016
18725.43616399467,0.512,0.0
18725.436429215668,0.528,-0.016
18725.43669443667,0.544,0.0
18725.43695965767,0.544,0.0
18725.437224878668,0.52,-0.016
18725.43749009967,0.496,-0.016
18725.43775532067,0.52,0.0
18725.438020541667,0.52,0.0
18725.438285762666,0.504,-0.016
18725.43855098367,0.496,-0.016
18725.438816204667,0.52,-0.008
18725.439081425666,0.496,-0.016
18725.439346646668,0.512,-0.008
18725.439611867667,0.504,0.0
18725.439877088666,0.512,-0.016
18725.440142309664,0.504,-0.016
18725.440407530667,0.496,0.0
18725.440672751665,0.496,-0.016
18725.440937972664,0.512,0.0
18725.441203193666,0.496,-0.016
18725.441468414665,0.528,0.0
18725.441733635664,0.528,0.0
18725.441998856662,0.496,-0.016
18725.442264077665,0.496,-0.016
18725.442529298663,0.512,0.0
18725.442794519662,0.504,-0.016
18725.44305974066,0.536,0.0
18725.443324961663,0.496,-0.016
18725.443590182662,0.512,-0.008
18725.44385540366,0.504,-0.016
18725.444120624663,0.528,-0.008
18725.44438584566,0.528,-0.016
18725.44465106666,0.496,-0.008
18725.44491628766,0.496,-0.016
18725.44518150866,0.52,-0.008
18725.44544672966,0.496,-0.016
18725.44571195066,0.52,0.0
18725.44597717166,0.512,-0.016
18725.44624239266,0.496,-0.008
18725.44650761366,0.496,-0.016
18725.446772834657,0.512,0.0
18725.44703805566,0.504,0.0
18725.44730327666,0.552,-0.016
18725.447568497657,0.552,-0.008
18725.44783371866,0.536,-0.016
18725.448098939658,0.536,-0.016
18725.448364160657,0.56,-0.008
18725.448629381655,0.536,-0.016
18725.448894602658,0.552,0.0
18725.449159823656,0.536,-0.008
18725.449425044655,0.56,-0.016
18725.449690265654,0.56,-0.016
18725.449955486656,0.536,-0.008
18725.450220707655,0.536,0.0
18725.450485928654,0.552,-0.016
18725.450751149656,0.544,-0.016
18725.451016370655,0.56,-0.008
18725.451281591653,0.544,-0.016
18725.451546812652,0.56,0.0
18725.451812033654,0.544,0.0
18725.452077254653,0.552,-0.016
18725.45234247565,0.56,-0.016
18725.452607696654,0.536,0.0
18725.452872917653,0.544,-0.016
18725.45313813865,0.56,0.0
18725.45340335965,0.544,-0.016
18725.453668580652,0.56,-0.008
18725.45393380165,0.544,-0.016
18725.45419902265,0.56,0.0
18725.454464243652,0.544,-0.016
18725.45472946465,0.552,0.0
18725.45499468565,0.536,-0.008
18725.45525990665,0.56,-0.016
18725.45552512765,0.552,-0.016
18725.45579034865,0.544,0.0
18725.456055569648,0.544,-0.016
18725.456320790647,0.56,0.0
18725.45658601165,0.544,-0.016
18725.456851232648,0.56,-0.008
18725.457116453646,0.544,0.0
18725.45738167465,0.56,-0.016
18725.457646895647,0.544,-0.016
18725.457912116646,0.56,0.0
18725.458177337645,0.544,-0.008
18725.458442558647,0.56,-0.016
18725.458707779646,0.544,0.0
18725.458973000645,0.56,-0.016
18725.459238221647,0.544,-0.016
18725.459503442646,0.56,-0.008
18725.459768663644,0.544,0.0
18725.460033884643,0.56,-0.016
18725.460299105645,0.536,-0.016
18725.460564326644,0.56,0.0
18725.460829547643,0.544,-0.016
18725.461094768645,0.56,0.0
18725.461359989644,0.56,-0.008
18725.461625210643,0.544,-0.016
18725.46189043164,0.544,-0.016
18725.462155652644,0.56,0.0
18725.462420873642,0.56,0.0
18725.46268609464,0.544,-0.016
18725.46295131564,0.544,-0.016
18725.463216536642,0.56,0.0
18725.46348175764,0.544,-0.008
18725.46374697864,0.56,-0.016
18725.46401219964,0.544,-0.016
18725.46427742064,0.56,-0.008
18725.46454264164,0.56,-0.016
18725.464807862638,0.544,0.0
18725.46507308364,0.544,-0.008
18725.46533830464,0.552,-0.016
18725.465603525638,0.552,-0.016
18725.46586874664,0.536,0.0
18725.46613396764,0.56,-0.008
18725.466399188637,0.544,-0.016
18725.466664409636,0.56,-0.016
18725.46692963064,0.544,0.0
18725.467194851637,0.544,-0.008
18725.467460072636,0.56,-0.016
18725.467725293638,0.544,-0.016
18725.467990514637,0.56,0.0
18725.468255735635,0.544,-0.016
18725.468520956634,0.56,0.0
18725.468786177637,0.56,-0.008
18725.469051398635,0.544,-0.016
18725.469316619634,0.544,-0.008
18725.469581840633,0.552,-0.016
18725.469847061635,0.544,-0.016
18725.470112282634,0.56,-0.008
18725.470377503632,0.544,-0.008
18725.470642724635,0.56,-0.016
18725.470907945633,0.544,-0.016
18725.471173166632,0.56,0.0
18725.47143838763,0.56,0.0
18725.471703608633,0.544,-0.016
18725.47196882963,0.544,0.0
18725.47223405063,0.56,-0.016
18725.472499271633,0.544,-0.016
18725.47276449263,0.56,-0.008
18725.47302971363,0.544,-0.008
18725.47329493463,0.56,-0.016
18725.47356015563,0.544,-0.016
18725.47382537663,0.56,0.0
18725.47409059763,0.544,0.0
18725.47435581863,0.56,-0.016
18725.47462103963,0.544,-0.016
18725.47488626063,0.56,-0.008
18725.475151481627,0.544,-0.016
18725.47541670263,0.56,0.0
18725.475681923628,0.56,-0.016
18725.475947144627,0.544,0.0
18725.476212365626,0.5680000000000001,-0.008
18725.476477586628,0.544,-0.016
18725.476742807627,0.544,-0.016
18725.477008028625,0.56,0.0
18725.477273249628,0.56,0.0
18725.477538470626,0.544,0.032
18725.477803691625,0.56,0.032
18725.478068912624,0.544,0.152
18725.478334133626,0.544,0.152
18725.478599354625,0.56,0.28
18725.478864575623,0.544,0.28
18725.479129796626,0.56,0.36
18725.479395017624,0.544,0.36
18725.479660238623,0.56,0.40800000000000003
18725.479925459622,0.544,0.4
18725.480190680624,0.56,0.424
18725.480455901623,0.544,0.424
18725.48072112262,0.56,0.40800000000000003
18725.480986343624,0.544,0.432
18725.481251564623,0.56,0.40800000000000003
18725.48151678562,0.544,0.4
18725.48178200662,0.56,0.376
18725.482047227622,0.544,0.376
18725.48231244862,0.56,0.368
18725.48257766962,0.544,0.368
18725.48284289062,0.56,0.368
18725.48310811162,0.544,0.368
18725.48337333262,0.56,0.368
18725.48363855362,0.544,0.368
18725.48390377462,0.56,0.368
18725.48416899562,0.56,0.368
18725.484434216618,0.544,0.368
18725.484699437617,0.544,0.368
18725.48496465862,0.56,0.376
18725.485229879618,0.544,0.368
18725.485495100616,0.56,0.368
18725.48576032162,0.56,0.368
18725.486025542617,0.544,0.376
18725.486290763616,0.544,0.368
18725.486555984615,0.56,0.368
18725.486821205617,0.56,0.368
18725.487086426616,0.544,0.376
18725.487351647615,0.56,0.368
18725.487616868617,0.544,0.368
18725.487882089616,0.56,0.368
18725.488147310614,0.544,0.368
18725.488412531613,0.544,0.368
18725.488677752615,0.56,0.376
18725.488942973614,0.544,0.368
18725.489208194613,0.56,0.368
18725.48947341561,0.544,0.368
18725.489738636614,0.56,0.368
18725.490003857612,0.544,0.368
18725.49026907861,0.56,0.368
18725.490534299614,0.544,0.368
18725.490799520612,0.56,0.368
18725.49106474161,0.56,0.368
18725.49132996261,0.544,0.368
18725.491595183612,0.56,0.368
18725.49186040461,0.536,0.368
18725.49212562561,0.544,0.368
18725.49239084661,0.528,0.368
18725.49265606761,0.528,0.368
18725.49292128861,0.504,0.368
18725.493186509608,0.512,0.368
18725.49345173061,0.504,0.376
18725.49371695161,0.496,0.368
18725.493982172608,0.544,0.376
18725.49424739361,0.528,0.368
18725.49451261461,0.544,0.368
18725.494777835607,0.528,0.368
18725.495043056606,0.52,0.368
18725.49530827761,0.528,0.368
18725.495573498607,0.544,0.368
18725.495838719606,0.552,0.376
18725.496103940604,0.52,0.368
18725.496369161607,0.52,0.368
18725.496634382605,0.504,0.368
18725.496899603604,0.512,0.368
18725.497164824606,0.496,0.368
18725.497430045605,0.496,0.368
18725.497695266604,0.528,0.376
18725.497960487603,0.528,0.368
18725.498225708605,0.552,0.376
18725.498490929604,0.544,0.368
18725.498756150602,0.528,0.376
18725.499021371605,0.544,0.368
18725.499286592603,0.512,0.368
18725.499551813602,0.512,0.368
18725.4998170346,0.496,0.36
18725.500082255603,0.512,0.368
18725.5003474766,0.496,0.368
18725.5006126976,0.496,0.368
18725.500877918603,0.512,0.368
18725.5011431396,0.512,0.368
18725.5014083606,0.496,0.368
18725.5016735816,0.496,0.368
18725.5019388026,0.512,0.368
18725.5022040236,0.496,0.368
18725.5024692446,0.52,0.368
18725.502734465597,0.504,0.368
18725.5029996866,0.528,0.376
18725.5032649076,0.52,0.368
18725.503530128597,0.496,0.368
18725.5037953496,0.496,0.368
18725.504060570598,0.512,0.368
18725.504325791597,0.496,0.368
18725.504591012595,0.512,0.368
18725.504856233598,0.496,0.368
18725.505121454597,0.512,0.36
18725.505386675595,0.496,0.368
18725.505651896598,0.512,0.368
18725.505917117596,0.496,0.368
18725.506182338595,0.512,0.376
18725.506447559594,0.512,0.368
18725.506712780596,0.496,0.368
18725.506978001595,0.504,0.368
18725.507243222593,0.488,0.384
18725.507508443596,0.488,0.376
18725.507773664594,0.512,0.40800000000000003
18725.508038885593,0.488,0.40800000000000003
18725.508304106592,0.528,0.424
18725.508569327594,0.528,0.432
18725.508834548593,0.496,0.392
18725.50909976959,0.496,0.376
18725.50936499059,0.504,0.41600000000000004
18725.509630211593,0.496,0.4
18725.50989543259,0.52,0.432
18725.51016065359,0.536,0.41600000000000004
18725.510425874592,0.496,0.44
18725.51069109559,0.496,0.41600000000000004
18725.51095631659,0.504,0.432
18725.51122153759,0.496,0.41600000000000004
18725.51148675859,0.504,0.432
18725.51175197959,0.504,0.40800000000000003
18725.512017200588,0.488,0.432
18725.51228242159,0.496,0.432
18725.51254764259,0.504,0.41600000000000004
18725.512812863588,0.496,0.432
18725.513078084587,0.504,0.4
18725.51334330559,0.504,0.4
18725.513608526588,0.496,0.424
18725.513873747586,0.488,0.41600000000000004
18725.51413896859,0.504,0.432
18725.514404189587,0.488,0.432
18725.514669410586,0.504,0.424
18725.514934631585,0.496,0.432
18725.515199852587,0.504,0.41600000000000004
18725.515465073586,0.488,0.432
18725.515730294585,0.512,0.41600000000000004
18725.515995515583,0.504,0.424
18725.516260736586,0.488,0.432
18725.516525957584,0.504,0.424
18725.516791178583,0.488,0.41600000000000004
18725.517056399585,0.496,0.432
18725.517321620584,0.488,0.40800000000000003
18725.517586841583,0.504,0.41600000000000004
18725.51785206258,0.488,0.432
18725.518117283584,0.504,0.432
18725.518382504582,0.488,0.41600000000000004
18725.51864772558,0.488,0.41600000000000004
18725.518912946583,0.504,0.432
18725.519178167582,0.496,0.432
18725.51944338858,0.512,0.40800000000000003
18725.51970860958,0.512,0.41600000000000004
18725.519973830582,0.488,0.432
18725.52023905158,0.512,0.41600000000000004
18725.52050427258,0.488,0.432
18725.52076949358,0.504,0.432
18725.52103471458,0.488,0.4
18725.52129993558,0.488,0.392
18725.521565156578,0.528,0.40800000000000003
18725.52183037758,0.52,0.4
18725.52209559858,0.536,0.424
18725.522360819577,0.528,0.424
18725.522626040576,0.504,0.384
18725.52289126158,0.512,0.384
18725.523156482577,0.496,0.41600000000000004
18725.523421703576,0.496,0.41600000000000004
18725.52368692458,0.536,0.432
18725.523952145577,0.536,0.424
18725.524217366576,0.52,0.432
18725.524482587574,0.544,0.424
18725.524747808577,0.528,0.432
18725.525013029575,0.536,0.41600000000000004
18725.525278250574,0.504,0.432
18725.525543471576,0.504,0.41600000000000004
18725.525808692575,0.496,0.432
18725.526073913574,0.512,0.432
18725.526339134572,0.488,0.41600000000000004
18725.526604355575,0.488,0.41600000000000004
18725.526869576574,0.52,0.424
18725.527134797572,0.52,0.424
18725.527400018575,0.544,0.41600000000000004
18725.527665239573,0.52,0.424
18725.527930460572,0.544,0.41600000000000004
18725.52819568157,0.528,0.44
18725.528460902573,0.544,0.424
18725.52872612357,0.536,0.41600000000000004
18725.52899134457,0.52,0.432
18725.52925656557,0.528,0.424
18725.52952178657,0.496,0.432
18725.52978700757,0.504,0.41600000000000004
18725.53005222857,0.496,0.432
18725.53031744957,0.504,0.432
18725.53058267057,0.496,0.41600000000000004
18725.53084789157,0.504,0.41600000000000004
18725.531113112567,0.488,0.432
18725.53137833357,0.496,0.41600000000000004
18725.53164355457,0.504,0.432
18725.531908775567,0.496,0.41600000000000004
18725.53217399657,0.504,0.432
18725.532439217568,0.496,0.432
18725.532704438567,0.504,0.41600000000000004
18725.532969659565,0.496,0.432
18725.533234880568,0.504,0.384
18725.533500101566,0.488,0.384
18725.533765322565,0.504,0.41600000000000004
18725.534030543567,0.512,0.40800000000000003
18725.534295764566,0.488,0.432
18725.534560985565,0.488,0.432
18725.534826206564,0.512,0.41600000000000004
18725.535091427566,0.504,0.41600000000000004
18725.535356648565,0.488,0.432
18725.535621869563,0.488,0.424
18725.535887090562,0.504,0.432
18725.536152311564,0.504,0.432
18725.536417532563,0.488,0.41600000000000004
18725.53668275356,0.496,0.41600000000000004
18725.536947974564,0.488,0.432
18725.537213195563,0.504,0.432
18725.53747841656,0.488,0.41600000000000004
18725.53774363756,0.496,0.424
18725.538008858563,0.504,0.40800000000000003
18725.53827407956,0.488,0.41600000000000004
18725.53853930056,0.504,0.432
18725.538804521562,0.488,0.424
18725.53906974256,0.504,0.376
18725.53933496356,0.504,0.392
18725.53960018456,0.536,0.368
18725.53986540556,0.536,0.376
18725.54013062656,0.512,0.41600000000000004
18725.540395847558,0.512,0.41600000000000004
18725.54066106856,0.496,0.432
18725.54092628956,0.488,0.432
18725.541191510558,0.512,0.41600000000000004
18725.541456731557,0.52,0.41600000000000004
18725.54172195256,0.536,0.432
18725.541987173558,0.528,0.41600000000000004
18725.542252394556,0.544,0.44
18725.542517615555,0.528,0.424
18725.542782836557,0.544,0.432
18725.543048057556,0.536,0.424
18725.543313278555,0.528,0.4
18725.543578499557,0.528,0.4
18725.543843720556,0.496,0.304
18725.544108941554,0.504,0.304
18725.544374162553,0.496,0.14400000000000002
18725.544639383555,0.496,0.136
18725.544904604554,0.512,0.032
18725.545169825553,0.488,0.032
18725.545435046555,0.512,0.0
18725.545700267554,0.504,0.008
18725.545965488553,0.496,-0.008
18725.54623070955,0.488,0.0
18725.546495930554,0.512,-0.016
18725.546761151552,0.504,-0.016
18725.54702637255,0.496,0.0
18725.547291593553,0.504,0.0
18725.547556814552,0.488,-0.016
18725.54782203555,0.488,-0.008
18725.54808725655,0.512,0.0
18725.54835247755,0.504,0.0
18725.54861769855,0.488,-0.016
18725.54888291955,0.496,0.0
18725.549148140548,0.504,-0.016
18725.54941336155,0.488,0.0
18725.54967858255,0.504,-0.016
18725.549943803548,0.504,-0.008
18725.55020902455,0.488,0.0
18725.55047424555,0.504,-0.016
18725.550739466547,0.488,0.0
18725.551004687546,0.496,0.0
18725.55126990855,0.504,-0.016
18725.551535129547,0.488,-0.016
18725.551800350546,0.512,0.0
18725.552065571548,0.488,-0.016
18725.552330792547,0.512,0.0
18725.552596013546,0.496,0.0
18725.552861234544,0.512,-0.016
18725.553126455547,0.512,0.0
18725.553391676545,0.536,-0.016
18725.553656897544,0.536,0.0
18725.553922118546,0.52,-0.016
18725.554187339545,0.52,0.0
18725.554452560544,0.544,-0.016
18725.554717781542,0.536,0.0
18725.554983002545,0.504,-0.016
18725.555248223543,0.52,0.0
18725.555513444542,0.488,-0.016
18725.55577866554,0.488,-0.016
18725.556043886543,0.52,0.0
18725.556309107542,0.52,-0.016
18725.55657432854,0.536,0.0
18725.556839549543,0.536,0.0
18725.55710477054,0.512,-0.016
18725.55736999154,0.512,0.0
18725.55763521254,0.496,-0.016
18725.55790043354,0.496,-0.016
18725.55816565454,0.512,0.0
18725.55843087554,0.488,-0.016
18725.55869609654,0.504,0.0
18725.55896131754,0.496,0.0
18725.55922653854,0.504,-0.016
18725.559491759537,0.496,0.0
18725.55975698054,0.512,-0.016
18725.56002220154,0.496,-0.016
18725.560287422537,0.512,0.0
18725.56055264354,0.496,-0.016
18725.560817864538,0.512,0.0
18725.561083085537,0.52,-0.016
18725.561348306535,0.488,0.0
18725.561613527538,0.504,-0.016
18725.561878748536,0.488,0.0
18725.562143969535,0.488,0.0
18725.562409190534,0.504,-0.016
18725.562674411536,0.496,-0.016
18725.562939632535,0.512,0.0
18725.563204853534,0.504,-0.016
18725.563470074536,0.488,0.0
18725.563735295535,0.496,-0.016
18725.564000516533,0.504,0.0
18725.564265737532,0.488,-0.016
18725.564530958534,0.512,0.0
18725.564796179533,0.504,-0.016
18725.56506140053,0.488,0.0
18725.565326621534,0.504,-0.016
18725.565591842533,0.496,0.0
18725.56585706353,0.504,0.0
18725.56612228453,0.488,-0.016
18725.566387505532,0.488,-0.016
18725.56665272653,0.512,0.0
18725.56691794753,0.504,0.0
18725.567183168532,0.496,-0.016
18725.56744838953,0.496,-0.016
18725.56771361053,0.488,0.0
18725.56797883153,0.504,0.0
18725.56824405253,0.488,-0.016
18725.56850927353,0.496,0.0
18725.568774494528,0.488,-0.016
18725.569039715527,0.504,0.0
18725.56930493653,0.488,-0.016
18725.569570157528,0.504,-0.016
18725.569835378526,0.488,0.0
18725.57010059953,0.496,-0.016
18725.570365820528,0.52,0.0
18725.570631041526,0.52,-0.016
18725.570896262525,0.488,0.0
18725.571161483527,0.504,-0.016
18725.571426704526,0.488,0.0
18725.571691925525,0.504,0.0
18725.571957146527,0.488,-0.016
18725.572222367526,0.488,-0.016
18725.572487588524,0.504,0.0
18725.572752809523,0.496,0.0
18725.573018030525,0.504,-0.016
18725.573283251524,0.488,-0.016
18725.573548472523,0.504,0.0
18725.573813693525,0.504,0.0
18725.574078914524,0.488,-0.016
18725.574344135523,0.504,-0.016
18725.57460935652,0.488,0.0
18725.574874577524,0.496,-0.016
18725.575139798522,0.504,0.0
18725.57540501952,0.504,-0.016
18725.57567024052,0.488,0.0
18725.575935461522,0.488,-0.016
18725.57620068252,0.504,0.0
18725.57646590352,0.504,-0.016
18725.57673112452,0.488,0.0
18725.57699634552,0.504,-0.016
18725.57726156652,0.488,0.0
18725.577526787518,0.504,-0.008
18725.57779200852,0.488,-0.016
18725.57805722952,0.488,-0.016
18725.578322450518,0.504,0.0
18725.57858767152,0.496,0.0
18725.57885289252,0.544,-0.016
18725.579118113517,0.528,-0.016
18725.579383334516,0.544,0.0
18725.57964855552,0.536,-0.016
18725.579913776517,0.52,0.0
18725.580178997516,0.512,0.0
18725.580444218518,0.536,-0.016
18725.580709439517,0.52,-0.016
18725.580974660515,0.496,0.0
18725.581239881514,0.496,-0.016
18725.581505102517,0.488,0.0
18725.581770323515,0.496,0.0
18725.582035544514,0.512,-0.016
18725.582300765513,0.488,0.0
18725.582565986515,0.504,-0.016
18725.582831207514,0.488,-0.016
18725.583096428512,0.504,0.0
18725.583361649515,0.496,-0.016
18725.583626870513,0.488,0.0
18725.583892091512,0.496,-0.016
18725.58415731251,0.504,0.0
18725.584422533513,0.504,-0.016
18725.584687754512,0.488,0.0
18725.58495297551,0.488,0.0
18725.585218196513,0.512,-0.016
18725.58548341751,0.504,-0.008
18725.58574863851,0.488,-0.016
18725.58601385951,0.488,-0.008
18725.58627908051,0.504,-0.016
18725.58654430151,0.496,-0.016
18725.58680952251,0.504,0.0
18725.58707474351,0.488,-0.016
18725.58733996451,0.504,-0.008
18725.58760518551,0.504,-0.016
18725.587870406507,0.488,0.0
18725.58813562751,0.496,-0.016
18725.588400848508,0.504,0.0
18725.588666069507,0.488,-0.016
18725.588931290506,0.536,-0.008
18725.589196511508,0.52,-0.016
18725.589461732507,0.536,-0.008
18725.589726953505,0.528,-0.008
18725.589992174508,0.544,-0.016
18725.590257395506,0.528,-0.016
18725.590522616505,0.544,0.0
18725.590787837504,0.544,-0.008
18725.591053058506,0.504,-0.016
18725.591318279505,0.512,-0.016
18725.591583500503,0.496,-0.008
18725.591848721506,0.488,-0.016
18725.592113942505,0.504,-0.008
18725.592379163503,0.504,-0.016
18725.592644384502,0.488,-0.008
18725.592909605504,0.488,-0.008
18725.593174826503,0.504,-0.016
18725.5934400475,0.496,-0.016
18725.593705268504,0.504,0.0
18725.593970489503,0.488,-0.008
18725.5942357105,0.504,-0.016
18725.5945009315,0.504,0.0
18725.594766152502,0.488,-0.016
18725.5950313735,0.488,-0.016
18725.5952965945,0.512,0.0
18725.5955618155,0.504,-0.008
18725.5958270365,0.496,-0.016
18725.5960922575,0.496,-0.008
18725.5963574785,0.512,-0.016
18725.5966226995,0.488,-0.016
18725.5968879205,0.504,0.0
18725.597153141498,0.512,-0.016
18725.597418362497,0.488,-0.008
18725.5976835835,0.52,-0.016
18725.597948804498,0.496,0.0
18725.598214025496,0.496,-0.008
18725.5984792465,0.512,-0.016
18725.598744467497,0.512,-0.016
18725.599009688496,0.536,0.0
18725.599274909495,0.528,-0.008
18725.599540130497,0.512,-0.016
18725.599805351496,0.512,-0.016
18725.600070572495,0.544,0.0
18725.600335793497,0.536,-0.016
18725.600601014496,0.552,0.0
18725.600866235494,0.552,-0.016
18725.601131456493,0.536,-0.008
18725.601396677495,0.536,-0.016
18725.601661898494,0.552,0.0
18725.601927119493,0.552,-0.016
18725.60219234049,0.536,0.0
18725.602457561494,0.552,-0.016
18725.602722782492,0.528,0.0
18725.60298800349,0.536,-0.016
18725.603253224494,0.504,0.0
18725.603518445492,0.512,-0.016
18725.60378366649,0.496,0.0
18725.60404888749,0.504,-0.008
18725.604314108492,0.496,-0.016
18725.60457932949,0.504,-0.008
18725.60484455049,0.496,-0.016
18725.60510977149,0.496,-0.016
18725.60537499249,0.504,-0.008
18725.60564021349,0.496,-0.008
18725.605905434488,0.504,-0.016
18725.60617065549,0.496,-0.008
18725.60643587649,0.528,-0.016
18725.606701097488,0.504,-0.016
18725.60696631849,0.496,-0.008
18725.60723153949,0.504,-0.016
18725.607496760487,0.496,0.0
18725.607761981486,0.496,-0.016
18725.60802720249,0.512,0.0
18725.608292423487,0.496,-0.008
18725.608557644486,0.512,-0.016
18725.608822865484,0.496,0.0
18725.609088086487,0.512,-0.016
18725.609353307485,0.504,-0.016
18725.609618528484,0.496,0.0
18725.609883749486,0.512,-0.008
18725.610148970485,0.496,0.032
18725.610414191484,0.496,0.032
18725.610679412483,0.512,0.168
18725.610944633485,0.504,0.176
18725.611209854484,0.488,0.32
18725.611475075482,0.504,0.32
18725.611740296485,0.488,0.384
18725.612005517483,0.496,0.384
18725.612270738482,0.512,0.4
18725.61253595948,0.528,0.392
18725.612801180483,0.496,0.368
18725.61306640148,0.504,0.368
18725.61333162248,0.52,0.4
18725.613596843483,0.504,0.4
18725.61386206448,0.496,0.432
18725.61412728548,0.504,0.41600000000000004
18725.61439250648,0.488,0.424
18725.61465772748,0.496,0.41600000000000004
18725.61492294848,0.512,0.44
18725.61518816948,0.496,0.41600000000000004
18725.615453390477,0.512,0.432
18725.61571861148,0.528,0.41600000000000004
18725.61598383248,0.496,0.432
18725.616249053477,0.496,0.40800000000000003
18725.61651427448,0.512,0.432
18725.616779495478,0.488,0.432
18725.617044716477,0.512,0.41600000000000004
18725.617309937476,0.512,0.432
18725.617575158478,0.488,0.40800000000000003
18725.617840379477,0.488,0.41600000000000004
18725.618105600475,0.512,0.432
18725.618370821478,0.488,0.424
18725.618636042476,0.504,0.41600000000000004
18725.618901263475,0.488,0.432
18725.619166484474,0.512,0.41600000000000004
18725.619431705476,0.504,0.432
18725.619696926475,0.488,0.41600000000000004
18725.619962147473,0.496,0.432
18725.620227368476,0.536,0.41600000000000004
18725.620492589474,0.536,0.40800000000000003
18725.620757810473,0.512,0.432
18725.621023031472,0.496,0.41600000000000004
18725.621288252474,0.512,0.432
18725.621553473473,0.504,0.432
18725.62181869447,0.488,0.41600000000000004
18725.62208391547,0.504,0.41600000000000004
18725.622349136473,0.488,0.432
18725.62261435747,0.504,0.432
18725.62287957847,0.488,0.4
18725.623144799472,0.504,0.41600000000000004
18725.62341002047,0.488,0.432
18725.62367524147,0.504,0.424
18725.62394046247,0.488,0.41600000000000004
18725.62420568347,0.488,0.432
18725.62447090447,0.512,0.41600000000000004
18725.62473612547,0.504,0.41600000000000004
18725.62500134647,0.544,0.432
18725.62526656747,0.536,0.432
18725.625531788468,0.52,0.4
18725.625797009467,0.536,0.392
18725.62606223047,0.52,0.41600000000000004
18725.626327451468,0.52,0.40800000000000003
18725.626592672466,0.496,0.41600000000000004
18725.62685789347,0.496,0.40800000000000003
18725.627123114467,0.512,0.424
18725.627388335466,0.504,0.40800000000000003
18725.627653556465,0.528,0.432
18725.627918777467,0.512,0.41600000000000004
18725.628183998466,0.496,0.432
18725.628449219465,0.488,0.432
18725.628714440463,0.504,0.424
18725.628979661466,0.496,0.432
18725.629244882464,0.512,0.40800000000000003
18725.629510103463,0.496,0.40800000000000003
18725.629775324465,0.504,0.432
18725.630040545464,0.512,0.41600000000000004
18725.630305766463,0.488,0.432
18725.63057098746,0.496,0.432
18725.630836208464,0.512,0.41600000000000004
18725.631101429462,0.496,0.41600000000000004
18725.63136665046,0.512,0.432
18725.631631871463,0.496,0.432
18725.631897092462,0.512,0.384
18725.63216231346,0.496,0.376
18725.63242753446,0.512,0.4
18725.632692755462,0.496,0.4
18725.63295797646,0.504,0.424
18725.63322319746,0.496,0.41600000000000004
18725.63348841846,0.504,0.432
18725.63375363946,0.504,0.424
18725.63401886046,0.512,0.432
18725.634284081458,0.504,0.432
18725.63454930246,0.544,0.41600000000000004
18725.63481452346,0.536,0.432
18725.635079744457,0.552,0.41600000000000004
18725.635344965456,0.552,0.41600000000000004
18725.63561018646,0.528,0.384
18725.635875407457,0.552,0.376
18725.636140628456,0.536,0.40800000000000003
18725.63640584946,0.536,0.41600000000000004
18725.636671070457,0.552,0.392
18725.636936291456,0.536,0.40800000000000003
18725.637201512454,0.552,0.424
18725.637466733457,0.536,0.432
18725.637731954455,0.552,0.41600000000000004
18725.637997175454,0.552,0.432
18725.638262396456,0.536,0.41600000000000004
18725.638527617455,0.552,0.41600000000000004
18725.638792838454,0.536,0.432
18725.639058059453,0.552,0.432
18725.639323280455,0.536,0.41600000000000004
18725.639588501454,0.536,0.41600000000000004
18725.639853722452,0.56,0.432
18725.640118943455,0.536,0.432
18725.640384164453,0.552,0.41600000000000004
18725.640649385452,0.536,0.40800000000000003
18725.64091460645,0.56,0.376
18725.641179827453,0.544,0.376
18725.64144504845,0.56,0.4
18725.64171026945,0.544,0.4
18725.64197549045,0.56,0.424
18725.64224071145,0.544,0.424
18725.64250593245,0.56,0.384
18725.64277115345,0.544,0.384
18725.64303637445,0.56,0.40800000000000003
18725.64330159545,0.544,0.41600000000000004
18725.64356681645,0.56,0.432
18725.643832037447,0.544,0.432
18725.64409725845,0.56,0.4
18725.64436247945,0.544,0.392
18725.644627700447,0.56,0.368
18725.64489292145,0.544,0.368
18725.645158142448,0.56,0.376
18725.645423363447,0.56,0.368
18725.645688584445,0.544,0.392
18725.645953805448,0.552,0.392
18725.646219026446,0.528,0.432
18725.646484247445,0.544,0.424
18725.646749468448,0.504,0.376
18725.647014689446,0.512,0.368
18725.647279910445,0.504,0.384
18725.647545131444,0.504,0.392
18725.647810352446,0.52,0.41600000000000004
18725.648075573445,0.504,0.432
18725.648340794443,0.528,0.40800000000000003
18725.648606015442,0.528,0.41600000000000004
18725.648871236444,0.504,0.432
18725.649136457443,0.512,0.432
18725.64940167844,0.496,0.41600000000000004
18725.649666899444,0.504,0.41600000000000004
18725.649932120443,0.544,0.432
18725.65019734144,0.536,0.41600000000000004
18725.65046256244,0.504,0.432
18725.650727783443,0.496,0.41600000000000004
18725.65099300444,0.52,0.432
18725.65125822544,0.496,0.41600000000000004
18725.651523446442,0.544,0.432
18725.65178866744,0.544,0.432
18725.65205388844,0.512,0.41600000000000004
18725.65231910944,0.52,0.432
18725.65258433044,0.56,0.392
18725.65284955144,0.552,0.392
18725.653114772438,0.528,0.376
18725.65337999344,0.528,0.376
18725.65364521444,0.544,0.41600000000000004
18725.653910435438,0.528,0.41600000000000004
18725.654175656437,0.496,0.432
18725.65444087744,0.512,0.41600000000000004
18725.654706098438,0.496,0.432
18725.654971319436,0.496,0.41600000000000004
18725.655236540435,0.512,0.432
18725.655501761437,0.512,0.432
18725.655766982436,0.496,0.424
18725.656032203435,0.504,0.424
18725.656297424437,0.496,0.44
18725.656562645436,0.496,0.424
18725.656827866434,0.52,0.432
18725.657093087433,0.496,0.432
18725.657358308436,0.512,0.41600000000000004
18725.662620782852,0.512,0.0
18725.66286666115,0.536,-0.016
18725.66311253945,0.528,-0.016
18725.66335841775,0.544,0.0
18725.66360429605,0.536,0.0
18725.663850174347,0.512,-0.016
18725.664096052646,0.536,-0.016
18725.664341930944,0.56,0.0
18725.664587809246,0.544,0.0
18725.664833687544,0.56,-0.008
18725.665079565842,0.544,0.0
18725.66532544414,0.56,-0.016
18725.665571322443,0.544,-0.016
18725.66581720074,0.56,0.0
18725.66606307904,0.56,-0.016
18725.666308957338,0.544,0.0
18725.666554835636,0.544,0.0
18725.666800713938,0.5680000000000001,-0.008
18725.667046592236,0.544,-0.016
18725.667292470534,0.56,0.0
18725.667538348833,0.56,-0.008
18725.66778422713,0.544,0.008
18725.668030105433,0.56,0.016
18725.66827598373,0.544,0.112
18725.66852186203,0.544,0.12
18725.668767740328,0.56,0.28
18725.66901361863,0.544,0.28800000000000003
18725.669259496928,0.56,0.384
18725.669505375226,0.56,0.384
18725.669751253525,0.544,0.4
18725.669997131823,0.56,0.392
18725.670243010125,0.544,0.376
18725.670488888423,0.56,0.376
18725.67073476672,0.544,0.40800000000000003
18725.67098064502,0.56,0.40800000000000003
18725.67122652332,0.544,0.41600000000000004
18725.67147240162,0.5680000000000001,0.40800000000000003
18725.67171827992,0.544,0.432
18725.671964158217,0.5680000000000001,0.41600000000000004
18725.672210036515,0.544,0.4
18725.672455914817,0.552,0.40800000000000003
18725.672701793115,0.56,0.432
18725.672947671414,0.544,0.432
18725.673193549712,0.56,0.41600000000000004
18725.67343942801,0.544,0.432
18725.673685306312,0.56,0.40800000000000003
18725.67393118461,0.56,0.424
18725.67417706291,0.544,0.432
18725.674422941207,0.56,0.424
18725.674668819505,0.552,0.44
18725.674914697807,0.56,0.424
18725.675160576106,0.544,0.44
18725.675406454404,0.552,0.432
18725.675652332702,0.5680000000000001,0.41600000000000004
18725.675898211004,0.552,0.424
18725.676144089302,0.5680000000000001,0.44
18725.6763899676,0.552,0.44
18725.6766358459,0.5680000000000001,0.424
18725.676881724197,0.552,0.424
18725.6771276025,0.5680000000000001,0.44
18725.677373480798,0.552,0.432
18725.677619359096,0.5680000000000001,0.424
18725.677865237394,0.552,0.41600000000000004
18725.678111115692,0.5680000000000001,0.432
18725.678356993994,0.552,0.424
18725.678602872293,0.5680000000000001,0.44
18725.67884875059,0.5680000000000001,0.44
18725.67909462889,0.552,0.41600000000000004
18725.67934050719,0.552,0.41600000000000004
18725.67958638549,0.5680000000000001,0.44
18725.679832263788,0.552,0.432
18725.680078142086,0.56,0.41600000000000004
18725.680324020384,0.544,0.424
18725.680569898686,0.5680000000000001,0.44
18725.680815776985,0.552,0.432
18725.681061655283,0.5680000000000001,0.424
18725.68130753358,0.544,0.432
18725.68155341188,0.5680000000000001,0.424
18725.68179929018,0.552,0.432
18725.68204516848,0.56,0.424
18725.682291046778,0.552,0.432
18725.682536925076,0.56,0.41600000000000004
18725.682782803375,0.552,0.424
18725.683028681677,0.5680000000000001,0.432
18725.683274559975,0.544,0.44
18725.683520438273,0.5680000000000001,0.40800000000000003
18725.68376631657,0.552,0.40800000000000003
18725.684012194874,0.5680000000000001,0.384
18725.68425807317,0.552,0.384
18725.68450395147,0.56,0.40800000000000003
18725.68474982977,0.552,0.40800000000000003
18725.684995708067,0.5680000000000001,0.432
18725.68524158637,0.552,0.424
18725.685487464667,0.5680000000000001,0.44
18725.685733342965,0.552,0.424
18725.685979221264,0.5680000000000001,0.432
18725.686225099562,0.552,0.44
18725.686470977864,0.5680000000000001,0.424
18725.686716856162,0.552,0.424
18725.68696273446,0.5680000000000001,0.44
18725.68720861276,0.552,0.432
18725.68745449106,0.5680000000000001,0.41600000000000004
18725.68770036936,0.552,0.432
18725.687946247657,0.5680000000000001,0.41600000000000004
18725.688192125956,0.552,0.424
18725.688438004254,0.5680000000000001,0.432
18725.688683882556,0.552,0.424
18725.688929760854,0.5680000000000001,0.44
18725.689175639152,0.552,0.432
18725.68942151745,0.5680000000000001,0.41600000000000004
18725.68966739575,0.552,0.424
18725.68991327405,0.5680000000000001,0.432
18725.69015915235,0.552,0.432
18725.690405030648,0.56,0.424
18725.690650908946,0.552,0.432
18725.690896787248,0.5680000000000001,0.41600000000000004
18725.691142665546,0.5680000000000001,0.41600000000000004
18725.691388543844,0.552,0.432
18725.691634422143,0.552,0.432
18725.69188030044,0.5680000000000001,0.41600000000000004
18725.692126178743,0.552,0.41600000000000004
18725.69237205704,0.5680000000000001,0.432
18725.69261793534,0.552,0.41600000000000004
18725.692863813638,0.5680000000000001,0.44
18725.693109691936,0.552,0.424
18725.693355570238,0.5680000000000001,0.44
18725.693601448536,0.552,0.424
18725.693847326835,0.5680000000000001,0.44
18725.694093205133,0.552,0.424
18725.694339083435,0.5680000000000001,0.44
18725.694584961733,0.552,0.424
18725.69483084003,0.5680000000000001,0.384
18725.69507671833,0.552,0.384
18725.695322596628,0.5680000000000001,0.376
18725.69556847493,0.552,0.376
18725.69581435323,0.5680000000000001,0.376
18725.696060231527,0.544,0.376
18725.696306109825,0.5680000000000001,0.376
18725.696551988123,0.552,0.376
18725.696797866425,0.5680000000000001,0.392
18725.697043744723,0.5680000000000001,0.376
18725.69728962302,0.552,0.4
18725.69753550132,0.552,0.4
18725.697781379622,0.5680000000000001,0.424
18725.69802725792,0.552,0.432
18725.69827313622,0.5680000000000001,0.41600000000000004
18725.698519014517,0.552,0.44
18725.698764892815,0.5680000000000001,0.41600000000000004
18725.699010771117,0.552,0.424
18725.699256649415,0.5680000000000001,0.432
18725.699502527714,0.552,0.41600000000000004
18725.699748406012,0.5680000000000001,0.432
18725.69999428431,0.552,0.424
18725.700240162612,0.5680000000000001,0.432
18725.70048604091,0.552,0.432
18725.70073191921,0.56,0.41600000000000004
18725.700977797507,0.544,0.41600000000000004
18725.701223675806,0.5680000000000001,0.44
18725.701469554107,0.552,0.424
18725.701715432406,0.5680000000000001,0.44
18725.701961310704,0.544,0.44
18725.702207189002,0.5680000000000001,0.424
18725.702453067304,0.552,0.432
18725.702698945603,0.5680000000000001,0.4
18725.7029448239,0.552,0.40800000000000003
18725.7031907022,0.5680000000000001,0.424
18725.703436580498,0.552,0.44
18725.7036824588,0.5680000000000001,0.424
18725.703928337098,0.5680000000000001,0.432
18725.704174215396,0.552,0.41600000000000004
18725.704420093694,0.552,0.44
18725.704665971993,0.5680000000000001,0.424
18725.704911850295,0.5680000000000001,0.44
18725.705157728593,0.552,0.384
18725.70540360689,0.552,0.376
18725.70564948519,0.5680000000000001,0.392
18725.70589536349,0.544,0.376
18725.70614124179,0.5680000000000001,0.424
18725.706387120088,0.56,0.424
18725.706632998386,0.544,0.40800000000000003
18725.706878876685,0.552,0.41600000000000004
18725.707124754987,0.536,0.432
18725.707370633285,0.552,0.432
18725.707616511583,0.536,0.40800000000000003
18725.70786238988,0.536,0.424
18725.70810826818,0.544,0.40800000000000003
18725.70835414648,0.536,0.40800000000000003
18725.70860002478,0.552,0.384
18725.70884590308,0.56,0.384
18725.709091781377,0.536,0.4
18725.70933765968,0.536,0.4
18725.709583537977,0.552,0.424
18725.709829416275,0.536,0.424
18725.710075294573,0.552,0.384
18725.71032117287,0.544,0.384
18725.710567051174,0.504,0.4
18725.710812929472,0.504,0.41600000000000004
18725.71105880777,0.52,0.384
18725.71130468607,0.504,0.384
18725.711550564367,0.512,0.40800000000000003
18725.71179644267,0.504,0.41600000000000004
18725.712042320967,0.52,0.4
18725.712288199265,0.504,0.392
18725.712534077564,0.52,0.41600000000000004
18725.712779955866,0.52,0.40800000000000003
18725.713025834164,0.504,0.432
18725.713271712462,0.504,0.44
18725.71351759076,0.512,0.41600000000000004
18725.71376346906,0.496,0.432
18725.71400934736,0.512,0.41600000000000004
18725.71425522566,0.504,0.44
18725.714501103957,0.536,0.41600000000000004
18725.714746982256,0.528,0.424
18725.714992860554,0.552,0.432
18725.715238738856,0.544,0.432
18725.715484617154,0.52,0.384
18725.715730495453,0.504,0.376
18725.71597637375,0.528,0.40800000000000003
18725.716222252053,0.512,0.40800000000000003
18725.71646813035,0.504,0.376
18725.71671400865,0.496,0.384
18725.716959886948,0.512,0.368
18725.717205765246,0.496,0.368
18725.717451643548,0.512,0.384
18725.717697521846,0.496,0.368
18725.717943400145,0.52,0.384
18725.718189278443,0.52,0.368
18725.71843515674,0.496,0.384
18725.718681035043,0.512,0.384
18725.71892691334,0.496,0.368
18725.71917279164,0.512,0.368
18725.719418669938,0.496,0.384
18725.719664548236,0.504,0.368
18725.71991042654,0.536,0.376
18725.720156304837,0.552,0.368
18725.720402183135,0.528,0.376
18725.720648061433,0.536,0.368
18725.720893939735,0.504,0.376
18725.721139818033,0.504,0.376
18725.72138569633,0.512,0.368
18725.72163157463,0.512,0.368
18725.72187745293,0.496,0.376
18725.72212333123,0.496,0.376
18725.72236920953,0.504,0.368
18725.722615087827,0.496,0.376
18725.722860966125,0.512,0.368
18725.723106844423,0.496,0.368
18725.723352722725,0.52,0.384
18725.723598601024,0.52,0.368
18725.723844479322,0.496,0.384
18725.72409035762,0.496,0.368
18725.724336235922,0.52,0.376
18725.72458211422,0.496,0.368
18725.72482799252,0.504,0.376
18725.725073870817,0.496,0.368
18725.725319749115,0.512,0.376
18725.725565627417,0.496,0.376
18725.725811505716,0.504,0.368
18725.726057384014,0.496,0.368
18725.726303262312,0.512,0.376
18725.72654914061,0.496,0.384
18725.726795018913,0.512,0.368
18725.72704089721,0.504,0.368
18725.72728677551,0.544,0.368
18725.727532653807,0.544,0.368
18725.72777853211,0.52,0.376
18725.728024410408,0.536,0.376
18725.728270288706,0.512,0.368
18725.728516167004,0.52,0.368
18725.728762045303,0.496,0.36
18725.729007923605,0.496,0.36
18725.729253801903,0.544,0.304
18725.7294996802,0.528,0.304
18725.7297455585,0.544,0.192
18725.729991436798,0.552,0.176
18725.7302373151,0.528,0.064
18725.730483193398,0.544,0.064
18725.730729071696,0.528,0.008
18725.730974949995,0.552,0.016
18725.731220828297,0.536,-0.008
18725.731466706595,0.528,0.0
18725.731712584893,0.552,-0.008
18725.73195846319,0.536,0.0
18725.73220434149,0.552,-0.008
18725.73245021979,0.552,-0.008
18725.73269609809,0.528,0.0
18725.73294197639,0.544,-0.008
18725.733187854687,0.528,0.0
18725.733433732985,0.528,0.0
18725.733679611287,0.504,-0.008
18725.733925489585,0.496,0.0
18725.734171367883,0.512,-0.008
18725.73441724618,0.512,-0.008
18725.734663124484,0.496,0.0
18725.734909002782,0.496,-0.008
18725.73515488108,0.512,0.0
18725.73540075938,0.512,-0.008
18725.735646637677,0.496,0.0
18725.73589251598,0.504,0.0
18725.736138394277,0.496,-0.008
18725.736384272575,0.496,-0.008
18725.736630150874,0.512,0.0
18725.736876029172,0.496,0.0
18725.737121907474,0.512,-0.008
18725.737367785772,0.512,0.0
18725.73761366407,0.496,-0.008
18725.73785954237,0.496,0.0
18725.738105420667,0.52,-0.008
18725.73835129897,0.52,-0.008
18725.738597177267,0.552,0.0
18725.738843055566,0.544,0.0
18725.739088933864,0.52,-0.008
18725.739334812166,0.528,0.0
18725.739580690464,0.544,-0.008
18725.739826568763,0.536,-0.008
18725.74007244706,0.544,0.0
18725.74031832536,0.536,0.0
18725.74056420366,0.552,-0.016
18725.74081008196,0.536,0.0
18725.741055960258,0.552,-0.008
18725.741301838556,0.528,-0.008
18725.741547716854,0.544,0.0
18725.741793595156,0.528,0.0
18725.742039473454,0.544,-0.008
18725.742285351753,0.536,-0.008
18725.74253123005,0.544,0.0
18725.742777108353,0.536,-0.008
18725.74302298665,0.552,0.0
18725.74326886495,0.544,0.0
18725.743514743248,0.52,-0.008
18725.743760621546,0.52,-0.008
18725.74400649985,0.504,0.0
18725.744252378146,0.504,0.0
18725.744498256445,0.544,-0.008
18725.744744134743,0.536,0.0
18725.74499001304,0.544,-0.008
18725.745235891343,0.528,-0.016
18725.74548176964,0.552,0.0
18725.74572764794,0.552,-0.008
18725.74597352624,0.536,0.0
18725.74621940454,0.544,-0.008
18725.74646528284,0.528,0.0
18725.746711161137,0.536,-0.008
18725.746957039435,0.552,0.0
18725.747202917733,0.544,-0.008
18725.747448796035,0.528,0.0
18725.747694674334,0.544,-0.008
18725.747940552632,0.52,0.0
18725.74818643093,0.512,-0.008
18725.74843230923,0.552,0.0
18725.74867818753,0.536,0.0
18725.74892406583,0.552,-0.008
18725.749169944127,0.536,0.0
18725.749415822425,0.552,-0.008
18725.749661700727,0.544,0.0
18725.749907579026,0.512,-0.008
18725.750153457324,0.512,0.0
18725.750399335622,0.536,-0.008
18725.75064521392,0.528,0.0
18725.750891092222,0.536,-0.016
18725.75113697052,0.528,-0.008
18725.75138284882,0.552,0.0
18725.751628727117,0.552,-0.008
18725.751874605416,0.504,0.0
18725.752120483718,0.504,-0.008
18725.752366362016,0.512,0.0
18725.752612240314,0.496,0.0
18725.752858118612,0.52,-0.008
18725.753103996914,0.512,-0.016
18725.753349875213,0.496,0.0
18725.75359575351,0.504,-0.008
18725.75384163181,0.52,0.0
18725.754087510108,0.512,0.0
18725.75433338841,0.552,-0.008
18725.754579266708,0.536,0.0
18725.754825145006,0.552,-0.016
18725.755071023304,0.536,-0.008
18725.755316901603,0.552,0.0
18725.755562779905,0.536,-0.008
18725.755808658203,0.552,0.0
18725.7560545365,0.544,-0.016
18725.7563004148,0.512,0.0
18725.756546293098,0.512,-0.008
18725.7567921714,0.496,0.0
18725.757038049698,0.496,-0.008
18725.757283927996,0.52,0.0
18725.757529806295,0.496,-0.008
18725.757775684597,0.52,0.0
18725.758021562895,0.504,0.0
18725.758267441193,0.512,-0.016
18725.75851331949,0.496,0.0
18725.75875919779,0.512,-0.016
18725.759005076092,0.496,0.0
18725.75925095439,0.52,-0.016
18725.75949683269,0.512,0.0
18725.759742710987,0.496,-0.016
18725.759988589285,0.512,0.0
18725.760234467587,0.496,-0.016
18725.760480345885,0.496,0.0
18725.760726224184,0.536,-0.016
18725.760972102482,0.528,-0.008
18725.761217980784,0.552,0.0
18725.761463859082,0.552,-0.016
18725.76170973738,0.528,0.0
18725.76195561568,0.544,-0.016
18725.762201493977,0.52,0.0
18725.76244737228,0.528,0.0
18725.762693250577,0.504,-0.016
18725.762939128876,0.504,0.0
18725.763185007174,0.512,-0.008
18725.763430885472,0.512,-0.008
18725.763676763774,0.496,0.0
18725.763922642072,0.496,-0.016
18725.76416852037,0.536,0.0
18725.76441439867,0.528,0.0
18725.76466027697,0.544,-0.008
18725.76490615527,0.528,0.0
18725.765152033568,0.552,-0.016
18725.765397911866,0.528,0.0
18725.765643790164,0.552,-0.016
18725.765889668466,0.544,0.0
18725.766135546764,0.528,-0.016
18725.766381425063,0.536,-0.016
18725.76662730336,0.504,0.0
18725.76687318166,0.512,0.0
18725.76711905996,0.504,-0.008
18725.76736493826,0.512,0.0
18725.767610816558,0.496,-0.016
18725.767856694856,0.504,-0.008
18725.768102573158,0.496,0.0
18725.768348451456,0.512,0.0
18725.768594329755,0.496,-0.008
18725.768840208053,0.496,-0.008
18725.76908608635,0.512,0.0
18725.769331964653,0.496,0.0
18725.76957784295,0.512,-0.016
18725.76982372125,0.504,-0.008
18725.770069599548,0.528,0.0
18725.770315477846,0.52,0.0
18725.77056135615,0.496,-0.008
18725.770807234447,0.496,0.0
18725.771053112745,0.512,-0.016
18725.771298991043,0.52,0.0
18725.771544869345,0.496,-0.016
18725.771790747644,0.52,-0.016
18725.772036625942,0.496,0.0
18725.77228250424,0.496,0.0
18725.77252838254,0.512,-0.016
18725.77277426084,0.512,0.0
18725.77302013914,0.496,-0.016
18725.773266017437,0.496,-0.008
18725.773511895735,0.504,0.0
18725.773757774034,0.496,-0.008
18725.774003652336,0.512,0.0
18725.774249530634,0.496,0.0
18725.774495408932,0.512,-0.008
18725.77474128723,0.496,0.0
18725.77498716553,0.512,-0.016
18725.77523304383,0.512,0.0
18725.77547892213,0.496,-0.008
18725.775724800427,0.496,0.0
18725.775970678726,0.512,-0.008
18725.776216557028,0.496,0.0
18725.776462435326,0.512,-0.016
18725.776708313624,0.504,-0.016
18725.776954191922,0.496,0.0
18725.77720007022,0.496,0.0
18725.777445948523,0.504,-0.016
18725.77769182682,0.504,0.0
18725.77793770512,0.544,-0.016
18725.778183583418,0.52,-0.008
18725.778429461716,0.536,0.0
18725.778675340018,0.52,0.0
18725.778921218316,0.496,-0.008
18725.779167096614,0.496,0.0
18725.779412974913,0.504,-0.016
18725.779658853215,0.496,0.0
18725.779904731513,0.512,-0.016
18725.78015060981,0.496,-0.016
18725.78039648811,0.504,0.0
18725.780642366408,0.496,0.0
18725.78088824471,0.504,-0.016
18725.781134123008,0.496,0.0
18725.781380001306,0.512,-0.008
18725.781625879605,0.496,-0.016
18725.781871757903,0.504,0.0
18725.782117636205,0.496,0.0
18725.782363514503,0.512,-0.016
18725.7826093928,0.512,0.0
18725.7828552711,0.496,-0.016
18725.7831011494,0.496,0.0
18725.7833470277,0.512,-0.016
18725.783592906,0.496,0.0
18725.783838784297,0.512,-0.016
18725.784084662595,0.496,0.0
18725.784330540897,0.512,-0.016
18725.784576419195,0.496,0.0
18725.784822297494,0.504,-0.016
18725.785068175792,0.504,0.0
18725.78531405409,0.496,-0.016
18725.785559932392,0.496,0.0
18725.78580581069,0.504,-0.016
18725.78605168899,0.496,0.0
18725.786297567287,0.504,-0.016
18725.78654344559,0.496,0.0
18725.786789323887,0.504,-0.016
18725.787035202186,0.496,0.0
18725.787281080484,0.512,-0.016
18725.787526958782,0.496,0.0
18725.787772837084,0.512,-0.016
18725.788018715382,0.496,-0.008
18725.78826459368,0.512,0.0
18725.78851047198,0.496,-0.008
18725.788756350277,0.504,0.0
18725.78900222858,0.496,0.0
18725.789248106877,0.512,-0.016
18725.789493985176,0.496,0.0
18725.789739863474,0.512,-0.016
18725.789985741776,0.496,0.0
18725.790231620074,0.512,-0.016
18725.790477498373,0.496,-0.008
18725.79072337667,0.512,0.016
18725.79096925497,0.504,0.016
18725.79121513327,0.496,0.112
18725.79146101157,0.496,0.12
18725.791706889868,0.504,0.28
18725.791952768166,0.496,0.28
18725.792198646464,0.512,0.384
18725.792444524766,0.496,0.384
18725.792690403065,0.504,0.41600000000000004
18725.792936281363,0.496,0.40800000000000003
18725.79318215966,0.512,0.432
18725.79342803796,0.512,0.41600000000000004
18725.79367391626,0.544,0.44
18725.79391979456,0.536,0.432
18725.794165672858,0.52,0.424
18725.794411551156,0.536,0.432
18725.79465742946,0.512,0.424
18725.794903307757,0.52,0.41600000000000004
18725.795149186055,0.544,0.432
18725.795395064353,0.528,0.41600000000000004
18725.79564094265,0.552,0.432
18725.795886820953,0.552,0.432
18725.79613269925,0.52,0.41600000000000004
18725.79637857755,0.536,0.41600000000000004
18725.79662445585,0.504,0.432
18725.796870334147,0.504,0.424
18725.79711621245,0.52,0.44
18725.797362090747,0.504,0.424
18725.797607969045,0.52,0.432
18725.797853847344,0.512,0.424
18725.798099725645,0.536,0.432
18725.798345603944,0.536,0.424
18725.798591482242,0.504,0.432
18725.79883736054,0.496,0.432
18725.79908323884,0.544,0.424
18725.79932911714,0.544,0.424
18725.79957499544,0.512,0.432
18725.799820873737,0.512,0.44
18725.800066752035,0.496,0.41600000000000004
18725.800312630334,0.496,0.424
18725.800558508636,0.512,0.44
18725.800804386934,0.504,0.44
18725.801050265232,0.496,0.424
18725.80129614353,0.496,0.44
18725.801542021833,0.504,0.424
18725.80178790013,0.496,0.424
18725.80203377843,0.504,0.432
18725.802279656727,0.496,0.424
18725.802525535026,0.512,0.432
18725.802771413328,0.512,0.424
18725.803017291626,0.496,0.432
18725.803263169924,0.504,0.432
18725.803509048223,0.496,0.424
18725.80375492652,0.496,0.424
18725.804000804823,0.512,0.44
18725.80424668312,0.504,0.432
18725.80449256142,0.488,0.41600000000000004
18725.804738439718,0.496,0.41600000000000004
18725.80498431802,0.512,0.432
18725.805230196318,0.496,0.41600000000000004
18725.805476074616,0.512,0.432
18725.805721952915,0.496,0.41600000000000004
18725.805967831213,0.512,0.432
18725.806213709515,0.496,0.432
18725.806459587813,0.512,0.41600000000000004
18725.80670546611,0.496,0.424
18725.80695134441,0.512,0.44
18725.807197222708,0.496,0.432
18725.80744310101,0.512,0.41600000000000004
18725.80768897931,0.496,0.41600000000000004
18725.807934857607,0.536,0.432
18725.808180735905,0.528,0.432
18725.808426614207,0.544,0.41600000000000004
18725.808672492505,0.544,0.424
18725.808918370803,0.528,0.432
18725.8091642491,0.528,0.424
18725.8094101274,0.552,0.432
18725.809656005702,0.528,0.432
18725.809901884,0.544,0.384
18725.8101477623,0.528,0.384
18725.810393640597,0.544,0.376
18725.810639518895,0.544,0.376
18725.810885397197,0.512,0.4
18725.811131275495,0.528,0.4
18725.811377153794,0.504,0.41600000000000004
18725.811623032092,0.512,0.424
18725.81186891039,0.496,0.44
18725.812114788692,0.496,0.424
18725.81236066699,0.504,0.44
18725.81260654529,0.496,0.44
18725.812852423587,0.528,0.424
18725.81309830189,0.52,0.432
18725.813344180187,0.504,0.424
18725.813590058486,0.496,0.432
18725.813835936784,0.512,0.41600000000000004
18725.814081815082,0.512,0.424
18725.814327693384,0.496,0.432
18725.814573571683,0.496,0.432
18725.81481944998,0.512,0.424
18725.81506532828,0.496,0.432
18725.815311206577,0.504,0.41600000000000004
18725.81555708488,0.496,0.432
18725.815802963178,0.52,0.424
18725.816048841476,0.512,0.424
18725.816294719774,0.496,0.44
18725.816540598076,0.512,0.424
18725.816786476375,0.496,0.44
18725.817032354673,0.496,0.44
18725.81727823297,0.52,0.40800000000000003
18725.81752411127,0.504,0.4
18725.81776998957,0.52,0.376
18725.81801586787,0.52,0.376
18725.818261746168,0.496,0.384
18725.818507624466,0.496,0.376
18725.818753502765,0.512,0.376
18725.818999381067,0.496,0.376
18725.819245259365,0.512,0.41600000000000004
18725.819491137663,0.512,0.41600000000000004
18725.81973701596,0.496,0.432
18725.819982894263,0.504,0.424
18725.82022877256,0.496,0.44
18725.82047465086,0.496,0.424
18725.82072052916,0.512,0.44
18725.820966407457,0.504,0.424
18725.82121228576,0.496,0.44
18725.821458164057,0.496,0.424
18725.821704042355,0.504,0.44
18725.821949920653,0.496,0.424
18725.82219579895,0.504,0.432
18725.822441677254,0.496,0.424
18725.822687555552,0.504,0.44
18725.82293343385,0.496,0.424
18725.82317931215,0.52,0.41600000000000004
18725.82342519045,0.496,0.424
18725.82367106875,0.512,0.44
18725.823916947047,0.496,0.424
18725.824162825345,0.512,0.44
18725.824408703644,0.496,0.432
18725.824654581946,0.512,0.4
18725.824900460244,0.496,0.392
18725.825146338542,0.512,0.376
18725.82539221684,0.512,0.376
18725.82563809514,0.496,0.368
18725.82588397344,0.512,0.376
18725.82612985174,0.496,0.4
18725.826375730037,0.496,0.4
18725.826621608336,0.512,0.41600000000000004
18725.826867486638,0.496,0.41600000000000004
18725.827113364936,0.512,0.44
18725.827359243234,0.496,0.44
18725.827605121533,0.512,0.424
18725.82785099983,0.496,0.40800000000000003
18725.828096878133,0.512,0.432
18725.82834275643,0.512,0.44
18725.82858863473,0.496,0.424
18725.828834513028,0.52,0.424
18725.829080391326,0.496,0.44
18725.829326269628,0.496,0.432
18725.829572147926,0.52,0.424
18725.829818026225,0.496,0.424
18725.830063904523,0.52,0.44
18725.83030978282,0.504,0.44
18725.830555661123,0.496,0.424
18725.83080153942,0.496,0.44
18725.83104741772,0.512,0.424
18725.831293296018,0.496,0.44
18725.83153917432,0.504,0.41600000000000004
18725.83178505262,0.496,0.44
18725.832030930917,0.52,0.41600000000000004
18725.832276809215,0.512,0.41600000000000004
18725.832522687513,0.496,0.376
18725.832768565815,0.504,0.376
18725.833014444113,0.536,0.4
18725.83326032241,0.528,0.4
18725.83350620071,0.504,0.376
18725.83375207901,0.504,0.384
18725.83399795731,0.528,0.368
18725.83424383561,0.512,0.368
18725.834489713907,0.496,0.384
18725.834735592205,0.504,0.368
18725.834981470507,0.52,0.376
18725.835227348805,0.52,0.368
18725.835473227104,0.496,0.376
18725.835719105402,0.496,0.368
18725.8359649837,0.512,0.376
18725.836210862002,0.496,0.376
18725.8364567403,0.512,0.368
18725.8367026186,0.496,0.368
18725.836948496897,0.528,0.376
18725.837194375195,0.52,0.368
18725.837440253497,0.544,0.4
18725.837686131796,0.528,0.40800000000000003
18725.837932010094,0.544,0.384
18725.838177888392,0.544,0.384
18725.838423766694,0.512,0.368
18725.838669644992,0.512,0.376
18725.83891552329,0.528,0.368
18725.83916140159,0.528,0.376
18725.839407279887,0.504,0.368
18725.83965315819,0.496,0.376
18725.839899036488,0.52,0.384
18725.840144914786,0.512,0.376
18725.840390793084,0.496,0.4
18725.840636671383,0.496,0.40800000000000003
18725.840882549684,0.504,0.376
18725.841128427983,0.496,0.384
18725.84137430628,0.52,0.368
18725.84162018458,0.512,0.376
18725.84186606288,0.496,0.368
18725.84211194118,0.504,0.368
18725.842357819478,0.496,0.376
18725.842603697776,0.496,0.368
18725.842849576075,0.544,0.376
18725.843095454376,0.544,0.368
18725.843341332675,0.504,0.376
18725.843587210973,0.512,0.368
18725.84383308927,0.496,0.376
18725.84407896757,0.512,0.368
18725.84432484587,0.496,0.368
18725.84457072417,0.496,0.376
18725.84481660247,0.52,0.368
18725.845062480767,0.52,0.368
18725.84530835907,0.496,0.384
18725.845554237367,0.504,0.368
18725.845800115665,0.536,0.376
18725.846045993963,0.504,0.368
18725.84629187226,0.536,0.384
18725.846537750564,0.544,0.368
18725.846783628862,0.52,0.384
18725.84702950716,0.528,0.368
18725.84727538546,0.504,0.376
18725.847521263757,0.504,0.368
18725.84776714206,0.544,0.384
18725.848013020357,0.544,0.384
18725.848258898655,0.504,0.4
18725.848504776954,0.504,0.40800000000000003
18725.848750655252,0.52,0.384
18725.848996533554,0.504,0.376
18725.849242411852,0.52,0.4
18725.84948829015,0.512,0.392
18725.84973416845,0.496,0.376
18725.84998004675,0.496,0.368
18725.85022592505,0.52,0.384
18725.850471803347,0.496,0.384
18725.850717681646,0.512,0.424
18725.850963559944,0.496,0.41600000000000004
18725.851209438246,0.512,0.432
18725.851455316544,0.496,0.432
18725.851701194842,0.52,0.41600000000000004
18725.85194707314,0.512,0.41600000000000004
18725.85219295144,0.496,0.352
18725.85243882974,0.512,0.352
18725.85268470804,0.496,0.2
18725.852930586338,0.504,0.184
18725.853176464636,0.512,0.07200000000000001
18725.853422342938,0.504,0.056
18725.853668221236,0.528,0.016
18725.853914099534,0.496,0.016
18725.854159977833,0.52,-0.008
18725.85440585613,0.504,-0.008
18725.854651734433,0.544,0.0
18725.85489761273,0.536,-0.008
18725.85514349103,0.504,0.0
18725.855389369328,0.528,0.0
18725.855635247626,0.496,-0.008
18725.855881125928,0.496,0.0
18725.856127004226,0.536,-0.016
18725.856372882525,0.528,0.0
18725.856618760823,0.536,-0.008
18725.856864639125,0.536,0.0
18725.857110517423,0.504,-0.008
18725.85735639572,0.52,0.0
18725.85760227402,0.496,-0.008
18725.85784815232,0.496,-0.008
18725.85809403062,0.52,0.0
18725.85833990892,0.496,-0.008
18725.858585787217,0.52,0.0
18725.858831665515,0.504,-0.008
18725.859077543813,0.536,0.0
18725.859323422115,0.504,0.0
18725.859569300414,0.528,-0.008
18725.859815178712,0.504,-0.008
18725.86006105701,0.52,0.0
18725.860306935312,0.504,-0.008
18725.86055281361,0.52,0.0
18725.86079869191,0.496,0.0
18725.861044570207,0.512,-0.008
18725.861290448505,0.512,-0.008
18725.861536326807,0.496,0.0
18725.861782205106,0.496,-0.008
18725.862028083404,0.512,0.0
18725.862273961702,0.504,0.0
18725.86251984,0.528,-0.008
18725.862765718302,0.536,0.0
18725.8630115966,0.52,-0.008
18725.8632574749,0.544,0.0
18725.863503353197,0.512,-0.008
18725.8637492315,0.512,-0.008
18725.863995109798,0.552,0.0
18725.864240988096,0.544,0.0
18725.864486866394,0.56,-0.008
18725.864732744692,0.544,0.0
18725.864978622994,0.56,-0.008
18725.865224501293,0.56,0.0
18725.86547037959,0.544,-0.008
18725.86571625789,0.544,0.0
18725.865962136188,0.56,-0.016
18725.86620801449,0.544,0.0
18725.866453892788,0.56,-0.008
18725.866699771086,0.544,0.0
18725.866945649384,0.56,-0.008
18725.867191527683,0.544,0.0
18725.867437405985,0.56,-0.008
18725.867683284283,0.56,0.0
18725.86792916258,0.544,-0.008
18725.86817504088,0.5680000000000001,0.0
18725.86842091918,0.544,-0.016
18725.86866679748,0.544,0.0
18725.868912675778,0.56,-0.016
18725.869158554076,0.544,0.0
18725.869404432375,0.56,-0.016
18725.869650310677,0.544,-0.008
18725.869896188975,0.5680000000000001,0.0
18725.870142067273,0.56,-0.008
18725.87038794557,0.544,0.0
18725.87063382387,0.544,0.0
18725.87087970217,0.56,-0.008
18725.87112558047,0.552,0.0
18725.87137145877,0.5680000000000001,-0.016
18725.871617337067,0.544,-0.008
18725.87186321537,0.5680000000000001,0.0
18725.872109093667,0.552,0.0
18725.872354971965,0.56,-0.008
18725.872600850264,0.544,-0.008
18725.872846728562,0.5680000000000001,0.0
18725.873092606864,0.5680000000000001,-0.008
18725.873338485162,0.544,0.0
18725.87358436346,0.5680000000000001,0.0
18725.87383024176,0.544,-0.008
18725.874076120057,0.5680000000000001,0.0
18725.87432199836,0.552,-0.016
18725.874567876657,0.56,0.0
18725.874813754956,0.552,-0.008
18725.875059633254,0.552,-0.008
18725.875305511556,0.5680000000000001,0.0
18725.875551389854,0.552,-0.008
18725.875797268152,0.5680000000000001,0.0
18725.87604314645,0.552,-0.008
18725.87628902475,0.5680000000000001,0.0
18725.87653490305,0.552,0.0
18725.87678078135,0.5680000000000001,-0.016
18725.877026659648,0.56,-0.008
18725.877272537946,0.552,0.0
18725.877518416244,0.552,-0.008
18725.877764294546,0.5680000000000001,0.0
18725.878010172844,0.544,-0.008
18725.878256051143,0.5680000000000001,0.0
18725.87850192944,0.552,-0.008
18725.878747807743,0.5680000000000001,0.0
18725.87899368604,0.552,0.0
18725.87923956434,0.5680000000000001,-0.008
18725.879485442638,0.552,0.0
18725.879731320936,0.5680000000000001,-0.008
18725.879977199238,0.552,-0.016
18725.880223077536,0.5680000000000001,0.0
18725.880468955835,0.5680000000000001,-0.016
18725.880714834133,0.552,0.0
18725.88096071243,0.552,0.0
18725.881206590733,0.5680000000000001,-0.008
18725.88145246903,0.552,-0.008
18725.88169834733,0.5680000000000001,0.0
18725.881944225628,0.552,0.0
18725.88219010393,0.5680000000000001,-0.016
18725.88243598223,0.552,0.0
18725.882681860527,0.5680000000000001,-0.008
18725.882927738825,0.552,0.0
18725.883173617123,0.5680000000000001,-0.016
18725.883419495425,0.552,0.0
18725.883665373723,0.5680000000000001,-0.016
18725.88391125202,0.552,0.0
18725.88415713032,0.5680000000000001,-0.016
18725.88440300862,0.552,0.0
18725.88464888692,0.5680000000000001,-0.008
18725.88489476522,0.552,0.0
18725.885140643517,0.5680000000000001,-0.016
18725.885386521815,0.5680000000000001,-0.016
18725.885632400114,0.552,0.0
18725.885878278415,0.552,0.0
18725.886124156714,0.5680000000000001,-0.008
18725.886370035012,0.5680000000000001,0.0
18725.88661591331,0.552,-0.008
18725.886861791612,0.56,0.0
18725.88710766991,0.552,-0.016
18725.88735354821,0.552,0.0
18725.887599426507,0.56,-0.008
18725.887845304806,0.544,-0.016
18725.888091183107,0.5680000000000001,0.0
18725.888337061406,0.552,0.0
18725.888582939704,0.5680000000000001,-0.008
18725.888828818002,0.5680000000000001,-0.016
18725.8890746963,0.552,0.0
18725.889320574603,0.56,0.0
18725.8895664529,0.544,-0.008
18725.8898123312,0.544,0.0
18725.890058209498,0.512,-0.008
18725.8903040878,0.528,-0.016
18725.890549966098,0.536,0.0
18725.890795844396,0.552,-0.008
18725.891041722694,0.536,0.0
18725.891287600993,0.544,0.0
18725.891533479295,0.504,-0.016
18725.891779357593,0.528,-0.008
18725.89202523589,0.512,0.0
18725.89227111419,0.504,-0.008
18725.892516992488,0.52,0.0
18725.89276287079,0.52,0.0
18725.893008749088,0.504,-0.008
18725.893254627386,0.544,-0.008
18725.893500505685,0.504,0.0
18725.893746383987,0.504,-0.008
18725.893992262285,0.512,0.0
18725.894238140583,0.52,0.0
18725.89448401888,0.504,-0.008
18725.89472989718,0.504,0.0
18725.89497577548,0.512,-0.016
18725.89522165378,0.504,0.0
18725.89546753208,0.52,-0.016
18725.895713410377,0.528,-0.008
18725.895959288675,0.504,0.0
18725.896205166977,0.512,-0.008
18725.896451045275,0.504,0.0
18725.896696923573,0.504,0.0
18725.89694280187,0.528,-0.016
18725.897188680174,0.544,0.0
18725.897434558472,0.512,-0.016
18725.89768043677,0.512,0.0
18725.89792631507,0.536,-0.008
18725.898172193367,0.528,0.0
18725.89841807167,0.504,-0.008
18725.898663949967,0.496,0.0
18725.898909828265,0.52,-0.016
18725.899155706564,0.496,-0.008
18725.899401584862,0.52,0.0
18725.899647463164,0.512,0.0
18725.899893341462,0.504,-0.016
18725.90013921976,0.512,-0.016
18725.90038509806,0.496,0.0
18725.90063097636,0.496,0.0
18725.90087685466,0.512,-0.016
18725.901122732957,0.504,-0.016
18725.901368611256,0.52,0.0
18725.901614489554,0.504,0.0
18725.901860367856,0.52,-0.016
18725.902106246154,0.504,-0.016
18725.902352124453,0.52,0.0
18725.90259800275,0.52,0.0
18725.90284388105,0.496,-0.016
18725.90308975935,0.512,0.0
18725.90333563765,0.496,-0.016
18725.903581515948,0.504,0.0
18725.903827394246,0.52,-0.016
18725.904073272544,0.504,-0.016
18725.904319150846,0.52,0.0
18725.904565029145,0.512,-0.016
18725.904810907443,0.496,0.0
18725.90505678574,0.496,0.0
18725.905302664043,0.52,-0.016
18725.90554854234,0.496,0.0
18725.90579442064,0.544,-0.008
18725.906040298938,0.552,0.0
18725.906286177236,0.528,-0.008
18725.90653205554,0.544,-0.016
18725.906777933837,0.512,0.0
18725.907023812135,0.504,-0.016
18725.907269690433,0.544,0.0
18725.90751556873,0.528,-0.016
18725.907761447033,0.504,0.0
18725.90800732533,0.496,-0.016
18725.90825320363,0.512,0.0
18725.90849908193,0.504,0.0
18725.90874496023,0.528,-0.016
18725.90899083853,0.52,0.0
18725.909236716827,0.496,-0.016
18725.909482595125,0.52,0.0
18725.909728473423,0.496,-0.016
18725.909974351725,0.504,-0.016
18725.910220230024,0.536,0.0
18725.910466108322,0.52,0.0
18725.91071198662,0.544,-0.016
18725.91095786492,0.536,-0.016
18725.91120374322,0.512,0.0
18725.91144962152,0.512,0.0
18725.911695499817,0.496,-0.016
18725.911941378115,0.504,0.0
18725.912187256417,0.52,-0.016
18725.912433134716,0.52,0.0
18725.912679013014,0.496,-0.016
18725.912924891312,0.496,-0.008
18725.91317076961,0.512,0.0
18725.913416647913,0.52,-0.008
18725.91366252621,0.496,0.016
18725.91390840451,0.512,0.008
18725.914154282807,0.496,0.112
18725.914400161106,0.512,0.12
18725.914646039408,0.496,0.272
18725.914891917706,0.504,0.28800000000000003
18725.915137796004,0.52,0.384
18725.915383674303,0.512,0.384
18725.915629552605,0.496,0.40800000000000003
18725.915875430903,0.512,0.4
18725.9161213092,0.496,0.424
18725.9163671875,0.496,0.424
18725.916613065798,0.512,0.432
18725.9168589441,0.512,0.432
18725.917104822398,0.496,0.41600000000000004
18725.917350700696,0.52,0.432
18725.917596578995,0.496,0.41600000000000004
18725.917842457293,0.496,0.432
18725.918088335595,0.512,0.424
18725.918334213893,0.496,0.44
18725.91858009219,0.512,0.41600000000000004
18725.91882597049,0.512,0.432
18725.91907184879,0.496,0.384
18725.91931772709,0.496,0.392
18725.91956360539,0.52,0.368
18725.919809483687,0.512,0.368
18725.920055361985,0.544,0.4
18725.920301240287,0.528,0.4
18725.920547118585,0.544,0.384
18725.920792996883,0.528,0.384
18725.92103887518,0.504,0.40800000000000003
18725.92128475348,0.504,0.40800000000000003
18725.921530631782,0.52,0.432
18725.92177651008,0.512,0.424
18725.92202238838,0.544,0.432
18725.922268266677,0.544,0.424
18725.922514144975,0.528,0.44
18725.922760023277,0.528,0.424
18725.923005901575,0.544,0.44
18725.923251779874,0.52,0.424
18725.923497658172,0.496,0.44
18725.923743536474,0.512,0.424
18725.923989414772,0.496,0.384
18725.92423529307,0.504,0.384
18725.92448117137,0.52,0.41600000000000004
18725.924727049667,0.512,0.432
18725.92497292797,0.496,0.41600000000000004
18725.925218806267,0.504,0.424
18725.925464684566,0.496,0.41600000000000004
18725.925710562864,0.512,0.424
18725.925956441162,0.496,0.4
18725.926202319464,0.504,0.4
18725.926448197763,0.512,0.368
18725.92669407606,0.52,0.368
18725.92693995436,0.496,0.384
18725.92718583266,0.496,0.384
18725.92743171096,0.512,0.4
18725.927677589258,0.512,0.392
18725.927923467556,0.496,0.376
18725.928169345854,0.512,0.376
18725.928415224156,0.496,0.368
18725.928661102454,0.504,0.384
18725.928906980753,0.544,0.368
18725.92915285905,0.544,0.376
18725.92939873735,0.512,0.368
18725.92964461565,0.512,0.40800000000000003
18725.92989049395,0.544,0.376
18725.930136372248,0.528,0.376
18725.930382250546,0.504,0.368
18725.93062812885,0.512,0.368
18725.930874007146,0.496,0.376
18725.931119885445,0.512,0.368
18725.931365763743,0.496,0.384
18725.93161164204,0.504,0.376
18725.931857520343,0.512,0.368
18725.93210339864,0.52,0.368
18725.93234927694,0.496,0.376
18725.93259515524,0.496,0.368
18725.932841033537,0.512,0.376
18725.93308691184,0.496,0.368
18725.933332790137,0.512,0.368
18725.933578668435,0.52,0.368
18725.933824546733,0.496,0.376
18725.934070425035,0.496,0.368
18725.934316303334,0.512,0.376
18725.934562181632,0.496,0.368
18725.93480805993,0.512,0.376
18725.93505393823,0.496,0.368
18725.93529981653,0.512,0.376
18725.93554569483,0.512,0.368
18725.935791573127,0.496,0.384
18725.936037451425,0.512,0.368
18725.936283329724,0.496,0.368
18725.936529208026,0.496,0.368
18725.936775086324,0.512,0.376
18725.937020964622,0.496,0.368
18725.93726684292,0.512,0.376
18725.937512721222,0.496,0.368
18725.93775859952,0.512,0.376
18725.93800447782,0.496,0.368
18725.938250356117,0.512,0.376
18725.938496234416,0.52,0.368
18725.938742112718,0.496,0.384
18725.938987991016,0.496,0.368
18725.939233869314,0.512,0.376
18725.939479747612,0.512,0.376
18725.93972562591,0.496,0.368
18725.939971504213,0.504,0.368
18725.94021738251,0.496,0.376
18725.94046326081,0.504,0.368
18725.940709139108,0.544,0.376
18725.940955017406,0.544,0.368
18725.941200895708,0.528,0.376
18725.941446774006,0.528,0.368
18725.941692652304,0.544,0.376
18725.941938530603,0.544,0.368
18725.942184408905,0.504,0.376
18725.942430287203,0.512,0.368
18725.9426761655,0.536,0.376
18725.9429220438,0.536,0.376
18725.943167922098,0.504,0.41600000000000004
18725.9434138004,0.512,0.41600000000000004
18725.943659678698,0.496,0.384
18725.943905556996,0.52,0.384
18725.944151435295,0.496,0.376
18725.944397313593,0.496,0.384
18725.944643191895,0.528,0.41600000000000004
18725.944889070193,0.52,0.424
18725.94513494849,0.544,0.432
18725.94538082679,0.552,0.44
18725.945626705092,0.528,0.424
18725.94587258339,0.536,0.432
18725.94611846169,0.544,0.41600000000000004
18725.946364339987,0.544,0.41600000000000004
18725.946610218285,0.512,0.432
18725.946856096587,0.52,0.424
18725.947101974885,0.496,0.44
18725.947347853184,0.512,0.424
18725.947593731482,0.496,0.432
18725.94783960978,0.504,0.44
18725.948085488082,0.52,0.424
18725.94833136638,0.528,0.424
18725.94857724468,0.496,0.44
18725.948823122977,0.504,0.424
18725.94906900128,0.512,0.44
18725.949314879577,0.512,0.44
18725.949560757876,0.496,0.424
18725.949806636174,0.504,0.432
18725.950052514472,0.52,0.41600000000000004
18725.950298392774,0.52,0.432
18725.950544271072,0.544,0.40800000000000003
18725.95079014937,0.544,0.41600000000000004
18725.95103602767,0.528,0.432
18725.951281905967,0.536,0.424
18725.95152778427,0.544,0.432
18725.951773662568,0.552,0.424
18725.952019540866,0.512,0.44
18725.952265419164,0.512,0.424
18725.952511297466,0.536,0.44
18725.952757175764,0.528,0.424
18725.953003054063,0.544,0.44
18725.95324893236,0.544,0.424
18725.95349481066,0.512,0.432
18725.95374068896,0.512,0.424
18725.95398656726,0.552,0.44
18725.954232445558,0.536,0.424
18725.954478323856,0.544,0.44
18725.954724202154,0.528,0.424
18725.954970080456,0.544,0.44
18725.955215958755,0.52,0.424
18725.955461837053,0.504,0.432
18725.95570771535,0.504,0.424
18725.955953593653,0.52,0.432
18725.95619947195,0.504,0.41600000000000004
18725.95644535025,0.536,0.432
18725.956691228548,0.536,0.41600000000000004
18725.956937106846,0.504,0.44
18725.95718298515,0.504,0.44
18725.957428863447,0.52,0.424
18725.963569402695,0.496,-0.016
18725.963834409315,0.512,0.0
18725.964099415938,0.496,-0.016
18725.964364422558,0.512,0.0
18725.96462942918,0.512,-0.016
18725.9648944358,0.496,-0.008
18725.965159442425,0.496,-0.016
18725.965424449045,0.512,-0.008
18725.96568945567,0.52,-0.016
18725.96595446229,0.496,-0.008
18725.96621946891,0.512,-0.016
18725.96648447553,0.496,0.0
18725.966749482155,0.504,-0.016
18725.967014488775,0.496,0.0
18725.9672794954,0.496,-0.016
18725.96754450202,0.52,0.0
18725.967809508642,0.512,-0.016
18725.968074515262,0.496,-0.008
18725.968339521885,0.496,-0.016
18725.968604528505,0.512,0.0
18725.96886953513,0.504,-0.008
18725.96913454175,0.52,0.024
18725.969399548372,0.496,0.024
18725.969664554992,0.52,0.136
18725.969929561616,0.52,0.136
18725.970194568235,0.504,0.28800000000000003
18725.97045957486,0.496,0.28
18725.97072458148,0.52,0.352
18725.970989588102,0.512,0.352
18725.971254594722,0.496,0.40800000000000003
18725.971519601346,0.512,0.4
18725.971784607966,0.496,0.41600000000000004
18725.97204961459,0.504,0.40800000000000003
18725.97231462121,0.52,0.41600000000000004
18725.972579627833,0.52,0.40800000000000003
18725.972844634452,0.504,0.424
18725.973109641076,0.496,0.41600000000000004
18725.973374647696,0.544,0.368
18725.97363965432,0.56,0.368
18725.97390466094,0.536,0.40800000000000003
18725.974169667563,0.552,0.40800000000000003
18725.974434674183,0.544,0.424
18725.974699680806,0.544,0.392
18725.974964687426,0.56,0.424
18725.97522969405,0.544,0.41600000000000004
18725.97549470067,0.56,0.392
18725.975759707293,0.544,0.384
18725.976024713913,0.56,0.40800000000000003
18725.976289720536,0.544,0.40800000000000003
18725.976554727156,0.56,0.424
18725.97681973378,0.544,0.40800000000000003
18725.9770847404,0.56,0.424
18725.977349747023,0.56,0.4
18725.977614753643,0.544,0.41600000000000004
18725.977879760267,0.544,0.4
18725.978144766887,0.56,0.40800000000000003
18725.97840977351,0.544,0.4
18725.97867478013,0.56,0.41600000000000004
18725.978939786753,0.544,0.40800000000000003
18725.979204793373,0.5680000000000001,0.424
18725.979469799997,0.544,0.41600000000000004
18725.979734806617,0.56,0.4
18725.97999981324,0.544,0.40800000000000003
18725.98026481986,0.56,0.432
18725.980529826484,0.544,0.41600000000000004
18725.980794833104,0.56,0.368
18725.981059839727,0.56,0.376
18725.981324846347,0.544,0.368
18725.98158985297,0.544,0.376
18725.98185485959,0.56,0.36
18725.982119866214,0.544,0.36
18725.982384872834,0.5680000000000001,0.368
18725.982649879457,0.56,0.36
18725.982914886077,0.544,0.368
18725.9831798927,0.544,0.36
18725.98344489932,0.56,0.36
18725.98370990594,0.552,0.36
18725.983974912564,0.5680000000000001,0.368
18725.984239919184,0.56,0.36
18725.984504925807,0.544,0.368
18725.984769932427,0.544,0.36
18725.98503493905,0.5680000000000001,0.36
18725.98529994567,0.5680000000000001,0.36
18725.985564952294,0.544,0.36
18725.985829958914,0.544,0.36
18725.986094965538,0.56,0.368
18725.986359972158,0.56,0.36
18725.98662497878,0.544,0.368
18725.9868899854,0.544,0.36
18725.987154992024,0.56,0.36
18725.987419998644,0.5680000000000001,0.36
18725.987685005268,0.552,0.368
18725.987950011888,0.552,0.36
18725.98821501851,0.5680000000000001,0.36
18725.98848002513,0.552,0.36
18725.988745031755,0.5680000000000001,0.36
18725.989010038375,0.552,0.36
18725.989275044998,0.5680000000000001,0.36
18725.989540051618,0.544,0.36
18725.98980505824,0.56,0.36
18725.99007006486,0.552,0.36
18725.990335071485,0.5680000000000001,0.36
18725.990600078105,0.552,0.36
18725.99086508473,0.5680000000000001,0.36
18725.991130091348,0.552,0.36
18725.99139509797,0.5680000000000001,0.368
18725.99166010459,0.5680000000000001,0.368
18725.991925111215,0.552,0.352
18725.992190117835,0.552,0.352
18725.99245512446,0.5680000000000001,0.36
18725.99272013108,0.552,0.36
18725.992985137702,0.56,0.368
18725.99325014432,0.552,0.36
18725.993515150945,0.5680000000000001,0.36
18725.993780157565,0.552,0.36
18725.99404516419,0.56,0.352
18725.99431017081,0.552,0.36
18725.994575177432,0.5680000000000001,0.36
18725.994840184052,0.552,0.36
18725.995105190676,0.5680000000000001,0.36
18725.995370197295,0.552,0.36
18725.99563520392,0.5680000000000001,0.36
18725.99590021054,0.552,0.36
18725.996165217162,0.5680000000000001,0.36
18725.996430223782,0.552,0.36
18725.996695230406,0.5680000000000001,0.368
18725.996960237026,0.56,0.368
18725.99722524365,0.552,0.392
18725.99749025027,0.544,0.392
18725.997755256893,0.5680000000000001,0.41600000000000004
18725.998020263512,0.552,0.40800000000000003
18725.998285270136,0.56,0.368
18725.998550276756,0.552,0.376
18725.99881528338,0.5680000000000001,0.36
18725.99908029,0.552,0.368
18725.999345296623,0.5680000000000001,0.4
18725.999610303243,0.5680000000000001,0.4
18725.999875309866,0.552,0.41600000000000004
18726.000140316486,0.544,0.40800000000000003
18726.00040532311,0.5680000000000001,0.424
18726.00067032973,0.552,0.41600000000000004
18726.000935336353,0.5680000000000001,0.392
18726.001200342973,0.552,0.392
18726.001465349596,0.5680000000000001,0.41600000000000004
18726.001730356216,0.552,0.424
18726.00199536284,0.5680000000000001,0.4
18726.00226036946,0.552,0.4
18726.002525376083,0.5680000000000001,0.41600000000000004
18726.002790382703,0.552,0.424
18726.003055389327,0.5680000000000001,0.40800000000000003
18726.003320395947,0.552,0.40800000000000003
18726.003585402566,0.5680000000000001,0.384
18726.00385040919,0.552,0.384
18726.00411541581,0.5680000000000001,0.368
18726.004380422433,0.552,0.36
18726.004645429053,0.5680000000000001,0.376
18726.004910435677,0.552,0.36
18726.005175442297,0.5680000000000001,0.368
18726.00544044892,0.552,0.36
18726.00570545554,0.5680000000000001,0.368
18726.005970462164,0.552,0.36
18726.006235468783,0.5680000000000001,0.36
18726.006500475407,0.552,0.36
18726.006765482027,0.56,0.36
18726.00703048865,0.552,0.36
18726.00729549527,0.5680000000000001,0.36
18726.007560501894,0.552,0.36
18726.007825508514,0.5680000000000001,0.36
18726.008090515137,0.552,0.36
18726.008355521757,0.5680000000000001,0.36
18726.00862052838,0.552,0.36
18726.008885535,0.5680000000000001,0.36
18726.009150541624,0.552,0.36
18726.009415548244,0.56,0.36
18726.009680554867,0.552,0.36
18726.009945561487,0.5680000000000001,0.36
18726.01021056811,0.552,0.36
18726.01047557473,0.5680000000000001,0.36
18726.010740581354,0.552,0.36
18726.011005587974,0.5680000000000001,0.36
18726.011270594598,0.552,0.36
18726.011535601217,0.5680000000000001,0.36
18726.01180060784,0.552,0.36
18726.01206561446,0.5680000000000001,0.36
18726.012330621084,0.552,0.36
18726.012595627704,0.5680000000000001,0.36
18726.012860634328,0.56,0.36
18726.013125640948,0.552,0.36
18726.01339064757,0.56,0.36
18726.01365565419,0.536,0.36
18726.013920660815,0.544,0.36
18726.014185667435,0.52,0.368
18726.014450674058,0.512,0.36
18726.014715680678,0.528,0.36
18726.0149806873,0.512,0.36
18726.01524569392,0.552,0.36
18726.015510700545,0.536,0.36
18726.015775707165,0.552,0.368
18726.01604071379,0.552,0.36
18726.016305720408,0.52,0.36
18726.01657072703,0.528,0.36
18726.01683573365,0.552,0.36
18726.017100740275,0.552,0.36
18726.017365746895,0.536,0.36
18726.01763075352,0.544,0.36
18726.01789576014,0.52,0.36
18726.018160766762,0.512,0.36
18726.01842577338,0.52,0.368
18726.018690780005,0.52,0.36
18726.018955786625,0.504,0.36
18726.01922079325,0.504,0.36
18726.01948579987,0.52,0.352
18726.019750806492,0.504,0.36
18726.020015813112,0.528,0.368
18726.020280819735,0.52,0.36
18726.020545826355,0.504,0.36
18726.02081083298,0.504,0.36
18726.0210758396,0.528,0.352
18726.021340846222,0.512,0.36
18726.021605852842,0.544,0.368
18726.021870859466,0.544,0.36
18726.022135866086,0.528,0.368
18726.02240087271,0.536,0.352
18726.02266587933,0.544,0.368
18726.022930885953,0.536,0.36
18726.023195892572,0.544,0.4
18726.023460899192,0.536,0.4
18726.023725905816,0.552,0.424
18726.023990912436,0.552,0.424
18726.02425591906,0.528,0.4
18726.02452092568,0.536,0.424
18726.024785932303,0.52,0.40800000000000003
18726.025050938923,0.528,0.424
18726.025315945546,0.504,0.40800000000000003
18726.025580952166,0.504,0.424
18726.02584595879,0.52,0.40800000000000003
18726.02611096541,0.512,0.40800000000000003
18726.026375972033,0.504,0.41600000000000004
18726.026640978653,0.504,0.41600000000000004
18726.026905985276,0.52,0.424
18726.027170991896,0.504,0.41600000000000004
18726.02743599852,0.512,0.40800000000000003
18726.02770100514,0.512,0.40800000000000003
18726.027966011763,0.496,0.424
18726.028231018383,0.496,0.40800000000000003
18726.028496025006,0.52,0.424
18726.028761031626,0.52,0.40800000000000003
18726.02902603825,0.504,0.424
18726.02929104487,0.512,0.4
18726.029556051493,0.496,0.424
18726.029821058113,0.496,0.4
18726.030086064737,0.512,0.41600000000000004
18726.030351071357,0.496,0.40800000000000003
18726.03061607798,0.52,0.424
18726.0308810846,0.52,0.40800000000000003
18726.031146091223,0.504,0.424
18726.031411097843,0.496,0.40800000000000003
18726.031676104467,0.512,0.424
18726.031941111087,0.496,0.41600000000000004
18726.03220611771,0.512,0.424
18726.03247112433,0.504,0.40800000000000003
18726.032736130954,0.512,0.368
18726.033001137574,0.496,0.368
18726.033266144197,0.528,0.36
18726.033531150817,0.52,0.36
18726.03379615744,0.544,0.368
18726.03406116406,0.528,0.36
18726.034326170684,0.544,0.368
18726.034591177304,0.552,0.36
18726.034856183927,0.528,0.352
18726.035121190547,0.528,0.34400000000000003
18726.03538619717,0.504,0.28800000000000003
18726.03565120379,0.504,0.28800000000000003
18726.035916210414,0.52,0.16
18726.036181217034,0.496,0.152
18726.036446223658,0.512,0.056
18726.036711230277,0.496,0.048
18726.0369762369,0.512,0.008
18726.03724124352,0.496,0.008
18726.037506250144,0.512,-0.008
18726.037771256764,0.496,0.0
18726.038036263388,0.52,-0.008
18726.038301270008,0.504,0.0
18726.03856627663,0.512,-0.008
18726.03883128325,0.504,0.0
18726.039096289875,0.496,-0.016
18726.039361296494,0.504,0.0
18726.039626303118,0.496,-0.016
18726.039891309738,0.504,0.0
18726.04015631636,0.496,-0.016
18726.04042132298,0.504,0.0
18726.040686329605,0.496,-0.016
18726.040951336225,0.496,0.0
18726.04121634285,0.512,-0.016
18726.041481349468,0.512,-0.016
18726.04174635609,0.496,0.0
18726.04201136271,0.504,-0.016
18726.042276369335,0.496,0.0
18726.042541375955,0.496,0.0
18726.04280638258,0.52,-0.016
18726.0430713892,0.512,0.0
18726.04333639582,0.496,-0.016
18726.04360140244,0.496,0.0
18726.04386640906,0.512,-0.016
18726.044131415685,0.496,-0.016
18726.044396422305,0.512,0.0
18726.04466142893,0.496,0.0
18726.04492643555,0.512,-0.016
18726.045191442172,0.496,-0.016
18726.04545644879,0.512,0.0
18726.045721455415,0.496,-0.016
18726.045986462035,0.512,0.0
18726.04625146866,0.504,-0.016
18726.04651647528,0.496,0.0
18726.046781481902,0.496,0.0
18726.047046488522,0.504,-0.016
18726.047311495146,0.512,0.0
18726.047576501765,0.496,-0.016
18726.04784150839,0.496,-0.016
18726.04810651501,0.512,0.0
18726.048371521632,0.496,-0.016
18726.048636528252,0.512,0.0
18726.048901534876,0.496,-0.016
18726.049166541496,0.512,0.0
18726.04943154812,0.504,-0.016
18726.04969655474,0.496,0.0
18726.049961561363,0.504,0.0
18726.050226567982,0.496,-0.016
18726.050491574606,0.496,-0.016
18726.050756581226,0.512,0.0
18726.05102158785,0.504,0.0
18726.05128659447,0.496,-0.016
18726.051551601093,0.496,-0.016
18726.051816607713,0.52,-0.008
18726.052081614336,0.496,0.0
18726.052346620956,0.52,-0.016
18726.05261162758,0.504,-0.016
18726.0528766342,0.544,0.0
18726.053141640823,0.528,0.0
18726.053406647443,0.536,-0.016
18726.053671654066,0.544,-0.016
18726.053936660686,0.52,0.0
18726.05420166731,0.528,-0.016
18726.05446667393,0.496,0.0
18726.054731680553,0.512,-0.016
18726.054996687173,0.496,0.0
18726.055261693797,0.496,0.0
18726.055526700417,0.52,-0.016
18726.05579170704,0.496,0.0
18726.05605671366,0.512,-0.016
18726.056321720283,0.496,-0.016
18726.056586726903,0.504,0.0
18726.056851733527,0.496,-0.016
18726.057116740147,0.512,-0.008
18726.05738174677,0.496,0.0
18726.05764675339,0.512,-0.016
18726.057911760014,0.512,-0.008
18726.058176766634,0.496,-0.016
18726.058441773257,0.496,-0.016
18726.058706779877,0.528,0.0
18726.0589717865,0.504,-0.016
18726.05923679312,0.496,-0.008
18726.059501799744,0.504,0.0
18726.059766806364,0.536,-0.016
18726.060031812987,0.544,-0.016
18726.060296819607,0.512,0.0
18726.06056182623,0.52,0.0
18726.06082683285,0.544,-0.016
18726.061091839474,0.544,0.0
18726.061356846094,0.496,-0.016
18726.061621852718,0.496,-0.016
18726.061886859337,0.512,0.0
18726.06215186596,0.512,0.0
18726.06241687258,0.496,-0.016
18726.062681879204,0.512,-0.016
18726.062946885824,0.496,0.0
18726.063211892444,0.496,-0.016
18726.063476899068,0.544,0.0
18726.063741905687,0.528,-0.016
18726.06400691231,0.552,0.0
18726.06427191893,0.536,-0.016
18726.064536925554,0.504,-0.008
18726.064801932174,0.512,0.0
18726.065066938798,0.496,-0.016
18726.065331945418,0.496,-0.016
18726.06559695204,0.512,0.0
18726.06586195866,0.496,0.0
18726.066126965285,0.512,-0.016
18726.066391971905,0.496,-0.016
18726.066656978528,0.504,-0.008
18726.066921985148,0.496,-0.016
18726.06718699177,0.512,0.0
18726.06745199839,0.496,-0.016
18726.067717005015,0.512,0.0
18726.067982011635,0.496,-0.016
18726.06824701826,0.504,0.0
18726.068512024878,0.496,-0.008
18726.0687770315,0.512,-0.016
18726.06904203812,0.496,-0.016
18726.069307044745,0.504,0.0
18726.069572051365,0.496,-0.008
18726.06983705799,0.512,-0.016
18726.07010206461,0.504,-0.016
18726.070367071232,0.496,0.0
18726.07063207785,0.496,-0.016
18726.070897084475,0.512,-0.008
18726.071162091095,0.496,-0.016
18726.07142709772,0.504,0.0
18726.07169210434,0.496,-0.008
18726.071957110962,0.512,-0.016
18726.072222117582,0.512,-0.008
18726.072487124206,0.496,-0.016
18726.072752130825,0.496,-0.016
18726.07301713745,0.52,-0.008
18726.07328214407,0.512,-0.008
18726.073547150692,0.544,-0.016
18726.073812157312,0.544,-0.016
18726.074077163936,0.528,-0.008
18726.074342170556,0.544,-0.016
18726.07460717718,0.52,0.0
18726.0748721838,0.52,-0.008
18726.075137190423,0.504,-0.016
18726.075402197042,0.528,-0.016
18726.075667203666,0.496,-0.008
18726.075932210286,0.504,-0.008
18726.07619721691,0.496,-0.016
18726.07646222353,0.496,-0.016
18726.076727230153,0.512,0.0
18726.076992236773,0.512,-0.016
18726.077257243396,0.496,0.0
18726.077522250016,0.504,-0.016
18726.07778725664,0.496,0.0
18726.07805226326,0.496,-0.016
18726.078317269883,0.504,0.0
18726.078582276503,0.496,-0.016
18726.078847283126,0.504,0.0
18726.079112289746,0.496,-0.008
18726.07937729637,0.52,-0.016
18726.07964230299,0.496,-0.008
18726.079907309613,0.512,-0.016
18726.080172316233,0.496,-0.008
18726.080437322857,0.504,-0.016
18726.080702329476,0.488,-0.016
18726.0809673361,0.52,-0.008
18726.08123234272,0.52,-0.016
18726.081497349343,0.496,0.0
18726.081762355963,0.496,-0.016
18726.082027362587,0.504,-0.008
18726.082292369207,0.496,-0.016
18726.08255737583,0.504,0.0
18726.08282238245,0.496,-0.016
18726.08308738907,0.512,0.0
18726.083352395694,0.496,-0.008
18726.083617402313,0.512,-0.016
18726.083882408937,0.496,-0.008
18726.084147415557,0.512,-0.016
18726.08441242218,0.496,-0.008
18726.0846774288,0.512,-0.016
18726.084942435424,0.504,-0.008
18726.085207442044,0.496,-0.016
18726.085472448667,0.496,-0.016
18726.085737455287,0.512,0.0
18726.08600246191,0.496,-0.016
18726.08626746853,0.512,-0.008
18726.086532475154,0.496,-0.016
18726.086797481774,0.512,0.0
18726.087062488397,0.496,0.0
18726.087327495017,0.512,-0.016
18726.08759250164,0.496,-0.016
18726.08785750826,0.528,-0.008
18726.088122514884,0.52,-0.008
18726.088387521504,0.544,-0.016
18726.088652528128,0.52,0.0
18726.088917534747,0.496,-0.016
18726.08918254137,0.504,-0.016
18726.08944754799,0.496,0.0
18726.089712554614,0.496,-0.008
18726.089977561234,0.512,-0.016
18726.090242567858,0.496,-0.016
18726.090507574478,0.512,-0.008
18726.0907725811,0.504,-0.016
18726.09103758772,0.512,0.0
18726.091302594345,0.496,-0.008
18726.091567600964,0.512,-0.016
18726.091832607588,0.496,-0.016
18726.092097614208,0.512,0.0
18726.09236262083,0.496,-0.016
18726.09262762745,0.512,0.0
18726.092892634075,0.496,-0.008
18726.093157640695,0.512,-0.016
18726.09342264732,0.488,-0.016
18726.093687653938,0.512,-0.008
18726.09395266056,0.496,-0.008
18726.09421766718,0.512,-0.016
18726.094482673805,0.512,-0.008
18726.094747680425,0.496,-0.016
18726.09501268705,0.496,0.0
18726.09527769367,0.512,-0.016
18726.095542700292,0.512,-0.008
18726.09580770691,0.496,-0.016
18726.096072713535,0.496,-0.008
18726.096337720155,0.528,-0.016
18726.09660272678,0.512,-0.016
18726.0968677334,0.544,0.0
18726.097132740022,0.544,-0.016
18726.097397746642,0.528,0.0
18726.097662753265,0.528,-0.016
18726.097927759885,0.496,0.0
18726.09819276651,0.512,-0.016
18726.09845777313,0.496,0.0
18726.098722779752,0.496,-0.008
18726.098987786372,0.528,-0.016
18726.099252792996,0.504,-0.016
18726.099517799616,0.52,0.0
18726.09978280624,0.504,-0.016
18726.10004781286,0.52,0.0
18726.100312819482,0.496,-0.016
18726.100577826102,0.52,-0.008
18726.100842832726,0.496,-0.016
18726.101107839346,0.512,0.0
18726.10137284597,0.496,-0.008
18726.10163785259,0.512,0.024
18726.101902859213,0.496,0.024
18726.102167865833,0.528,0.128
18726.102432872456,0.52,0.136
18726.102697879076,0.496,0.296
18726.102962885696,0.496,0.296
18726.10322789232,0.512,0.384
18726.10349289894,0.496,0.384
18726.103757905563,0.512,0.40800000000000003
18726.104022912183,0.52,0.4
18726.104287918806,0.496,0.41600000000000004
18726.104552925426,0.496,0.4
18726.10481793205,0.512,0.368
18726.10508293867,0.512,0.368
18726.105347945293,0.496,0.36
18726.105612951913,0.496,0.36
18726.105877958536,0.528,0.40800000000000003
18726.106142965156,0.52,0.4
18726.10640797178,0.544,0.424
18726.1066729784,0.552,0.41600000000000004
18726.106937985023,0.512,0.4
18726.107202991643,0.512,0.40800000000000003
18726.107467998267,0.496,0.424
18726.107733004887,0.496,0.41600000000000004
18726.10799801151,0.52,0.368
18726.10826301813,0.536,0.376
18726.108528024753,0.504,0.36
18726.108793031373,0.496,0.36
18726.109058037997,0.528,0.376
18726.109323044617,0.52,0.368
18726.10958805124,0.544,0.4
18726.10985305786,0.544,0.4
18726.110118064484,0.496,0.424
18726.110383071104,0.512,0.41600000000000004
18726.110648077727,0.536,0.424
18726.110913084347,0.52,0.41600000000000004
18726.11117809097,0.496,0.424
18726.11144309759,0.496,0.41600000000000004
18726.111708104214,0.536,0.424
18726.111973110834,0.528,0.424
18726.112238117457,0.536,0.40800000000000003
18726.112503124077,0.544,0.424
18726.1127681307,0.528,0.40800000000000003
18726.11303313732,0.544,0.4
18726.113298143944,0.536,0.424
18726.113563150564,0.552,0.4
18726.113828157188,0.512,0.424
18726.114093163807,0.512,0.40800000000000003
18726.11435817043,0.536,0.424
18726.11462317705,0.528,0.41600000000000004
18726.114888183674,0.544,0.424
18726.115153190294,0.552,0.424
18726.115418196918,0.536,0.40800000000000003
18726.115683203538,0.544,0.40800000000000003
18726.11594821016,0.52,0.424
18726.11621321678,0.496,0.40800000000000003
18726.116478223405,0.52,0.424
18726.116743230024,0.496,0.40800000000000003
18726.117008236648,0.528,0.424
18726.117273243268,0.512,0.424
18726.11753824989,0.552,0.392
18726.11780325651,0.544,0.392
18726.118068263135,0.52,0.36
18726.118333269755,0.52,0.36
18726.118598276378,0.56,0.376
18726.118863282998,0.56,0.36
18726.11912828962,0.544,0.368
18726.11939329624,0.544,0.368
18726.119658302865,0.56,0.36
18726.119923309485,0.544,0.36
18726.12018831611,0.56,0.384
18726.12045332273,0.544,0.384
18726.12071832935,0.56,0.368
18726.12098333597,0.56,0.368
18726.121248342595,0.544,0.36
18726.121513349215,0.544,0.36
18726.12177835584,0.56,0.368
18726.12204336246,0.5680000000000001,0.368
18726.122308369082,0.544,0.36
18726.122573375702,0.56,0.368
18726.12283838232,0.544,0.384
18726.123103388945,0.56,0.376
18726.123368395565,0.544,0.368
18726.12363340219,0.552,0.368
18726.12389840881,0.56,0.384
18726.124163415432,0.544,0.384
18726.124428422052,0.56,0.41600000000000004
18726.124693428676,0.56,0.4
18726.124958435295,0.544,0.424
18726.12522344192,0.56,0.40800000000000003
18726.12548844854,0.544,0.41600000000000004
18726.125753455162,0.5680000000000001,0.424
18726.126018461782,0.544,0.40800000000000003
18726.126283468406,0.56,0.40800000000000003
18726.126548475026,0.552,0.424
18726.12681348165,0.544,0.424
18726.12707848827,0.5680000000000001,0.40800000000000003
18726.127343494893,0.544,0.40800000000000003
18726.127608501512,0.5680000000000001,0.424
18726.127873508136,0.552,0.41600000000000004
18726.128138514756,0.5680000000000001,0.4
18726.12840352138,0.552,0.40800000000000003
18726.128668528,0.5680000000000001,0.424
18726.128933534623,0.552,0.40800000000000003
18726.129198541243,0.5680000000000001,0.424
18726.129463547866,0.552,0.41600000000000004
18726.129728554486,0.5680000000000001,0.424
18726.12999356111,0.544,0.41600000000000004
18726.13025856773,0.5680000000000001,0.40800000000000003
18726.130523574353,0.5680000000000001,0.40800000000000003
18726.130788580973,0.552,0.41600000000000004
18726.131053587596,0.552,0.41600000000000004
18726.131318594216,0.5680000000000001,0.424
18726.13158360084,0.5680000000000001,0.41600000000000004
18726.13184860746,0.552,0.40800000000000003
18726.132113614083,0.56,0.424
18726.132378620703,0.552,0.376
18726.132643627327,0.544,0.384
18726.132908633946,0.56,0.368
18726.13317364057,0.552,0.368
18726.13343864719,0.5680000000000001,0.392
18726.133703653813,0.552,0.392
18726.133968660433,0.5680000000000001,0.41600000000000004
18726.134233667057,0.5680000000000001,0.424
18726.134498673677,0.552,0.4
18726.1347636803,0.552,0.40800000000000003
18726.13502868692,0.5680000000000001,0.41600000000000004
18726.135293693544,0.552,0.41600000000000004
18726.135558700164,0.5680000000000001,0.4
18726.135823706787,0.5680000000000001,0.40800000000000003
18726.136088713407,0.552,0.384
18726.13635372003,0.5680000000000001,0.376
18726.13661872665,0.552,0.4
18726.136883733274,0.552,0.392
18726.137148739894,0.5680000000000001,0.41600000000000004
18726.137413746517,0.5680000000000001,0.424
18726.137678753137,0.552,0.40800000000000003
18726.13794375976,0.544,0.4
18726.13820876638,0.5680000000000001,0.368
18726.138473773004,0.552,0.368
18726.138738779624,0.5680000000000001,0.36
18726.139003786247,0.552,0.36
18726.139268792867,0.5680000000000001,0.4
18726.13953379949,0.552,0.392
18726.13979880611,0.5680000000000001,0.4
18726.140063812734,0.552,0.41600000000000004
18726.140328819354,0.5680000000000001,0.4
18726.140593825978,0.56,0.41600000000000004
18726.140858832598,0.552,0.4
18726.14112383922,0.56,0.41600000000000004
18726.14138884584,0.552,0.384
18726.141653852465,0.544,0.384
18726.141918859084,0.5680000000000001,0.36
18726.142183865708,0.552,0.36
18726.142448872328,0.5680000000000001,0.36
18726.142713878948,0.552,0.36
18726.14297888557,0.5680000000000001,0.376
18726.14324389219,0.544,0.36
18726.143508898815,0.5680000000000001,0.368
18726.143773905435,0.552,0.36
18726.144038912058,0.5680000000000001,0.36
18726.144303918678,0.552,0.36
18726.1445689253,0.5680000000000001,0.36
18726.14483393192,0.552,0.36
18726.145098938545,0.5680000000000001,0.36
18726.145363945165,0.552,0.36
18726.14562895179,0.5680000000000001,0.36
18726.145893958408,0.552,0.36
18726.14615896503,0.5680000000000001,0.36
18726.14642397165,0.552,0.36
18726.146688978275,0.5680000000000001,0.36
18726.146953984895,0.5680000000000001,0.36
18726.14721899152,0.552,0.36
18726.14748399814,0.552,0.36
18726.147749004762,0.5680000000000001,0.36
18726.14801401138,0.552,0.36
18726.148279018005,0.5680000000000001,0.36
18726.148544024625,0.552,0.36
18726.14880903125,0.5680000000000001,0.36
18726.14907403787,0.552,0.36
18726.149339044492,0.5680000000000001,0.368
18726.149604051112,0.5680000000000001,0.368
18726.149869057735,0.544,0.376
18726.150134064355,0.552,0.368
18726.15039907098,0.5680000000000001,0.392
18726.1506640776,0.552,0.368
18726.150929084222,0.5680000000000001,0.392
18726.151194090842,0.552,0.384
18726.151459097466,0.5680000000000001,0.40800000000000003
18726.151724104086,0.5680000000000001,0.4
18726.15198911071,0.544,0.40800000000000003
18726.15225411733,0.56,0.4
18726.152519123953,0.536,0.41600000000000004
18726.152784130572,0.536,0.40800000000000003
18726.153049137196,0.552,0.424
18726.153314143816,0.552,0.424
18726.15357915044,0.536,0.40800000000000003
18726.15384415706,0.552,0.41600000000000004
18726.154109163683,0.52,0.40800000000000003
18726.154374170303,0.52,0.40800000000000003
18726.154639176926,0.512,0.424
18726.154904183546,0.512,0.40800000000000003
18726.15516919017,0.536,0.424
18726.15543419679,0.536,0.424
18726.155699203413,0.552,0.40800000000000003
18726.155964210033,0.552,0.41600000000000004
18726.156229216656,0.528,0.392
18726.156494223276,0.536,0.4
18726.1567592299,0.552,0.40800000000000003
18726.15702423652,0.536,0.392
18726.157289243143,0.552,0.368
18726.157554249763,0.536,0.384
18726.157819256387,0.504,0.41600000000000004
18726.158084263006,0.504,0.40800000000000003
18726.15834926963,0.52,0.424
18726.15861427625,0.528,0.41600000000000004
18726.158879282873,0.504,0.392
18726.159144289493,0.504,0.4
18726.159409296117,0.52,0.41600000000000004
18726.159674302737,0.512,0.424
18726.15993930936,0.496,0.4
18726.16020431598,0.504,0.424
18726.160469322604,0.52,0.4
18726.160734329223,0.52,0.384
18726.160999335847,0.504,0.41600000000000004
18726.161264342467,0.512,0.40800000000000003
18726.16152934909,0.496,0.424
18726.16179435571,0.504,0.40800000000000003
18726.162059362334,0.528,0.41600000000000004
18726.162324368954,0.528,0.40800000000000003
18726.162589375574,0.552,0.424
18726.162854382197,0.552,0.424
18726.163119388817,0.528,0.40800000000000003
18726.16338439544,0.536,0.424
18726.16364940206,0.512,0.4
18726.163914408684,0.504,0.4
18726.164179415304,0.52,0.424
18726.164444421927,0.496,0.424
18726.164709428547,0.52,0.40800000000000003
18726.16497443517,0.512,0.40800000000000003
18726.16523944179,0.504,0.41600000000000004
18726.165504448414,0.504,0.4
18726.165769455034,0.544,0.424
18726.166034461658,0.528,0.40800000000000003
18726.166299468277,0.544,0.424
18726.1665644749,0.528,0.4
18726.16682948152,0.552,0.376
18726.167094488144,0.536,0.376
18726.167359494764,0.52,0.368
18726.167624501388,0.52,0.384
18726.167889508008,0.496,0.328
18726.16815451463,0.504,0.32
18726.16841952125,0.528,0.176
18726.168684527875,0.52,0.176
18726.168949534494,0.544,0.056
18726.169214541118,0.512,0.056
18726.169479547738,0.536,0.008
18726.16974455436,0.52,0.016
18726.17000956098,0.544,-0.008
18726.170274567605,0.544,-0.008
18726.170539574225,0.528,0.0
18726.17080458085,0.544,-0.008
18726.171069587468,0.504,0.0
18726.17133459409,0.512,-0.016
18726.17159960071,0.496,0.0
18726.171864607335,0.496,0.0
18726.172129613955,0.52,-0.016
18726.17239462058,0.512,0.0
18726.1726596272,0.536,-0.016
18726.172924633822,0.528,-0.016
18726.17318964044,0.544,0.0
18726.173454647065,0.536,0.0
18726.173719653685,0.512,-0.016
18726.17398466031,0.528,0.0
18726.17424966693,0.504,-0.016
18726.174514673552,0.496,-0.016
18726.174779680172,0.52,0.0
18726.175044686795,0.52,0.0
18726.175309693415,0.496,-0.016
18726.17557470004,0.52,0.0
18726.17583970666,0.496,-0.016
18726.176104713282,0.496,0.0
18726.176369719902,0.512,-0.016
18726.176634726526,0.496,0.0
18726.176899733146,0.512,-0.016
18726.17716473977,0.512,-0.016
18726.17742974639,0.496,0.0
18726.177694753012,0.512,0.0
18726.177959759632,0.496,-0.016
18726.178224766256,0.496,0.0
18726.178489772876,0.52,-0.016
18726.1787547795,0.52,-0.016
18726.17901978612,0.536,0.0
18726.179284792743,0.544,0.0
18726.179549799363,0.528,-0.016
18726.179814805986,0.528,0.0
18726.180079812606,0.504,-0.016
18726.18034481923,0.504,-0.016
18726.18060982585,0.512,0.0
18726.180874832473,0.496,-0.016
18726.181139839093,0.52,0.0
18726.181404845716,0.504,-0.016
18726.181669852336,0.52,0.0
18726.18193485896,0.512,-0.016
18726.18219986558,0.496,0.0
18726.1824648722,0.496,-0.016
18726.182729878823,0.512,0.0
18726.182994885443,0.504,0.0
18726.183259892066,0.52,-0.016
18726.183524898686,0.52,-0.016
18726.18378990531,0.496,0.0
18726.18405491193,0.504,-0.016
18726.184319918553,0.496,0.0
18726.184584925173,0.496,-0.016
18726.184849931797,0.512,0.0
18726.185114938417,0.496,-0.016
18726.18537994504,0.52,0.0
18726.18564495166,0.528,-0.016
18726.185909958283,0.504,0.0
18726.186174964903,0.512,-0.016
18726.186439971527,0.496,-0.008
18726.186704978147,0.504,-0.016
18726.18696998477,0.496,0.0
18726.18723499139,0.512,-0.016
18726.187499998014,0.496,0.0
18726.187765004634,0.504,0.0
18726.188030011257,0.496,-0.016
18726.188295017877,0.504,-0.016
18726.1885600245,0.496,0.0
18726.18882503112,0.504,-0.016
18726.189090037744,0.496,0.0
18726.189355044364,0.496,-0.016
18726.189620050987,0.504,0.0
18726.189885057607,0.512,-0.016
18726.19015006423,0.496,-0.008
18726.19041507085,0.512,-0.016
18726.190680077474,0.496,0.0
18726.190945084094,0.496,-0.016
18726.191210090718,0.512,0.0
18726.191475097337,0.496,-0.016
18726.19174010396,0.512,-0.008
18726.19200511058,0.496,-0.016
18726.192270117204,0.504,0.0
18726.192535123824,0.52,-0.016
18726.192800130448,0.496,0.0
18726.193065137068,0.496,-0.016
18726.19333014369,0.512,0.0
18726.19359515031,0.496,-0.016
18726.193860156935,0.52,0.0
18726.194125163554,0.512,-0.016
18726.194390170178,0.496,0.0
18726.194655176798,0.496,-0.016
18726.19492018342,0.504,0.0
18726.19518519004,0.496,-0.016
18726.195450196665,0.504,-0.008
18726.195715203285,0.504,-0.016
18726.195980209908,0.52,0.0
18726.196245216528,0.52,-0.016
18726.19651022315,0.496,0.0
18726.19677522977,0.496,-0.008
18726.197040236395,0.512,-0.016
18726.197305243015,0.496,-0.016
18726.19757024964,0.512,0.0
18726.19783525626,0.496,-0.016
18726.19810026288,0.504,0.0
18726.1983652695,0.512,0.0
18726.198630276125,0.496,-0.016
18726.198895282745,0.496,-0.016
18726.19916028937,0.512,0.0
18726.19942529599,0.512,-0.016
18726.199690302612,0.496,-0.008
18726.199955309232,0.496,-0.016
18726.200220315855,0.512,0.0
18726.200485322475,0.512,-0.016
18726.2007503291,0.496,0.0
18726.20101533572,0.496,0.0
18726.201280342342,0.536,-0.016
18726.201545348962,0.536,-0.016
18726.201810355586,0.52,0.0
18726.202075362206,0.536,-0.008
18726.202340368825,0.512,-0.016
18726.20260537545,0.528,-0.008
18726.20287038207,0.496,-0.016
18726.203135388692,0.496,-0.016
18726.203400395312,0.504,-0.008
18726.203665401936,0.504,-0.016
18726.203930408556,0.496,0.0
18726.20419541518,0.504,-0.016
18726.2044604218,0.496,0.0
18726.204725428423,0.496,-0.016
18726.204990435042,0.528,-0.008
18726.205255441666,0.528,-0.008
18726.205520448286,0.504,-0.016
18726.20578545491,0.512,-0.016
18726.20605046153,0.544,0.0
18726.206315468153,0.528,-0.016
18726.206580474773,0.544,0.0
18726.206845481396,0.528,-0.008
18726.207110488016,0.544,-0.016
18726.20737549464,0.544,-0.008
18726.20764050126,0.528,-0.016
18726.207905507883,0.536,-0.016
18726.208170514503,0.52,0.0
18726.208435521126,0.504,-0.008
18726.208700527746,0.52,-0.016
18726.20896553437,0.504,-0.008
18726.20923054099,0.512,-0.016
18726.209495547613,0.512,-0.016
18726.209760554233,0.496,-0.008
18726.210025560857,0.496,0.0
18726.210290567476,0.512,-0.016
18726.2105555741,0.496,-0.016
18726.21082058072,0.512,-0.008
18726.211085587343,0.496,-0.016
18726.211350593963,0.512,0.0
18726.211615600587,0.512,0.0
18726.211880607207,0.496,-0.016
18726.21214561383,0.504,-0.008
18726.21241062045,0.52,-0.016
18726.212675627074,0.496,-0.016
18726.212940633694,0.512,-0.008
18726.213205640317,0.496,-0.016
18726.213470646937,0.536,0.0
18726.21373565356,0.544,-0.016
18726.21400066018,0.528,-0.008
18726.214265666804,0.528,-0.016
18726.214530673424,0.544,0.0
18726.214795680047,0.536,-0.008
18726.215060686667,0.504,-0.016
18726.21532569329,0.528,-0.008
18726.21559069991,0.504,-0.016
18726.215855706534,0.496,-0.008
18726.216120713154,0.536,-0.016
18726.216385719777,0.528,-0.016
18726.216650726397,0.544,0.0
18726.21691573302,0.544,-0.016
18726.21718073964,0.528,-0.008
18726.217445746264,0.536,-0.016
18726.217710752884,0.504,0.0
18726.217975759508,0.504,-0.016
18726.218240766128,0.512,-0.008
18726.21850577275,0.504,-0.008
18726.21877077937,0.528,-0.016
18726.219035785994,0.512,-0.016
18726.219300792614,0.504,0.0
18726.219565799238,0.496,-0.016
18726.219830805858,0.52,0.0
18726.22009581248,0.504,-0.008
18726.2203608191,0.536,-0.016
18726.220625825725,0.52,-0.008
18726.220890832345,0.536,-0.016
18726.221155838968,0.536,-0.016
18726.221420845588,0.512,-0.008
18726.22168585221,0.52,-0.016
18726.22195085883,0.552,-0.008
18726.22221586545,0.544,-0.008
18726.222480872075,0.56,-0.016
18726.222745878695,0.544,-0.016
18726.22301088532,0.56,0.0
18726.223275891938,0.544,-0.016
18726.22354089856,0.56,-0.008
18726.22380590518,0.56,-0.016
18726.224070911805,0.544,-0.008
18726.224335918425,0.544,-0.016
18726.22460092505,0.552,0.0
18726.22486593167,0.544,-0.016
18726.225130938292,0.56,0.0
18726.22539594491,0.544,-0.008
18726.225660951535,0.56,-0.016
18726.225925958155,0.56,-0.016
18726.22619096478,0.544,0.0
18726.2264559714,0.544,-0.008
18726.226720978022,0.5680000000000001,-0.016
18726.226985984642,0.56,-0.016
18726.227250991265,0.544,0.0
18726.227515997885,0.544,-0.016
18726.22778100451,0.56,-0.008
18726.22804601113,0.544,-0.016
18726.228311017752,0.56,-0.008
18726.228576024372,0.56,-0.016
18726.228841030996,0.544,-0.008
18726.229106037616,0.552,-0.008
18726.22937104424,0.5680000000000001,-0.016
18726.22963605086,0.552,-0.016
18726.229901057482,0.56,0.0
18726.230166064102,0.56,-0.016
18726.230431070726,0.544,0.0
18726.230696077346,0.544,-0.016
18726.23096108397,0.56,-0.008
18726.23122609059,0.552,-0.016
18726.231491097213,0.5680000000000001,0.0
18726.231756103833,0.56,-0.016
18726.232021110456,0.544,0.0
18726.232286117076,0.544,-0.016
18726.2325511237,0.5680000000000001,0.0
18726.23281613032,0.56,-0.016
18726.233081136943,0.552,-0.008
18726.233346143563,0.544,-0.016
18726.233611150186,0.5680000000000001,0.0
18726.233876156806,0.544,-0.008
18726.23414116343,0.56,0.016
18726.23440617005,0.552,0.024
18726.234671176673,0.5680000000000001,0.128
18726.234936183293,0.552,0.14400000000000002
18726.235201189917,0.5680000000000001,0.28800000000000003
18726.235466196536,0.552,0.296
18726.23573120316,0.5680000000000001,0.384
18726.23599620978,0.552,0.384
18726.236261216403,0.5680000000000001,0.40800000000000003
18726.236526223023,0.552,0.40800000000000003
18726.236791229647,0.5680000000000001,0.4
18726.237056236267,0.552,0.4
18726.23732124289,0.5680000000000001,0.41600000000000004
18726.23758624951,0.552,0.424
18726.237851256134,0.5680000000000001,0.40800000000000003
18726.238116262753,0.544,0.424
18726.238381269377,0.5680000000000001,0.40800000000000003
18726.238646275997,0.544,0.424
18726.23891128262,0.5680000000000001,0.40800000000000003
18726.23917628924,0.552,0.41600000000000004
18726.239441295864,0.5680000000000001,0.424
18726.239706302484,0.552,0.424
18726.239971309107,0.5680000000000001,0.40800000000000003
18726.240236315727,0.552,0.40800000000000003
18726.24050132235,0.5680000000000001,0.41600000000000004
18726.24076632897,0.552,0.424
18726.241031335594,0.5680000000000001,0.40800000000000003
18726.241296342214,0.5680000000000001,0.41600000000000004
18726.241561348837,0.544,0.424
18726.241826355457,0.544,0.424
18726.242091362077,0.5680000000000001,0.40800000000000003
18726.2423563687,0.5680000000000001,0.40800000000000003
18726.24262137532,0.552,0.41600000000000004
18726.242886381944,0.552,0.424
18726.243151388564,0.56,0.392
18726.243416395188,0.544,0.384
18726.243681401807,0.56,0.368
18726.24394640843,0.552,0.368
18726.24421141505,0.5680000000000001,0.36
18726.244476421674,0.552,0.376
18726.244741428294,0.5680000000000001,0.36
18726.245006434918,0.552,0.368
18726.245271441538,0.5680000000000001,0.40800000000000003
18726.24553644816,0.552,0.4
18726.24580145478,0.5680000000000001,0.424
18726.246066461405,0.552,0.424
18726.246331468024,0.5680000000000001,0.41600000000000004
18726.246596474648,0.552,0.424
18726.246861481268,0.536,0.41600000000000004
18726.24712648789,0.544,0.41600000000000004
18726.24739149451,0.52,0.424
18726.247656501135,0.52,0.424
18726.247921507755,0.504,0.40800000000000003
18726.248186514378,0.504,0.40800000000000003
18726.248451520998,0.512,0.424
18726.24871652762,0.504,0.41600000000000004
18726.24898153424,0.52,0.424
18726.249246540865,0.504,0.424
18726.249511547485,0.528,0.40800000000000003
18726.24977655411,0.512,0.40800000000000003
18726.25004156073,0.504,0.424
18726.25030656735,0.504,0.424
18726.25057157397,0.52,0.40800000000000003
18726.250836580595,0.504,0.424
18726.251101587215,0.512,0.40800000000000003
18726.25136659384,0.504,0.40800000000000003
18726.25163160046,0.512,0.424
18726.251896607082,0.504,0.424
18726.252161613702,0.512,0.40800000000000003
18726.252426620325,0.512,0.424
18726.252691626945,0.496,0.392
18726.25295663357,0.496,0.384
18726.25322164019,0.536,0.376
18726.253486646812,0.544,0.368
18726.253751653432,0.52,0.392
18726.254016660056,0.552,0.392
18726.254281666676,0.536,0.41600000000000004
18726.2545466733,0.536,0.40800000000000003
18726.25481167992,0.552,0.424
18726.255076686542,0.544,0.424
18726.255341693162,0.504,0.40800000000000003
18726.255606699786,0.512,0.424
18726.255871706406,0.544,0.40800000000000003
18726.25613671303,0.552,0.40800000000000003
18726.25640171965,0.512,0.41600000000000004
18726.256666726273,0.512,0.40800000000000003
18726.256931732893,0.528,0.424
18726.257196739516,0.544,0.424
18726.257461746136,0.52,0.40800000000000003
18726.25772675276,0.536,0.40800000000000003
18726.25799175938,0.552,0.376
18726.258256766003,0.552,0.368
18726.258521772623,0.528,0.4
18726.258786779246,0.544,0.4
18726.259051785866,0.512,0.424
18726.25931679249,0.504,0.40800000000000003
18726.25958179911,0.512,0.424
18726.259846805733,0.504,0.40800000000000003
18726.260111812353,0.52,0.424
18726.260376818977,0.512,0.40800000000000003
18726.260641825596,0.496,0.424
18726.26090683222,0.512,0.41600000000000004
18726.26117183884,0.496,0.4
18726.261436845463,0.496,0.40800000000000003
18726.261701852083,0.512,0.424
18726.261966858703,0.496,0.41600000000000004
18726.262231865327,0.52,0.432
18726.262496871946,0.504,0.41600000000000004
18726.26276187857,0.52,0.424
18726.26302688519,0.496,0.424
18726.263291891813,0.512,0.40800000000000003
18726.263556898433,0.52,0.40800000000000003
18726.263821905057,0.496,0.424
18726.264086911677,0.496,0.41600000000000004
18726.2643519183,0.52,0.424
18726.26461692492,0.496,0.424
18726.264881931544,0.52,0.40800000000000003
18726.265146938164,0.496,0.424
18726.265411944787,0.512,0.40800000000000003
18726.265676951407,0.496,0.41600000000000004
18726.26594195803,0.52,0.424
18726.26620696465,0.496,0.424
18726.266471971274,0.52,0.40800000000000003
18726.266736977894,0.496,0.40800000000000003
18726.267001984517,0.512,0.41600000000000004
18726.267266991137,0.504,0.40800000000000003
18726.26753199776,0.528,0.41600000000000004
18726.26779700438,0.52,0.40800000000000003
18726.268062011004,0.552,0.424
18726.268327017624,0.536,0.424
18726.268592024247,0.544,0.40800000000000003
18726.268857030867,0.544,0.424
18726.26912203749,0.528,0.40800000000000003
18726.26938704411,0.536,0.41600000000000004
18726.269652050734,0.504,0.4
18726.269917057354,0.512,0.4
18726.270182063978,0.496,0.368
18726.270447070598,0.496,0.376
18726.27071207722,0.512,0.36
18726.27097708384,0.496,0.36
18726.271242090465,0.544,0.368
18726.271507097084,0.536,0.368
18726.271772103708,0.552,0.40800000000000003
18726.272037110328,0.544,0.4
18726.27230211695,0.512,0.424
18726.27256712357,0.496,0.40800000000000003
18726.272832130195,0.52,0.424
18726.273097136815,0.52,0.424
18726.273362143438,0.544,0.40800000000000003
18726.273627150058,0.536,0.40800000000000003
18726.27389215668,0.504,0.424
18726.2741571633,0.504,0.40800000000000003
18726.274422169925,0.52,0.424
18726.274687176545,0.496,0.424
18726.27495218317,0.512,0.40800000000000003
18726.27521718979,0.504,0.41600000000000004
18726.27548219641,0.52,0.424
18726.27574720303,0.496,0.424
18726.276012209655,0.512,0.40800000000000003
18726.276277216275,0.496,0.424
18726.2765422229,0.512,0.40800000000000003
18726.27680722952,0.512,0.40800000000000003
18726.277072236142,0.496,0.432
18726.277337242762,0.496,0.40800000000000003
18726.277602249385,0.512,0.424
18726.277867256005,0.512,0.40800000000000003
18726.27813226263,0.496,0.424
18726.27839726925,0.496,0.424
18726.278662275872,0.512,0.40800000000000003
18726.278927282492,0.496,0.41600000000000004
18726.279192289116,0.512,0.424
18726.279457295735,0.496,0.41600000000000004
18726.27972230236,0.52,0.424
18726.27998730898,0.496,0.41600000000000004
18726.280252315602,0.512,0.424
18726.280517322222,0.496,0.41600000000000004
18726.280782328846,0.512,0.4
18726.281047335466,0.496,0.40800000000000003
18726.28131234209,0.512,0.424
18726.286607027054,0.504,0.0
18726.286852440833,0.52,-0.016
18726.287097854613,0.504,0.0
18726.287343268395,0.52,-0.016
18726.287588682175,0.504,-0.016
18726.287834095954,0.512,0.0
18726.288079509734,0.504,0.0
18726.288324923516,0.528,-0.016
18726.288570337296,0.512,0.0
18726.288815751075,0.496,-0.016
18726.289061164855,0.504,0.0
18726.289306578637,0.512,-0.008
18726.289551992417,0.504,-0.016
18726.289797406196,0.52,0.0
18726.290042819975,0.504,-0.008
18726.29028823376,0.512,0.0
18726.290533647538,0.52,-0.016
18726.290779061317,0.496,0.0
18726.291024475096,0.504,0.0
18726.29126988888,0.52,-0.008
18726.29151530266,0.496,-0.008
18726.291760716438,0.528,0.016
18726.292006130217,0.504,0.016
18726.292251544,0.512,0.10400000000000001
18726.29249695778,0.496,0.112
18726.29274237156,0.52,0.256
18726.29298778534,0.504,0.256
18726.293233199118,0.496,0.328
18726.2934786129,0.496,0.328
18726.29372402668,0.52,0.352
18726.29396944046,0.504,0.352
18726.29421485424,0.528,0.36
18726.29446026802,0.528,0.36
18726.2947056818,0.504,0.368
18726.29495109558,0.512,0.36
18726.29519650936,0.496,0.368
18726.295441923143,0.496,0.36
18726.295687336922,0.512,0.368
18726.2959327507,0.496,0.36
18726.29617816448,0.512,0.376
18726.296423578264,0.496,0.368
18726.296668992043,0.512,0.36
18726.296914405822,0.512,0.36
18726.2971598196,0.496,0.368
18726.297405233385,0.52,0.368
18726.297650647164,0.496,0.36
18726.297896060943,0.496,0.36
18726.298141474723,0.512,0.368
18726.298386888506,0.512,0.36
18726.298632302285,0.496,0.368
18726.298877716064,0.504,0.36
18726.299123129844,0.512,0.376
18726.299368543623,0.504,0.36
18726.299613957406,0.512,0.376
18726.299859371185,0.496,0.368
18726.300104784965,0.512,0.368
18726.300350198744,0.512,0.368
18726.300595612527,0.536,0.376
18726.300841026306,0.512,0.368
18726.301086440086,0.496,0.36
18726.301331853865,0.496,0.368
18726.301577267648,0.512,0.36
18726.301822681427,0.512,0.368
18726.302068095207,0.496,0.36
18726.302313508986,0.52,0.36
18726.30255892277,0.496,0.368
18726.30280433655,0.504,0.368
18726.303049750328,0.544,0.36
18726.303295164107,0.544,0.36
18726.30354057789,0.528,0.368
18726.30378599167,0.528,0.36
18726.30403140545,0.536,0.368
18726.304276819228,0.528,0.36
18726.30452223301,0.504,0.368
18726.30476764679,0.504,0.36
18726.30501306057,0.52,0.368
18726.30525847435,0.504,0.368
18726.30550388813,0.536,0.36
18726.30574930191,0.552,0.368
18726.30599471569,0.528,0.36
18726.30624012947,0.512,0.36
18726.30648554325,0.536,0.376
18726.306730957032,0.528,0.368
18726.30697637081,0.544,0.368
18726.30722178459,0.536,0.36
18726.30746719837,0.504,0.376
18726.307712612153,0.512,0.368
18726.307958025933,0.496,0.36
18726.308203439712,0.504,0.36
18726.30844885349,0.536,0.368
18726.308694267274,0.544,0.36
18726.308939681054,0.528,0.376
18726.309185094833,0.528,0.36
18726.309430508612,0.544,0.368
18726.309675922395,0.552,0.36
18726.309921336175,0.504,0.368
18726.310166749954,0.52,0.368
18726.310412163733,0.496,0.36
18726.310657577516,0.504,0.376
18726.310902991296,0.52,0.36
18726.311148405075,0.512,0.368
18726.311393818854,0.496,0.36
18726.311639232634,0.504,0.36
18726.311884646417,0.536,0.376
18726.312130060196,0.536,0.368
18726.312375473975,0.504,0.36
18726.312620887755,0.512,0.368
18726.312866301538,0.536,0.36
18726.313111715317,0.528,0.36
18726.313357129096,0.552,0.368
18726.313602542876,0.536,0.368
18726.31384795666,0.512,0.36
18726.314093370438,0.504,0.368
18726.314338784217,0.528,0.368
18726.314584197997,0.52,0.368
18726.31482961178,0.504,0.36
18726.31507502556,0.512,0.36
18726.31532043934,0.496,0.368
18726.315565853118,0.504,0.376
18726.3158112669,0.52,0.36
18726.31605668068,0.504,0.368
18726.31630209446,0.52,0.36
18726.31654750824,0.504,0.368
18726.31679292202,0.528,0.36
18726.3170383358,0.52,0.368
18726.31728374958,0.496,0.36
18726.31752916336,0.496,0.36
18726.31777457714,0.52,0.368
18726.318019990922,0.496,0.36
18726.3182654047,0.536,0.368
18726.31851081848,0.528,0.36
18726.31875623226,0.544,0.376
18726.319001646043,0.536,0.368
18726.319247059822,0.512,0.36
18726.3194924736,0.536,0.36
18726.31973788738,0.56,0.368
18726.319983301164,0.536,0.368
18726.320228714943,0.56,0.36
18726.320474128723,0.544,0.368
18726.320719542502,0.56,0.36
18726.320964956285,0.544,0.36
18726.321210370064,0.56,0.376
18726.321455783844,0.544,0.36
18726.321701197623,0.56,0.368
18726.321946611406,0.56,0.36
18726.322192025185,0.544,0.368
18726.322437438965,0.56,0.36
18726.322682852744,0.544,0.376
18726.322928266527,0.552,0.376
18726.323173680306,0.56,0.4
18726.323419094086,0.544,0.384
18726.323664507865,0.56,0.368
18726.323909921644,0.56,0.368
18726.324155335427,0.544,0.376
18726.324400749207,0.544,0.368
18726.324646162986,0.56,0.376
18726.324891576765,0.544,0.368
18726.32513699055,0.5680000000000001,0.368
18726.325382404328,0.544,0.368
18726.325627818107,0.56,0.376
18726.325873231886,0.544,0.376
18726.32611864567,0.56,0.368
18726.32636405945,0.56,0.376
18726.326609473228,0.544,0.41600000000000004
18726.326854887007,0.552,0.40800000000000003
18726.32710030079,0.5680000000000001,0.424
18726.32734571457,0.5680000000000001,0.424
18726.32759112835,0.544,0.40800000000000003
18726.32783654213,0.552,0.40800000000000003
18726.32808195591,0.5680000000000001,0.424
18726.32832736969,0.56,0.4
18726.32857278347,0.544,0.376
18726.32881819725,0.56,0.376
18726.329063611032,0.544,0.4
18726.32930902481,0.552,0.384
18726.32955443859,0.5680000000000001,0.4
18726.32979985237,0.5680000000000001,0.384
18726.33004526615,0.544,0.368
18726.330290679933,0.552,0.368
18726.330536093712,0.56,0.36
18726.33078150749,0.552,0.36
18726.33102692127,0.5680000000000001,0.376
18726.331272335054,0.552,0.376
18726.331517748833,0.56,0.4
18726.331763162612,0.552,0.4
18726.33200857639,0.5680000000000001,0.368
18726.332253990175,0.552,0.368
18726.332499403954,0.5680000000000001,0.376
18726.332744817733,0.552,0.368
18726.332990231513,0.5680000000000001,0.376
18726.333235645296,0.552,0.376
18726.333481059075,0.5680000000000001,0.384
18726.333726472854,0.552,0.368
18726.333971886634,0.5680000000000001,0.384
18726.334217300417,0.552,0.368
18726.334462714196,0.5680000000000001,0.376
18726.334708127975,0.552,0.368
18726.334953541755,0.5680000000000001,0.368
18726.335198955538,0.552,0.368
18726.335444369317,0.5680000000000001,0.368
18726.335689783096,0.552,0.368
18726.335935196876,0.5680000000000001,0.376
18726.336180610655,0.552,0.36
18726.336426024438,0.5680000000000001,0.376
18726.336671438217,0.552,0.368
18726.336916851997,0.5680000000000001,0.392
18726.337162265776,0.552,0.392
18726.33740767956,0.5680000000000001,0.41600000000000004
18726.33765309334,0.552,0.40800000000000003
18726.337898507118,0.5680000000000001,0.41600000000000004
18726.338143920897,0.552,0.40800000000000003
18726.33838933468,0.56,0.376
18726.33863474846,0.552,0.376
18726.33888016224,0.5680000000000001,0.36
18726.339125576018,0.56,0.36
18726.3393709898,0.552,0.376
18726.33961640358,0.5680000000000001,0.368
18726.33986181736,0.544,0.376
18726.34010723114,0.552,0.368
18726.340352644922,0.5680000000000001,0.392
18726.3405980587,0.552,0.368
18726.34084347248,0.56,0.376
18726.34108888626,0.552,0.368
18726.341334300043,0.5680000000000001,0.368
18726.341579713822,0.552,0.368
18726.3418251276,0.56,0.40800000000000003
18726.34207054138,0.552,0.4
18726.34231595516,0.5680000000000001,0.41600000000000004
18726.342561368943,0.552,0.41600000000000004
18726.342806782723,0.5680000000000001,0.424
18726.343052196502,0.552,0.41600000000000004
18726.34329761028,0.5680000000000001,0.432
18726.343543024064,0.5680000000000001,0.41600000000000004
18726.343788437844,0.544,0.432
18726.344033851623,0.536,0.41600000000000004
18726.344279265402,0.552,0.424
18726.344524679185,0.552,0.41600000000000004
18726.344770092965,0.528,0.432
18726.345015506744,0.528,0.424
18726.345260920523,0.544,0.41600000000000004
18726.345506334306,0.544,0.424
18726.345751748086,0.528,0.392
18726.345997161865,0.552,0.384
18726.346242575644,0.52,0.41600000000000004
18726.346487989427,0.512,0.4
18726.346733403207,0.528,0.424
18726.346978816986,0.512,0.432
18726.347224230765,0.544,0.41600000000000004
18726.34746964455,0.536,0.40800000000000003
18726.347715058328,0.552,0.424
18726.347960472107,0.544,0.41600000000000004
18726.348205885886,0.512,0.432
18726.348451299666,0.512,0.41600000000000004
18726.34869671345,0.528,0.432
18726.348942127228,0.512,0.41600000000000004
18726.349187541007,0.544,0.424
18726.349432954787,0.544,0.41600000000000004
18726.34967836857,0.512,0.432
18726.34992378235,0.52,0.432
18726.35016919613,0.512,0.41600000000000004
18726.350414609908,0.504,0.41600000000000004
18726.35066002369,0.52,0.432
18726.35090543747,0.496,0.432
18726.35115085125,0.544,0.41600000000000004
18726.35139626503,0.544,0.41600000000000004
18726.35164167881,0.528,0.432
18726.35188709259,0.536,0.432
18726.35213250637,0.552,0.41600000000000004
18726.35237792015,0.544,0.432
18726.352623333933,0.528,0.40800000000000003
18726.352868747712,0.552,0.4
18726.35311416149,0.528,0.336
18726.35335957527,0.536,0.336
18726.353604989054,0.504,0.184
18726.353850402833,0.52,0.176
18726.354095816612,0.504,0.056
18726.35434123039,0.504,0.056
18726.35458664417,0.52,0.008
18726.354832057954,0.504,0.016
18726.355077471733,0.528,0.0
18726.355322885513,0.504,0.0
18726.355568299292,0.52,-0.008
18726.355813713075,0.504,0.0
18726.356059126854,0.512,-0.008
18726.356304540634,0.504,0.0
18726.356549954413,0.52,-0.008
18726.356795368196,0.496,0.0
18726.357040781975,0.52,-0.008
18726.357286195755,0.504,-0.008
18726.357531609534,0.52,0.0
18726.357777023317,0.512,-0.008
18726.358022437096,0.496,0.0
18726.358267850876,0.504,0.0
18726.358513264655,0.512,-0.008
18726.358758678438,0.504,0.0
18726.359004092217,0.512,-0.008
18726.359249505997,0.512,0.0
18726.359494919776,0.496,-0.008
18726.35974033356,0.512,0.0
18726.35998574734,0.496,-0.008
18726.360231161118,0.512,-0.008
18726.360476574897,0.496,0.0
18726.360721988676,0.496,-0.008
18726.36096740246,0.52,0.0
18726.36121281624,0.504,0.0
18726.361458230018,0.528,-0.008
18726.361703643797,0.496,-0.008
18726.36194905758,0.512,0.0
18726.36219447136,0.496,0.0
18726.36243988514,0.52,-0.008
18726.36268529892,0.496,-0.008
18726.3629307127,0.52,0.0
18726.36317612648,0.504,-0.008
18726.36342154026,0.512,0.0
18726.36366695404,0.504,-0.008
18726.363912367822,0.544,0.0
18726.3641577816,0.552,0.0
18726.36440319538,0.512,-0.008
18726.36464860916,0.496,-0.008
18726.364894022943,0.52,0.0
18726.365139436723,0.528,-0.008
18726.365384850502,0.504,0.0
18726.36563026428,0.512,0.0
18726.365875678064,0.496,-0.008
18726.366121091844,0.496,-0.008
18726.366366505623,0.504,0.0
18726.366611919402,0.496,0.0
18726.36685733318,0.528,-0.008
18726.367102746965,0.536,0.0
18726.367348160744,0.512,-0.008
18726.367593574523,0.52,-0.008
18726.367838988303,0.544,0.0
18726.368084402086,0.536,-0.008
18726.368329815865,0.512,0.0
18726.368575229644,0.52,0.0
18726.368820643424,0.544,-0.008
18726.369066057207,0.544,-0.008
18726.369311470986,0.528,0.0
18726.369556884765,0.536,0.0
18726.369802298545,0.552,-0.008
18726.370047712328,0.544,0.0
18726.370293126107,0.536,-0.008
18726.370538539886,0.536,-0.008
18726.370783953666,0.52,0.0
18726.37102936745,0.528,-0.008
18726.371274781228,0.56,0.0
18726.371520195007,0.544,0.0
18726.371765608787,0.56,-0.016
18726.37201102257,0.56,0.0
18726.37225643635,0.544,-0.008
18726.372501850128,0.544,0.0
18726.372747263908,0.56,-0.008
18726.372992677687,0.544,0.0
18726.37323809147,0.56,-0.016
18726.37348350525,0.56,0.0
18726.37372891903,0.544,-0.008
18726.373974332808,0.544,0.0
18726.37421974659,0.56,-0.016
18726.37446516037,0.544,0.0
18726.37471057415,0.56,-0.016
18726.37495598793,0.544,0.0
18726.375201401712,0.56,-0.016
18726.37544681549,0.56,0.0
18726.37569222927,0.552,-0.016
18726.37593764305,0.544,0.0
18726.376183056833,0.552,-0.008
18726.376428470612,0.544,-0.008
18726.37667388439,0.5680000000000001,0.0
18726.37691929817,0.552,0.0
18726.377164711954,0.56,-0.016
18726.377410125733,0.56,0.0
18726.377655539512,0.552,-0.008
18726.377900953292,0.544,-0.008
18726.378146367075,0.56,0.0
18726.378391780854,0.544,0.0
18726.378637194633,0.56,-0.008
18726.378882608413,0.5680000000000001,-0.008
18726.379128022192,0.544,0.0
18726.379373435975,0.5680000000000001,-0.008
18726.379618849754,0.552,0.0
18726.379864263534,0.552,-0.008
18726.380109677313,0.536,0.0
18726.380355091096,0.56,0.0
18726.380600504875,0.536,-0.008
18726.380845918655,0.528,0.0
18726.381091332434,0.504,-0.016
18726.381336746217,0.504,-0.008
18726.381582159996,0.52,0.0
18726.381827573776,0.504,0.0
18726.382072987555,0.544,-0.008
18726.382318401338,0.536,-0.008
18726.382563815117,0.552,0.0
18726.382809228897,0.536,-0.008
18726.383054642676,0.552,0.0
18726.38330005646,0.544,0.0
18726.38354547024,0.512,-0.008
18726.383790884018,0.512,0.0
18726.384036297797,0.496,-0.016
18726.38428171158,0.504,0.0
18726.38452712536,0.52,-0.016
18726.38477253914,0.504,0.0
18726.385017952918,0.52,-0.016
18726.385263366697,0.512,0.0
18726.38550878048,0.552,-0.016
18726.38575419426,0.536,-0.008
18726.38599960804,0.552,0.0
18726.38624502182,0.536,0.0
18726.3864904356,0.552,-0.016
18726.38673584938,0.552,0.0
18726.38698126316,0.536,-0.016
18726.38722667694,0.536,0.0
18726.387472090722,0.552,-0.016
18726.3877175045,0.52,0.0
18726.38796291828,0.552,-0.016
18726.38820833206,0.544,0.0
18726.388453745843,0.56,-0.008
18726.388699159623,0.544,-0.008
18726.388944573402,0.56,0.0
18726.38918998718,0.5680000000000001,-0.008
18726.389435400964,0.544,0.0
18726.389680814744,0.56,0.0
18726.389926228523,0.544,-0.016
18726.390171642302,0.5680000000000001,0.0
18726.390417056085,0.544,-0.016
18726.390662469865,0.5680000000000001,-0.016
18726.390907883644,0.544,0.0
18726.391153297423,0.5680000000000001,0.0
18726.391398711203,0.544,-0.016
18726.391644124986,0.552,0.0
18726.391889538765,0.56,-0.016
18726.392134952544,0.552,-0.008
18726.392380366324,0.5680000000000001,0.0
18726.392625780107,0.5680000000000001,-0.008
18726.392871193886,0.544,0.0
18726.393116607665,0.552,0.0
18726.393362021445,0.5680000000000001,-0.016
18726.393607435228,0.5680000000000001,0.0
18726.393852849007,0.544,-0.016
18726.394098262786,0.552,0.0
18726.394343676566,0.56,-0.008
18726.39458909035,0.552,0.0
18726.394834504128,0.5680000000000001,-0.016
18726.395079917907,0.5680000000000001,0.0
18726.395325331687,0.552,-0.008
18726.39557074547,0.544,-0.008
18726.39581615925,0.5680000000000001,0.0
18726.39606157303,0.552,0.0
18726.396306986808,0.5680000000000001,-0.016
18726.39655240059,0.552,0.0
18726.39679781437,0.5680000000000001,-0.016
18726.39704322815,0.552,-0.008
18726.39728864193,0.5680000000000001,0.0
18726.397534055708,0.552,-0.008
18726.39777946949,0.56,0.0
18726.39802488327,0.5680000000000001,-0.008
18726.39827029705,0.552,0.0
18726.39851571083,0.5680000000000001,0.0
18726.398761124612,0.544,-0.016
18726.39900653839,0.552,-0.008
18726.39925195217,0.5680000000000001,0.0
18726.39949736595,0.552,-0.016
18726.399742779733,0.5680000000000001,0.0
18726.399988193512,0.552,0.0
18726.40023360729,0.5680000000000001,-0.008
18726.40047902107,0.5680000000000001,0.0
18726.400724434854,0.544,-0.008
18726.400969848633,0.544,0.0
18726.401215262413,0.56,-0.016
18726.401460676192,0.552,-0.008
18726.401706089975,0.5680000000000001,0.0
18726.401951503754,0.552,0.0
18726.402196917534,0.5680000000000001,-0.016
18726.402442331313,0.552,0.0
18726.402687745096,0.5680000000000001,-0.016
18726.402933158875,0.56,0.0
18726.403178572655,0.544,-0.008
18726.403423986434,0.544,-0.008
18726.403669400213,0.5680000000000001,0.0
18726.403914813996,0.552,-0.008
18726.404160227776,0.5680000000000001,0.0
18726.404405641555,0.552,0.0
18726.404651055334,0.5680000000000001,-0.016
18726.404896469117,0.552,-0.008
18726.405141882897,0.56,0.0
18726.405387296676,0.552,-0.016
18726.405632710455,0.5680000000000001,0.0
18726.40587812424,0.56,0.0
18726.406123538018,0.544,-0.016
18726.406368951797,0.544,-0.016
18726.406614365576,0.56,0.0
18726.40685977936,0.544,0.0
18726.40710519314,0.512,-0.008
18726.407350606918,0.504,0.0
18726.407596020697,0.52,-0.016
18726.40784143448,0.52,0.0
18726.40808684826,0.504,-0.016
18726.40833226204,0.52,0.0
18726.40857767582,0.496,-0.016
18726.4088230896,0.504,0.0
18726.40906850338,0.512,-0.016
18726.40931391716,0.504,-0.008
18726.40955933094,0.512,0.0
18726.40980474472,0.504,-0.008
18726.4100501585,0.52,0.0
18726.41029557228,0.512,0.0
18726.41054098606,0.496,-0.016
18726.41078639984,0.512,0.0
18726.411031813623,0.496,-0.016
18726.411277227402,0.504,0.0
18726.41152264118,0.512,-0.016
18726.41176805496,0.504,-0.008
18726.412013468744,0.52,0.0
18726.412258882523,0.504,0.0
18726.412504296302,0.52,-0.016
18726.41274971008,0.504,0.0
18726.412995123865,0.512,-0.016
18726.413240537644,0.496,-0.016
18726.413485951423,0.512,0.0
18726.413731365203,0.512,0.0
18726.413976778986,0.496,-0.016
18726.414222192765,0.528,-0.008
18726.414467606544,0.504,0.016
18726.414713020324,0.504,0.016
18726.414958434107,0.512,0.112
18726.415203847886,0.496,0.12
18726.415449261665,0.512,0.28
18726.415694675445,0.512,0.28800000000000003
18726.415940089224,0.496,0.376
18726.416185503007,0.496,0.4
18726.416430916786,0.512,0.368
18726.416676330566,0.496,0.36
18726.416921744345,0.512,0.384
18726.417167158128,0.496,0.384
18726.417412571907,0.512,0.41600000000000004
18726.417657985687,0.496,0.424
18726.417903399466,0.512,0.392
18726.41814881325,0.512,0.4
18726.41839422703,0.496,0.368
18726.418639640808,0.52,0.376
18726.418885054587,0.496,0.40800000000000003
18726.41913046837,0.496,0.40800000000000003
18726.41937588215,0.52,0.424
18726.41962129593,0.496,0.424
18726.419866709708,0.512,0.41600000000000004
18726.42011212349,0.512,0.432
18726.42035753727,0.496,0.4
18726.42060295105,0.496,0.4
18726.42084836483,0.512,0.424
18726.421093778612,0.496,0.4
18726.42133919239,0.512,0.424
18726.42158460617,0.496,0.40800000000000003
18726.42183001995,0.512,0.432
18726.42207543373,0.496,0.41600000000000004
18726.422320847512,0.512,0.424
18726.42256626129,0.496,0.432
18726.42281167507,0.52,0.40800000000000003
18726.42305708885,0.496,0.424
18726.423302502633,0.512,0.376
18726.423547916413,0.496,0.384
18726.423793330192,0.504,0.368
18726.42403874397,0.496,0.368
18726.424284157754,0.512,0.376
18726.424529571534,0.496,0.368
18726.424774985313,0.512,0.4
18726.425020399092,0.496,0.392
18726.425265812875,0.512,0.424
18726.425511226655,0.496,0.424
18726.425756640434,0.512,0.40800000000000003
18726.426002054213,0.504,0.424
18726.426247467996,0.496,0.4
18726.426492881776,0.496,0.41600000000000004
18726.426738295555,0.512,0.392
18726.426983709334,0.512,0.4
18726.427229123117,0.496,0.384
18726.427474536897,0.496,0.384
18726.427719950676,0.504,0.41600000000000004
18726.427965364455,0.496,0.4
18726.428210778235,0.512,0.41600000000000004
18726.428456192018,0.496,0.40800000000000003
18726.428701605797,0.504,0.376
18726.428947019576,0.496,0.376
18726.429192433356,0.512,0.368
18726.42943784714,0.496,0.376
18726.429683260918,0.512,0.36
18726.429928674697,0.496,0.36
18726.430174088477,0.52,0.368
18726.43041950226,0.512,0.368
18726.43066491604,0.544,0.368
18726.43091032982,0.552,0.36
18726.431155743598,0.528,0.368
18726.43140115738,0.528,0.368
18726.43164657116,0.504,0.368
18726.43189198494,0.496,0.368
18726.43213739872,0.512,0.368
18726.4323828125,0.496,0.368
18726.43262822628,0.512,0.36
18726.43287364006,0.496,0.368
18726.43311905384,0.512,0.36
18726.433364467623,0.496,0.368
18726.433609881402,0.504,0.368
18726.43385529518,0.496,0.368
18726.43410070896,0.504,0.376
18726.43434612274,0.496,0.36
18726.434591536523,0.512,0.376
18726.434836950302,0.496,0.368
18726.43508236408,0.512,0.368
18726.43532777786,0.512,0.368
18726.435573191644,0.496,0.36
18726.435818605423,0.504,0.36
18726.436064019203,0.496,0.368
18726.436309432982,0.496,0.36
18726.436554846765,0.536,0.376
18726.436800260544,0.528,0.36
18726.437045674324,0.544,0.368
18726.437291088103,0.536,0.368
18726.437536501886,0.504,0.36
18726.437781915665,0.512,0.36
18726.438027329445,0.496,0.376
18726.438272743224,0.52,0.36
18726.438518157007,0.496,0.376
18726.438763570786,0.52,0.36
18726.439008984566,0.496,0.376
18726.439254398345,0.496,0.376
18726.439499812128,0.512,0.36
18726.439745225907,0.496,0.36
18726.439990639687,0.504,0.368
18726.440236053466,0.496,0.368
18726.440481467245,0.512,0.36
18726.44072688103,0.496,0.36
18726.440972294808,0.504,0.368
18726.441217708587,0.496,0.368
18726.441463122366,0.528,0.36
18726.44170853615,0.528,0.368
18726.44195394993,0.544,0.352
18726.442199363708,0.544,0.368
18726.442444777487,0.512,0.36
18726.44269019127,0.504,0.368
18726.44293560505,0.536,0.376
18726.44318101883,0.536,0.368
18726.44342643261,0.496,0.36
18726.44367184639,0.512,0.368
18726.44391726017,0.496,0.36
18726.44416267395,0.512,0.368
18726.44440808773,0.496,0.36
18726.444653501512,0.512,0.36
18726.44489891529,0.496,0.368
18726.44514432907,0.504,0.36
18726.44538974285,0.496,0.368
18726.445635156633,0.496,0.36
18726.445880570413,0.512,0.376
18726.446125984192,0.496,0.368
18726.44637139797,0.512,0.36
18726.44661681175,0.496,0.36
18726.446862225534,0.504,0.368
18726.447107639313,0.496,0.36
18726.447353053092,0.512,0.368
18726.44759846687,0.512,0.368
18726.447843880655,0.488,0.36
18726.448089294434,0.512,0.368
18726.448334708213,0.496,0.36
18726.448580121993,0.496,0.36
18726.448825535776,0.504,0.376
18726.449070949555,0.496,0.36
18726.449316363334,0.512,0.368
18726.449561777114,0.496,0.36
18726.449807190897,0.512,0.368
18726.450052604676,0.496,0.36
18726.450298018455,0.512,0.368
18726.450543432235,0.496,0.36
18726.450788846018,0.512,0.368
18726.451034259797,0.496,0.368
18726.451279673576,0.512,0.36
18726.451525087356,0.496,0.36
18726.45177050114,0.512,0.376
18726.452015914918,0.52,0.368
18726.452261328697,0.496,0.36
18726.452506742477,0.512,0.368
18726.452752156256,0.496,0.36
18726.45299757004,0.496,0.36
18726.45324298382,0.512,0.376
18726.453488397598,0.512,0.368
18726.453733811377,0.496,0.36
18726.45397922516,0.496,0.36
18726.45422463894,0.512,0.368
18726.45447005272,0.496,0.36
18726.454715466498,0.512,0.376
18726.45496088028,0.496,0.368
18726.45520629406,0.504,0.36
18726.45545170784,0.496,0.36
18726.45569712162,0.52,0.368
18726.455942535402,0.512,0.36
18726.45618794918,0.496,0.368
18726.45643336296,0.496,0.368
18726.45667877674,0.504,0.36
18726.456924190523,0.496,0.36
18726.457169604302,0.504,0.368
18726.45741501808,0.512,0.36
18726.45766043186,0.488,0.368
18726.457905845644,0.496,0.36
18726.458151259423,0.512,0.368
18726.458396673203,0.512,0.368
18726.458642086982,0.496,0.36
18726.45888750076,0.496,0.36
18726.459132914544,0.512,0.376
18726.459378328324,0.504,0.368
18726.459623742103,0.528,0.368
18726.459869155882,0.536,0.376
18726.460114569665,0.496,0.36
18726.460359983445,0.496,0.36
18726.460605397224,0.504,0.368
18726.460850811003,0.496,0.368
18726.461096224786,0.504,0.36
18726.461341638566,0.496,0.36
18726.461587052345,0.504,0.376
18726.461832466124,0.496,0.36
18726.462077879907,0.512,0.368
18726.462323293686,0.496,0.36
18726.462568707466,0.512,0.368
18726.462814121245,0.504,0.36
18726.463059535028,0.536,0.376
18726.463304948807,0.512,0.36
18726.463550362587,0.544,0.376
18726.463795776366,0.528,0.36
18726.46404119015,0.552,0.376
18726.46428660393,0.536,0.36
18726.464532017708,0.496,0.376
18726.464777431487,0.496,0.368
18726.465022845267,0.52,0.352
18726.46526825905,0.496,0.36
18726.46551367283,0.512,0.368
18726.465759086608,0.52,0.36
18726.466004500387,0.496,0.368
18726.46624991417,0.52,0.36
18726.46649532795,0.496,0.368
18726.46674074173,0.504,0.368
18726.46698615551,0.52,0.36
18726.46723156929,0.512,0.36
18726.46747698307,0.496,0.368
18726.46772239685,0.528,0.36
18726.46796781063,0.496,0.376
18726.468213224412,0.496,0.36
18726.46845863819,0.504,0.368
18726.46870405197,0.496,0.36
18726.46894946575,0.512,0.368
18726.469194879533,0.496,0.36
18726.469440293313,0.504,0.368
18726.469685707092,0.496,0.36
18726.46993112087,0.512,0.368
18726.470176534654,0.512,0.36
18726.470421948434,0.496,0.376
18726.470667362213,0.52,0.376
18726.470912775992,0.496,0.368
18726.47115818977,0.496,0.376
18726.471403603555,0.512,0.36
18726.471649017334,0.512,0.368
18726.471894431113,0.496,0.368
18726.472139844893,0.496,0.368
18726.472385258676,0.528,0.368
18726.472630672455,0.52,0.36
18726.472876086234,0.544,0.368
18726.473121500014,0.544,0.368
18726.473366913797,0.52,0.376
18726.473612327576,0.544,0.376
18726.473857741355,0.512,0.40800000000000003
18726.474103155135,0.512,0.40800000000000003
18726.474348568918,0.496,0.424
18726.474593982697,0.504,0.424
18726.474839396476,0.544,0.40800000000000003
18726.475084810256,0.544,0.424
18726.47533022404,0.528,0.4
18726.475575637818,0.552,0.4
18726.475821051597,0.528,0.336
18726.476066465377,0.528,0.328
18726.47631187916,0.504,0.184
18726.47655729294,0.504,0.168
18726.47680270672,0.536,0.064
18726.477048120498,0.52,0.056
18726.477293534277,0.552,0.008
18726.47753894806,0.552,0.008
18726.47778436184,0.528,-0.008
18726.47802977562,0.536,-0.008
18726.478275189398,0.512,0.0
18726.47852060318,0.512,-0.008
18726.47876601696,0.552,0.0
18726.47901143074,0.544,0.0
18726.47925684452,0.56,-0.008
18726.479502258302,0.544,0.0
18726.47974767208,0.56,-0.008
18726.47999308586,0.552,-0.008
18726.48023849964,0.544,0.0
18726.480483913423,0.544,-0.008
18726.480729327202,0.56,0.0
18726.48097474098,0.56,0.0
18726.48122015476,0.544,-0.008
18726.481465568544,0.56,-0.008
18726.481710982323,0.544,0.0
18726.481956396103,0.544,0.0
18726.482201809882,0.56,-0.008
18726.482447223665,0.544,0.0
18726.482692637444,0.56,-0.008
18726.482938051224,0.56,0.0
18726.483183465003,0.544,-0.008
18726.483428878782,0.544,-0.008
18726.483674292565,0.56,0.0
18726.483919706345,0.544,-0.008
18726.484165120124,0.56,0.0
18726.484410533903,0.552,0.0
18726.484655947686,0.536,-0.008
18726.484901361466,0.544,0.0
18726.485146775245,0.512,-0.008
18726.485392189024,0.544,0.0
18726.485637602807,0.512,-0.016
18726.485883016587,0.512,0.0
18726.486128430366,0.504,-0.016
18726.486373844145,0.512,0.0
18726.48661925793,0.504,-0.016
18726.486864671708,0.504,0.0
18726.487110085487,0.52,-0.008
18726.487355499266,0.504,0.0
18726.48760091305,0.52,-0.008
18726.48784632683,0.504,0.0
18726.488091740608,0.528,-0.008
18726.488337154387,0.504,0.0
18726.48858256817,0.52,-0.008
18726.48882798195,0.504,-0.008
18726.48907339573,0.528,0.0
18726.48931880951,0.496,0.0
18726.489564223288,0.52,-0.008
18726.48980963707,0.52,-0.008
18726.49005505085,0.544,0.0
18726.49030046463,0.536,-0.008
18726.49054587841,0.552,0.0
18726.49079129219,0.536,0.0
18726.49103670597,0.544,-0.008
18726.49128211975,0.536,-0.008
18726.49152753353,0.552,0.0
18726.491772947313,0.544,-0.008
18726.492018361092,0.512,0.0
18726.49226377487,0.512,-0.008
18726.49250918865,0.528,0.0
18726.492754602434,0.52,-0.008
18726.493000016213,0.552,0.0
18726.493245429992,0.544,-0.008
18726.49349084377,0.552,0.0
18726.493736257555,0.544,0.0
18726.493981671334,0.56,-0.008
18726.494227085113,0.552,-0.008
18726.494472498893,0.536,0.0
18726.494717912676,0.544,0.0
18726.494963326455,0.512,-0.008
18726.495208740234,0.528,-0.008
18726.495454154014,0.504,0.0
18726.495699567793,0.52,-0.008
18726.495944981576,0.496,0.0
18726.496190395355,0.504,-0.008
18726.496435809135,0.52,0.0
18726.496681222914,0.52,-0.016
18726.496926636697,0.504,0.0
18726.497172050476,0.496,-0.008
18726.497417464256,0.52,0.0
18726.497662878035,0.504,-0.016
18726.497908291818,0.52,0.0
18726.498153705597,0.52,0.0
18726.498399119377,0.496,-0.008
18726.498644533156,0.496,0.0
18726.49888994694,0.52,-0.008
18726.49913536072,0.504,0.0
18726.499380774498,0.52,-0.016
18726.499626188277,0.496,0.0
18726.49987160206,0.52,-0.016
18726.50011701584,0.52,0.0
18726.50036242962,0.496,-0.016
18726.500607843398,0.504,0.0
18726.50085325718,0.536,-0.016
18726.50109867096,0.504,-0.008
18726.50134408474,0.544,0.0
18726.50158949852,0.536,0.0
18726.5018349123,0.552,-0.008
18726.50208032608,0.528,-0.008
18726.50232573986,0.544,0.0
18726.50257115364,0.544,0.0
18726.50281656742,0.512,-0.008
18726.503061981202,0.504,0.0
18726.50330739498,0.536,-0.008
18726.50355280876,0.528,0.0
18726.50379822254,0.504,-0.016
18726.504043636323,0.504,0.0
18726.504289050103,0.52,-0.016
18726.504534463882,0.512,0.0
18726.50477987766,0.496,-0.016
18726.505025291444,0.512,-0.008
18726.505270705224,0.496,0.0
18726.505516119003,0.512,-0.016
18726.505761532782,0.496,0.0
18726.506006946565,0.504,0.0
18726.506252360345,0.52,-0.008
18726.506497774124,0.52,0.0
18726.506743187903,0.496,-0.008
18726.506988601686,0.504,-0.008
18726.507234015466,0.512,0.0
18726.507479429245,0.52,0.0
18726.507724843024,0.496,-0.016
18726.507970256804,0.512,0.0
18726.508215670587,0.496,-0.016
18726.508461084366,0.504,0.0
18726.508706498145,0.52,-0.016
18726.508951911925,0.504,0.0
18726.509197325708,0.52,-0.016
18726.509442739487,0.528,0.0
18726.509688153266,0.504,-0.008
18726.509933567046,0.496,0.0
18726.51017898083,0.52,-0.008
18726.510424394608,0.512,0.0
18726.510669808387,0.496,-0.016
18726.510915222167,0.504,0.0
18726.51116063595,0.52,-0.016
18726.51140604973,0.512,-0.008
18726.51165146351,0.536,0.0
18726.511896877288,0.528,0.0
18726.51214229107,0.552,-0.008
18726.51238770485,0.544,0.0
18726.51263311863,0.504,-0.016
18726.51287853241,0.504,-0.008
18726.51312394619,0.512,0.0
18726.51336935997,0.504,-0.008
18726.51361477375,0.536,0.0
18726.51386018753,0.528,0.0
18726.51410560131,0.544,-0.016
18726.514351015092,0.536,0.0
18726.51459642887,0.552,-0.016
18726.51484184265,0.552,0.0
18726.51508725643,0.52,-0.008
18726.515332670213,0.52,0.0
18726.515578083992,0.504,-0.016
18726.51582349777,0.504,0.0
18726.51606891155,0.512,-0.008
18726.516314325334,0.504,0.0
18726.516559739113,0.528,-0.008
18726.516805152893,0.512,-0.008
18726.517050566672,0.544,0.0
18726.517295980455,0.544,-0.008
18726.517541394234,0.512,0.0
18726.517786808014,0.504,-0.016
18726.518032221793,0.52,0.0
18726.518277635576,0.504,0.0
18726.518523049355,0.52,-0.008
18726.518768463135,0.496,0.0
18726.519013876914,0.512,-0.016
18726.519259290697,0.512,-0.008
18726.519504704476,0.496,0.0
18726.519750118256,0.504,-0.008
18726.519995532035,0.512,0.0
18726.520240945814,0.52,-0.016
18726.520486359597,0.496,0.0
18726.520731773377,0.496,0.0
18726.520977187156,0.52,-0.008
18726.521222600935,0.512,0.0
18726.52146801472,0.544,-0.008
18726.521713428498,0.536,0.0
18726.521958842277,0.52,-0.016
18726.522204256056,0.536,-0.016
18726.52244966984,0.512,0.0
18726.52269508362,0.504,0.0
18726.522940497398,0.512,-0.008
18726.523185911177,0.504,-0.008
18726.52343132496,0.52,0.0
18726.52367673874,0.52,0.0
18726.52392215252,0.504,-0.016
18726.5241675663,0.512,0.0
18726.52441298008,0.496,-0.016
18726.52465839386,0.504,0.0
18726.52490380764,0.52,-0.016
18726.52514922142,0.504,0.0
18726.525394635202,0.536,-0.016
18726.52564004898,0.528,0.0
18726.52588546276,0.544,-0.016
18726.52613087654,0.552,-0.016
18726.52637629032,0.52,0.0
18726.526621704103,0.552,0.0
18726.526867117882,0.512,-0.016
18726.52711253166,0.504,0.0
18726.52735794544,0.544,-0.008
18726.527603359224,0.536,0.0
18726.527848773003,0.56,-0.016
18726.528094186782,0.552,0.0
18726.52833960056,0.544,-0.016
18726.528585014345,0.544,-0.016
18726.528830428124,0.552,0.0
18726.529075841903,0.544,-0.016
18726.529321255683,0.56,0.0
18726.529566669466,0.544,-0.016
18726.529812083245,0.56,0.0
18726.530057497024,0.544,0.0
18726.530302910804,0.56,-0.016
18726.530548324587,0.544,0.0
18726.530793738366,0.56,-0.016
18726.531039152145,0.544,0.0
18726.531284565925,0.5680000000000001,-0.016
18726.531529979708,0.5680000000000001,-0.016
18726.531775393487,0.544,0.0
18726.532020807266,0.5680000000000001,-0.016
18726.532266221046,0.544,0.0
18726.532511634825,0.56,-0.016
18726.532757048608,0.544,0.0
18726.533002462387,0.544,-0.016
18726.533247876167,0.56,0.0
18726.533493289946,0.552,0.0
18726.53373870373,0.5680000000000001,-0.016
18726.53398411751,0.552,0.0
18726.534229531288,0.56,-0.016
18726.534474945067,0.544,0.0
18726.53472035885,0.56,-0.016
18726.53496577263,0.552,-0.016
18726.53521118641,0.56,0.0
18726.535456600188,0.56,0.0
18726.53570201397,0.544,-0.016
18726.53594742775,0.544,0.0
18726.53619284153,0.5680000000000001,-0.016
18726.53643825531,0.56,-0.008
18726.536683669092,0.544,0.0
18726.53692908287,0.56,-0.008
18726.53717449665,0.544,0.024
18726.53741991043,0.5680000000000001,0.024
18726.537665324213,0.552,0.128
18726.537910737992,0.552,0.136
18726.53815615177,0.56,0.296
18726.53840156555,0.552,0.304
18726.53864697933,0.5680000000000001,0.384
18726.538892393113,0.552,0.376
18726.539137806893,0.5680000000000001,0.40800000000000003
18726.539383220672,0.552,0.4
18726.53962863445,0.5680000000000001,0.424
18726.539874048234,0.552,0.424
18726.540119462014,0.5680000000000001,0.40800000000000003
18726.540364875793,0.552,0.424
18726.540610289572,0.5680000000000001,0.41600000000000004
18726.540855703355,0.5680000000000001,0.41600000000000004
18726.541101117135,0.544,0.432
18726.541346530914,0.552,0.424
18726.541591944693,0.5680000000000001,0.41600000000000004
18726.541837358476,0.552,0.41600000000000004
18726.542082772256,0.5680000000000001,0.424
18726.542328186035,0.552,0.424
18726.542573599814,0.5680000000000001,0.40800000000000003
18726.542819013597,0.552,0.40800000000000003
18726.543064427377,0.56,0.376
18726.543309841156,0.552,0.376
18726.543555254935,0.5680000000000001,0.376
18726.543800668718,0.552,0.376
18726.544046082498,0.5680000000000001,0.40800000000000003
18726.544291496277,0.5680000000000001,0.40800000000000003
18726.544536910056,0.552,0.424
18726.544782323836,0.552,0.424
18726.54502773762,0.5680000000000001,0.40800000000000003
18726.545273151398,0.552,0.41600000000000004
18726.545518565177,0.5680000000000001,0.432
18726.545763978957,0.544,0.424
18726.54600939274,0.5680000000000001,0.41600000000000004
18726.54625480652,0.552,0.41600000000000004
18726.5465002203,0.56,0.432
18726.546745634078,0.552,0.41600000000000004
18726.54699104786,0.5680000000000001,0.424
18726.54723646164,0.552,0.41600000000000004
18726.54748187542,0.5680000000000001,0.432
18726.5477272892,0.552,0.41600000000000004
18726.54797270298,0.5680000000000001,0.432
18726.54821811676,0.5680000000000001,0.41600000000000004
18726.54846353054,0.552,0.424
18726.54870894432,0.552,0.424
18726.548954358102,0.5680000000000001,0.40800000000000003
18726.549199771882,0.552,0.40800000000000003
18726.54944518566,0.5680000000000001,0.424
18726.54969059944,0.552,0.41600000000000004
18726.549936013223,0.5680000000000001,0.424
18726.550181427003,0.5680000000000001,0.424
18726.550426840782,0.552,0.376
18726.55067225456,0.5680000000000001,0.376
18726.55091766834,0.544,0.368
18726.551163082124,0.552,0.368
18726.551408495903,0.5680000000000001,0.40800000000000003
18726.551653909682,0.552,0.40800000000000003
18726.551899323462,0.5680000000000001,0.424
18726.552144737245,0.552,0.41600000000000004
18726.552390151024,0.5680000000000001,0.432
18726.552635564803,0.552,0.41600000000000004
18726.552880978583,0.5680000000000001,0.424
18726.553126392366,0.552,0.41600000000000004
18726.553371806145,0.5680000000000001,0.432
18726.553617219924,0.5680000000000001,0.41600000000000004
18726.553862633704,0.552,0.424
18726.554108047487,0.5680000000000001,0.424
18726.554353461266,0.552,0.40800000000000003
18726.554598875045,0.544,0.40800000000000003
18726.554844288825,0.5680000000000001,0.424
18726.555089702608,0.552,0.41600000000000004
18726.555335116387,0.56,0.432
18726.555580530166,0.552,0.41600000000000004
18726.555825943946,0.5680000000000001,0.424
18726.55607135773,0.552,0.41600000000000004
18726.556316771508,0.5680000000000001,0.432
18726.556562185287,0.552,0.432
18726.556807599067,0.5680000000000001,0.41600000000000004
18726.557053012846,0.552,0.424
18726.55729842663,0.5680000000000001,0.384
18726.55754384041,0.552,0.376
18726.557789254188,0.5680000000000001,0.4
18726.558034667967,0.552,0.4
18726.55828008175,0.5680000000000001,0.368
18726.55852549553,0.552,0.368
18726.55877090931,0.5680000000000001,0.36
18726.559016323088,0.56,0.368
18726.55926173687,0.552,0.36
18726.55950715065,0.552,0.368
18726.55975256443,0.5680000000000001,0.36
18726.55999797821,0.552,0.368
18726.560243391992,0.56,0.36
18726.56048880577,0.544,0.368
18726.56073421955,0.5680000000000001,0.36
18726.56097963333,0.552,0.36
18726.561225047113,0.5680000000000001,0.376
18726.561470460892,0.5680000000000001,0.368
18726.56171587467,0.552,0.368
18726.56196128845,0.552,0.36
18726.562206702234,0.5680000000000001,0.368
18726.562452116013,0.552,0.368
18726.562697529793,0.5680000000000001,0.36
18726.562942943572,0.552,0.368
18726.56318835735,0.5680000000000001,0.36
18726.563433771134,0.552,0.36
18726.563679184914,0.5680000000000001,0.376
18726.563924598693,0.552,0.368
18726.564170012472,0.5680000000000001,0.36
18726.564415426255,0.552,0.36
18726.564660840035,0.5680000000000001,0.368
18726.564906253814,0.552,0.368
18726.565151667593,0.5680000000000001,0.36
18726.565397081376,0.5680000000000001,0.376
18726.565642495156,0.544,0.36
18726.565887908935,0.552,0.368
18726.566133322714,0.5680000000000001,0.36
18726.566378736497,0.552,0.376
18726.566624150277,0.5680000000000001,0.36
18726.566869564056,0.552,0.36
18726.567114977835,0.5680000000000001,0.368
18726.56736039162,0.552,0.368
18726.567605805398,0.5680000000000001,0.368
18726.567851219177,0.552,0.368
18726.568096632956,0.56,0.368
18726.56834204674,0.552,0.36
18726.56858746052,0.5680000000000001,0.368
18726.568832874298,0.552,0.368
18726.569078288077,0.5680000000000001,0.36
18726.569323701857,0.552,0.368
18726.56956911564,0.5680000000000001,0.36
18726.56981452942,0.552,0.36
18726.5700599432,0.5680000000000001,0.368
18726.570305356978,0.552,0.376
18726.57055077076,0.5680000000000001,0.36
18726.57079618454,0.5680000000000001,0.368
18726.57104159832,0.544,0.368
18726.5712870121,0.552,0.368
18726.57153242588,0.5680000000000001,0.36
18726.57177783966,0.552,0.368
18726.57202325344,0.5680000000000001,0.36
18726.57226866722,0.552,0.368
18726.572514081003,0.5680000000000001,0.368
18726.572759494782,0.552,0.368
18726.57300490856,0.5680000000000001,0.36
18726.57325032234,0.552,0.36
18726.573495736124,0.5680000000000001,0.376
18726.573741149903,0.552,0.368
18726.573986563682,0.5680000000000001,0.36
18726.57423197746,0.552,0.368
18726.574477391245,0.5680000000000001,0.36
18726.574722805024,0.56,0.36
18726.574968218803,0.536,0.368
18726.575213632583,0.56,0.36
18726.575459046362,0.52,0.368
18726.575704460145,0.536,0.36
18726.575949873924,0.504,0.376
18726.576195287704,0.504,0.36
18726.576440701483,0.52,0.368
18726.576686115266,0.512,0.368
18726.576931529045,0.528,0.36
18726.577176942825,0.504,0.368
18726.577422356604,0.528,0.36
18726.577667770387,0.504,0.36
18726.577913184166,0.52,0.368
18726.578158597946,0.504,0.36
18726.578404011725,0.528,0.368
18726.578649425508,0.52,0.36
18726.578894839287,0.504,0.376
18726.579140253067,0.528,0.36
18726.579385666846,0.504,0.376
18726.57963108063,0.52,0.36
18726.57987649441,0.504,0.368
18726.580121908188,0.504,0.368
18726.580367321967,0.512,0.36
18726.58061273575,0.504,0.376
18726.58085814953,0.52,0.36
18726.586102485657,0.544,-0.016
18726.5863708206,0.56,-0.008
18726.586639155546,0.56,-0.016
18726.58690749049,0.544,0.0
18726.587175825436,0.544,-0.016
18726.58744416038,0.56,0.0
18726.587712495326,0.544,-0.008
18726.58798083027,0.56,-0.016
18726.588249165216,0.56,-0.016
18726.58851750016,0.544,-0.008
18726.58878583511,0.552,-0.016
18726.589054170054,0.5680000000000001,0.0
18726.589322505,0.5680000000000001,-0.016
18726.589590839943,0.552,-0.008
18726.58985917489,0.544,-0.016
18726.590127509833,0.5680000000000001,-0.008
18726.590395844778,0.544,-0.016
18726.590664179723,0.5680000000000001,0.0
18726.590932514668,0.552,-0.016
18726.591200849613,0.5680000000000001,0.0
18726.591469184557,0.56,-0.008
18726.591737519502,0.536,0.04
18726.592005854447,0.552,0.04
18726.592274189392,0.536,0.152
18726.592542524337,0.544,0.16
18726.59281085928,0.528,0.296
18726.593079194226,0.536,0.304
18726.59334752917,0.504,0.368
18726.593615864116,0.504,0.368
18726.593884199065,0.528,0.41600000000000004
18726.59415253401,0.504,0.40800000000000003
18726.594420868954,0.52,0.432
18726.5946892039,0.504,0.41600000000000004
18726.594957538844,0.52,0.432
18726.59522587379,0.504,0.41600000000000004
18726.595494208734,0.544,0.432
18726.59576254368,0.544,0.424
18726.596030878623,0.504,0.432
18726.59629921357,0.504,0.432
18726.596567548513,0.528,0.40800000000000003
18726.596835883458,0.504,0.40800000000000003
18726.597104218403,0.528,0.376
18726.597372553348,0.52,0.368
18726.597640888293,0.504,0.392
18726.597909223237,0.504,0.4
18726.598177558182,0.52,0.384
18726.598445893127,0.52,0.384
18726.598714228076,0.504,0.368
18726.59898256302,0.52,0.376
18726.599250897965,0.496,0.368
18726.59951923291,0.504,0.368
18726.599787567855,0.512,0.376
18726.6000559028,0.504,0.368
18726.600324237745,0.52,0.384
18726.60059257269,0.504,0.384
18726.600860907634,0.52,0.41600000000000004
18726.60112924258,0.504,0.41600000000000004
18726.601397577524,0.52,0.432
18726.60166591247,0.504,0.424
18726.601934247414,0.512,0.432
18726.60220258236,0.504,0.432
18726.602470917303,0.528,0.41600000000000004
18726.60273925225,0.528,0.432
18726.603007587193,0.504,0.41600000000000004
18726.603275922138,0.504,0.432
18726.603544257083,0.512,0.41600000000000004
18726.60381259203,0.504,0.432
18726.604080926976,0.52,0.384
18726.60434926192,0.504,0.384
18726.604617596866,0.528,0.376
18726.60488593181,0.52,0.376
18726.605154266756,0.544,0.368
18726.6054226017,0.544,0.376
18726.605690936645,0.52,0.368
18726.60595927159,0.528,0.376
18726.606227606535,0.56,0.376
18726.60649594148,0.544,0.376
18726.606764276425,0.56,0.40800000000000003
18726.60703261137,0.544,0.4
18726.607300946314,0.56,0.432
18726.60756928126,0.5680000000000001,0.41600000000000004
18726.607837616204,0.544,0.432
18726.60810595115,0.544,0.432
18726.608374286094,0.56,0.4
18726.60864262104,0.552,0.392
18726.608910955987,0.5680000000000001,0.376
18726.609179290932,0.552,0.4
18726.609447625877,0.5680000000000001,0.424
18726.60971596082,0.552,0.424
18726.609984295766,0.5680000000000001,0.432
18726.61025263071,0.552,0.432
18726.610520965656,0.5680000000000001,0.41600000000000004
18726.6107893006,0.56,0.432
18726.611057635546,0.544,0.41600000000000004
18726.61132597049,0.552,0.44
18726.611594305436,0.5680000000000001,0.392
18726.61186264038,0.5680000000000001,0.4
18726.612130975325,0.552,0.376
18726.61239931027,0.552,0.368
18726.612667645215,0.5680000000000001,0.392
18726.61293598016,0.552,0.4
18726.613204315105,0.5680000000000001,0.424
18726.61347265005,0.552,0.40800000000000003
18726.613740984994,0.5680000000000001,0.424
18726.614009319943,0.552,0.40800000000000003
18726.614277654888,0.5680000000000001,0.424
18726.614545989833,0.552,0.432
18726.614814324777,0.5680000000000001,0.4
18726.615082659722,0.552,0.392
18726.615350994667,0.56,0.41600000000000004
18726.615619329612,0.552,0.40800000000000003
18726.615887664557,0.5680000000000001,0.424
18726.6161559995,0.552,0.41600000000000004
18726.616424334446,0.5680000000000001,0.376
18726.61669266939,0.5680000000000001,0.376
18726.616961004336,0.544,0.368
18726.61722933928,0.552,0.376
18726.617497674226,0.5680000000000001,0.368
18726.61776600917,0.552,0.368
18726.618034344116,0.5680000000000001,0.384
18726.61830267906,0.5680000000000001,0.376
18726.618571014005,0.552,0.40800000000000003
18726.618839348954,0.552,0.4
18726.6191076839,0.5680000000000001,0.424
18726.619376018843,0.552,0.41600000000000004
18726.61964435379,0.5680000000000001,0.432
18726.619912688733,0.552,0.432
18726.620181023678,0.5680000000000001,0.40800000000000003
18726.620449358623,0.552,0.41600000000000004
18726.620717693568,0.5680000000000001,0.432
18726.620986028513,0.552,0.432
18726.621254363457,0.5680000000000001,0.41600000000000004
18726.621522698402,0.552,0.424
18726.621791033347,0.5680000000000001,0.41600000000000004
18726.622059368292,0.552,0.432
18726.622327703237,0.5680000000000001,0.41600000000000004
18726.62259603818,0.552,0.41600000000000004
18726.622864373127,0.5680000000000001,0.432
18726.62313270807,0.552,0.424
18726.623401043016,0.5680000000000001,0.432
18726.62366937796,0.552,0.432
18726.62393771291,0.5680000000000001,0.40800000000000003
18726.624206047854,0.552,0.41600000000000004
18726.6244743828,0.5680000000000001,0.432
18726.624742717744,0.552,0.432
18726.62501105269,0.5680000000000001,0.392
18726.625279387634,0.552,0.4
18726.62554772258,0.5680000000000001,0.368
18726.625816057523,0.5680000000000001,0.376
18726.62608439247,0.552,0.392
18726.626352727413,0.552,0.392
18726.626621062358,0.5680000000000001,0.424
18726.626889397303,0.5680000000000001,0.424
18726.627157732248,0.552,0.4
18726.627426067193,0.552,0.40800000000000003
18726.627694402137,0.5680000000000001,0.424
18726.627962737082,0.552,0.41600000000000004
18726.628231072027,0.5680000000000001,0.432
18726.628499406972,0.552,0.432
18726.628767741917,0.5680000000000001,0.41600000000000004
18726.629036076865,0.5680000000000001,0.41600000000000004
18726.62930441181,0.552,0.424
18726.629572746755,0.552,0.424
18726.6298410817,0.56,0.432
18726.630109416645,0.552,0.432
18726.63037775159,0.5680000000000001,0.41600000000000004
18726.630646086534,0.56,0.432
18726.63091442148,0.552,0.41600000000000004
18726.631182756424,0.5680000000000001,0.432
18726.63145109137,0.552,0.384
18726.631719426314,0.552,0.392
18726.63198776126,0.5680000000000001,0.384
18726.632256096203,0.552,0.376
18726.63252443115,0.5760000000000001,0.40800000000000003
18726.632792766093,0.5680000000000001,0.40800000000000003
18726.633061101038,0.552,0.424
18726.633329435983,0.552,0.41600000000000004
18726.633597770928,0.5680000000000001,0.432
18726.633866105873,0.552,0.41600000000000004
18726.63413444082,0.5680000000000001,0.432
18726.634402775766,0.552,0.40800000000000003
18726.63467111071,0.5680000000000001,0.424
18726.634939445656,0.552,0.432
18726.6352077806,0.5680000000000001,0.424
18726.635476115545,0.5680000000000001,0.41600000000000004
18726.63574445049,0.552,0.432
18726.636012785435,0.552,0.432
18726.63628112038,0.5680000000000001,0.41600000000000004
18726.636549455325,0.552,0.432
18726.63681779027,0.5680000000000001,0.41600000000000004
18726.637086125214,0.552,0.432
18726.63735446016,0.5680000000000001,0.41600000000000004
18726.637622795104,0.552,0.432
18726.63789113005,0.5680000000000001,0.41600000000000004
18726.638159464994,0.552,0.432
18726.63842779994,0.5760000000000001,0.41600000000000004
18726.638696134884,0.552,0.432
18726.638964469832,0.5680000000000001,0.384
18726.639232804777,0.552,0.392
18726.63950113972,0.5680000000000001,0.368
18726.639769474667,0.552,0.376
18726.64003780961,0.5680000000000001,0.368
18726.640306144556,0.552,0.376
18726.6405744795,0.5760000000000001,0.41600000000000004
18726.640842814446,0.552,0.40800000000000003
18726.64111114939,0.5680000000000001,0.432
18726.641379484336,0.5680000000000001,0.41600000000000004
18726.64164781928,0.552,0.432
18726.641916154225,0.552,0.432
18726.64218448917,0.5680000000000001,0.41600000000000004
18726.642452824115,0.552,0.41600000000000004
18726.64272115906,0.5680000000000001,0.432
18726.642989494005,0.552,0.41600000000000004
18726.64325782895,0.5680000000000001,0.432
18726.643526163894,0.552,0.432
18726.64379449884,0.5680000000000001,0.41600000000000004
18726.644062833788,0.552,0.41600000000000004
18726.644331168733,0.5680000000000001,0.432
18726.644599503677,0.552,0.41600000000000004
18726.644867838622,0.5680000000000001,0.432
18726.645136173567,0.5680000000000001,0.41600000000000004
18726.645404508512,0.552,0.432
18726.645672843457,0.5680000000000001,0.432
18726.6459411784,0.544,0.384
18726.646209513347,0.544,0.384
18726.64647784829,0.56,0.368
18726.646746183236,0.544,0.376
18726.64701451818,0.56,0.368
18726.647282853126,0.544,0.384
18726.64755118807,0.56,0.368
18726.647819523016,0.552,0.368
18726.64808785796,0.52,0.384
18726.648356192905,0.512,0.368
18726.64862452785,0.528,0.392
18726.648892862795,0.528,0.384
18726.649161197744,0.504,0.41600000000000004
18726.64942953269,0.504,0.40800000000000003
18726.649697867633,0.52,0.432
18726.649966202578,0.52,0.424
18726.650234537523,0.504,0.432
18726.650502872468,0.504,0.424
18726.650771207413,0.52,0.432
18726.651039542357,0.504,0.432
18726.651307877302,0.528,0.392
18726.651576212247,0.504,0.392
18726.651844547192,0.52,0.368
18726.652112882137,0.52,0.376
18726.65238121708,0.504,0.424
18726.652649552027,0.504,0.424
18726.65291788697,0.52,0.41600000000000004
18726.653186221916,0.504,0.41600000000000004
18726.65345455686,0.52,0.432
18726.653722891806,0.504,0.41600000000000004
18726.65399122675,0.52,0.432
18726.6542595617,0.504,0.41600000000000004
18726.654527896644,0.52,0.432
18726.65479623159,0.504,0.432
18726.655064566534,0.512,0.41600000000000004
18726.65533290148,0.504,0.432
18726.655601236424,0.52,0.41600000000000004
18726.65586957137,0.504,0.432
18726.656137906313,0.52,0.41600000000000004
18726.656406241258,0.52,0.432
18726.656674576203,0.544,0.41600000000000004
18726.656942911148,0.536,0.41600000000000004
18726.657211246093,0.552,0.432
18726.657479581037,0.536,0.432
18726.657747915982,0.52,0.4
18726.658016250927,0.536,0.4
18726.658284585872,0.504,0.352
18726.658552920817,0.504,0.352
18726.65882125576,0.544,0.264
18726.65908959071,0.536,0.264
18726.659357925655,0.544,0.128
18726.6596262606,0.544,0.12
18726.659894595545,0.52,0.032
18726.66016293049,0.528,0.032
18726.660431265434,0.504,0.0
18726.66069960038,0.504,0.008
18726.660967935324,0.52,-0.008
18726.66123627027,0.52,-0.008
18726.661504605214,0.504,0.0
18726.66177294016,0.512,0.0
18726.662041275104,0.552,-0.016
18726.66230961005,0.536,0.0
18726.662577944993,0.552,-0.016
18726.662846279938,0.552,-0.016
18726.663114614883,0.52,0.0
18726.663382949828,0.52,0.0
18726.663651284773,0.504,-0.016
18726.663919619717,0.52,0.0
18726.664187954666,0.504,-0.016
18726.66445628961,0.496,0.0
18726.664724624556,0.52,-0.016
18726.6649929595,0.512,0.0
18726.665261294445,0.544,-0.016
18726.66552962939,0.552,-0.016
18726.665797964335,0.528,0.0
18726.66606629928,0.512,0.0
18726.666334634225,0.544,-0.016
18726.66660296917,0.528,0.0
18726.666871304114,0.552,-0.016
18726.66713963906,0.536,-0.016
18726.667407974004,0.56,0.0
18726.66767630895,0.544,-0.016
18726.667944643894,0.528,0.0
18726.66821297884,0.528,0.0
18726.668481313784,0.504,-0.016
18726.66874964873,0.504,0.0
18726.669017983673,0.528,-0.016
18726.66928631862,0.512,0.0
18726.669554653567,0.552,-0.016
18726.66982298851,0.536,0.0
18726.670091323456,0.552,-0.016
18726.6703596584,0.536,0.0
18726.670627993346,0.56,-0.016
18726.67089632829,0.536,-0.016
18726.671164663236,0.552,0.0
18726.67143299818,0.552,0.0
18726.671701333125,0.536,-0.016
18726.67196966807,0.544,0.0
18726.672238003015,0.52,-0.016
18726.67250633796,0.528,-0.016
18726.672774672905,0.504,0.0
18726.67304300785,0.504,-0.016
18726.673311342794,0.512,0.0
18726.67357967774,0.504,0.0
18726.673848012684,0.52,-0.016
18726.67411634763,0.512,-0.016
18726.674384682578,0.496,0.0
18726.674653017522,0.504,0.0
18726.674921352467,0.512,-0.016
18726.675189687412,0.504,-0.016
18726.675458022357,0.52,0.0
18726.6757263573,0.512,0.0
18726.675994692247,0.496,-0.016
18726.67626302719,0.496,0.0
18726.676531362136,0.528,-0.016
18726.67679969708,0.52,0.0
18726.677068032026,0.544,-0.016
18726.67733636697,0.536,-0.016
18726.677604701916,0.552,0.0
18726.67787303686,0.536,0.0
18726.678141371805,0.552,-0.016
18726.67840970675,0.536,-0.016
18726.678678041695,0.552,0.0
18726.67894637664,0.536,0.0
18726.67921471159,0.552,-0.016
18726.679483046533,0.536,0.0
18726.679751381478,0.552,-0.016
18726.680019716423,0.552,0.0
18726.680288051368,0.536,-0.016
18726.680556386313,0.536,0.0
18726.680824721258,0.552,-0.016
18726.681093056202,0.536,0.0
18726.681361391147,0.552,-0.016
18726.681629726092,0.544,-0.016
18726.681898061037,0.528,0.0
18726.68216639598,0.536,-0.016
18726.682434730927,0.512,0.0
18726.68270306587,0.52,-0.016
18726.682971400816,0.504,-0.008
18726.68323973576,0.528,-0.016
18726.683508070706,0.504,0.0
18726.68377640565,0.504,-0.016
18726.684044740596,0.52,0.0
18726.684313075544,0.504,0.0
18726.68458141049,0.528,-0.016
18726.684849745434,0.512,-0.016
18726.68511808038,0.536,0.0
18726.685386415324,0.504,-0.016
18726.68565475027,0.52,0.0
18726.685923085213,0.504,-0.016
18726.686191420158,0.52,0.0
18726.686459755103,0.512,-0.016
18726.686728090048,0.496,0.0
18726.686996424993,0.504,-0.016
18726.687264759938,0.512,0.0
18726.687533094882,0.512,-0.016
18726.687801429827,0.496,0.0
18726.688069764772,0.512,-0.016
18726.688338099717,0.496,0.0
18726.68860643466,0.512,-0.016
18726.688874769607,0.496,0.0
18726.68914310455,0.504,-0.016
18726.6894114395,0.536,0.0
18726.689679774445,0.528,-0.016
18726.68994810939,0.552,0.0
18726.690216444335,0.536,-0.016
18726.69048477928,0.552,0.0
18726.690753114224,0.544,0.0
18726.69102144917,0.528,-0.016
18726.691289784114,0.536,-0.016
18726.69155811906,0.552,0.0
18726.691826454004,0.544,-0.016
18726.69209478895,0.52,0.0
18726.692363123893,0.528,0.0
18726.692631458838,0.504,-0.016
18726.692899793783,0.504,-0.016
18726.693168128728,0.528,0.0
18726.693436463673,0.512,-0.016
18726.693704798618,0.552,0.0
18726.693973133562,0.536,-0.016
18726.694241468507,0.552,0.0
18726.694509803456,0.544,-0.008
18726.6947781384,0.52,-0.016
18726.695046473345,0.512,-0.016
18726.69531480829,0.552,0.0
18726.695583143235,0.536,-0.016
18726.69585147818,0.552,0.0
18726.696119813125,0.544,0.0
18726.69638814807,0.512,-0.016
18726.696656483015,0.504,-0.016
18726.69692481796,0.52,0.0
18726.697193152904,0.52,-0.016
18726.69746148785,0.552,0.0
18726.697729822794,0.536,0.0
18726.69799815774,0.552,-0.016
18726.698266492684,0.552,-0.008
18726.69853482763,0.52,-0.016
18726.698803162573,0.528,-0.008
18726.699071497518,0.504,-0.016
18726.699339832467,0.504,-0.016
18726.69960816741,0.52,0.0
18726.699876502356,0.504,-0.016
18726.7001448373,0.52,0.0
18726.700413172246,0.512,-0.016
18726.70068150719,0.496,0.0
18726.700949842136,0.504,-0.016
18726.70121817708,0.52,0.0
18726.701486512025,0.512,-0.016
18726.70175484697,0.496,0.0
18726.702023181915,0.52,-0.016
18726.70229151686,0.496,-0.008
18726.702559851805,0.512,-0.016
18726.70282818675,0.496,0.0
18726.703096521695,0.504,-0.008
18726.70336485664,0.512,-0.016
18726.703633191584,0.512,-0.008
18726.70390152653,0.496,-0.016
18726.704169861474,0.496,-0.008
18726.704438196422,0.504,-0.016
18726.704706531367,0.496,-0.016
18726.704974866312,0.512,0.0
18726.705243201257,0.512,-0.016
18726.7055115362,0.496,0.0
18726.705779871147,0.504,-0.008
18726.70604820609,0.52,-0.016
18726.706316541036,0.512,-0.016
18726.70658487598,0.496,0.0
18726.706853210926,0.496,-0.008
18726.70712154587,0.512,-0.016
18726.707389880816,0.496,-0.008
18726.70765821576,0.512,-0.016
18726.707926550705,0.496,0.0
18726.70819488565,0.512,-0.016
18726.708463220595,0.496,-0.016
18726.70873155554,0.512,0.0
18726.708999890485,0.504,-0.008
18726.70926822543,0.496,-0.016
18726.70953656038,0.504,-0.008
18726.709804895323,0.544,-0.016
18726.710073230268,0.536,-0.016
18726.710341565213,0.552,0.0
18726.710609900158,0.544,-0.016
18726.710878235102,0.512,0.0
18726.711146570047,0.504,-0.016
18726.711414904992,0.52,0.0
18726.711683239937,0.496,-0.016
18726.711951574882,0.52,0.0
18726.712219909827,0.512,-0.016
18726.71248824477,0.496,0.0
18726.712756579716,0.512,-0.016
18726.71302491466,0.504,0.0
18726.713293249606,0.512,0.0
18726.71356158455,0.496,-0.016
18726.713829919496,0.496,-0.016
18726.71409825444,0.512,0.0
18726.714366589385,0.496,-0.016
18726.714634924334,0.52,0.0
18726.71490325928,0.52,-0.016
18726.715171594224,0.496,-0.008
18726.71543992917,0.496,-0.016
18726.715708264113,0.52,0.0
18726.71597659906,0.504,-0.016
18726.716244934003,0.52,0.0
18726.716513268948,0.52,-0.016
18726.716781603893,0.544,0.0
18726.717049938838,0.528,-0.016
18726.717318273782,0.552,-0.008
18726.717586608727,0.528,-0.016
18726.717854943672,0.552,-0.008
18726.718123278617,0.528,-0.016
18726.718391613562,0.504,-0.008
18726.718659948507,0.504,-0.008
18726.71892828345,0.52,-0.016
18726.719196618396,0.504,-0.016
18726.719464953345,0.52,-0.008
18726.71973328829,0.52,-0.016
18726.720001623235,0.544,0.0
18726.72026995818,0.528,-0.016
18726.720538293124,0.512,0.0
18726.72080662807,0.52,-0.016
18726.721074963014,0.504,-0.008
18726.72134329796,0.496,-0.016
18726.721611632904,0.52,0.0
18726.72187996785,0.52,-0.008
18726.722148302793,0.552,-0.016
18726.72241663774,0.52,-0.016
18726.722684972683,0.504,0.0
18726.722953307628,0.504,-0.016
18726.723221642573,0.512,-0.008
18726.723489977518,0.496,-0.008
18726.723758312462,0.512,-0.016
18726.724026647407,0.504,-0.016
18726.724294982352,0.528,0.0
18726.7245633173,0.52,-0.016
18726.724831652245,0.544,0.0
18726.72509998719,0.528,-0.016
18726.725368322135,0.552,0.0
18726.72563665708,0.552,-0.008
18726.725904992025,0.528,0.032
18726.72617332697,0.536,0.032
18726.726441661915,0.504,0.16
18726.72670999686,0.496,0.168
18726.726978331804,0.512,0.28
18726.72724666675,0.496,0.28800000000000003
18726.727515001694,0.512,0.34400000000000003
18726.72778333664,0.512,0.34400000000000003
18726.728051671584,0.496,0.36
18726.72832000653,0.496,0.36
18726.728588341473,0.52,0.368
18726.72885667642,0.504,0.368
18726.729125011363,0.528,0.368
18726.729393346308,0.544,0.368
18726.729661681256,0.52,0.376
18726.7299300162,0.52,0.368
18726.730198351146,0.504,0.368
18726.73046668609,0.512,0.368
18726.730735021036,0.496,0.376
18726.73100335598,0.496,0.368
18726.731271690925,0.512,0.368
18726.73154002587,0.512,0.368
18726.731808360815,0.496,0.376
18726.73207669576,0.504,0.368
18726.732345030705,0.512,0.368
18726.73261336565,0.496,0.368
18726.732881700595,0.512,0.368
18726.73315003554,0.512,0.368
18726.733418370484,0.496,0.376
18726.73368670543,0.512,0.368
18726.733955040374,0.496,0.368
18726.73422337532,0.496,0.368
18726.734491710264,0.512,0.368
18726.734760045212,0.496,0.368
18726.735028380157,0.52,0.368
18726.735296715102,0.496,0.368
18726.735565050047,0.504,0.368
18726.73583338499,0.512,0.368
18726.736101719936,0.496,0.368
18726.73637005488,0.504,0.368
18726.736638389826,0.52,0.368
18726.73690672477,0.512,0.368
18726.737175059716,0.496,0.368
18726.73744339466,0.496,0.368
18726.737711729606,0.52,0.376
18726.73798006455,0.496,0.376
18726.738248399495,0.512,0.4
18726.73851673444,0.512,0.4
18726.738785069385,0.496,0.424
18726.73905340433,0.496,0.432
18726.739321739275,0.512,0.424
18726.739590074223,0.512,0.432
18726.739858409168,0.496,0.41600000000000004
18726.740126744113,0.496,0.41600000000000004
18726.740395079058,0.52,0.432
18726.740663414002,0.504,0.44
18726.740931748947,0.52,0.424
18726.741200083892,0.512,0.41600000000000004
18726.741468418837,0.496,0.432
18726.741736753782,0.496,0.41600000000000004
18726.742005088727,0.512,0.432
18726.74227342367,0.496,0.432
18726.742541758616,0.512,0.41600000000000004
18726.74281009356,0.496,0.432
18726.743078428506,0.52,0.384
18726.74334676345,0.528,0.392
18726.743615098396,0.504,0.376
18726.74388343334,0.512,0.384
18726.744151768286,0.496,0.368
18726.74442010323,0.504,0.368
18726.74468843818,0.52,0.376
18726.744956773124,0.512,0.368
18726.74522510807,0.496,0.376
18726.745493443013,0.496,0.376
18726.74576177796,0.52,0.384
18726.746030112903,0.504,0.392
18726.746298447848,0.52,0.424
18726.746566782793,0.52,0.41600000000000004
18726.746835117738,0.496,0.424
18726.747103452682,0.52,0.41600000000000004
18726.747371787627,0.496,0.432
18726.747640122572,0.496,0.432
18726.747908457517,0.504,0.41600000000000004
18726.748176792462,0.496,0.432
18726.748445127407,0.512,0.40800000000000003
18726.74871346235,0.512,0.432
18726.748981797296,0.496,0.41600000000000004
18726.74925013224,0.496,0.432
18726.749518467186,0.52,0.41600000000000004
18726.749786802135,0.496,0.432
18726.75005513708,0.512,0.41600000000000004
18726.750323472024,0.504,0.424
18726.75059180697,0.512,0.432
18726.750860141914,0.512,0.432
18726.75112847686,0.544,0.41600000000000004
18726.751396811804,0.544,0.41600000000000004
18726.75166514675,0.52,0.432
18726.751933481693,0.536,0.424
18726.75220181664,0.504,0.432
18726.752470151583,0.512,0.424
18726.752738486528,0.496,0.41600000000000004
18726.753006821473,0.512,0.41600000000000004
18726.753275156418,0.496,0.432
18726.753543491363,0.512,0.432
18726.753811826307,0.496,0.41600000000000004
18726.754080161252,0.512,0.41600000000000004
18726.754348496197,0.496,0.44
18726.754616831142,0.512,0.432
18726.75488516609,0.496,0.41600000000000004
18726.755153501035,0.504,0.41600000000000004
18726.75542183598,0.536,0.432
18726.755690170925,0.536,0.41600000000000004
18726.75595850587,0.504,0.376
18726.756226840815,0.512,0.384
18726.75649517576,0.496,0.368
18726.756763510704,0.504,0.376
18726.75703184565,0.52,0.40800000000000003
18726.757300180594,0.512,0.4
18726.75756851554,0.496,0.432
18726.757836850484,0.504,0.432
18726.75810518543,0.52,0.41600000000000004
18726.758373520373,0.496,0.424
18726.75864185532,0.512,0.384
18726.758910190263,0.504,0.4
18726.759178525208,0.528,0.368
18726.759446860153,0.512,0.368
18726.7597151951,0.496,0.376
18726.759983530046,0.512,0.368
18726.76025186499,0.496,0.376
18726.760520199936,0.504,0.376
18726.76078853488,0.52,0.392
18726.761056869826,0.512,0.392
18726.76132520477,0.536,0.41600000000000004
18726.761593539715,0.552,0.424
18726.76186187466,0.528,0.41600000000000004
18726.762130209605,0.536,0.424
18726.76239854455,0.552,0.432
18726.762666879495,0.544,0.424
18726.76293521444,0.512,0.432
18726.763203549384,0.504,0.424
18726.76347188433,0.512,0.392
18726.763740219274,0.504,0.4
18726.76400855422,0.512,0.376
18726.764276889164,0.504,0.376
18726.76454522411,0.52,0.368
18726.764813559057,0.504,0.368
18726.765081894002,0.512,0.368
18726.765350228947,0.504,0.368
18726.76561856389,0.52,0.376
18726.765886898836,0.512,0.368
18726.76615523378,0.504,0.392
18726.766423568726,0.504,0.368
18726.76669190367,0.512,0.384
18726.766960238616,0.512,0.376
18726.76722857356,0.496,0.368
18726.767496908506,0.496,0.384
18726.76776524345,0.52,0.41600000000000004
18726.768033578395,0.504,0.41600000000000004
18726.76830191334,0.544,0.424
18726.768570248285,0.536,0.41600000000000004
18726.76883858323,0.552,0.432
18726.769106918175,0.552,0.424
18726.76937525312,0.512,0.432
18726.769643588064,0.528,0.432
18726.769911923013,0.552,0.392
18726.770180257958,0.544,0.4
18726.770448592903,0.52,0.376
18726.770716927847,0.52,0.384
18726.770985262792,0.504,0.368
18726.771253597737,0.504,0.368
18726.771521932682,0.512,0.376
18726.771790267627,0.504,0.376
18726.77205860257,0.536,0.352
18726.772326937516,0.528,0.376
18726.77259527246,0.552,0.36
18726.772863607406,0.544,0.376
18726.77313194235,0.52,0.368
18726.773400277296,0.528,0.376
18726.77366861224,0.544,0.368
18726.773936947186,0.552,0.368
18726.77420528213,0.52,0.384
18726.774473617075,0.52,0.384
18726.77474195202,0.56,0.41600000000000004
18726.77501028697,0.544,0.41600000000000004
18726.775278621913,0.56,0.432
18726.77554695686,0.544,0.41600000000000004
18726.775815291803,0.5680000000000001,0.432
18726.776083626748,0.552,0.424
18726.776351961693,0.5680000000000001,0.432
18726.776620296638,0.544,0.432
18726.776888631583,0.56,0.41600000000000004
18726.777156966527,0.56,0.41600000000000004
18726.777425301472,0.552,0.432
18726.777693636417,0.5680000000000001,0.432
18726.777961971362,0.544,0.40800000000000003
18726.778230306307,0.56,0.40800000000000003
18726.77849864125,0.552,0.376
18726.778766976196,0.552,0.376
18726.77903531114,0.5680000000000001,0.368
18726.779303646086,0.552,0.376
18726.77957198103,0.56,0.368
18726.77984031598,0.552,0.368
18726.780108650924,0.56,0.392
18726.78037698587,0.552,0.392
18726.780645320814,0.5680000000000001,0.41600000000000004
18726.78091365576,0.552,0.40800000000000003
18726.781181990704,0.5680000000000001,0.424
18726.78145032565,0.552,0.40800000000000003
18726.781718660593,0.5680000000000001,0.424
18726.78198699554,0.552,0.432
18726.782255330483,0.5680000000000001,0.41600000000000004
18726.782523665428,0.552,0.41600000000000004
18726.782792000373,0.5680000000000001,0.432
18726.783060335318,0.552,0.432
18726.783328670263,0.5680000000000001,0.41600000000000004
18726.783597005207,0.552,0.432
18726.783865340152,0.5680000000000001,0.41600000000000004
18726.784133675097,0.552,0.432
18726.784402010042,0.5680000000000001,0.41600000000000004
18726.784670344987,0.552,0.432
18726.784938679935,0.56,0.41600000000000004
18726.78520701488,0.552,0.432
18726.785475349825,0.5680000000000001,0.41600000000000004
18726.78574368477,0.552,0.41600000000000004
18726.786012019715,0.5680000000000001,0.432
18726.78628035466,0.552,0.432
18726.786548689604,0.5680000000000001,0.41600000000000004
18726.78681702455,0.552,0.432
18726.787085359494,0.5680000000000001,0.41600000000000004
18726.78735369444,0.56,0.432
18726.787622029384,0.544,0.41600000000000004
18726.78789036433,0.552,0.41600000000000004
18726.788158699273,0.536,0.432
18726.78842703422,0.544,0.424
18726.788695369163,0.52,0.432
18726.788963704108,0.528,0.432
18726.789232039053,0.512,0.41600000000000004
18726.789500373998,0.528,0.424
18726.789768708943,0.504,0.432
18726.79003704389,0.512,0.432
18726.790305378836,0.536,0.41600000000000004
18726.79057371378,0.528,0.41600000000000004
18726.790842048726,0.504,0.432
18726.79111038367,0.504,0.432
18726.791378718615,0.512,0.41600000000000004
18726.79164705356,0.504,0.432
18726.791915388505,0.528,0.41600000000000004
18726.79218372345,0.52,0.424
18726.792452058395,0.504,0.392
18726.79272039334,0.52,0.392
18726.792988728284,0.504,0.296
18726.79325706323,0.504,0.296
18726.793525398174,0.536,0.14400000000000002
18726.79379373312,0.536,0.136
18726.794062068064,0.552,0.04
18726.79433040301,0.544,0.04
18726.794598737953,0.52,0.0
18726.7948670729,0.536,0.008
18726.795135407847,0.512,-0.008
18726.79540374279,0.504,0.0
18726.795672077737,0.52,-0.008
18726.79594041268,0.504,-0.008
18726.796208747626,0.52,0.0
18726.79647708257,0.528,0.0
18726.796745417516,0.504,-0.008
18726.79701375246,0.504,0.0
18726.797282087406,0.544,-0.016
18726.79755042235,0.52,0.0
18726.797818757295,0.552,-0.016
18726.79808709224,0.544,0.0
18726.798355427185,0.528,-0.016
18726.79862376213,0.536,0.0
18726.798892097075,0.504,-0.016
18726.79916043202,0.52,0.0
18726.799428766964,0.496,-0.016
18726.79969710191,0.504,-0.016
18726.799965436858,0.528,0.0
18726.800233771803,0.52,0.0
18726.800502106747,0.504,-0.016
18726.800770441692,0.528,-0.016
18726.801038776637,0.504,0.0
18726.801307111582,0.512,0.0
18726.801575446527,0.536,-0.016
18726.80184378147,0.512,-0.016
18726.802112116417,0.552,0.0
18726.80238045136,0.536,-0.016
18726.802648786306,0.552,0.0
18726.80291712125,0.544,0.0
18726.803185456196,0.528,-0.016
18726.80345379114,0.536,0.0
18726.803722126086,0.512,-0.016
18726.80399046103,0.528,-0.016
18726.804258795975,0.552,0.0
18726.80452713092,0.552,0.0
18726.804795465865,0.528,-0.016
18726.805063800814,0.512,0.0
18726.80533213576,0.552,-0.016
18726.805600470703,0.544,0.0
18726.805868805648,0.5680000000000001,-0.016
18726.806137140593,0.544,0.0
18726.806405475538,0.56,-0.016
18726.806673810483,0.552,-0.016
18726.806942145427,0.5680000000000001,0.0
18726.807210480372,0.552,0.0
18726.807478815317,0.5680000000000001,-0.016
18726.807747150262,0.544,-0.016
18726.808015485207,0.5680000000000001,0.0
18726.80828382015,0.552,-0.016
18726.808552155097,0.5680000000000001,0.0
18726.80882049004,0.552,0.0
18726.809088824986,0.5680000000000001,-0.016
18726.80935715993,0.552,0.0
18726.809625494876,0.5680000000000001,-0.016
18726.80989382982,0.552,-0.016
18726.81016216477,0.5680000000000001,0.0
18726.810430499714,0.552,-0.016
18726.81069883466,0.5680000000000001,0.0
18726.810967169604,0.552,0.0
18726.81123550455,0.5680000000000001,-0.016
18726.811503839494,0.5680000000000001,0.0
18726.81177217444,0.552,-0.016
18726.812040509383,0.56,0.0
18726.812308844328,0.552,-0.016
18726.812577179273,0.552,0.0
18726.812845514218,0.5680000000000001,-0.016
18726.813113849163,0.5680000000000001,0.0
18726.813382184107,0.544,-0.016
18726.813650519052,0.56,0.0
18726.813918853997,0.536,-0.016
18726.814187188942,0.536,0.0
18726.814455523887,0.552,-0.016
18726.81472385883,0.552,0.0
18726.814992193777,0.52,-0.016
18726.815260528725,0.52,-0.016
18726.81552886367,0.512,0.0
18726.815797198615,0.504,-0.016
18726.81606553356,0.52,0.0
18726.816333868504,0.512,-0.016
18726.81660220345,0.52,0.0
18726.816870538394,0.512,-0.016
18726.81713887334,0.552,0.0
18726.817407208284,0.544,-0.016
18726.81767554323,0.56,0.0
18726.817943878174,0.536,-0.016
18726.81821221312,0.552,0.0
18726.818480548063,0.56,-0.016
18726.818748883008,0.528,0.0
18726.819017217953,0.528,-0.016
18726.819285552898,0.544,-0.008
18726.819553887843,0.544,-0.016
18726.819822222787,0.536,0.0
18726.820090557736,0.552,-0.016
18726.82035889268,0.536,0.0
18726.820627227626,0.552,0.0
18726.82089556257,0.512,-0.016
18726.821163897515,0.512,-0.016
18726.82143223246,0.544,-0.008
18726.821700567405,0.536,-0.016
18726.82196890235,0.552,0.0
18726.822237237295,0.528,-0.008
18726.82250557224,0.504,-0.016
18726.822773907184,0.52,-0.016
18726.82304224213,0.504,0.0
18726.823310577074,0.504,-0.016
18726.82357891202,0.528,0.0
18726.823847246964,0.504,-0.008
18726.82411558191,0.528,-0.016
18726.824383916854,0.504,-0.016
18726.8246522518,0.528,0.0
18726.824920586743,0.536,-0.016
18726.82518892169,0.504,0.0
18726.825457256637,0.504,-0.016
18726.82572559158,0.512,0.0
18726.825993926526,0.52,0.0
18726.82626226147,0.496,-0.016
18726.826530596416,0.504,-0.016
18726.82679893136,0.52,0.0
18726.827067266306,0.504,-0.016
18726.82733560125,0.512,0.0
18726.827603936195,0.504,-0.016
18726.82787227114,0.52,0.0
18726.828140606085,0.52,-0.016
18726.82840894103,0.504,0.0
18726.828677275975,0.504,-0.008
18726.82894561092,0.52,-0.016
18726.829213945864,0.52,-0.016
18726.82948228081,0.504,-0.008
18726.829750615754,0.512,-0.008
18726.8300189507,0.544,-0.016
18726.830287285648,0.552,-0.016
18726.830555620592,0.528,0.0
18726.830823955537,0.528,-0.008
18726.831092290482,0.552,-0.016
18726.831360625427,0.544,-0.008
18726.83162896037,0.528,-0.016
18726.831897295317,0.544,-0.016
18726.83216563026,0.528,-0.008
18726.832433965206,0.544,-0.016
18726.83270230015,0.52,0.0
18726.832970635096,0.512,-0.008
18726.83323897004,0.504,-0.016
18726.833507304986,0.504,-0.016
18726.83377563993,0.52,0.0
18726.834043974875,0.512,-0.016
18726.83431230982,0.544,0.0
18726.834580644765,0.544,-0.016
18726.83484897971,0.52,0.0
18726.835117314655,0.52,-0.016
18726.835385649603,0.504,0.0
18726.835653984548,0.512,-0.008
18726.835922319493,0.536,-0.016
18726.836190654438,0.528,-0.008
18726.836458989383,0.552,-0.016
18726.836727324328,0.552,-0.008
18726.836995659272,0.528,-0.016
18726.837263994217,0.536,-0.008
18726.837532329162,0.552,-0.016
18726.837800664107,0.544,-0.016
18726.83806899905,0.504,0.0
18726.838337333997,0.504,-0.008
18726.83860566894,0.52,-0.016
18726.838874003886,0.504,-0.016
18726.83914233883,0.52,0.0
18726.839410673776,0.512,0.0
18726.83967900872,0.504,-0.016
18726.839947343666,0.504,-0.016
18726.840215678614,0.544,0.0
18726.84048401356,0.544,-0.016
18726.840752348504,0.528,0.0
18726.84102068345,0.552,-0.008
18726.841289018394,0.512,-0.016
18726.84155735334,0.512,-0.016
18726.841825688283,0.56,0.0
18726.842094023228,0.5680000000000001,-0.016
18726.842362358173,0.544,0.0
18726.842630693118,0.544,-0.008
18726.842899028063,0.56,-0.016
18726.843167363008,0.56,-0.016
18726.843435697952,0.544,0.0
18726.843704032897,0.544,-0.016
18726.843972367842,0.56,-0.008
18726.844240702787,0.552,0.0
18726.84450903773,0.5680000000000001,-0.016
18726.844777372677,0.552,-0.016
18726.84504570762,0.5680000000000001,0.0
18726.84531404257,0.552,-0.016
18726.845582377515,0.5680000000000001,0.0
18726.84585071246,0.552,-0.016
18726.846119047404,0.5680000000000001,-0.008
18726.84638738235,0.552,-0.008
18726.846655717294,0.5680000000000001,-0.016
18726.84692405224,0.5680000000000001,-0.016
18726.847192387184,0.552,-0.008
18726.84746072213,0.5680000000000001,-0.008
18726.847729057074,0.544,-0.016
18726.84799739202,0.552,-0.008
18726.848265726963,0.5680000000000001,-0.016
18726.848534061908,0.552,-0.016
18726.848802396853,0.5680000000000001,0.0
18726.849070731798,0.552,-0.016
18726.849339066743,0.5680000000000001,-0.008
18726.849607401688,0.5680000000000001,-0.016
18726.849875736632,0.552,0.0
18726.850144071577,0.5680000000000001,-0.016
18726.850412406526,0.552,0.0
18726.85068074147,0.552,-0.016
18726.850949076415,0.5680000000000001,0.0
18726.85121741136,0.552,-0.008
18726.851485746305,0.5680000000000001,-0.016
18726.85175408125,0.552,-0.016
18726.852022416195,0.5680000000000001,0.0
18726.85229075114,0.552,0.0
18726.852559086085,0.5680000000000001,-0.016
18726.85282742103,0.552,-0.016
18726.853095755974,0.5680000000000001,0.0
18726.85336409092,0.552,-0.016
18726.853632425864,0.56,0.0
18726.85390076081,0.552,-0.016
18726.854169095754,0.5680000000000001,0.0
18726.8544374307,0.552,-0.016
18726.854705765643,0.5680000000000001,0.0
18726.854974100588,0.552,0.0
18726.855242435533,0.5680000000000001,-0.016
18726.85551077048,0.552,-0.016
18726.855779105426,0.56,0.0
18726.85604744037,0.552,0.0
18726.856315775316,0.5680000000000001,-0.016
18726.85658411026,0.552,-0.016
18726.856852445206,0.5680000000000001,0.0
18726.85712078015,0.552,-0.016
18726.857389115095,0.5680000000000001,0.0
18726.85765745004,0.552,-0.016
18726.857925784985,0.5680000000000001,0.0
18726.85819411993,0.552,-0.016
18726.858462454875,0.5760000000000001,0.0
18726.85873078982,0.5680000000000001,-0.016
18726.858999124765,0.552,0.0
18726.85926745971,0.552,-0.016
18726.859535794654,0.5680000000000001,0.0
18726.8598041296,0.552,-0.008
18726.860072464544,0.5680000000000001,0.032
18726.860340799492,0.5680000000000001,0.04
18726.860609134437,0.552,0.152
18726.860877469382,0.552,0.16
18726.861145804327,0.56,0.28
18726.86141413927,0.552,0.28800000000000003
18726.861682474217,0.5680000000000001,0.376
18726.86195080916,0.5680000000000001,0.384
18726.862219144106,0.552,0.41600000000000004
18726.86248747905,0.552,0.41600000000000004
18726.862755813996,0.5680000000000001,0.432
18726.86302414894,0.552,0.432
18726.863292483886,0.5680000000000001,0.40800000000000003
18726.86356081883,0.552,0.432
18726.863829153775,0.5760000000000001,0.41600000000000004
18726.86409748872,0.552,0.432
18726.864365823665,0.5680000000000001,0.40800000000000003
18726.86463415861,0.552,0.40800000000000003
18726.864902493555,0.5680000000000001,0.424
18726.8651708285,0.552,0.4
18726.865439163448,0.5680000000000001,0.376
18726.865707498393,0.552,0.376
18726.865975833338,0.5680000000000001,0.40800000000000003
18726.866244168283,0.552,0.432
18726.866512503228,0.5680000000000001,0.4
18726.866780838172,0.552,0.40800000000000003
18726.867049173117,0.5680000000000001,0.384
18726.867317508062,0.552,0.384
18726.867585843007,0.5680000000000001,0.41600000000000004
18726.86785417795,0.552,0.424
18726.868122512897,0.5680000000000001,0.40800000000000003
18726.86839084784,0.552,0.41600000000000004
18726.868659182786,0.5680000000000001,0.432
18726.86892751773,0.552,0.432
18726.869195852676,0.5680000000000001,0.40800000000000003
18726.86946418762,0.552,0.424
18726.869732522566,0.5680000000000001,0.44
18726.87000085751,0.5680000000000001,0.432
18726.870269192455,0.552,0.41600000000000004
18726.870537527404,0.552,0.432
18726.87080586235,0.5680000000000001,0.40800000000000003
18726.871074197294,0.5680000000000001,0.432
18726.87134253224,0.552,0.41600000000000004
18726.871610867183,0.5680000000000001,0.41600000000000004
18726.87187920213,0.552,0.384
18726.872147537073,0.552,0.392
18726.872415872018,0.5680000000000001,0.368
18726.872684206963,0.552,0.368
18726.872952541908,0.5680000000000001,0.376
18726.873220876852,0.552,0.368
18726.873489211797,0.56,0.384
18726.873757546742,0.552,0.384
18726.874025881687,0.5680000000000001,0.424
18726.874294216632,0.552,0.432
18726.874562551577,0.5760000000000001,0.40800000000000003
18726.87483088652,0.5680000000000001,0.424
18726.875099221466,0.552,0.40800000000000003
18726.87536755641,0.544,0.432
18726.87563589136,0.56,0.40800000000000003
18726.875904226305,0.544,0.432
18726.87617256125,0.56,0.4
18726.876440896194,0.56,0.40800000000000003
18726.87670923114,0.528,0.376
18726.876977566084,0.52,0.376
18726.87724590103,0.512,0.4
18726.877514235974,0.512,0.40800000000000003
18726.87778257092,0.528,0.376
18726.878050905863,0.504,0.384
18726.87831924081,0.528,0.368
18726.878587575753,0.512,0.368
18726.878855910698,0.552,0.368
18726.879124245643,0.536,0.368
18726.879392580588,0.56,0.368
18726.879660915532,0.56,0.368
18726.879929250477,0.536,0.376
18726.880197585422,0.544,0.368
18726.88046592037,0.512,0.368
18726.880734255315,0.504,0.368
18726.88100259026,0.528,0.368
18726.881270925205,0.504,0.368
18726.88153926015,0.52,0.368
18726.881807595095,0.528,0.368
18726.88207593004,0.504,0.376
18726.882344264985,0.512,0.368
18726.88261259993,0.544,0.376
18726.882880934874,0.552,0.376
18726.88314926982,0.528,0.368
18726.883417604764,0.528,0.368
18726.88368593971,0.504,0.368
18726.883954274654,0.52,0.368
18726.8842226096,0.56,0.368
18726.884490944543,0.544,0.368
18726.88475927949,0.56,0.368
18726.885027614433,0.552,0.368
18726.885295949378,0.528,0.368
18726.885564284326,0.536,0.368
18726.88583261927,0.512,0.368
18726.886100954216,0.52,0.368
18726.88636928916,0.504,0.368
18726.886637624106,0.504,0.368
18726.88690595905,0.52,0.368
18726.887174293995,0.504,0.376
18726.88744262894,0.512,0.368
18726.887710963885,0.504,0.368
18726.88797929883,0.52,0.368
18726.888247633775,0.504,0.368
18726.88851596872,0.512,0.368
18726.888784303665,0.504,0.368
18726.88905263861,0.512,0.368
18726.889320973554,0.504,0.368
18726.8895893085,0.52,0.368
18726.889857643444,0.512,0.368
18726.89012597839,0.544,0.368
18726.890394313334,0.544,0.368
18726.890662648282,0.512,0.376
18726.890930983227,0.512,0.368
18726.891199318172,0.544,0.368
18726.891467653117,0.536,0.368
18726.89173598806,0.552,0.368
18726.892004323006,0.544,0.368
18726.89227265795,0.5680000000000001,0.368
18726.892540992896,0.56,0.368
18726.89280932784,0.536,0.368
18726.893077662786,0.536,0.368
18726.89334599773,0.552,0.376
18726.893614332675,0.544,0.376
18726.89388266762,0.528,0.36
18726.894151002565,0.528,0.368
18726.89441933751,0.504,0.376
18726.894687672455,0.504,0.368
18726.8949560074,0.536,0.368
18726.895224342345,0.528,0.368
18726.89549267729,0.552,0.368
18726.895761012238,0.536,0.368
18726.896029347183,0.56,0.368
18726.896297682128,0.552,0.368
18726.896566017072,0.536,0.376
18726.896834352017,0.544,0.368
18726.897102686962,0.52,0.376
18726.897371021907,0.528,0.368
18726.897639356852,0.552,0.368
18726.897907691797,0.552,0.368
18726.89817602674,0.536,0.376
18726.898444361686,0.552,0.376
18726.89871269663,0.536,0.368
18726.898981031576,0.536,0.368
18726.89924936652,0.56,0.368
18726.899517701466,0.528,0.368
18726.89978603641,0.552,0.368
18726.900054371356,0.528,0.376
18726.9003227063,0.504,0.368
18726.90059104125,0.512,0.368
18726.900859376194,0.504,0.368
18726.90112771114,0.52,0.368
18726.901396046083,0.504,0.368
18726.90166438103,0.504,0.368
18726.901932715973,0.512,0.368
18726.902201050918,0.504,0.368
18726.902469385863,0.512,0.368
18726.902737720808,0.504,0.368
18726.903006055752,0.544,0.368
18726.903274390697,0.544,0.368
18726.903542725642,0.528,0.368
18726.903811060587,0.536,0.368
18726.904079395532,0.552,0.368
18726.904347730477,0.544,0.368
18726.90461606542,0.52,0.368
18726.904884400366,0.52,0.376
18726.90515273531,0.504,0.368
18726.905421070256,0.504,0.368
18726.905689405205,0.512,0.376
18726.90595774015,0.504,0.368
18726.906226075094,0.52,0.368
18726.90649441004,0.52,0.368
18726.906762744984,0.504,0.368
18726.90703107993,0.496,0.368
18726.907299414874,0.52,0.376
18726.90756774982,0.504,0.368
18726.907836084763,0.52,0.368
18726.914105176926,0.52,-0.016
18726.914350124796,0.504,0.0
18726.914595072667,0.512,0.0
18726.914840020538,0.504,-0.008
18726.91508496841,0.52,0.0
18726.91532991628,0.504,-0.016
18726.91557486415,0.52,-0.008
18726.91581981202,0.504,0.0
18726.91606475989,0.504,-0.008
18726.91630970776,0.512,0.0
18726.916554655632,0.504,0.0
18726.916799603503,0.528,-0.008
18726.917044551374,0.504,0.0
18726.917289499244,0.52,-0.008
18726.917534447115,0.504,0.0
18726.917779394986,0.52,-0.016
18726.918024342856,0.504,-0.008
18726.918269290727,0.52,0.0
18726.918514238598,0.52,-0.008
18726.918759186465,0.56,0.0
18726.919004134335,0.56,-0.008
18726.919249082206,0.544,0.016
18726.919494030077,0.536,0.024
18726.919738977947,0.552,0.12
18726.919983925818,0.536,0.128
18726.92022887369,0.544,0.264
18726.92047382156,0.544,0.272
18726.92071876943,0.528,0.36
18726.9209637173,0.544,0.36
18726.92120866517,0.528,0.40800000000000003
18726.921453613042,0.528,0.4
18726.921698560913,0.504,0.424
18726.921943508783,0.504,0.424
18726.922188456654,0.512,0.41600000000000004
18726.922433404525,0.52,0.432
18726.922678352395,0.496,0.41600000000000004
18726.922923300266,0.496,0.424
18726.923168248137,0.52,0.40800000000000003
18726.923413196007,0.496,0.40800000000000003
18726.923658143878,0.52,0.432
18726.92390309175,0.512,0.432
18726.92414803962,0.496,0.376
18726.92439298749,0.504,0.376
18726.92463793536,0.52,0.40800000000000003
18726.92488288323,0.512,0.40800000000000003
18726.925127831102,0.496,0.424
18726.925372778973,0.512,0.4
18726.925617726843,0.496,0.432
18726.925862674714,0.504,0.41600000000000004
18726.926107622585,0.52,0.432
18726.926352570455,0.52,0.41600000000000004
18726.926597518326,0.496,0.432
18726.926842466197,0.52,0.424
18726.927087414068,0.544,0.376
18726.927332361938,0.544,0.376
18726.92757730981,0.512,0.368
18726.92782225768,0.512,0.376
18726.928067205547,0.496,0.368
18726.928312153417,0.512,0.376
18726.928557101288,0.496,0.368
18726.92880204916,0.528,0.368
18726.92904699703,0.504,0.376
18726.9292919449,0.496,0.368
18726.92953689277,0.512,0.376
18726.92978184064,0.496,0.368
18726.930026788512,0.512,0.368
18726.930271736383,0.504,0.368
18726.930516684253,0.52,0.376
18726.930761632124,0.504,0.368
18726.931006579995,0.536,0.376
18726.931251527865,0.512,0.368
18726.931496475736,0.504,0.368
18726.931741423607,0.504,0.368
18726.931986371477,0.512,0.376
18726.932231319348,0.504,0.368
18726.93247626722,0.52,0.376
18726.93272121509,0.496,0.368
18726.93296616296,0.512,0.376
18726.93321111083,0.504,0.368
18726.9334560587,0.52,0.376
18726.933701006572,0.496,0.376
18726.933945954443,0.512,0.368
18726.934190902313,0.512,0.376
18726.934435850184,0.496,0.368
18726.934680798055,0.496,0.368
18726.934925745925,0.52,0.376
18726.935170693796,0.496,0.368
18726.935415641667,0.512,0.368
18726.935660589537,0.496,0.368
18726.935905537408,0.512,0.376
18726.93615048528,0.496,0.368
18726.93639543315,0.512,0.368
18726.93664038102,0.504,0.368
18726.93688532889,0.496,0.368
18726.937130276758,0.504,0.368
18726.93737522463,0.536,0.368
18726.9376201725,0.528,0.368
18726.93786512037,0.552,0.368
18726.93811006824,0.544,0.368
18726.93835501611,0.528,0.376
18726.93859996398,0.528,0.368
18726.938844911852,0.552,0.368
18726.939089859723,0.536,0.368
18726.939334807594,0.504,0.368
18726.939579755464,0.512,0.368
18726.939824703335,0.496,0.368
18726.940069651206,0.504,0.368
18726.940314599076,0.512,0.368
18726.940559546947,0.496,0.368
18726.940804494818,0.512,0.368
18726.94104944269,0.512,0.368
18726.94129439056,0.496,0.368
18726.94153933843,0.512,0.376
18726.9417842863,0.496,0.368
18726.94202923417,0.512,0.368
18726.94227418204,0.496,0.368
18726.942519129912,0.496,0.368
18726.942764077783,0.52,0.368
18726.943009025654,0.504,0.368
18726.943253973524,0.52,0.368
18726.943498921395,0.52,0.368
18726.943743869266,0.496,0.368
18726.943988817136,0.496,0.368
18726.944233765007,0.512,0.376
18726.944478712878,0.512,0.368
18726.94472366075,0.496,0.368
18726.94496860862,0.496,0.368
18726.94521355649,0.512,0.368
18726.94545850436,0.496,0.368
18726.94570345223,0.512,0.384
18726.9459484001,0.496,0.368
18726.946193347972,0.512,0.368
18726.94643829584,0.496,0.368
18726.94668324371,0.512,0.368
18726.94692819158,0.504,0.368
18726.94717313945,0.512,0.376
18726.947418087322,0.496,0.368
18726.947663035193,0.512,0.376
18726.947907983063,0.512,0.368
18726.948152930934,0.496,0.368
18726.948397878805,0.512,0.368
18726.948642826675,0.496,0.376
18726.948887774546,0.504,0.368
18726.949132722417,0.496,0.368
18726.949377670288,0.496,0.368
18726.949622618158,0.512,0.368
18726.94986756603,0.504,0.368
18726.9501125139,0.544,0.376
18726.95035746177,0.544,0.368
18726.95060240964,0.528,0.368
18726.95084735751,0.544,0.368
18726.951092305382,0.504,0.368
18726.951337253253,0.504,0.368
18726.951582201124,0.52,0.368
18726.951827148994,0.504,0.368
18726.952072096865,0.52,0.368
18726.952317044736,0.52,0.368
18726.952561992606,0.496,0.368
18726.952806940477,0.496,0.368
18726.953051888348,0.512,0.368
18726.95329683622,0.504,0.368
18726.95354178409,0.496,0.368
18726.95378673196,0.512,0.368
18726.95403167983,0.496,0.368
18726.9542766277,0.512,0.368
18726.95452157557,0.496,0.376
18726.954766523442,0.504,0.368
18726.955011471313,0.496,0.368
18726.955256419184,0.504,0.368
18726.95550136705,0.496,0.384
18726.95574631492,0.496,0.368
18726.955991262792,0.512,0.368
18726.956236210663,0.496,0.368
18726.956481158533,0.52,0.368
18726.956726106404,0.496,0.368
18726.956971054275,0.512,0.376
18726.957216002145,0.488,0.368
18726.957460950016,0.512,0.368
18726.957705897887,0.512,0.368
18726.957950845757,0.496,0.376
18726.958195793628,0.496,0.368
18726.9584407415,0.52,0.376
18726.95868568937,0.512,0.376
18726.95893063724,0.496,0.368
18726.95917558511,0.496,0.368
18726.95942053298,0.544,0.376
18726.959665480852,0.544,0.368
18726.959910428723,0.528,0.384
18726.960155376593,0.544,0.368
18726.960400324464,0.504,0.376
18726.960645272335,0.504,0.368
18726.960890220205,0.536,0.368
18726.961135168076,0.512,0.368
18726.961380115947,0.536,0.368
18726.961625063817,0.544,0.368
18726.961870011688,0.528,0.368
18726.96211495956,0.544,0.368
18726.96235990743,0.504,0.368
18726.9626048553,0.504,0.368
18726.96284980317,0.52,0.368
18726.96309475104,0.504,0.368
18726.963339698912,0.536,0.376
18726.963584646783,0.528,0.368
18726.963829594653,0.552,0.368
18726.964074542524,0.544,0.368
18726.964319490395,0.512,0.368
18726.964564438265,0.512,0.368
18726.964809386132,0.552,0.368
18726.965054334003,0.544,0.368
18726.965299281874,0.512,0.40800000000000003
18726.965544229744,0.512,0.40800000000000003
18726.965789177615,0.504,0.424
18726.966034125486,0.504,0.424
18726.966279073356,0.52,0.392
18726.966524021227,0.496,0.40800000000000003
18726.966768969098,0.512,0.424
18726.96701391697,0.496,0.432
18726.96725886484,0.52,0.41600000000000004
18726.96750381271,0.496,0.432
18726.96774876058,0.504,0.40800000000000003
18726.96799370845,0.504,0.41600000000000004
18726.96823865632,0.552,0.376
18726.968483604192,0.536,0.384
18726.968728552063,0.552,0.368
18726.968973499934,0.544,0.376
18726.969218447804,0.528,0.368
18726.969463395675,0.528,0.376
18726.969708343546,0.512,0.368
18726.969953291416,0.512,0.368
18726.970198239287,0.504,0.368
18726.970443187158,0.512,0.368
18726.97068813503,0.504,0.368
18726.9709330829,0.528,0.368
18726.97117803077,0.504,0.368
18726.97142297864,0.496,0.368
18726.97166792651,0.52,0.376
18726.97191287438,0.512,0.368
18726.972157822252,0.496,0.376
18726.972402770123,0.496,0.368
18726.972647717994,0.512,0.376
18726.972892665864,0.512,0.368
18726.973137613735,0.496,0.368
18726.973382561606,0.504,0.368
18726.973627509477,0.496,0.376
18726.973872457344,0.496,0.368
18726.974117405214,0.512,0.368
18726.974362353085,0.504,0.368
18726.974607300956,0.496,0.368
18726.974852248826,0.496,0.368
18726.975097196697,0.512,0.376
18726.975342144568,0.52,0.368
18726.97558709244,0.496,0.368
18726.97583204031,0.496,0.368
18726.97607698818,0.512,0.368
18726.97632193605,0.496,0.368
18726.97656688392,0.52,0.376
18726.97681183179,0.52,0.376
18726.977056779662,0.496,0.4
18726.977301727533,0.512,0.384
18726.977546675404,0.496,0.4
18726.977791623274,0.496,0.384
18726.978036571145,0.504,0.392
18726.978281519016,0.504,0.40800000000000003
18726.978526466886,0.52,0.368
18726.978771414757,0.512,0.376
18726.979016362628,0.496,0.368
18726.9792613105,0.496,0.368
18726.97950625837,0.52,0.376
18726.97975120624,0.512,0.376
18726.97999615411,0.504,0.36
18726.98024110198,0.528,0.36
18726.98048604985,0.504,0.304
18726.980730997722,0.528,0.296
18726.980975945593,0.496,0.168
18726.981220893464,0.504,0.16
18726.981465841334,0.496,0.056
18726.981710789205,0.512,0.056
18726.981955737076,0.496,0.016
18726.982200684946,0.512,0.016
18726.982445632817,0.496,-0.008
18726.982690580688,0.496,-0.008
18726.98293552856,0.52,0.0
18726.983180476425,0.512,0.0
18726.983425424296,0.496,-0.008
18726.983670372167,0.496,0.0
18726.983915320037,0.512,-0.008
18726.984160267908,0.504,-0.008
18726.98440521578,0.52,0.0
18726.98465016365,0.52,0.0
18726.98489511152,0.496,-0.008
18726.98514005939,0.496,-0.008
18726.98538500726,0.52,0.0
18726.985629955132,0.496,-0.008
18726.985874903003,0.512,0.0
18726.986119850873,0.496,-0.008
18726.986364798744,0.512,0.0
18726.986609746615,0.496,-0.008
18726.986854694485,0.52,0.0
18726.987099642356,0.512,0.0
18726.987344590227,0.496,-0.008
18726.987589538097,0.496,0.0
18726.987834485968,0.536,-0.008
18726.98807943384,0.536,-0.008
18726.98832438171,0.52,0.0
18726.98856932958,0.528,0.0
18726.98881427745,0.504,-0.008
18726.98905922532,0.52,0.0
18726.989304173192,0.496,-0.008
18726.989549121063,0.496,-0.008
18726.989794068933,0.512,0.0
18726.990039016804,0.496,0.0
18726.990283964675,0.52,-0.008
18726.990528912545,0.504,-0.008
18726.990773860416,0.528,0.0
18726.991018808287,0.528,0.0
18726.991263756157,0.544,-0.008
18726.991508704028,0.528,0.0
18726.9917536519,0.504,-0.008
18726.99199859977,0.52,-0.008
18726.992243547636,0.496,0.0
18726.992488495507,0.504,0.0
18726.992733443378,0.528,-0.008
18726.99297839125,0.512,-0.008
18726.99322333912,0.496,0.0
18726.99346828699,0.496,-0.008
18726.99371323486,0.52,0.0
18726.99395818273,0.496,0.0
18726.9942031306,0.512,-0.008
18726.994448078472,0.496,0.0
18726.994693026343,0.528,-0.008
18726.994937974214,0.504,-0.016
18726.995182922084,0.512,0.0
18726.995427869955,0.52,0.0
18726.995672817826,0.496,-0.016
18726.995917765697,0.504,0.0
18726.996162713567,0.52,-0.016
18726.996407661438,0.504,0.0
18726.99665260931,0.528,-0.016
18726.99689755718,0.528,-0.016
18726.99714250505,0.552,0.0
18726.99738745292,0.544,0.0
18726.99763240079,0.552,-0.008
18726.997877348662,0.552,0.0
18726.998122296533,0.544,-0.008
18726.998367244403,0.544,-0.008
18726.998612192274,0.56,0.0
18726.998857140145,0.56,0.0
18726.999102088015,0.544,-0.008
18726.999347035886,0.544,0.0
18726.999591983757,0.56,-0.016
18726.999836931627,0.544,0.0
18727.000081879498,0.56,-0.008
18727.00032682737,0.56,0.0
18727.00057177524,0.544,-0.008
18727.00081672311,0.56,-0.008
18727.00106167098,0.544,0.0
18727.00130661885,0.544,0.0
18727.00155156672,0.56,-0.008
18727.00179651459,0.56,0.0
18727.00204146246,0.544,-0.008
18727.00228641033,0.56,0.0
18727.0025313582,0.544,-0.008
18727.00277630607,0.552,-0.008
18727.003021253942,0.5680000000000001,0.0
18727.003266201813,0.56,0.0
18727.003511149684,0.544,-0.008
18727.003756097554,0.552,0.0
18727.004001045425,0.56,-0.016
18727.004245993296,0.544,0.0
18727.004490941166,0.56,-0.008
18727.004735889037,0.552,0.0
18727.004980836908,0.5680000000000001,-0.008
18727.00522578478,0.552,-0.008
18727.00547073265,0.5680000000000001,0.0
18727.00571568052,0.552,0.0
18727.00596062839,0.5680000000000001,-0.008
18727.00620557626,0.5680000000000001,-0.008
18727.00645052413,0.544,0.0
18727.006695472002,0.552,0.0
18727.006940419873,0.5680000000000001,-0.008
18727.007185367744,0.552,0.0
18727.007430315614,0.5680000000000001,-0.008
18727.007675263485,0.552,0.0
18727.007920211356,0.5680000000000001,-0.016
18727.008165159226,0.552,-0.008
18727.008410107097,0.5680000000000001,0.0
18727.008655054968,0.552,0.0
18727.00890000284,0.5680000000000001,-0.016
18727.00914495071,0.552,0.0
18727.00938989858,0.5680000000000001,-0.016
18727.00963484645,0.552,0.0
18727.00987979432,0.56,-0.008
18727.01012474219,0.552,0.0
18727.010369690062,0.5680000000000001,-0.008
18727.01061463793,0.5680000000000001,-0.008
18727.0108595858,0.552,0.0
18727.01110453367,0.552,0.0
18727.01134948154,0.5680000000000001,-0.016
18727.011594429412,0.5680000000000001,-0.008
18727.011839377283,0.552,0.0
18727.012084325153,0.5680000000000001,0.0
18727.012329273024,0.552,-0.008
18727.012574220895,0.552,-0.008
18727.012819168765,0.5680000000000001,0.0
18727.013064116636,0.552,-0.008
18727.013309064507,0.5680000000000001,0.0
18727.013554012377,0.552,0.0
18727.013798960248,0.56,-0.008
18727.01404390812,0.552,0.0
18727.01428885599,0.5680000000000001,-0.016
18727.01453380386,0.552,-0.008
18727.01477875173,0.5680000000000001,0.0
18727.0150236996,0.5680000000000001,0.0
18727.015268647472,0.552,-0.008
18727.015513595343,0.5680000000000001,0.0
18727.015758543213,0.552,-0.008
18727.016003491084,0.552,0.0
18727.016248438955,0.5680000000000001,-0.008
18727.016493386825,0.552,-0.008
18727.016738334696,0.5680000000000001,0.0
18727.016983282567,0.552,0.0
18727.017228230437,0.5680000000000001,-0.008
18727.017473178308,0.552,0.0
18727.01771812618,0.5680000000000001,-0.016
18727.01796307405,0.552,0.0
18727.01820802192,0.5680000000000001,-0.008
18727.01845296979,0.5680000000000001,0.0
18727.01869791766,0.552,-0.008
18727.018942865532,0.5680000000000001,0.0
18727.019187813403,0.552,-0.008
18727.019432761273,0.5680000000000001,-0.008
18727.019677709144,0.552,0.0
18727.01992265701,0.552,0.0
18727.020167604882,0.5680000000000001,-0.008
18727.020412552753,0.552,-0.008
18727.020657500623,0.5680000000000001,0.0
18727.020902448494,0.5680000000000001,0.0
18727.021147396365,0.552,-0.008
18727.021392344235,0.552,-0.008
18727.021637292106,0.5680000000000001,0.0
18727.021882239977,0.552,-0.008
18727.022127187847,0.56,0.0
18727.022372135718,0.56,0.0
18727.02261708359,0.552,-0.008
18727.02286203146,0.552,0.0
18727.02310697933,0.5680000000000001,-0.008
18727.0233519272,0.552,-0.008
18727.02359687507,0.5680000000000001,0.0
18727.023841822942,0.5680000000000001,0.0
18727.024086770813,0.552,-0.008
18727.024331718683,0.552,0.0
18727.024576666554,0.5680000000000001,-0.016
18727.024821614425,0.552,0.0
18727.025066562295,0.5680000000000001,-0.008
18727.025311510166,0.552,0.0
18727.025556458037,0.5680000000000001,-0.008
18727.025801405907,0.552,0.0
18727.026046353778,0.5680000000000001,-0.008
18727.02629130165,0.552,0.0
18727.02653624952,0.5680000000000001,-0.008
18727.02678119739,0.552,0.0
18727.02702614526,0.5680000000000001,-0.008
18727.02727109313,0.552,0.0
18727.027516041002,0.5680000000000001,-0.008
18727.027760988873,0.5680000000000001,0.0
18727.028005936743,0.552,-0.008
18727.028250884614,0.552,0.0
18727.028495832485,0.5680000000000001,-0.008
18727.028740780355,0.552,-0.008
18727.028985728222,0.5680000000000001,0.0
18727.029230676093,0.5680000000000001,0.0
18727.029475623964,0.552,-0.008
18727.029720571834,0.552,0.0
18727.029965519705,0.56,-0.008
18727.030210467576,0.552,-0.008
18727.030455415446,0.56,0.0
18727.030700363317,0.5760000000000001,0.0
18727.030945311188,0.544,-0.016
18727.03119025906,0.5680000000000001,0.0
18727.03143520693,0.552,-0.008
18727.0316801548,0.552,0.0
18727.03192510267,0.5680000000000001,-0.008
18727.03217005054,0.552,0.0
18727.03241499841,0.5680000000000001,-0.016
18727.032659946282,0.552,-0.008
18727.032904894153,0.5680000000000001,0.0
18727.033149842024,0.5680000000000001,0.0
18727.033394789894,0.552,-0.016
18727.033639737765,0.552,0.0
18727.033884685636,0.5680000000000001,-0.008
18727.034129633506,0.552,0.0
18727.034374581377,0.5680000000000001,-0.016
18727.034619529248,0.5680000000000001,0.0
18727.03486447712,0.552,-0.016
18727.03510942499,0.552,-0.008
18727.03535437286,0.5680000000000001,0.0
18727.03559932073,0.5680000000000001,0.0
18727.0358442686,0.544,-0.016
18727.03608921647,0.552,0.0
18727.036334164342,0.5680000000000001,-0.016
18727.036579112213,0.5680000000000001,0.0
18727.036824060084,0.552,-0.016
18727.037069007954,0.5680000000000001,0.0
18727.037313955825,0.552,-0.008
18727.037558903696,0.552,0.0
18727.037803851566,0.5680000000000001,-0.016
18727.038048799437,0.552,-0.016
18727.038293747304,0.5680000000000001,0.0
18727.038538695175,0.56,0.0
18727.038783643045,0.544,-0.016
18727.039028590916,0.56,0.0
18727.039273538787,0.536,-0.016
18727.039518486657,0.536,0.0
18727.039763434528,0.56,-0.016
18727.0400083824,0.544,-0.008
18727.04025333027,0.56,0.0
18727.04049827814,0.552,0.0
18727.04074322601,0.512,-0.008
18727.04098817388,0.512,0.0
18727.041233121752,0.52,-0.008
18727.041478069623,0.528,-0.008
18727.041723017493,0.504,0.016
18727.041967965364,0.504,0.024
18727.042212913235,0.552,0.12
18727.042457861106,0.536,0.128
18727.042702808976,0.552,0.28800000000000003
18727.042947756847,0.552,0.296
18727.043192704718,0.512,0.34400000000000003
18727.04343765259,0.504,0.34400000000000003
18727.04368260046,0.528,0.376
18727.04392754833,0.52,0.376
18727.0441724962,0.544,0.4
18727.04441744407,0.552,0.392
18727.04466239194,0.52,0.424
18727.044907339812,0.528,0.424
18727.045152287683,0.504,0.41600000000000004
18727.045397235554,0.52,0.432
18727.045642183424,0.496,0.424
18727.045887131295,0.504,0.424
18727.046132079166,0.52,0.44
18727.046377027036,0.504,0.432
18727.046621974907,0.52,0.424
18727.046866922778,0.52,0.424
18727.04711187065,0.504,0.44
18727.047356818515,0.504,0.432
18727.047601766386,0.512,0.384
18727.047846714257,0.504,0.384
18727.048091662127,0.512,0.376
18727.048336609998,0.504,0.392
18727.04858155787,0.52,0.368
18727.04882650574,0.544,0.376
18727.04907145361,0.52,0.368
18727.04931640148,0.528,0.376
18727.04956134935,0.512,0.368
18727.049806297222,0.52,0.376
18727.050051245093,0.504,0.368
18727.050296192963,0.512,0.376
18727.050541140834,0.496,0.368
18727.050786088705,0.52,0.384
18727.051031036575,0.496,0.368
18727.051275984446,0.512,0.368
18727.051520932317,0.504,0.376
18727.051765880187,0.496,0.368
18727.052010828058,0.52,0.384
18727.05225577593,0.496,0.384
18727.0525007238,0.512,0.41600000000000004
18727.05274567167,0.504,0.424
18727.05299061954,0.52,0.432
18727.05323556741,0.512,0.41600000000000004
18727.053480515282,0.496,0.432
18727.053725463153,0.52,0.432
18727.053970411023,0.496,0.41600000000000004
18727.054215358894,0.496,0.432
18727.054460306765,0.512,0.41600000000000004
18727.054705254635,0.496,0.432
18727.054950202506,0.512,0.41600000000000004
18727.055195150377,0.512,0.424
18727.055440098247,0.496,0.432
18727.055685046118,0.496,0.432
18727.05592999399,0.512,0.41600000000000004
18727.05617494186,0.496,0.432
18727.05641988973,0.52,0.424
18727.056664837597,0.504,0.432
18727.056909785468,0.536,0.376
18727.05715473334,0.528,0.368
18727.05739968121,0.552,0.384
18727.05764462908,0.536,0.376
18727.05788957695,0.544,0.368
18727.05813452482,0.528,0.376
18727.05837947269,0.544,0.368
18727.058624420562,0.536,0.368
18727.058869368433,0.552,0.384
18727.059114316304,0.536,0.384
18727.059359264174,0.544,0.368
18727.059604212045,0.536,0.368
18727.059849159916,0.552,0.392
18727.060094107786,0.528,0.392
18727.060339055657,0.552,0.41600000000000004
18727.060584003528,0.536,0.41600000000000004
18727.0608289514,0.552,0.432
18727.06107389927,0.536,0.432
18727.06131884714,0.552,0.41600000000000004
18727.06156379501,0.536,0.424
18727.06180874288,0.544,0.44
18727.06205369075,0.536,0.44
18727.062298638622,0.552,0.41600000000000004
18727.062543586493,0.544,0.41600000000000004
18727.062788534364,0.512,0.432
18727.063033482234,0.504,0.41600000000000004
18727.063278430105,0.536,0.432
18727.063523377976,0.552,0.424
18727.063768325846,0.528,0.432
18727.064013273717,0.528,0.432
18727.064258221588,0.544,0.40800000000000003
18727.06450316946,0.536,0.41600000000000004
18727.06474811733,0.552,0.4
18727.0649930652,0.536,0.392
18727.06523801307,0.552,0.376
18727.06548296094,0.536,0.376
18727.06572790881,0.544,0.392
18727.06597285668,0.536,0.384
18727.06621780455,0.552,0.424
18727.06646275242,0.552,0.41600000000000004
18727.06670770029,0.528,0.432
18727.06695264816,0.512,0.424
18727.067197596032,0.544,0.432
18727.067442543903,0.536,0.424
18727.067687491774,0.552,0.432
18727.067932439644,0.544,0.424
18727.068177387515,0.52,0.44
18727.068422335386,0.52,0.424
18727.068667283256,0.504,0.432
18727.068912231127,0.504,0.432
18727.069157178998,0.52,0.41600000000000004
18727.06940212687,0.504,0.41600000000000004
18727.06964707474,0.552,0.432
18727.06989202261,0.552,0.432
18727.07013697048,0.528,0.424
18727.07038191835,0.528,0.432
18727.07062686622,0.504,0.41600000000000004
18727.070871814092,0.52,0.424
18727.071116761963,0.496,0.432
18727.071361709834,0.504,0.424
18727.071606657704,0.52,0.44
18727.071851605575,0.504,0.41600000000000004
18727.072096553446,0.52,0.432
18727.072341501316,0.496,0.432
18727.072586449187,0.52,0.41600000000000004
18727.072831397058,0.496,0.432
18727.07307634493,0.512,0.4
18727.0733212928,0.512,0.40800000000000003
18727.07356624067,0.496,0.376
18727.07381118854,0.496,0.376
18727.07405613641,0.512,0.392
18727.07430108428,0.496,0.392
18727.074546032152,0.528,0.424
18727.074790980023,0.52,0.432
18727.07503592789,0.544,0.424
18727.07528087576,0.544,0.424
18727.07552582363,0.528,0.44
18727.075770771502,0.536,0.424
18727.076015719373,0.552,0.432
18727.076260667243,0.536,0.424
18727.076505615114,0.504,0.44
18727.076750562985,0.512,0.424
18727.076995510855,0.496,0.44
18727.077240458726,0.504,0.424
18727.077485406597,0.52,0.44
18727.077730354467,0.504,0.424
18727.077975302338,0.52,0.432
18727.07822025021,0.512,0.424
18727.07846519808,0.496,0.44
18727.07871014595,0.504,0.432
18727.07895509382,0.52,0.40800000000000003
18727.07920004169,0.512,0.41600000000000004
18727.079444989562,0.504,0.432
18727.079689937433,0.496,0.424
18727.079934885303,0.512,0.44
18727.080179833174,0.496,0.44
18727.080424781045,0.528,0.424
18727.080669728915,0.528,0.432
18727.080914676786,0.552,0.41600000000000004
18727.081159624657,0.536,0.41600000000000004
18727.081404572527,0.504,0.376
18727.081649520398,0.504,0.384
18727.08189446827,0.512,0.368
18727.08213941614,0.496,0.368
18727.08238436401,0.528,0.384
18727.08262931188,0.52,0.384
18727.08287425975,0.544,0.4
18727.083119207622,0.552,0.392
18727.083364155493,0.528,0.376
18727.083609103363,0.528,0.376
18727.083854051234,0.504,0.384
18727.0840989991,0.512,0.4
18727.08434394697,0.504,0.41600000000000004
18727.084588894842,0.496,0.41600000000000004
18727.084833842713,0.52,0.432
18727.085078790584,0.512,0.432
18727.085323738454,0.536,0.424
18727.085568686325,0.504,0.44
18727.085813634196,0.544,0.41600000000000004
18727.086058582066,0.544,0.424
18727.086303529937,0.52,0.432
18727.086548477808,0.528,0.41600000000000004
18727.08679342568,0.552,0.432
18727.08703837355,0.544,0.432
18727.08728332142,0.52,0.424
18727.08752826929,0.544,0.424
18727.08777321716,0.52,0.41600000000000004
18727.088018165032,0.528,0.432
18727.088263112902,0.512,0.40800000000000003
18727.088508060773,0.504,0.40800000000000003
18727.088753008644,0.52,0.376
18727.088997956515,0.504,0.376
18727.089242904385,0.528,0.392
18727.089487852256,0.512,0.392
18727.089732800127,0.496,0.376
18727.089977747997,0.496,0.376
18727.090222695868,0.512,0.368
18727.09046764374,0.504,0.384
18727.09071259161,0.496,0.368
18727.09095753948,0.512,0.376
18727.09120248735,0.496,0.392
18727.09144743522,0.504,0.376
18727.091692383092,0.512,0.368
18727.091937330963,0.504,0.368
18727.092182278833,0.544,0.376
18727.092427226704,0.528,0.368
18727.092672174575,0.544,0.368
18727.092917122445,0.544,0.368
18727.093162070316,0.512,0.376
18727.093407018183,0.512,0.376
18727.093651966054,0.504,0.392
18727.093896913924,0.504,0.384
18727.094141861795,0.52,0.41600000000000004
18727.094386809666,0.504,0.41600000000000004
18727.094631757536,0.52,0.432
18727.094876705407,0.504,0.432
18727.095121653278,0.528,0.41600000000000004
18727.09536660115,0.52,0.432
18727.09561154902,0.544,0.424
18727.09585649689,0.552,0.424
18727.09610144476,0.52,0.44
18727.09634639263,0.52,0.424
18727.0965913405,0.496,0.41600000000000004
18727.096836288372,0.496,0.432
18727.097081236243,0.52,0.41600000000000004
18727.097326184114,0.504,0.424
18727.097571131984,0.536,0.432
18727.097816079855,0.528,0.432
18727.098061027726,0.552,0.41600000000000004
18727.098305975596,0.544,0.424
18727.098550923467,0.528,0.432
18727.098795871338,0.536,0.432
18727.09904081921,0.504,0.424
18727.09928576708,0.512,0.432
18727.09953071495,0.496,0.40800000000000003
18727.09977566282,0.512,0.432
18727.10002061069,0.496,0.41600000000000004
18727.10026555856,0.496,0.424
18727.100510506432,0.528,0.384
18727.100755454303,0.536,0.384
18727.101000402174,0.552,0.4
18727.101245350044,0.544,0.384
18727.101490297915,0.528,0.368
18727.101735245786,0.528,0.368
18727.101980193656,0.544,0.376
18727.102225141527,0.528,0.368
18727.102470089394,0.504,0.376
18727.102715037265,0.496,0.384
18727.102959985135,0.512,0.336
18727.103204933006,0.504,0.336
18727.103449880877,0.52,0.176
18727.103694828747,0.504,0.168
18727.103939776618,0.52,0.056
18727.10418472449,0.496,0.056
18727.10442967236,0.52,0.008
18727.10467462023,0.528,0.016
18727.1049195681,0.504,-0.008
18727.10516451597,0.504,0.008
18727.105409463842,0.528,-0.008
18727.105654411713,0.496,-0.016
18727.105899359583,0.528,0.008
18727.106144307454,0.512,-0.016
18727.106389255325,0.496,0.0
18727.106634203195,0.496,-0.016
18727.106879151066,0.512,0.0
18727.107124098937,0.504,-0.008
18727.107369046807,0.512,0.0
18727.107613994678,0.512,0.0
18727.10785894255,0.496,-0.008
18727.10810389042,0.512,-0.008
18727.10834883829,0.496,0.0
18727.10859378616,0.504,0.0
18727.10883873403,0.496,-0.008
18727.109083681902,0.496,-0.008
18727.109328629773,0.512,0.0
18727.109573577643,0.512,0.0
18727.109818525514,0.496,-0.008
18727.110063473385,0.512,0.0
18727.110308421255,0.496,-0.008
18727.110553369126,0.496,-0.008
18727.110798316997,0.512,0.0
18727.111043264867,0.496,0.0
18727.111288212738,0.52,-0.008
18727.11153316061,0.52,-0.008
18727.111778108476,0.496,0.0
18727.112023056347,0.496,0.0
18727.112268004217,0.52,-0.008
18727.112512952088,0.496,0.0
18727.11275789996,0.512,-0.008
18727.11300284783,0.496,-0.008
18727.1132477957,0.52,0.0
18727.11349274357,0.504,-0.008
18727.11373769144,0.52,0.0
18727.113982639312,0.52,0.0
18727.114227587183,0.496,-0.008
18727.114472535053,0.496,0.0
18727.114717482924,0.512,-0.008
18727.114962430795,0.512,0.0
18727.115207378665,0.496,-0.008
18727.115452326536,0.512,0.0
18727.115697274407,0.536,-0.008
18727.115942222277,0.52,0.0
18727.116187170148,0.504,-0.008
18727.11643211802,0.512,-0.008
18727.11667706589,0.496,0.0
18727.11692201376,0.52,0.0
18727.11716696163,0.496,-0.008
18727.1174119095,0.496,-0.008
18727.117656857372,0.52,0.0
18727.117901805243,0.504,0.0
18727.118146753113,0.496,-0.008
18727.118391700984,0.496,-0.008
18727.118636648855,0.512,0.0
18727.118881596725,0.512,-0.008
18727.119126544596,0.496,0.0
18727.119371492467,0.496,0.0
18727.119616440337,0.52,-0.008
18727.119861388208,0.52,-0.008
18727.12010633608,0.496,0.0
18727.12035128395,0.512,0.0
18727.12059623182,0.496,-0.008
18727.120841179687,0.52,-0.008
18727.121086127558,0.496,0.0
18727.12133107543,0.496,-0.008
18727.1215760233,0.52,0.0
18727.12182097117,0.512,-0.008
18727.12206591904,0.504,0.0
18727.12231086691,0.52,-0.008
18727.12255581478,0.496,0.0
18727.122800762652,0.496,-0.008
18727.123045710523,0.52,0.0
18727.123290658394,0.496,0.0
18727.123535606264,0.512,-0.016
18727.123780554135,0.496,0.0
18727.124025502006,0.512,-0.008
18727.124270449876,0.496,0.0
18727.124515397747,0.512,-0.008
18727.124760345618,0.496,0.0
18727.12500529349,0.512,-0.008
18727.12525024136,0.496,-0.008
18727.12549518923,0.512,0.0
18727.1257401371,0.52,0.0
18727.12598508497,0.496,-0.008
18727.12623003284,0.496,0.0
18727.126474980712,0.512,-0.008
18727.126719928583,0.496,-0.008
18727.126964876454,0.52,0.0
18727.127209824324,0.52,-0.008
18727.127454772195,0.504,0.0
18727.127699720066,0.504,0.0
18727.127944667936,0.544,-0.008
18727.128189615807,0.528,0.0
18727.128434563678,0.544,-0.008
18727.12867951155,0.536,-0.008
18727.12892445942,0.552,0.0
18727.12916940729,0.536,0.0
18727.12941435516,0.544,-0.008
18727.12965930303,0.528,0.0
18727.1299042509,0.512,-0.016
18727.13014919877,0.536,0.0
18727.13039414664,0.504,-0.008
18727.13063909451,0.52,0.0
18727.13088404238,0.504,-0.016
18727.13112899025,0.52,0.0
18727.131373938122,0.496,-0.016
18727.131618885993,0.504,0.0
18727.131863833863,0.528,-0.016
18727.132108781734,0.536,0.0
18727.132353729605,0.52,-0.008
18727.132598677475,0.528,0.0
18727.132843625346,0.504,-0.008
18727.133088573217,0.512,-0.008
18727.133333521087,0.504,0.0
18727.133578468958,0.512,0.0
18727.13382341683,0.496,-0.008
18727.1340683647,0.512,0.0
18727.13431331257,0.496,-0.008
18727.13455826044,0.496,-0.008
18727.13480320831,0.52,0.0
18727.135048156182,0.52,0.0
18727.135293104053,0.496,-0.016
18727.135538051924,0.512,0.0
18727.135782999794,0.496,-0.008
18727.136027947665,0.52,0.0
18727.136272895536,0.504,-0.008
18727.136517843406,0.52,0.0
18727.136762791277,0.496,-0.016
18727.137007739148,0.496,0.0
18727.13725268702,0.52,-0.008
18727.13749763489,0.496,-0.008
18727.13774258276,0.52,0.0
18727.13798753063,0.504,-0.008
18727.1382324785,0.52,0.0
18727.13847742637,0.496,0.0
18727.138722374242,0.528,-0.008
18727.138967322113,0.528,0.0
18727.13921226998,0.544,-0.008
18727.13945721785,0.544,0.0
18727.13970216572,0.52,-0.008
18727.139947113592,0.544,0.0
18727.140192061463,0.52,-0.008
18727.140437009333,0.528,0.0
18727.140681957204,0.504,-0.016
18727.140926905075,0.504,0.0
18727.141171852945,0.52,-0.008
18727.141416800816,0.52,0.0
18727.141661748687,0.496,-0.016
18727.141906696557,0.536,0.0
18727.142151644428,0.504,-0.016
18727.1423965923,0.52,0.0
18727.14264154017,0.496,-0.016
18727.14288648804,0.496,0.0
18727.14313143591,0.528,-0.008
18727.14337638378,0.528,-0.008
18727.143621331652,0.552,0.0
18727.143866279523,0.536,-0.008
18727.144111227393,0.512,0.0
18727.144356175264,0.536,0.0
18727.144601123135,0.504,-0.016
18727.144846071005,0.504,0.0
18727.145091018876,0.52,-0.016
18727.145335966747,0.496,-0.008
18727.145580914617,0.52,0.0
18727.145825862488,0.504,-0.008
18727.14607081036,0.52,0.0
18727.14631575823,0.504,0.0
18727.1465607061,0.528,-0.016
18727.14680565397,0.504,0.0
18727.14705060184,0.528,-0.016
18727.147295549712,0.52,-0.008
18727.147540497583,0.544,0.0
18727.147785445453,0.544,0.0
18727.148030393324,0.528,-0.016
18727.148275341195,0.544,-0.008
18727.14852028906,0.528,0.0
18727.148765236932,0.52,0.0
18727.149010184803,0.544,-0.016
18727.149255132674,0.52,0.0
18727.149500080544,0.496,-0.016
18727.149745028415,0.504,0.0
18727.149989976286,0.512,-0.008
18727.150234924156,0.512,0.0
18727.150479872027,0.544,-0.008
18727.150724819898,0.544,0.0
18727.15096976777,0.52,-0.008
18727.15121471564,0.528,0.0
18727.15145966351,0.504,-0.008
18727.15170461138,0.52,0.0
18727.15194955925,0.56,-0.008
18727.15219450712,0.544,0.0
18727.152439454992,0.56,-0.016
18727.152684402863,0.544,0.0
18727.152929350734,0.56,-0.016
18727.153174298604,0.56,-0.008
18727.153419246475,0.544,0.0
18727.153664194346,0.56,0.0
18727.153909142216,0.544,-0.008
18727.154154090087,0.544,0.0
18727.154399037958,0.56,-0.016
18727.15464398583,0.544,-0.008
18727.1548889337,0.5680000000000001,0.0
18727.15513388157,0.552,-0.008
18727.15537882944,0.56,0.0
18727.15562377731,0.5680000000000001,0.0
18727.15586872518,0.544,-0.016
18727.156113673052,0.552,-0.008
18727.156358620923,0.5680000000000001,0.0
18727.156603568794,0.5680000000000001,0.0
18727.156848516664,0.544,-0.016
18727.157093464535,0.544,0.0
18727.157338412406,0.56,-0.008
18727.157583360273,0.552,0.0
18727.157828308144,0.5680000000000001,-0.008
18727.158073256014,0.552,0.0
18727.158318203885,0.5680000000000001,-0.016
18727.158563151756,0.552,0.0
18727.158808099626,0.5680000000000001,-0.008
18727.159053047497,0.552,0.0
18727.159297995368,0.5680000000000001,-0.016
18727.15954294324,0.552,0.0
18727.15978789111,0.5680000000000001,-0.008
18727.16003283898,0.552,0.0
18727.16027778685,0.5680000000000001,-0.016
18727.16052273472,0.5680000000000001,0.0
18727.16076768259,0.552,-0.016
18727.161012630462,0.552,0.0
18727.161257578333,0.56,-0.016
18727.161502526204,0.5680000000000001,0.0
18727.161747474074,0.552,-0.016
18727.161992421945,0.552,0.0
18727.162237369816,0.5680000000000001,-0.008
18727.162482317686,0.552,-0.016
18727.162727265557,0.5680000000000001,0.0
18727.162972213428,0.5680000000000001,-0.016
18727.1632171613,0.544,0.0
18727.16346210917,0.552,0.0
18727.16370705704,0.5680000000000001,-0.008
18727.16395200491,0.552,-0.008
18727.16419695278,0.5680000000000001,0.016
18727.16444190065,0.552,0.016
18727.164686848522,0.5680000000000001,0.112
18727.164931796393,0.552,0.112
18727.165176744264,0.5680000000000001,0.248
18727.165421692134,0.5680000000000001,0.256
18727.165666640005,0.552,0.336
18727.165911587876,0.552,0.328
18727.166156535746,0.5680000000000001,0.36
18727.166401483617,0.552,0.352
18727.166646431488,0.5680000000000001,0.368
18727.166891379355,0.552,0.368
18727.167136327225,0.5680000000000001,0.368
18727.167381275096,0.552,0.368
18727.167626222967,0.5680000000000001,0.376
18727.167871170837,0.5680000000000001,0.368
18727.168116118708,0.544,0.368
18727.16836106658,0.552,0.368
18727.16860601445,0.5680000000000001,0.368
18727.16885096232,0.552,0.368
18727.16909591019,0.5680000000000001,0.368
18727.16934085806,0.552,0.368
18727.169585805932,0.5680000000000001,0.368
18727.169830753803,0.552,0.368
18727.170075701673,0.5680000000000001,0.368
18727.170320649544,0.552,0.368
18727.170565597415,0.5680000000000001,0.376
18727.170810545285,0.5680000000000001,0.376
18727.171055493156,0.552,0.368
18727.171300441027,0.5680000000000001,0.368
18727.171545388897,0.552,0.368
18727.171790336768,0.552,0.368
18727.17203528464,0.5680000000000001,0.368
18727.17228023251,0.552,0.368
18727.17252518038,0.5680000000000001,0.368
18727.17277012825,0.552,0.368
18727.17301507612,0.5680000000000001,0.368
18727.173260023992,0.552,0.368
18727.173504971863,0.5680000000000001,0.376
18727.173749919733,0.552,0.368
18727.173994867604,0.5680000000000001,0.368
18727.174239815475,0.552,0.368
18727.174484763345,0.5680000000000001,0.368
18727.174729711216,0.5680000000000001,0.368
18727.174974659087,0.552,0.368
18727.175219606957,0.552,0.368
18727.175464554828,0.5680000000000001,0.368
18727.1757095027,0.552,0.368
18727.175954450566,0.5680000000000001,0.368
18727.176199398436,0.552,0.368
18727.176444346307,0.56,0.376
18727.176689294178,0.552,0.368
18727.17693424205,0.56,0.376
18727.17717918992,0.552,0.368
18727.17742413779,0.5680000000000001,0.368
18727.17766908566,0.552,0.368
18727.17791403353,0.5760000000000001,0.376
18727.1781589814,0.5680000000000001,0.368
18727.178403929272,0.552,0.368
18727.178648877143,0.552,0.368
18727.178893825014,0.5680000000000001,0.368
18727.179138772884,0.552,0.368
18727.179383720755,0.5680000000000001,0.376
18727.179628668626,0.552,0.368
18727.179873616496,0.5680000000000001,0.368
18727.180118564367,0.552,0.368
18727.180363512238,0.5680000000000001,0.368
18727.18060846011,0.552,0.376
18727.18085340798,0.5680000000000001,0.368
18727.18109835585,0.552,0.376
18727.18134330372,0.5680000000000001,0.424
18727.18158825159,0.552,0.40800000000000003
18727.181833199462,0.5680000000000001,0.432
18727.182078147333,0.552,0.432
18727.182323095203,0.5680000000000001,0.392
18727.182568043074,0.552,0.4
18727.182812990945,0.5760000000000001,0.376
18727.183057938815,0.5680000000000001,0.368
18727.183302886686,0.552,0.384
18727.183547834557,0.552,0.384
18727.183792782427,0.5680000000000001,0.40800000000000003
18727.184037730298,0.56,0.384
18727.18428267817,0.552,0.376
18727.18452762604,0.552,0.384
18727.18477257391,0.5680000000000001,0.368
18727.18501752178,0.5680000000000001,0.368
18727.185262469648,0.552,0.4
18727.18550741752,0.552,0.4
18727.18575236539,0.5680000000000001,0.424
18727.18599731326,0.552,0.41600000000000004
18727.18624226113,0.5680000000000001,0.432
18727.186487209,0.552,0.424
18727.18673215687,0.5680000000000001,0.376
18727.186977104742,0.552,0.376
18727.187222052613,0.5680000000000001,0.392
18727.187467000484,0.5680000000000001,0.4
18727.187711948354,0.552,0.432
18727.187956896225,0.552,0.432
18727.188201844096,0.5680000000000001,0.41600000000000004
18727.188446791966,0.552,0.424
18727.188691739837,0.5680000000000001,0.44
18727.188936687708,0.552,0.424
18727.18918163558,0.56,0.44
18727.18942658345,0.5680000000000001,0.432
18727.18967153132,0.552,0.40800000000000003
18727.18991647919,0.552,0.424
18727.19016142706,0.5680000000000001,0.41600000000000004
18727.19040637493,0.552,0.432
18727.190651322802,0.5680000000000001,0.41600000000000004
18727.190896270673,0.552,0.424
18727.191141218544,0.5680000000000001,0.432
18727.191386166414,0.552,0.432
18727.191631114285,0.5680000000000001,0.41600000000000004
18727.191876062156,0.5680000000000001,0.432
18727.192121010026,0.552,0.41600000000000004
18727.192365957897,0.552,0.432
18727.192610905768,0.5680000000000001,0.41600000000000004
18727.19285585364,0.552,0.424
18727.19310080151,0.5680000000000001,0.376
18727.19334574938,0.5680000000000001,0.376
18727.19359069725,0.552,0.376
18727.19383564512,0.5680000000000001,0.376
18727.19408059299,0.552,0.40800000000000003
18727.19432554086,0.5680000000000001,0.40800000000000003
18727.19457048873,0.552,0.424
18727.1948154366,0.552,0.41600000000000004
18727.19506038447,0.5680000000000001,0.432
18727.19530533234,0.552,0.432
18727.195550280212,0.5680000000000001,0.41600000000000004
18727.195795228083,0.56,0.432
18727.196040175953,0.552,0.41600000000000004
18727.196285123824,0.552,0.424
18727.196530071695,0.5680000000000001,0.384
18727.196775019565,0.5680000000000001,0.384
18727.197019967436,0.552,0.368
18727.197264915307,0.552,0.368
18727.197509863177,0.5680000000000001,0.376
18727.197754811048,0.552,0.368
18727.19799975892,0.5680000000000001,0.4
18727.19824470679,0.552,0.4
18727.19848965466,0.5680000000000001,0.432
18727.19873460253,0.552,0.432
18727.1989795504,0.5680000000000001,0.41600000000000004
18727.199224498272,0.5680000000000001,0.41600000000000004
18727.199469446143,0.552,0.432
18727.199714394013,0.5680000000000001,0.424
18727.199959341884,0.552,0.432
18727.200204289755,0.5680000000000001,0.432
18727.200449237625,0.552,0.392
18727.200694185496,0.552,0.4
18727.200939133367,0.5680000000000001,0.376
18727.201184081237,0.5680000000000001,0.368
18727.201429029108,0.552,0.384
18727.20167397698,0.552,0.368
18727.20191892485,0.56,0.384
18727.20216387272,0.5680000000000001,0.384
18727.20240882059,0.552,0.41600000000000004
18727.20265376846,0.552,0.432
18727.202898716332,0.5680000000000001,0.4
18727.203143664203,0.5680000000000001,0.40800000000000003
18727.203388612073,0.552,0.376
18727.20363355994,0.552,0.376
18727.20387850781,0.5680000000000001,0.4
18727.204123455682,0.5680000000000001,0.4
18727.204368403553,0.552,0.424
18727.204613351423,0.552,0.424
18727.204858299294,0.5680000000000001,0.392
18727.205103247165,0.552,0.392
18727.205348195035,0.56,0.368
18727.205593142906,0.552,0.376
18727.205838090777,0.5680000000000001,0.368
18727.206083038647,0.56,0.368
18727.206327986518,0.552,0.376
18727.20657293439,0.552,0.376
18727.20681788226,0.5680000000000001,0.384
18727.20706283013,0.5760000000000001,0.376
18727.207307778,0.544,0.41600000000000004
18727.20755272587,0.56,0.41600000000000004
18727.207797673742,0.544,0.432
18727.213070631027,0.496,-0.016
18727.213338932394,0.512,0.0
18727.213607233763,0.496,0.0
18727.21387553513,0.512,-0.016
18727.2141438365,0.496,-0.016
18727.214412137866,0.504,0.0
18727.214680439232,0.496,-0.016
18727.214948740602,0.52,0.0
18727.21521704197,0.496,-0.016
18727.21548534334,0.512,0.0
18727.215753644705,0.496,-0.016
18727.21602194607,0.504,0.0
18727.21629024744,0.496,-0.016
18727.216558548807,0.512,0.0
18727.216826850177,0.496,-0.016
18727.217095151544,0.512,0.0
18727.21736345291,0.496,-0.016
18727.21763175428,0.512,0.0
18727.217900055646,0.496,-0.016
18727.218168357016,0.504,0.0
18727.218436658382,0.496,-0.008
18727.21870495975,0.504,0.016
18727.21897326112,0.512,0.016
18727.219241562485,0.496,0.112
18727.219509863855,0.496,0.112
18727.21977816522,0.512,0.248
18727.220046466588,0.496,0.248
18727.220314767957,0.504,0.32
18727.220583069324,0.496,0.328
18727.220851370694,0.512,0.34400000000000003
18727.22111967206,0.496,0.34400000000000003
18727.221387973426,0.512,0.352
18727.221656274796,0.496,0.34400000000000003
18727.221924576163,0.528,0.36
18727.222192877533,0.496,0.352
18727.2224611789,0.52,0.36
18727.222729480265,0.504,0.352
18727.222997781635,0.536,0.36
18727.223266083,0.512,0.36
18727.22353438437,0.528,0.34400000000000003
18727.223802685738,0.52,0.34400000000000003
18727.224070987104,0.496,0.36
18727.224339288474,0.512,0.36
18727.22460758984,0.496,0.352
18727.22487589121,0.496,0.36
18727.225144192576,0.512,0.368
18727.225412493943,0.496,0.34400000000000003
18727.225680795313,0.512,0.368
18727.22594909668,0.512,0.368
18727.22621739805,0.496,0.40800000000000003
18727.226485699415,0.512,0.4
18727.22675400078,0.496,0.41600000000000004
18727.22702230215,0.496,0.41600000000000004
18727.227290603518,0.504,0.4
18727.227558904888,0.496,0.4
18727.227827206254,0.512,0.41600000000000004
18727.22809550762,0.496,0.41600000000000004
18727.22836380899,0.512,0.4
18727.228632110357,0.496,0.424
18727.228900411726,0.504,0.392
18727.229168713093,0.496,0.4
18727.22943701446,0.504,0.41600000000000004
18727.22970531583,0.496,0.41600000000000004
18727.229973617195,0.512,0.4
18727.230241918565,0.496,0.41600000000000004
18727.23051021993,0.504,0.40800000000000003
18727.230778521298,0.496,0.41600000000000004
18727.231046822668,0.512,0.4
18727.231315124034,0.496,0.41600000000000004
18727.231583425404,0.512,0.4
18727.23185172677,0.496,0.41600000000000004
18727.232120028137,0.512,0.4
18727.232388329507,0.52,0.41600000000000004
18727.232656630873,0.544,0.4
18727.232924932243,0.528,0.40800000000000003
18727.23319323361,0.544,0.41600000000000004
18727.233461534976,0.544,0.40800000000000003
18727.233729836345,0.504,0.41600000000000004
18727.23399813771,0.504,0.4
18727.23426643908,0.528,0.41600000000000004
18727.234534740448,0.496,0.41600000000000004
18727.234803041814,0.536,0.4
18727.235071343184,0.536,0.41600000000000004
18727.23533964455,0.512,0.376
18727.23560794592,0.528,0.376
18727.235876247287,0.544,0.36
18727.236144548653,0.504,0.368
18727.236412850023,0.52,0.4
18727.23668115139,0.52,0.4
18727.23694945276,0.496,0.41600000000000004
18727.237217754126,0.52,0.41600000000000004
18727.237486055492,0.496,0.392
18727.237754356862,0.496,0.392
18727.238022658228,0.512,0.36
18727.238290959598,0.496,0.36
18727.238559260964,0.512,0.384
18727.23882756233,0.512,0.392
18727.2390958637,0.496,0.40800000000000003
18727.239364165067,0.496,0.4
18727.239632466437,0.512,0.41600000000000004
18727.239900767803,0.496,0.40800000000000003
18727.24016906917,0.52,0.40800000000000003
18727.24043737054,0.52,0.40800000000000003
18727.240705671906,0.544,0.41600000000000004
18727.240973973276,0.544,0.40800000000000003
18727.241242274642,0.528,0.424
18727.24151057601,0.52,0.4
18727.24177887738,0.544,0.41600000000000004
18727.242047178745,0.536,0.41600000000000004
18727.242315480114,0.56,0.40800000000000003
18727.24258378148,0.56,0.40800000000000003
18727.242852082847,0.528,0.41600000000000004
18727.243120384217,0.536,0.40800000000000003
18727.243388685583,0.496,0.424
18727.243656986953,0.504,0.4
18727.24392528832,0.496,0.41600000000000004
18727.244193589686,0.52,0.40800000000000003
18727.244461891056,0.496,0.41600000000000004
18727.244730192422,0.504,0.424
18727.244998493792,0.52,0.4
18727.24526679516,0.504,0.41600000000000004
18727.245535096525,0.528,0.40800000000000003
18727.245803397895,0.536,0.40800000000000003
18727.24607169926,0.512,0.41600000000000004
18727.24634000063,0.528,0.40800000000000003
18727.246608301997,0.504,0.424
18727.246876603363,0.504,0.41600000000000004
18727.247144904733,0.52,0.4
18727.2474132061,0.52,0.4
18727.24768150747,0.496,0.41600000000000004
18727.247949808836,0.496,0.4
18727.248218110202,0.52,0.424
18727.248486411572,0.504,0.40800000000000003
18727.24875471294,0.544,0.424
18727.24902301431,0.528,0.41600000000000004
18727.249291315675,0.552,0.40800000000000003
18727.24955961704,0.528,0.41600000000000004
18727.24982791841,0.552,0.40800000000000003
18727.250096219777,0.552,0.40800000000000003
18727.250364521147,0.528,0.424
18727.250632822514,0.544,0.4
18727.25090112388,0.512,0.41600000000000004
18727.25116942525,0.504,0.40800000000000003
18727.251437726616,0.512,0.41600000000000004
18727.251706027986,0.496,0.40800000000000003
18727.251974329352,0.52,0.424
18727.25224263072,0.512,0.41600000000000004
18727.25251093209,0.496,0.4
18727.252779233455,0.504,0.41600000000000004
18727.253047534825,0.536,0.4
18727.25331583619,0.52,0.4
18727.253584137557,0.504,0.41600000000000004
18727.253852438927,0.512,0.4
18727.254120740294,0.536,0.41600000000000004
18727.254389041664,0.536,0.40800000000000003
18727.25465734303,0.512,0.424
18727.254925644396,0.52,0.41600000000000004
18727.255193945766,0.496,0.40800000000000003
18727.255462247133,0.52,0.41600000000000004
18727.255730548502,0.496,0.4
18727.25599884987,0.496,0.40800000000000003
18727.256267151235,0.536,0.368
18727.256535452605,0.528,0.368
18727.25680375397,0.536,0.36
18727.25707205534,0.528,0.368
18727.257340356708,0.544,0.352
18727.257608658074,0.528,0.352
18727.257876959444,0.552,0.368
18727.25814526081,0.536,0.368
18727.25841356218,0.512,0.352
18727.258681863546,0.504,0.36
18727.258950164913,0.544,0.368
18727.259218466283,0.544,0.36
18727.25948676765,0.528,0.352
18727.25975506902,0.544,0.36
18727.260023370385,0.512,0.352
18727.26029167175,0.512,0.36
18727.26055997312,0.496,0.36
18727.260828274488,0.504,0.352
18727.261096575858,0.512,0.36
18727.261364877224,0.504,0.36
18727.26163317859,0.512,0.36
18727.26190147996,0.496,0.36
18727.262169781327,0.512,0.384
18727.262438082696,0.504,0.392
18727.262706384063,0.528,0.40800000000000003
18727.26297468543,0.512,0.4
18727.2632429868,0.504,0.41600000000000004
18727.263511288165,0.52,0.41600000000000004
18727.263779589535,0.504,0.384
18727.2640478909,0.504,0.384
18727.264316192268,0.512,0.41600000000000004
18727.264584493638,0.496,0.40800000000000003
18727.264852795004,0.512,0.4
18727.265121096374,0.512,0.40800000000000003
18727.26538939774,0.496,0.424
18727.265657699107,0.504,0.41600000000000004
18727.265926000477,0.528,0.4
18727.266194301843,0.528,0.40800000000000003
18727.266462603213,0.496,0.41600000000000004
18727.26673090458,0.504,0.40800000000000003
18727.266999205945,0.52,0.41600000000000004
18727.267267507315,0.512,0.40800000000000003
18727.26753580868,0.496,0.4
18727.26780411005,0.496,0.40800000000000003
18727.268072411418,0.52,0.41600000000000004
18727.268340712784,0.512,0.41600000000000004
18727.268609014154,0.496,0.4
18727.26887731552,0.512,0.40800000000000003
18727.26914561689,0.496,0.41600000000000004
18727.269413918257,0.512,0.41600000000000004
18727.269682219623,0.496,0.4
18727.269950520993,0.496,0.40800000000000003
18727.27021882236,0.512,0.368
18727.27048712373,0.496,0.368
18727.270755425096,0.52,0.36
18727.271023726462,0.528,0.36
18727.27129202783,0.496,0.368
18727.271560329198,0.496,0.36
18727.271828630568,0.52,0.376
18727.272096931934,0.52,0.376
18727.2723652333,0.504,0.40800000000000003
18727.27263353467,0.496,0.40800000000000003
18727.272901836037,0.512,0.41600000000000004
18727.273170137407,0.504,0.41600000000000004
18727.273438438773,0.512,0.40800000000000003
18727.27370674014,0.512,0.40800000000000003
18727.27397504151,0.496,0.41600000000000004
18727.274243342876,0.496,0.4
18727.274511644246,0.504,0.41600000000000004
18727.274779945612,0.504,0.40800000000000003
18727.27504824698,0.496,0.41600000000000004
18727.27531654835,0.512,0.4
18727.275584849715,0.496,0.424
18727.275853151084,0.496,0.41600000000000004
18727.27612145245,0.512,0.4
18727.276389753817,0.512,0.4
18727.276658055187,0.496,0.384
18727.276926356553,0.52,0.4
18727.277194657923,0.504,0.384
18727.27746295929,0.496,0.392
18727.277731260656,0.552,0.41600000000000004
18727.277999562026,0.552,0.41600000000000004
18727.278267863392,0.536,0.368
18727.278536164762,0.536,0.368
18727.27880446613,0.552,0.376
18727.279072767495,0.544,0.368
18727.279341068865,0.56,0.392
18727.27960937023,0.544,0.392
18727.2798776716,0.56,0.41600000000000004
18727.280145972967,0.544,0.41600000000000004
18727.280414274333,0.56,0.4
18727.280682575703,0.544,0.4
18727.28095087707,0.56,0.41600000000000004
18727.28121917844,0.544,0.41600000000000004
18727.281487479806,0.56,0.40800000000000003
18727.281755781172,0.544,0.41600000000000004
18727.282024082542,0.56,0.40800000000000003
18727.28229238391,0.544,0.41600000000000004
18727.28256068528,0.56,0.40800000000000003
18727.282828986645,0.544,0.40800000000000003
18727.28309728801,0.56,0.41600000000000004
18727.28336558938,0.544,0.41600000000000004
18727.283633890747,0.552,0.40800000000000003
18727.283902192117,0.544,0.41600000000000004
18727.284170493484,0.56,0.4
18727.28443879485,0.544,0.40800000000000003
18727.28470709622,0.56,0.41600000000000004
18727.284975397586,0.544,0.41600000000000004
18727.285243698956,0.56,0.392
18727.285512000322,0.544,0.392
18727.28578030169,0.5680000000000001,0.328
18727.28604860306,0.544,0.32
18727.286316904425,0.56,0.168
18727.286585205795,0.544,0.16
18727.28685350716,0.56,0.048
18727.287121808527,0.56,0.048
18727.287390109897,0.544,0.008
18727.287658411264,0.544,0.008
18727.287926712634,0.56,-0.008
18727.288195014,0.56,0.0
18727.288463315366,0.544,-0.008
18727.288731616736,0.552,0.0
18727.288999918102,0.56,-0.016
18727.289268219472,0.56,-0.008
18727.28953652084,0.544,0.0
18727.289804822205,0.552,-0.016
18727.290073123575,0.5680000000000001,0.0
18727.29034142494,0.56,-0.008
18727.29060972631,0.544,0.0
18727.290878027678,0.544,-0.008
18727.291146329044,0.56,0.0
18727.291414630414,0.544,0.0
18727.29168293178,0.56,-0.008
18727.29195123315,0.552,0.0
18727.292219534516,0.56,-0.016
18727.292487835883,0.5680000000000001,-0.016
18727.292756137253,0.544,0.0
18727.29302443862,0.56,0.0
18727.29329273999,0.544,-0.016
18727.293561041355,0.552,0.0
18727.29382934272,0.56,-0.016
18727.29409764409,0.552,0.0
18727.294365945458,0.5680000000000001,-0.016
18727.294634246828,0.544,-0.008
18727.294902548194,0.56,0.0
18727.29517084956,0.5680000000000001,-0.016
18727.29543915093,0.552,0.0
18727.295707452296,0.552,0.0
18727.295975753666,0.56,-0.016
18727.296244055033,0.544,-0.016
18727.2965123564,0.56,0.0
18727.29678065777,0.56,0.0
18727.297048959135,0.544,-0.016
18727.297317260505,0.552,0.0
18727.29758556187,0.5680000000000001,-0.016
18727.297853863238,0.5680000000000001,0.0
18727.298122164608,0.544,-0.016
18727.298390465974,0.552,0.0
18727.298658767344,0.5680000000000001,-0.016
18727.29892706871,0.552,0.0
18727.299195370077,0.5680000000000001,-0.016
18727.299463671447,0.5680000000000001,-0.016
18727.299731972813,0.544,0.0
18727.300000274183,0.56,-0.016
18727.30026857555,0.544,0.0
18727.300536876915,0.552,0.0
18727.300805178285,0.5680000000000001,-0.016
18727.30107347965,0.552,0.0
18727.30134178102,0.5680000000000001,-0.016
18727.301610082388,0.5680000000000001,0.0
18727.301878383754,0.544,-0.016
18727.302146685124,0.56,0.0
18727.30241498649,0.544,-0.016
18727.30268328786,0.552,-0.016
18727.302951589227,0.56,0.0
18727.303219890593,0.544,0.0
18727.303488191963,0.5680000000000001,-0.016
18727.30375649333,0.5680000000000001,0.0
18727.3040247947,0.544,-0.016
18727.304293096066,0.552,0.0
18727.304561397432,0.5680000000000001,-0.016
18727.3048296988,0.552,0.0
18727.305098000168,0.5680000000000001,-0.016
18727.305366301538,0.552,0.0
18727.305634602904,0.5680000000000001,-0.016
18727.30590290427,0.552,-0.016
18727.30617120564,0.5680000000000001,0.0
18727.306439507007,0.56,-0.016
18727.306707808377,0.536,0.0
18727.306976109743,0.552,-0.016
18727.30724441111,0.528,0.0
18727.30751271248,0.512,0.0
18727.307781013846,0.536,-0.016
18727.308049315216,0.52,0.0
18727.308317616582,0.504,-0.016
18727.30858591795,0.504,-0.016
18727.308854219318,0.528,0.0
18727.309122520684,0.504,0.0
18727.309390822054,0.52,-0.016
18727.30965912342,0.504,0.0
18727.309927424787,0.536,-0.016
18727.310195726157,0.504,-0.016
18727.310464027523,0.528,0.0
18727.310732328893,0.504,0.0
18727.31100063026,0.52,-0.016
18727.311268931626,0.504,-0.016
18727.311537232996,0.52,0.0
18727.311805534362,0.504,-0.016
18727.312073835732,0.528,0.0
18727.3123421371,0.504,0.0
18727.312610438465,0.52,-0.016
18727.312878739835,0.504,-0.016
18727.3131470412,0.528,0.0
18727.31341534257,0.528,0.0
18727.313683643937,0.504,-0.016
18727.313951945303,0.528,-0.016
18727.314220246673,0.56,0.0
18727.31448854804,0.544,-0.016
18727.31475684941,0.56,0.0
18727.315025150776,0.544,0.0
18727.315293452142,0.56,-0.016
18727.315561753512,0.544,-0.016
18727.31583005488,0.56,0.0
18727.31609835625,0.544,-0.016
18727.316366657615,0.56,0.0
18727.31663495898,0.544,-0.016
18727.31690326035,0.56,0.0
18727.317171561717,0.544,0.0
18727.317439863087,0.56,-0.016
18727.317708164454,0.544,0.0
18727.31797646582,0.56,-0.016
18727.31824476719,0.544,0.0
18727.318513068556,0.56,-0.016
18727.318781369926,0.56,-0.016
18727.319049671292,0.544,0.0
18727.31931797266,0.56,0.0
18727.31958627403,0.536,-0.016
18727.319854575395,0.528,-0.016
18727.320122876765,0.552,0.0
18727.32039117813,0.536,0.0
18727.320659479497,0.56,-0.016
18727.320927780867,0.544,-0.016
18727.321196082234,0.56,0.0
18727.321464383604,0.544,-0.008
18727.32173268497,0.56,-0.016
18727.322000986336,0.56,-0.016
18727.322269287706,0.544,0.0
18727.322537589072,0.544,0.0
18727.322805890442,0.5680000000000001,-0.016
18727.32307419181,0.552,-0.016
18727.323342493175,0.56,0.0
18727.323610794545,0.544,-0.016
18727.32387909591,0.56,0.0
18727.32414739728,0.56,-0.008
18727.324415698647,0.544,-0.016
18727.324684000014,0.56,-0.016
18727.324952301384,0.544,0.0
18727.32522060275,0.56,-0.016
18727.32548890412,0.544,0.0
18727.325757205486,0.552,-0.016
18727.326025506853,0.56,0.0
18727.326293808223,0.5680000000000001,-0.016
18727.32656210959,0.544,0.0
18727.32683041096,0.5680000000000001,-0.016
18727.327098712325,0.552,0.0
18727.32736701369,0.56,0.0
18727.32763531506,0.544,-0.016
18727.327903616428,0.544,0.0
18727.328171917798,0.56,-0.016
18727.328440219164,0.56,-0.016
18727.32870852053,0.544,0.0
18727.3289768219,0.5680000000000001,-0.016
18727.329245123266,0.544,0.0
18727.329513424636,0.552,-0.016
18727.329781726003,0.5680000000000001,0.0
18727.33005002737,0.552,-0.016
18727.33031832874,0.5680000000000001,0.0
18727.330586630105,0.56,-0.016
18727.330854931475,0.544,0.0
18727.33112323284,0.56,-0.016
18727.331391534208,0.544,0.0
18727.331659835578,0.56,-0.016
18727.331928136944,0.544,0.0
18727.332196438314,0.552,-0.016
18727.33246473968,0.5680000000000001,0.0
18727.332733041047,0.552,0.0
18727.333001342417,0.5680000000000001,-0.016
18727.333269643783,0.552,0.0
18727.333537945153,0.5680000000000001,-0.016
18727.33380624652,0.56,-0.016
18727.334074547885,0.544,0.0
18727.334342849255,0.552,-0.016
18727.33461115062,0.56,0.0
18727.33487945199,0.552,-0.016
18727.335147753358,0.5680000000000001,-0.008
18727.335416054724,0.56,-0.016
18727.335684356094,0.544,0.0
18727.33595265746,0.552,-0.016
18727.33622095883,0.5680000000000001,-0.008
18727.336489260197,0.552,-0.016
18727.336757561563,0.5680000000000001,0.0
18727.337025862933,0.544,-0.016
18727.3372941643,0.5680000000000001,0.0
18727.33756246567,0.552,-0.016
18727.337830767035,0.5680000000000001,0.0
18727.3380990684,0.56,-0.016
18727.33836736977,0.544,0.0
18727.338635671138,0.5680000000000001,-0.016
18727.338903972508,0.544,0.0
18727.339172273874,0.56,-0.016
18727.33944057524,0.544,0.0
18727.33970887661,0.552,-0.016
18727.339977177977,0.5680000000000001,0.0
18727.340245479347,0.544,0.0
18727.340513780713,0.56,-0.016
18727.34078208208,0.544,-0.016
18727.34105038345,0.5680000000000001,0.0
18727.341318684816,0.56,0.0
18727.341586986186,0.544,-0.016
18727.341855287552,0.56,0.0
18727.34212358892,0.544,-0.016
18727.342391890288,0.544,-0.016
18727.342660191654,0.56,0.0
18727.342928493024,0.544,-0.016
18727.34319679439,0.5680000000000001,0.0
18727.343465095757,0.56,-0.016
18727.343733397127,0.536,0.0
18727.344001698493,0.544,-0.016
18727.344269999863,0.52,-0.008
18727.34453830123,0.52,-0.016
18727.344806602596,0.504,0.0
18727.345074903966,0.504,-0.016
18727.345343205332,0.52,0.0
18727.345611506702,0.504,-0.016
18727.34587980807,0.512,0.0
18727.346148109435,0.512,-0.016
18727.346416410805,0.496,0.0
18727.34668471217,0.504,-0.016
18727.34695301354,0.52,-0.008
18727.347221314907,0.504,-0.016
18727.347489616273,0.512,0.0
18727.347757917643,0.496,-0.016
18727.34802621901,0.52,0.0
18727.34829452038,0.512,0.0
18727.348562821746,0.496,-0.016
18727.348831123112,0.504,0.0
18727.349099424482,0.512,-0.016
18727.34936772585,0.512,-0.016
18727.34963602722,0.496,0.0
18727.349904328585,0.504,0.0
18727.35017262995,0.52,-0.016
18727.35044093132,0.504,0.0
18727.350709232687,0.544,-0.016
18727.350977534057,0.544,-0.016
18727.351245835423,0.528,0.0
18727.35151413679,0.528,-0.016
18727.35178243816,0.544,0.0
18727.352050739526,0.536,-0.016
18727.352319040896,0.552,0.0
18727.352587342262,0.552,-0.008
18727.35285564363,0.528,0.024
18727.353123945,0.536,0.024
18727.353392246365,0.512,0.128
18727.353660547735,0.504,0.14400000000000002
18727.3539288491,0.52,0.28800000000000003
18727.354197150467,0.504,0.28800000000000003
18727.354465451837,0.52,0.376
18727.354733753204,0.496,0.376
18727.355002054574,0.504,0.352
18727.35527035594,0.504,0.352
18727.355538657306,0.496,0.36
18727.355806958676,0.504,0.36
18727.356075260042,0.512,0.34400000000000003
18727.356343561412,0.496,0.36
18727.35661186278,0.512,0.352
18727.356880164145,0.496,0.36
18727.357148465515,0.512,0.352
18727.35741676688,0.496,0.352
18727.35768506825,0.52,0.36
18727.357953369617,0.496,0.352
18727.358221670984,0.512,0.36
18727.358489972354,0.504,0.36
18727.35875827372,0.536,0.352
18727.35902657509,0.528,0.36
18727.359294876456,0.544,0.34400000000000003
18727.359563177823,0.544,0.36
18727.359831479193,0.512,0.352
18727.36009978056,0.512,0.36
18727.36036808193,0.496,0.352
18727.360636383295,0.496,0.36
18727.36090468466,0.504,0.34400000000000003
18727.36117298603,0.512,0.352
18727.361441287398,0.496,0.36
18727.361709588768,0.496,0.36
18727.361977890134,0.512,0.352
18727.3622461915,0.496,0.352
18727.36251449287,0.512,0.36
18727.362782794236,0.496,0.36
18727.363051095606,0.504,0.34400000000000003
18727.363319396973,0.488,0.36
18727.36358769834,0.52,0.36
18727.36385599971,0.512,0.36
18727.364124301075,0.496,0.352
18727.364392602445,0.496,0.36
18727.36466090381,0.52,0.352
18727.364929205178,0.496,0.36
18727.365197506548,0.536,0.34400000000000003
18727.365465807914,0.528,0.36
18727.365734109284,0.544,0.352
18727.36600241065,0.528,0.352
18727.366270712017,0.544,0.36
18727.366539013387,0.544,0.36
18727.366807314753,0.528,0.36
18727.367075616123,0.544,0.36
18727.36734391749,0.52,0.352
18727.367612218855,0.528,0.36
18727.367880520225,0.504,0.352
18727.36814882159,0.512,0.36
18727.36841712296,0.496,0.34400000000000003
18727.368685424328,0.496,0.36
18727.368953725694,0.52,0.352
18727.369222027064,0.496,0.36
18727.36949032843,0.52,0.352
18727.3697586298,0.496,0.36
18727.370026931167,0.504,0.352
18727.370295232533,0.496,0.36
18727.370563533903,0.512,0.352
18727.37083183527,0.496,0.36
18727.37110013664,0.504,0.34400000000000003
18727.371368438005,0.496,0.36
18727.37163673937,0.512,0.36
18727.37190504074,0.496,0.36
18727.372173342108,0.512,0.352
18727.372441643478,0.512,0.352
18727.372709944844,0.496,0.36
18727.37297824621,0.496,0.36
18727.37324654758,0.512,0.352
18727.373514848947,0.512,0.36
18727.373783150317,0.488,0.352
18727.374051451683,0.496,0.36
18727.37431975305,0.512,0.36
18727.37458805442,0.512,0.36
18727.374856355786,0.496,0.352
18727.375124657156,0.512,0.36
18727.375392958522,0.496,0.352
18727.375661259888,0.496,0.36
18727.375929561258,0.504,0.352
18727.376197862624,0.496,0.36
18727.376466163994,0.512,0.352
18727.37673446536,0.496,0.36
18727.377002766727,0.512,0.352
18727.377271068097,0.496,0.36
18727.377539369463,0.512,0.352
18727.377807670833,0.504,0.36
18727.3780759722,0.496,0.352
18727.378344273566,0.496,0.36
18727.378612574936,0.512,0.352
18727.378880876302,0.496,0.36
18727.379149177672,0.504,0.352
18727.37941747904,0.496,0.36
18727.379685780405,0.52,0.36
18727.379954081774,0.496,0.36
18727.38022238314,0.528,0.352
18727.38049068451,0.52,0.36
18727.380758985877,0.536,0.352
18727.381027287243,0.536,0.36
18727.381295588613,0.512,0.352
18727.38156388998,0.52,0.36
18727.38183219135,0.496,0.352
18727.382100492716,0.512,0.36
18727.382368794082,0.496,0.352
18727.382637095452,0.512,0.36
18727.38290539682,0.496,0.352
18727.38317369819,0.504,0.36
18727.383441999555,0.496,0.352
18727.38371030092,0.488,0.36
18727.38397860229,0.528,0.352
18727.384246903657,0.528,0.36
18727.384515205027,0.536,0.36
18727.384783506393,0.544,0.36
18727.38505180776,0.52,0.376
18727.38532010913,0.52,0.376
18727.385588410496,0.496,0.41600000000000004
18727.385856711866,0.496,0.40800000000000003
18727.386125013232,0.512,0.424
18727.3863933146,0.496,0.424
18727.38666161597,0.504,0.40800000000000003
18727.386929917335,0.496,0.4
18727.387198218705,0.504,0.424
18727.38746652007,0.496,0.40800000000000003
18727.387734821437,0.512,0.41600000000000004
18727.388003122807,0.496,0.40800000000000003
18727.388271424174,0.504,0.41600000000000004
18727.388539725544,0.496,0.41600000000000004
18727.38880802691,0.512,0.40800000000000003
18727.389076328276,0.496,0.392
18727.389344629646,0.512,0.41600000000000004
18727.389612931012,0.496,0.40800000000000003
18727.389881232382,0.512,0.41600000000000004
18727.39014953375,0.496,0.40800000000000003
18727.390417835115,0.504,0.384
18727.390686136485,0.496,0.384
18727.39095443785,0.504,0.36
18727.39122273922,0.496,0.36
18727.391491040587,0.512,0.376
18727.391759341954,0.496,0.368
18727.392027643324,0.512,0.384
18727.39229594469,0.496,0.384
18727.39256424606,0.504,0.36
18727.392832547426,0.496,0.352
18727.393100848793,0.512,0.368
18727.393369150162,0.496,0.36
18727.39363745153,0.536,0.352
18727.3939057529,0.536,0.36
18727.394174054265,0.496,0.392
18727.39444235563,0.496,0.392
18727.394710657,0.512,0.41600000000000004
18727.394978958368,0.496,0.40800000000000003
18727.395247259738,0.512,0.41600000000000004
18727.395515561104,0.512,0.40800000000000003
18727.39578386247,0.496,0.368
18727.39605216384,0.496,0.36
18727.396320465206,0.504,0.384
18727.396588766576,0.496,0.384
18727.396857067943,0.504,0.4
18727.39712536931,0.496,0.384
18727.39739367068,0.504,0.40800000000000003
18727.397661972045,0.504,0.4
18727.397930273415,0.496,0.41600000000000004
18727.39819857478,0.496,0.41600000000000004
18727.398466876148,0.512,0.4
18727.398735177518,0.512,0.40800000000000003
18727.399003478884,0.496,0.41600000000000004
18727.399271780254,0.496,0.40800000000000003
18727.39954008162,0.536,0.41600000000000004
18727.399808382987,0.536,0.41600000000000004
18727.400076684356,0.504,0.384
18727.400344985723,0.496,0.384
18727.400613287093,0.52,0.368
18727.40088158846,0.496,0.368
18727.401149889825,0.504,0.384
18727.401418191195,0.496,0.384
18727.40168649256,0.544,0.41600000000000004
18727.40195479393,0.528,0.40800000000000003
18727.402223095298,0.544,0.41600000000000004
18727.402491396664,0.528,0.40800000000000003
18727.402759698034,0.544,0.424
18727.4030279994,0.528,0.40800000000000003
18727.40329630077,0.544,0.424
18727.403564602137,0.536,0.424
18727.403832903503,0.504,0.4
18727.404101204873,0.512,0.40800000000000003
18727.40436950624,0.496,0.41600000000000004
18727.40463780761,0.504,0.40800000000000003
18727.404906108975,0.536,0.41600000000000004
18727.40517441034,0.528,0.4
18727.40544271171,0.544,0.41600000000000004
18727.405711013078,0.536,0.40800000000000003
18727.405979314448,0.528,0.41600000000000004
18727.406247615814,0.544,0.424
18727.40651591718,0.512,0.40800000000000003
18727.40678421855,0.528,0.40800000000000003
18727.407052519917,0.504,0.41600000000000004
18727.407320821287,0.504,0.4
18727.407589122653,0.544,0.41600000000000004
18727.40785742402,0.552,0.41600000000000004
18727.40812572539,0.536,0.4
18727.408394026756,0.536,0.40800000000000003
18727.408662328126,0.552,0.41600000000000004
18727.40893062949,0.528,0.4
18727.409198930858,0.544,0.41600000000000004
18727.409467232228,0.552,0.41600000000000004
18727.409735533594,0.52,0.4
18727.410003834964,0.504,0.40800000000000003
18727.41027213633,0.536,0.41600000000000004
18727.410540437697,0.552,0.41600000000000004
18727.410808739067,0.528,0.4
18727.411077040433,0.528,0.41600000000000004
18727.411345341803,0.552,0.392
18727.41161364317,0.536,0.392
18727.411881944536,0.504,0.36
18727.412150245906,0.512,0.368
18727.412418547272,0.496,0.4
18727.412686848642,0.504,0.4
18727.41295515001,0.512,0.41600000000000004
18727.413223451375,0.512,0.424
18727.413491752744,0.496,0.4
18727.41376005411,0.496,0.41600000000000004
18727.41402835548,0.544,0.40800000000000003
18727.414296656847,0.544,0.40800000000000003
18727.414564958213,0.512,0.41600000000000004
18727.414833259583,0.504,0.41600000000000004
18727.41510156095,0.52,0.40800000000000003
18727.41536986232,0.512,0.392
18727.415638163686,0.496,0.41600000000000004
18727.415906465052,0.496,0.41600000000000004
18727.416174766422,0.512,0.392
18727.41644306779,0.504,0.384
18727.41671136916,0.512,0.368
18727.416979670525,0.52,0.376
18727.41724797189,0.496,0.40800000000000003
18727.41751627326,0.504,0.40800000000000003
18727.417784574627,0.512,0.4
18727.418052875997,0.496,0.4
18727.418321177363,0.512,0.41600000000000004
18727.41858947873,0.496,0.424
18727.4188577801,0.52,0.392
18727.419126081466,0.496,0.384
18727.419394382836,0.512,0.352
18727.419662684202,0.504,0.34400000000000003
18727.41993098557,0.52,0.296
18727.42019928694,0.496,0.296
18727.420467588305,0.536,0.168
18727.420735889675,0.536,0.152
18727.42100419104,0.512,0.048
18727.421272492407,0.512,0.048
18727.421540793777,0.552,0.008
18727.421809095144,0.544,0.008
18727.422077396513,0.56,-0.008
18727.42234569788,0.544,0.0
18727.422613999246,0.552,-0.008
18727.422882300616,0.544,-0.008
18727.423150601982,0.552,0.0
18727.423418903352,0.552,0.0
18727.42368720472,0.536,-0.016
18727.423955506085,0.544,0.0
18727.424223807455,0.528,-0.008
18727.42449210882,0.528,0.0
18727.42476041019,0.504,-0.008
18727.425028711557,0.512,-0.016
18727.425297012924,0.504,0.0
18727.425565314294,0.512,-0.016
18727.42583361566,0.496,0.0
18727.42610191703,0.512,0.0
18727.426370218396,0.496,-0.016
18727.426638519762,0.496,-0.016
18727.426906821132,0.52,0.0
18727.4271751225,0.496,-0.008
18727.42744342387,0.512,0.0
18727.427711725235,0.504,0.0
18727.4279800266,0.528,-0.008
18727.42824832797,0.512,0.0
18727.428516629338,0.496,-0.008
18727.428784930707,0.496,0.0
18727.429053232074,0.536,-0.016
18727.42932153344,0.536,0.0
18727.42958983481,0.504,-0.016
18727.429858136176,0.512,-0.016
18727.430126437546,0.496,0.0
18727.430394738913,0.496,0.0
18727.43066304028,0.52,-0.016
18727.43093134165,0.496,0.0
18727.431199643015,0.504,-0.016
18727.431467944385,0.504,0.0
18727.43173624575,0.496,-0.016
18727.432004547118,0.496,-0.008
18727.432272848488,0.512,0.0
18727.432541149854,0.496,-0.016
18727.432809451224,0.504,0.0
18727.43307775259,0.496,0.0
18727.433346053956,0.504,-0.016
18727.433614355326,0.504,-0.008
18727.433882656693,0.496,0.0
18727.434150958063,0.496,0.0
18727.43441925943,0.512,-0.016
18727.434687560795,0.496,-0.016
18727.434955862165,0.512,0.0
18727.43522416353,0.504,0.0
18727.4354924649,0.536,-0.016
18727.435760766268,0.536,0.0
18727.436029067634,0.512,-0.016
18727.436297369004,0.512,0.0
18727.43656567037,0.536,-0.016
18727.43683397174,0.544,0.0
18727.437102273107,0.512,-0.016
18727.437370574473,0.512,-0.016
18727.437638875843,0.496,0.0
18727.43790717721,0.496,-0.016
18727.43817547858,0.512,0.0
18727.438443779945,0.512,0.0
18727.43871208131,0.496,-0.016
18727.43898038268,0.496,0.0
18727.439248684048,0.512,-0.016
18727.439516985418,0.496,-0.008
18727.439785286784,0.512,0.0
18727.44005358815,0.504,-0.016
18727.44032188952,0.496,0.0
18727.440590190887,0.496,-0.016
18727.440858492257,0.544,0.0
18727.441126793623,0.544,-0.016
18727.44139509499,0.528,0.0
18727.44166339636,0.528,-0.016
18727.441931697726,0.544,0.0
18727.442199999095,0.544,-0.016
18727.44246830046,0.512,0.0
18727.442736601828,0.512,-0.016
18727.443004903198,0.496,0.0
18727.443273204564,0.496,0.0
18727.443541505934,0.512,-0.016
18727.4438098073,0.496,0.0
18727.444078108667,0.512,-0.016
18727.444346410037,0.496,-0.016
18727.444614711403,0.544,0.0
18727.444883012773,0.544,0.0
18727.44515131414,0.528,-0.016
18727.445419615506,0.528,-0.016
18727.445687916876,0.552,0.0
18727.445956218242,0.544,-0.016
18727.446224519612,0.52,0.0
18727.446492820978,0.52,0.0
18727.446761122344,0.544,-0.016
18727.447029423714,0.552,-0.016
18727.44729772508,0.512,0.0
18727.44756602645,0.52,-0.016
18727.447834327817,0.504,0.0
18727.448102629183,0.52,-0.016
18727.448370930553,0.544,0.0
18727.44863923192,0.544,0.0
18727.44890753329,0.528,-0.016
18727.449175834656,0.544,-0.016
18727.449444136022,0.528,0.0
18727.449712437392,0.552,-0.016
18727.44998073876,0.528,0.0
18727.45024904013,0.536,-0.016
18727.450517341495,0.504,0.0
18727.45078564286,0.504,-0.016
18727.45105394423,0.52,0.0
18727.451322245597,0.504,-0.016
18727.451590546967,0.52,-0.008
18727.451858848333,0.512,-0.016
18727.4521271497,0.496,0.0
18727.45239545107,0.512,-0.016
18727.452663752436,0.496,0.0
18727.452932053806,0.52,-0.016
18727.453200355172,0.504,0.0
18727.45346865654,0.488,0.0
18727.45373695791,0.512,-0.016
18727.454005259275,0.496,-0.016
18727.454273560645,0.52,0.0
18727.45454186201,0.496,-0.016
18727.454810163377,0.528,0.0
18727.455078464747,0.52,-0.016
18727.455346766114,0.496,0.0
18727.455615067483,0.512,-0.016
18727.45588336885,0.496,-0.008
18727.456151670216,0.52,-0.016
18727.456419971586,0.496,0.0
18727.456688272952,0.512,-0.016
18727.456956574322,0.496,0.0
18727.45722487569,0.504,-0.008
18727.457493177055,0.528,-0.016
18727.457761478425,0.512,-0.016
18727.45802977979,0.496,0.0
18727.45829808116,0.512,0.0
18727.458566382527,0.496,-0.016
18727.458834683894,0.512,-0.016
18727.459102985264,0.496,0.0
18727.45937128663,0.512,0.0
18727.459639588,0.496,-0.016
18727.459907889366,0.496,-0.016
18727.460176190732,0.512,0.0
18727.460444492102,0.504,-0.016
18727.46071279347,0.512,0.0
18727.46098109484,0.504,-0.016
18727.461249396205,0.512,0.0
18727.46151769757,0.496,0.0
18727.46178599894,0.536,-0.016
18727.462054300307,0.504,-0.016
18727.462322601677,0.528,0.0
18727.462590903044,0.528,-0.016
18727.46285920441,0.544,0.0
18727.46312750578,0.512,0.0
18727.463395807146,0.544,-0.016
18727.463664108516,0.536,-0.016
18727.463932409883,0.552,0.0
18727.46420071125,0.536,0.0
18727.46446901262,0.56,-0.016
18727.464737313985,0.56,-0.016
18727.465005615355,0.536,-0.008
18727.46527391672,0.544,-0.016
18727.465542218088,0.56,0.0
18727.465810519458,0.544,-0.016
18727.466078820824,0.56,0.0
18727.466347122194,0.544,-0.016
18727.46661542356,0.552,0.0
18727.466883724926,0.544,-0.016
18727.467152026296,0.56,0.0
18727.467420327663,0.544,-0.016
18727.467688629033,0.56,0.0
18727.4679569304,0.544,0.0
18727.468225231765,0.56,-0.016
18727.468493533135,0.544,-0.016
18727.4687618345,0.56,0.0
18727.46903013587,0.544,-0.016
18727.469298437238,0.56,0.0
18727.469566738604,0.544,0.0
18727.469835039974,0.5680000000000001,-0.016
18727.47010334134,0.544,-0.008
18727.47037164271,0.56,-0.016
18727.470639944077,0.544,-0.016
18727.470908245443,0.56,0.0
18727.471176546813,0.544,-0.016
18727.47144484818,0.56,0.0
18727.47171314955,0.544,0.0
18727.471981450915,0.56,-0.016
18727.47224975228,0.56,-0.016
18727.47251805365,0.544,0.0
18727.472786355018,0.544,-0.016
18727.473054656388,0.56,0.0
18727.473322957754,0.544,-0.016
18727.47359125912,0.56,0.0
18727.47385956049,0.544,0.0
18727.474127861857,0.5680000000000001,-0.016
18727.474396163227,0.56,-0.016
18727.474664464593,0.544,-0.008
18727.47493276596,0.544,-0.016
18727.47520106733,0.5680000000000001,0.0
18727.475469368695,0.56,-0.016
18727.475737670065,0.552,0.0
18727.47600597143,0.5680000000000001,-0.016
18727.476274272798,0.544,0.0
18727.476542574168,0.56,-0.008
18727.476810875534,0.544,-0.016
18727.477079176904,0.552,-0.016
18727.47734747827,0.56,0.0
18727.477615779637,0.544,-0.016
18727.477884081007,0.56,0.0
18727.478152382373,0.544,-0.016
18727.478420683743,0.56,0.0
18727.47868898511,0.544,-0.016
18727.478957286476,0.56,-0.008
18727.479225587846,0.552,0.0
18727.479493889212,0.56,-0.008
18727.479762190582,0.56,0.0
18727.480030491948,0.544,-0.016
18727.480298793314,0.544,0.0
18727.480567094684,0.5680000000000001,-0.016
18727.48083539605,0.544,-0.016
18727.48110369742,0.5680000000000001,0.0
18727.481371998787,0.552,-0.016
18727.481640300153,0.5680000000000001,0.0
18727.481908601523,0.544,-0.016
18727.48217690289,0.56,0.0
18727.48244520426,0.544,0.0
18727.482713505626,0.5680000000000001,-0.016
18727.482981806992,0.56,-0.016
18727.483250108362,0.544,0.0
18727.48351840973,0.552,-0.016
18727.4837867111,0.5680000000000001,0.0
18727.484055012465,0.5680000000000001,-0.016
18727.48432331383,0.544,0.0
18727.4845916152,0.56,0.0
18727.484859916567,0.544,-0.016
18727.485128217937,0.552,-0.016
18727.485396519303,0.5680000000000001,0.0
18727.48566482067,0.56,0.0
18727.48593312204,0.544,-0.016
18727.486201423406,0.5680000000000001,-0.016
18727.486469724776,0.552,0.0
18727.486738026142,0.56,-0.008
18727.48700632751,0.552,0.016
18727.48727462888,0.552,0.024
18727.487542930245,0.5680000000000001,0.112
18727.487811231615,0.552,0.12
18727.48807953298,0.56,0.24
18727.488347834347,0.544,0.248
18727.488616135717,0.56,0.328
18727.488884437083,0.544,0.32
18727.489152738453,0.5680000000000001,0.352
18727.48942103982,0.544,0.352
18727.489689341186,0.56,0.36
18727.489957642556,0.552,0.352
18727.490225943922,0.56,0.36
18727.490494245292,0.552,0.36
18727.49076254666,0.5680000000000001,0.36
18727.491030848025,0.544,0.36
18727.491299149395,0.5680000000000001,0.352
18727.49156745076,0.56,0.36
18727.49183575213,0.552,0.352
18727.492104053497,0.552,0.36
18727.492372354864,0.56,0.36
18727.492640656234,0.544,0.36
18727.4929089576,0.5680000000000001,0.36
18727.49317725897,0.552,0.36
18727.493445560336,0.56,0.352
18727.493713861702,0.552,0.36
18727.493982163072,0.5680000000000001,0.352
18727.49425046444,0.552,0.36
18727.49451876581,0.5680000000000001,0.36
18727.494787067175,0.552,0.36
18727.49505536854,0.5680000000000001,0.36
18727.49532366991,0.544,0.36
18727.495591971277,0.5680000000000001,0.36
18727.495860272647,0.552,0.36
18727.496128574014,0.56,0.36
18727.49639687538,0.56,0.36
18727.49666517675,0.544,0.352
18727.496933478116,0.552,0.36
18727.497201779486,0.56,0.36
18727.497470080853,0.552,0.36
18727.49773838222,0.5680000000000001,0.36
18727.49800668359,0.544,0.36
18727.498274984955,0.5680000000000001,0.352
18727.498543286325,0.552,0.36
18727.49881158769,0.5680000000000001,0.352
18727.499079889058,0.552,0.36
18727.499348190428,0.5680000000000001,0.352
18727.499616491794,0.552,0.36
18727.499884793164,0.5680000000000001,0.36
18727.50015309453,0.552,0.36
18727.500421395896,0.56,0.36
18727.500689697266,0.56,0.36
18727.500957998633,0.544,0.36
18727.501226300003,0.552,0.36
18727.50149460137,0.5680000000000001,0.36
18727.501762902735,0.5680000000000001,0.36
18727.502031204105,0.544,0.352
18727.50229950547,0.552,0.36
18727.50256780684,0.5680000000000001,0.352
18727.502836108208,0.552,0.36
18727.503104409574,0.56,0.36
18727.503372710944,0.552,0.36
18727.50364101231,0.5680000000000001,0.352
18727.50390931368,0.552,0.36
18727.504177615047,0.5680000000000001,0.34400000000000003
18727.504445916413,0.552,0.36
18727.504714217783,0.5680000000000001,0.352
18727.50498251915,0.5680000000000001,0.36
18727.50525082052,0.552,0.36
18727.505519121885,0.544,0.352
18727.50578742325,0.5680000000000001,0.36
18727.50605572462,0.552,0.36
18727.506324025988,0.5680000000000001,0.36
18727.506592327358,0.5680000000000001,0.36
18727.506860628724,0.544,0.352
18727.50712893009,0.56,0.36
18727.50739723146,0.544,0.352
18727.507665532827,0.56,0.36
18727.507933834197,0.544,0.352
18727.508202135563,0.544,0.352
18727.50847043693,0.5680000000000001,0.36
18727.5087387383,0.552,0.36
18727.509007039665,0.5680000000000001,0.36
18727.509275341035,0.552,0.36
18727.5095436424,0.5680000000000001,0.352
18727.509811943768,0.552,0.36
18727.510080245138,0.5680000000000001,0.352
18727.510348546504,0.56,0.36
18727.510616847874,0.552,0.36
18727.51088514924,0.56,0.36
18727.511153450607,0.544,0.36
18727.511421751977,0.552,0.36
18727.511690053343,0.5680000000000001,0.36
18727.511958354713,0.552,0.36
18727.51222665608,0.56,0.352
18727.512494957446,0.56,0.36
18727.512763258816,0.544,0.352
18727.513031560182,0.56,0.36
18727.51329986155,0.544,0.352
18727.513568162918,0.5680000000000001,0.36
18727.513836464284,0.544,0.36
18727.514104765654,0.5680000000000001,0.36
18727.51437306702,0.544,0.352
18727.51464136839,0.544,0.36
18727.514909669757,0.56,0.352
18727.515177971123,0.552,0.36
18727.515446272493,0.528,0.352
18727.51571457386,0.52,0.36
18727.51598287523,0.536,0.34400000000000003
18727.516251176596,0.544,0.36
18727.516519477962,0.504,0.36
18727.516787779332,0.504,0.36
18727.5170560807,0.52,0.352
18727.51732438207,0.504,0.36
18727.517592683434,0.512,0.352
18727.5178609848,0.504,0.36
18727.51812928617,0.52,0.352
18727.518397587537,0.504,0.36
18727.518665888907,0.512,0.36
18727.518934190273,0.528,0.36
18727.51920249164,0.504,0.352
18727.51947079301,0.512,0.36
18727.519739094376,0.544,0.352
18727.520007395746,0.536,0.36
18727.520275697112,0.552,0.352
18727.52054399848,0.544,0.36
18727.52081229985,0.504,0.352
18727.521080601215,0.504,0.36
18727.521348902585,0.52,0.36
18727.52161720395,0.512,0.36
18727.521885505317,0.496,0.352
18727.522153806687,0.512,0.36
18727.522422108053,0.496,0.36
18727.522690409423,0.496,0.36
18727.52295871079,0.52,0.352
18727.523227012156,0.512,0.36
18727.523495313526,0.496,0.352
18727.523763614892,0.512,0.36
18727.524031916262,0.496,0.352
18727.52430021763,0.496,0.352
18727.524568518995,0.512,0.36
18727.524836820365,0.512,0.36
18727.52510512173,0.496,0.352
18727.5253734231,0.512,0.36
18727.525641724467,0.496,0.352
18727.525910025834,0.496,0.36
18727.526178327204,0.528,0.34400000000000003
18727.52644662857,0.52,0.36
18727.52671492994,0.544,0.352
18727.526983231306,0.544,0.352
18727.527251532672,0.504,0.36
18727.527519834042,0.504,0.36
18727.52778813541,0.52,0.352
18727.52805643678,0.52,0.36
18727.528324738145,0.536,0.352
18727.52859303951,0.544,0.36
18727.52886134088,0.528,0.352
18727.529129642247,0.536,0.36
18727.529397943617,0.504,0.352
18727.529666244984,0.512,0.36
18727.52993454635,0.496,0.36
18727.53020284772,0.496,0.36
18727.530471149086,0.52,0.352
18727.530739450456,0.52,0.36
18727.531007751822,0.504,0.352
18727.53127605319,0.504,0.36
18727.53154435456,0.496,0.34400000000000003
18727.531812655925,0.496,0.36
18727.532080957295,0.504,0.352
18727.53234925866,0.496,0.352
18727.532617560028,0.512,0.36
18727.532885861398,0.504,0.36
18727.533154162764,0.512,0.352
18727.533422464134,0.496,0.36
18727.5336907655,0.512,0.368
18727.533959066866,0.496,0.36
18727.534227368236,0.52,0.376
18727.534495669603,0.52,0.376
18727.534763970973,0.504,0.392
18727.540068387985,0.528,-0.016
18727.540314189195,0.544,0.0
18727.540559990404,0.544,-0.016
18727.540805791617,0.512,0.0
18727.541051592827,0.504,0.0
18727.541297394037,0.496,-0.016
18727.541543195246,0.496,0.0
18727.54178899646,0.504,-0.016
18727.54203479767,0.496,0.0
18727.54228059888,0.504,-0.016
18727.542526400088,0.512,-0.016
18727.5427722013,0.496,0.0
18727.54301800251,0.496,-0.016
18727.54326380372,0.504,0.0
18727.54350960493,0.496,0.0
18727.543755406143,0.536,-0.008
18727.544001207352,0.528,0.0
18727.54424700856,0.536,-0.016
18727.54449280977,0.536,0.0
18727.544738610984,0.504,-0.016
18727.544984412194,0.496,-0.008
18727.545230213404,0.512,0.016
18727.545476014613,0.496,0.008
18727.545721815826,0.504,0.112
18727.545967617036,0.496,0.12
18727.546213418245,0.512,0.272
18727.546459219455,0.504,0.28800000000000003
18727.546705020664,0.536,0.34400000000000003
18727.546950821878,0.536,0.352
18727.547196623087,0.528,0.368
18727.547442424297,0.528,0.36
18727.547688225506,0.536,0.368
18727.54793402672,0.528,0.376
18727.54817982793,0.544,0.40800000000000003
18727.54842562914,0.528,0.40800000000000003
18727.548671430348,0.544,0.424
18727.54891723156,0.544,0.41600000000000004
18727.54916303277,0.52,0.424
18727.54940883398,0.528,0.41600000000000004
18727.54965463519,0.496,0.432
18727.549900436403,0.496,0.41600000000000004
18727.550146237612,0.504,0.432
18727.550392038822,0.496,0.424
18727.55063784003,0.512,0.432
18727.550883641245,0.496,0.432
18727.551129442454,0.544,0.41600000000000004
18727.551375243664,0.528,0.432
18727.551621044873,0.544,0.41600000000000004
18727.551866846086,0.528,0.44
18727.552112647296,0.544,0.424
18727.552358448505,0.528,0.432
18727.552604249715,0.544,0.424
18727.552850050924,0.528,0.424
18727.553095852138,0.552,0.40800000000000003
18727.553341653347,0.544,0.432
18727.553587454557,0.512,0.41600000000000004
18727.553833255766,0.52,0.41600000000000004
18727.55407905698,0.496,0.432
18727.55432485819,0.512,0.41600000000000004
18727.5545706594,0.496,0.432
18727.554816460608,0.496,0.424
18727.55506226182,0.512,0.432
18727.55530806303,0.496,0.424
18727.55555386424,0.512,0.432
18727.55579966545,0.496,0.424
18727.556045466663,0.512,0.432
18727.556291267872,0.496,0.44
18727.556537069082,0.504,0.41600000000000004
18727.55678287029,0.496,0.424
18727.557028671505,0.504,0.376
18727.557274472714,0.488,0.376
18727.557520273924,0.504,0.40800000000000003
18727.557766075133,0.496,0.392
18727.558011876346,0.504,0.424
18727.558257677556,0.496,0.41600000000000004
18727.558503478765,0.504,0.432
18727.558749279975,0.488,0.424
18727.558995081185,0.504,0.432
18727.559240882398,0.488,0.44
18727.559486683607,0.512,0.41600000000000004
18727.559732484817,0.512,0.432
18727.559978286026,0.488,0.41600000000000004
18727.56022408724,0.496,0.432
18727.56046988845,0.504,0.41600000000000004
18727.56071568966,0.496,0.41600000000000004
18727.560961490868,0.536,0.44
18727.56120729208,0.52,0.424
18727.56145309329,0.536,0.432
18727.5616988945,0.536,0.41600000000000004
18727.56194469571,0.52,0.44
18727.562190496923,0.52,0.424
18727.562436298133,0.496,0.4
18727.562682099342,0.496,0.4
18727.56292790055,0.504,0.376
18727.563173701765,0.488,0.384
18727.563419502974,0.512,0.41600000000000004
18727.563665304184,0.512,0.40800000000000003
18727.563911105393,0.496,0.432
18727.564156906607,0.504,0.432
18727.564402707816,0.488,0.41600000000000004
18727.564648509026,0.496,0.424
18727.564894310235,0.512,0.432
18727.565140111445,0.504,0.424
18727.565385912658,0.544,0.432
18727.565631713867,0.528,0.424
18727.565877515077,0.544,0.432
18727.566123316286,0.544,0.432
18727.5663691175,0.504,0.40800000000000003
18727.56661491871,0.512,0.41600000000000004
18727.56686071992,0.496,0.432
18727.567106521128,0.512,0.424
18727.56735232234,0.488,0.432
18727.56759812355,0.496,0.424
18727.56784392476,0.504,0.392
18727.56808972597,0.496,0.384
18727.568335527183,0.512,0.40800000000000003
18727.568581328393,0.512,0.40800000000000003
18727.568827129602,0.488,0.432
18727.56907293081,0.504,0.432
18727.569318732025,0.488,0.40800000000000003
18727.569564533234,0.496,0.40800000000000003
18727.569810334444,0.504,0.432
18727.570056135653,0.496,0.424
18727.570301936867,0.504,0.44
18727.570547738076,0.488,0.44
18727.570793539286,0.504,0.424
18727.571039340495,0.504,0.424
18727.571285141705,0.488,0.424
18727.571530942918,0.496,0.41600000000000004
18727.571776744127,0.512,0.432
18727.572022545337,0.504,0.424
18727.572268346546,0.488,0.432
18727.57251414776,0.496,0.432
18727.57275994897,0.536,0.41600000000000004
18727.57300575018,0.544,0.41600000000000004
18727.57325155139,0.52,0.432
18727.5734973526,0.536,0.432
18727.57374315381,0.52,0.41600000000000004
18727.57398895502,0.52,0.41600000000000004
18727.57423475623,0.544,0.44
18727.574480557443,0.544,0.432
18727.574726358653,0.512,0.424
18727.574972159862,0.504,0.432
18727.57521796107,0.536,0.41600000000000004
18727.575463762285,0.544,0.424
18727.575709563494,0.52,0.432
18727.575955364704,0.536,0.424
18727.576201165914,0.512,0.432
18727.576446967127,0.52,0.432
18727.576692768336,0.496,0.41600000000000004
18727.576938569546,0.496,0.432
18727.577184370755,0.504,0.41600000000000004
18727.577430171965,0.504,0.432
18727.577675973178,0.544,0.424
18727.577921774388,0.528,0.424
18727.578167575597,0.544,0.44
18727.578413376807,0.536,0.424
18727.57865917802,0.504,0.432
18727.57890497923,0.52,0.424
18727.57915078044,0.496,0.384
18727.57939658165,0.496,0.376
18727.57964238286,0.512,0.41600000000000004
18727.57988818407,0.496,0.40800000000000003
18727.58013398528,0.512,0.432
18727.58037978649,0.496,0.44
18727.580625587703,0.512,0.40800000000000003
18727.580871388913,0.504,0.41600000000000004
18727.581117190122,0.488,0.4
18727.581362991332,0.496,0.392
18727.581608792545,0.504,0.424
18727.581854593755,0.496,0.41600000000000004
18727.582100394964,0.504,0.4
18727.582346196174,0.496,0.40800000000000003
18727.582591997387,0.504,0.424
18727.582837798596,0.496,0.41600000000000004
18727.583083599806,0.528,0.432
18727.583329401015,0.528,0.424
18727.583575202225,0.544,0.44
18727.583821003438,0.544,0.432
18727.584066804648,0.512,0.41600000000000004
18727.584312605857,0.512,0.424
18727.584558407067,0.496,0.392
18727.58480420828,0.504,0.392
18727.58505000949,0.488,0.376
18727.5852958107,0.496,0.376
18727.58554161191,0.504,0.40800000000000003
18727.58578741312,0.496,0.4
18727.58603321433,0.512,0.432
18727.58627901554,0.504,0.432
18727.58652481675,0.496,0.41600000000000004
18727.586770617963,0.496,0.41600000000000004
18727.587016419173,0.512,0.432
18727.587262220382,0.504,0.41600000000000004
18727.587508021592,0.488,0.432
18727.587753822805,0.488,0.41600000000000004
18727.587999624015,0.504,0.384
18727.588245425224,0.496,0.384
18727.588491226434,0.52,0.368
18727.588737027647,0.504,0.368
18727.588982828856,0.488,0.376
18727.589228630066,0.496,0.368
18727.589474431275,0.512,0.376
18727.589720232485,0.496,0.368
18727.589966033698,0.504,0.384
18727.590211834908,0.496,0.376
18727.590457636117,0.504,0.368
18727.590703437327,0.496,0.368
18727.59094923854,0.504,0.376
18727.59119503975,0.504,0.368
18727.59144084096,0.488,0.41600000000000004
18727.59168664217,0.496,0.40800000000000003
18727.59193244338,0.512,0.424
18727.59217824459,0.488,0.41600000000000004
18727.5924240458,0.544,0.432
18727.59266984701,0.528,0.432
18727.592915648223,0.544,0.41600000000000004
18727.593161449433,0.536,0.41600000000000004
18727.593407250642,0.52,0.432
18727.593653051852,0.536,0.432
18727.593898853065,0.528,0.392
18727.594144654275,0.536,0.392
18727.594390455484,0.504,0.384
18727.594636256694,0.504,0.392
18727.594882057907,0.536,0.376
18727.595127859116,0.528,0.376
18727.595373660326,0.544,0.368
18727.595619461536,0.528,0.368
18727.595865262745,0.544,0.384
18727.59611106396,0.528,0.368
18727.596356865168,0.536,0.376
18727.596602666377,0.544,0.368
18727.596848467587,0.52,0.376
18727.5970942688,0.528,0.368
18727.59734007001,0.544,0.376
18727.59758587122,0.544,0.368
18727.59783167243,0.52,0.376
18727.59807747364,0.536,0.368
18727.59832327485,0.496,0.368
18727.59856907606,0.496,0.368
18727.59881487727,0.512,0.376
18727.599060678484,0.504,0.368
18727.599306479693,0.496,0.376
18727.599552280903,0.496,0.376
18727.599798082112,0.504,0.41600000000000004
18727.600043883325,0.496,0.424
18727.600289684535,0.512,0.41600000000000004
18727.600535485744,0.496,0.41600000000000004
18727.600781286954,0.504,0.424
18727.601027088167,0.52,0.432
18727.601272889377,0.496,0.41600000000000004
18727.601518690586,0.496,0.41600000000000004
18727.601764491796,0.512,0.432
18727.602010293005,0.504,0.424
18727.60225609422,0.52,0.384
18727.602501895428,0.496,0.392
18727.602747696637,0.512,0.376
18727.602993497847,0.496,0.376
18727.60323929906,0.504,0.392
18727.60348510027,0.504,0.376
18727.60373090148,0.488,0.392
18727.60397670269,0.496,0.392
18727.604222503902,0.504,0.40800000000000003
18727.60446830511,0.496,0.40800000000000003
18727.60471410632,0.504,0.432
18727.60495990753,0.496,0.432
18727.605205708744,0.512,0.41600000000000004
18727.605451509953,0.496,0.41600000000000004
18727.605697311163,0.512,0.432
18727.605943112372,0.496,0.432
18727.606188913585,0.504,0.41600000000000004
18727.606434714795,0.488,0.40800000000000003
18727.606680516004,0.512,0.328
18727.606926317214,0.504,0.32
18727.607172118427,0.488,0.2
18727.607417919637,0.488,0.192
18727.607663720846,0.504,0.064
18727.607909522056,0.496,0.064
18727.608155323265,0.512,0.008
18727.60840112448,0.488,0.016
18727.608646925688,0.512,-0.008
18727.608892726897,0.52,0.0
18727.609138528107,0.496,-0.008
18727.60938432932,0.496,-0.008
18727.60963013053,0.504,0.0
18727.60987593174,0.496,0.0
18727.61012173295,0.512,-0.008
18727.610367534162,0.496,-0.008
18727.61061333537,0.504,0.0
18727.61085913658,0.504,-0.008
18727.61110493779,0.488,0.0
18727.611350739004,0.496,0.0
18727.611596540213,0.52,-0.008
18727.611842341423,0.496,-0.008
18727.612088142632,0.512,0.0
18727.612333943845,0.504,0.0
18727.612579745055,0.496,-0.016
18727.612825546265,0.496,0.0
18727.613071347474,0.504,-0.008
18727.613317148687,0.496,0.0
18727.613562949897,0.504,-0.016
18727.613808751106,0.496,0.0
18727.614054552316,0.504,-0.016
18727.614300353525,0.488,0.0
18727.61454615474,0.512,-0.016
18727.614791955948,0.512,0.0
18727.615037757158,0.488,-0.008
18727.615283558367,0.488,0.0
18727.61552935958,0.504,-0.016
18727.61577516079,0.496,-0.008
18727.616020962,0.504,0.0
18727.61626676321,0.496,-0.008
18727.616512564422,0.536,0.0
18727.61675836563,0.536,-0.008
18727.61700416684,0.552,0.0
18727.61724996805,0.536,-0.008
18727.617495769264,0.552,0.0
18727.617741570473,0.552,-0.008
18727.617987371683,0.536,0.0
18727.618233172892,0.536,0.0
18727.618478974106,0.56,-0.008
18727.618724775315,0.552,0.0
18727.618970576525,0.536,-0.008
18727.619216377734,0.552,0.0
18727.619462178947,0.536,-0.016
18727.619707980157,0.544,0.0
18727.619953781366,0.56,-0.008
18727.620199582576,0.56,0.0
18727.620445383785,0.536,-0.008
18727.620691185,0.544,0.0
18727.620936986208,0.56,-0.008
18727.621182787418,0.552,0.0
18727.621428588627,0.536,-0.008
18727.62167438984,0.536,-0.008
18727.62192019105,0.56,0.0
18727.62216599226,0.544,-0.008
18727.62241179347,0.56,0.0
18727.622657594682,0.544,0.0
18727.62290339589,0.56,-0.016
18727.6231491971,0.544,0.0
18727.62339499831,0.56,-0.008
18727.623640799524,0.544,-0.008
18727.623886600733,0.552,0.0
18727.624132401943,0.544,0.0
18727.624378203152,0.56,-0.016
18727.624624004366,0.544,0.0
18727.624869805575,0.552,-0.008
18727.625115606785,0.544,0.0
18727.625361407994,0.56,-0.008
18727.625607209207,0.544,0.0
18727.625853010417,0.56,-0.016
18727.626098811626,0.544,-0.008
18727.626344612836,0.56,0.0
18727.626590414045,0.544,-0.016
18727.62683621526,0.56,0.0
18727.62708201647,0.544,-0.016
18727.627327817678,0.56,0.0
18727.627573618887,0.544,0.0
18727.6278194201,0.56,-0.016
18727.62806522131,0.536,0.0
18727.62831102252,0.56,-0.016
18727.62855682373,0.56,-0.016
18727.628802624942,0.544,0.0
18727.62904842615,0.544,0.0
18727.62929422736,0.56,-0.016
18727.62954002857,0.544,0.0
18727.629785829784,0.56,-0.016
18727.630031630993,0.544,0.0
18727.630277432203,0.56,-0.016
18727.630523233413,0.544,0.0
18727.630769034626,0.56,-0.016
18727.631014835835,0.544,-0.016
18727.631260637045,0.56,0.0
18727.631506438254,0.544,-0.016
18727.631752239467,0.56,0.0
18727.631998040677,0.56,-0.016
18727.632243841887,0.544,0.0
18727.632489643096,0.56,-0.016
18727.632735444306,0.544,0.0
18727.63298124552,0.544,0.0
18727.63322704673,0.56,-0.016
18727.633472847938,0.544,0.0
18727.633718649147,0.552,-0.016
18727.63396445036,0.552,-0.008
18727.63421025157,0.544,0.0
18727.63445605278,0.544,-0.016
18727.63470185399,0.56,0.0
18727.634947655202,0.544,-0.016
18727.63519345641,0.56,0.0
18727.63543925762,0.544,0.0
18727.63568505883,0.56,-0.016
18727.635930860044,0.544,-0.016
18727.636176661254,0.56,0.0
18727.636422462463,0.544,0.0
18727.636668263673,0.56,-0.016
18727.636914064886,0.544,-0.016
18727.637159866095,0.56,0.0
18727.637405667305,0.56,0.0
18727.637651468514,0.544,-0.008
18727.637897269728,0.56,0.0
18727.638143070937,0.544,-0.016
18727.638388872147,0.544,-0.016
18727.638634673356,0.56,0.0
18727.638880474566,0.544,0.0
18727.63912627578,0.56,-0.016
18727.63937207699,0.544,0.0
18727.639617878198,0.56,-0.016
18727.639863679407,0.5680000000000001,0.0
18727.64010948062,0.544,-0.016
18727.64035528183,0.544,0.0
18727.64060108304,0.56,-0.008
18727.64084688425,0.544,0.0
18727.641092685462,0.5680000000000001,-0.016
18727.641338486672,0.544,0.0
18727.64158428788,0.56,-0.016
18727.64183008909,0.544,-0.008
18727.642075890304,0.56,0.0
18727.642321691514,0.552,0.0
18727.642567492723,0.536,-0.016
18727.642813293933,0.552,0.0
18727.643059095146,0.52,-0.016
18727.643304896355,0.528,-0.016
18727.643550697565,0.512,0.0
18727.643796498774,0.52,0.0
18727.644042299988,0.544,-0.016
18727.644288101197,0.536,0.0
18727.644533902407,0.544,-0.016
18727.644779703616,0.536,0.0
18727.645025504826,0.512,-0.016
18727.64527130604,0.528,0.0
18727.64551710725,0.504,-0.016
18727.645762908458,0.512,0.0
18727.646008709668,0.552,-0.016
18727.64625451088,0.544,0.0
18727.64650031209,0.528,-0.016
18727.6467461133,0.536,-0.016
18727.64699191451,0.552,0.0
18727.647237715722,0.536,0.0
18727.647483516932,0.504,-0.016
18727.64772931814,0.504,0.0
18727.64797511935,0.52,-0.016
18727.648220920564,0.504,0.0
18727.648466721774,0.536,-0.016
18727.648712522983,0.52,-0.016
18727.648958324193,0.544,0.0
18727.649204125406,0.528,0.0
18727.649449926615,0.536,-0.016
18727.649695727825,0.536,-0.016
18727.649941529035,0.512,0.0
18727.650187330248,0.512,0.0
18727.650433131457,0.496,-0.016
18727.650678932667,0.512,-0.016
18727.650924733876,0.496,0.0
18727.651170535086,0.496,-0.016
18727.6514163363,0.512,0.0
18727.65166213751,0.504,-0.016
18727.651907938718,0.512,0.0
18727.652153739928,0.496,-0.016
18727.65239954114,0.504,0.0
18727.65264534235,0.496,0.0
18727.65289114356,0.512,-0.016
18727.65313694477,0.496,0.0
18727.653382745983,0.512,-0.016
18727.653628547192,0.496,-0.016
18727.6538743484,0.536,0.0
18727.65412014961,0.544,0.0
18727.654365950824,0.528,-0.016
18727.654611752034,0.52,-0.008
18727.654857553243,0.504,0.0
18727.655103354453,0.496,0.0
18727.655349155666,0.512,-0.016
18727.655594956876,0.496,0.0
18727.655840758085,0.512,-0.016
18727.656086559295,0.496,-0.016
18727.656332360508,0.52,0.0
18727.656578161717,0.512,-0.016
18727.656823962927,0.496,0.0
18727.657069764136,0.512,0.0
18727.657315565346,0.496,-0.016
18727.65756136656,0.496,0.0
18727.65780716777,0.512,-0.016
18727.658052968978,0.496,0.0
18727.658298770188,0.512,-0.016
18727.6585445714,0.512,-0.016
18727.65879037261,0.496,0.0
18727.65903617382,0.496,0.0
18727.65928197503,0.512,-0.016
18727.659527776243,0.496,-0.008
18727.659773577452,0.504,0.0
18727.66001937866,0.496,-0.008
18727.66026517987,0.504,0.0
18727.660510981084,0.496,-0.016
18727.660756782294,0.504,0.0
18727.661002583503,0.496,0.0
18727.661248384713,0.504,-0.016
18727.661494185926,0.496,-0.016
18727.661739987136,0.512,0.0
18727.661985788345,0.496,0.0
18727.662231589555,0.512,-0.016
18727.662477390768,0.512,-0.016
18727.662723191977,0.488,0.0
18727.662968993187,0.496,0.0
18727.663214794396,0.512,-0.016
18727.663460595606,0.496,0.0
18727.66370639682,0.504,-0.016
18727.66395219803,0.496,-0.016
18727.66419799924,0.504,0.0
18727.664443800448,0.496,0.0
18727.66468960166,0.504,-0.016
18727.66493540287,0.496,-0.016
18727.66518120408,0.512,0.0
18727.66542700529,0.504,-0.016
18727.665672806503,0.488,0.0
18727.665918607712,0.496,-0.016
18727.66616440892,0.512,0.0
18727.66641021013,0.496,0.0
18727.666656011344,0.504,-0.016
18727.666901812554,0.496,0.0
18727.667147613764,0.512,-0.016
18727.667393414973,0.496,-0.016
18727.667639216186,0.512,0.0
18727.667885017396,0.496,-0.008
18727.668130818605,0.512,0.016
18727.668376619815,0.504,0.016
18727.668622421028,0.488,0.112
18727.668868222238,0.496,0.12
18727.669114023447,0.512,0.28
18727.669359824657,0.496,0.28800000000000003
18727.669605625866,0.512,0.368
18727.66985142708,0.488,0.376
18727.67009722829,0.512,0.424
18727.6703430295,0.488,0.424
18727.670588830708,0.504,0.40800000000000003
18727.67083463192,0.496,0.432
18727.67108043313,0.512,0.41600000000000004
18727.67132623434,0.496,0.432
18727.67157203555,0.504,0.41600000000000004
18727.671817836763,0.496,0.432
18727.672063637972,0.512,0.41600000000000004
18727.672309439182,0.512,0.424
18727.67255524039,0.488,0.432
18727.672801041605,0.488,0.424
18727.673046842814,0.504,0.432
18727.673292644024,0.488,0.432
18727.673538445233,0.512,0.41600000000000004
18727.673784246446,0.488,0.424
18727.674030047656,0.536,0.424
18727.674275848865,0.52,0.41600000000000004
18727.674521650075,0.536,0.432
18727.674767451288,0.52,0.41600000000000004
18727.675013252498,0.496,0.432
18727.675259053707,0.496,0.432
18727.675504854917,0.504,0.4
18727.675750656126,0.496,0.392
18727.67599645734,0.536,0.376
18727.67624225855,0.536,0.376
18727.67648805976,0.504,0.368
18727.676733860968,0.496,0.376
18727.67697966218,0.504,0.40800000000000003
18727.67722546339,0.488,0.41600000000000004
18727.6774712646,0.512,0.424
18727.67771706581,0.488,0.424
18727.677962867023,0.512,0.432
18727.678208668232,0.496,0.424
18727.678454469442,0.512,0.432
18727.67870027065,0.512,0.424
18727.678946071865,0.496,0.432
18727.679191873074,0.488,0.432
18727.679437674284,0.512,0.41600000000000004
18727.679683475493,0.488,0.40800000000000003
18727.679929276706,0.504,0.432
18727.680175077916,0.496,0.41600000000000004
18727.680420879125,0.512,0.44
18727.680666680335,0.488,0.424
18727.680912481548,0.512,0.44
18727.681158282758,0.512,0.424
18727.681404083967,0.496,0.432
18727.681649885177,0.496,0.432
18727.681895686386,0.504,0.40800000000000003
18727.6821414876,0.512,0.41600000000000004
18727.68238728881,0.488,0.432
18727.68263309002,0.496,0.424
18727.682878891228,0.504,0.44
18727.68312469244,0.496,0.432
18727.68337049365,0.512,0.41600000000000004
18727.68361629486,0.496,0.41600000000000004
18727.68386209607,0.528,0.384
18727.684107897283,0.52,0.376
18727.684353698492,0.536,0.4
18727.684599499702,0.528,0.392
18727.68484530091,0.496,0.41600000000000004
18727.685091102125,0.496,0.41600000000000004
18727.685336903334,0.512,0.432
18727.685582704544,0.496,0.432
18727.685828505753,0.512,0.392
18727.686074306966,0.496,0.392
18727.686320108176,0.504,0.376
18727.686565909386,0.496,0.384
18727.686811710595,0.504,0.4
18727.68705751181,0.496,0.4
18727.687303313018,0.512,0.432
18727.687549114227,0.512,0.424
18727.687794915437,0.496,0.432
18727.688040716646,0.504,0.41600000000000004
18727.68828651786,0.488,0.432
18727.68853231907,0.496,0.432
18727.68877812028,0.512,0.4
18727.689023921488,0.496,0.4
18727.6892697227,0.512,0.384
18727.68951552391,0.496,0.384
18727.68976132512,0.512,0.40800000000000003
18727.69000712633,0.496,0.40800000000000003
18727.690252927543,0.528,0.424
18727.690498728753,0.536,0.424
18727.690744529962,0.52,0.432
18727.69099033117,0.512,0.432
18727.691236132385,0.536,0.41600000000000004
18727.691481933594,0.552,0.432
18727.691727734804,0.536,0.424
18727.691973536013,0.552,0.41600000000000004
18727.692219337227,0.536,0.44
18727.692465138436,0.552,0.424
18727.692710939646,0.536,0.432
18727.692956740855,0.536,0.44
18727.69320254207,0.552,0.424
18727.693448343278,0.536,0.424
18727.693694144487,0.56,0.432
18727.693939945697,0.544,0.424
18727.694185746906,0.56,0.44
18727.69443154812,0.544,0.432
18727.69467734933,0.56,0.384
18727.69492315054,0.552,0.384
18727.69516895175,0.536,0.40800000000000003
18727.69541475296,0.544,0.40800000000000003
18727.69566055417,0.56,0.432
18727.69590635538,0.544,0.432
18727.69615215659,0.56,0.41600000000000004
18727.696397957803,0.544,0.432
18727.696643759013,0.56,0.4
18727.696889560222,0.56,0.392
18727.69713536143,0.536,0.40800000000000003
18727.697381162645,0.544,0.40800000000000003
18727.697626963854,0.56,0.376
18727.697872765064,0.544,0.384
18727.698118566273,0.56,0.368
18727.698364367487,0.544,0.368
18727.698610168696,0.552,0.384
18727.698855969906,0.544,0.376
18727.699101771115,0.56,0.368
18727.69934757233,0.544,0.368
18727.699593373538,0.56,0.376
18727.699839174747,0.544,0.368
18727.700084975957,0.56,0.376
18727.700330777167,0.544,0.368
18727.70057657838,0.56,0.384
18727.70082237959,0.544,0.392
18727.7010681808,0.552,0.432
18727.70131398201,0.544,0.424
18727.70155978322,0.56,0.432
18727.70180558443,0.544,0.432
18727.70205138564,0.56,0.424
18727.70229718685,0.544,0.432
18727.702542988063,0.56,0.41600000000000004
18727.702788789273,0.544,0.40800000000000003
18727.703034590482,0.56,0.432
18727.70328039169,0.544,0.41600000000000004
18727.703526192905,0.56,0.432
18727.703771994115,0.544,0.41600000000000004
18727.704017795324,0.56,0.384
18727.704263596534,0.544,0.384
18727.704509397747,0.56,0.392
18727.704755198956,0.544,0.384
18727.705001000166,0.56,0.376
18727.705246801375,0.544,0.376
18727.70549260259,0.56,0.41600000000000004
18727.705738403798,0.56,0.40800000000000003
18727.705984205008,0.536,0.432
18727.706230006217,0.536,0.432
18727.706475807427,0.552,0.40800000000000003
18727.70672160864,0.536,0.4
18727.70696740985,0.512,0.424
18727.70721321106,0.528,0.41600000000000004
18727.70745901227,0.544,0.432
18727.70770481348,0.528,0.41600000000000004
18727.70795061469,0.552,0.432
18727.7081964159,0.544,0.432
18727.70844221711,0.512,0.40800000000000003
18727.708688018323,0.504,0.4
18727.708933819533,0.52,0.41600000000000004
18727.709179620742,0.52,0.40800000000000003
18727.709425421952,0.504,0.432
18727.709671223165,0.512,0.432
18727.709917024375,0.496,0.41600000000000004
18727.710162825584,0.496,0.424
18727.710408626794,0.52,0.44
18727.710654428007,0.512,0.44
18727.710900229216,0.496,0.424
18727.711146030426,0.496,0.432
18727.711391831635,0.504,0.4
18727.71163763285,0.496,0.41600000000000004
18727.711883434058,0.512,0.40800000000000003
18727.712129235268,0.504,0.40800000000000003
18727.712375036477,0.496,0.432
18727.712620837687,0.496,0.432
18727.7128666389,0.504,0.41600000000000004
18727.71311244011,0.496,0.432
18727.71335824132,0.512,0.40800000000000003
18727.71360404253,0.504,0.41600000000000004
18727.71384984374,0.496,0.432
18727.71409564495,0.52,0.432
18727.71434144616,0.496,0.41600000000000004
18727.71458724737,0.496,0.432
18727.714833048583,0.504,0.41600000000000004
18727.715078849793,0.512,0.41600000000000004
18727.715324651002,0.496,0.432
18727.715570452212,0.52,0.432
18727.715816253425,0.496,0.41600000000000004
18727.716062054635,0.496,0.40800000000000003
18727.716307855844,0.504,0.432
18727.716553657054,0.512,0.424
18727.716799458267,0.496,0.384
18727.717045259476,0.496,0.376
18727.717291060686,0.512,0.392
18727.717536861895,0.496,0.376
18727.71778266311,0.504,0.41600000000000004
18727.71802846432,0.496,0.40800000000000003
18727.718274265528,0.512,0.376
18727.718520066737,0.496,0.384
18727.718765867947,0.504,0.432
18727.71901166916,0.504,0.432
18727.71925747037,0.496,0.41600000000000004
18727.71950327158,0.504,0.44
18727.71974907279,0.496,0.41600000000000004
18727.719994874,0.496,0.432
18727.72024067521,0.504,0.41600000000000004
18727.72048647642,0.496,0.41600000000000004
18727.72073227763,0.504,0.384
18727.720978078843,0.512,0.384
18727.721223880053,0.496,0.376
18727.721469681263,0.512,0.376
18727.721715482472,0.496,0.424
18727.721961283685,0.504,0.40800000000000003
18727.722207084895,0.488,0.432
18727.722452886104,0.496,0.41600000000000004
18727.722698687314,0.512,0.432
18727.722944488527,0.496,0.432
18727.723190289737,0.52,0.41600000000000004
18727.723436090946,0.504,0.432
18727.723681892156,0.488,0.41600000000000004
18727.72392769337,0.496,0.432
18727.72417349458,0.512,0.41600000000000004
18727.724419295788,0.496,0.424
18727.724665096997,0.52,0.384
18727.724910898207,0.536,0.384
18727.72515669942,0.512,0.368
18727.72540250063,0.536,0.368
18727.72564830184,0.52,0.4
18727.72589410305,0.536,0.40800000000000003
18727.72613990426,0.512,0.392
18727.72638570547,0.528,0.392
18727.72663150668,0.496,0.376
18727.72687730789,0.496,0.376
18727.727123109104,0.52,0.40800000000000003
18727.727368910313,0.528,0.41600000000000004
18727.727614711523,0.496,0.392
18727.727860512732,0.504,0.384
18727.728106313945,0.496,0.376
18727.728352115155,0.496,0.376
18727.728597916364,0.52,0.40800000000000003
18727.728843717574,0.496,0.41600000000000004
18727.729089518787,0.544,0.376
18727.729335319997,0.544,0.376
18727.729581121206,0.528,0.32
18727.729826922416,0.544,0.32
18727.73007272363,0.504,0.2
18727.73031852484,0.504,0.192
18727.730564326048,0.536,0.07200000000000001
18727.730810127257,0.528,0.064
18727.731055928467,0.544,0.008
18727.73130172968,0.536,0.016
18727.73154753089,0.504,-0.008
18727.7317933321,0.496,-0.008
18727.73203913331,0.512,0.0
18727.732284934522,0.512,-0.008
18727.73253073573,0.496,0.0
18727.73277653694,0.496,0.0
18727.73302233815,0.512,-0.008
18727.733268139364,0.496,0.0
18727.733513940573,0.512,-0.008
18727.733759741783,0.496,-0.008
18727.734005542992,0.528,0.0
18727.734251344205,0.528,-0.008
18727.734497145415,0.496,0.0
18727.734742946624,0.496,-0.008
18727.734988747834,0.512,0.0
18727.735234549047,0.496,-0.008
18727.735480350257,0.512,0.0
18727.735726151466,0.496,0.0
18727.735971952676,0.504,-0.008
18727.73621775389,0.496,-0.008
18727.7364635551,0.52,0.0
18727.736709356308,0.496,0.0
18727.736955157518,0.52,-0.008
18727.737200958727,0.52,0.0
18727.73744675994,0.544,-0.008
18727.73769256115,0.536,0.0
18727.73793836236,0.512,-0.008
18727.73818416357,0.528,0.0
18727.738429964782,0.552,-0.008
18727.73867576599,0.528,-0.008
18727.7389215672,0.544,0.0
18727.73916736841,0.528,0.0
18727.739413169624,0.544,-0.008
18727.739658970833,0.528,-0.008
18727.739904772043,0.512,0.0
18727.740150573252,0.528,0.0
18727.740396374465,0.544,-0.008
18727.740642175675,0.544,-0.008
18727.740887976885,0.496,0.0
18727.741133778094,0.496,-0.008
18727.741379579307,0.504,0.0
18727.741625380517,0.496,0.0
18727.741871181726,0.52,-0.016
18727.742116982936,0.496,-0.008
18727.74236278415,0.512,0.0
18727.74260858536,0.512,-0.016
18727.742854386568,0.496,0.0
18727.743100187778,0.504,-0.008
18727.743345988987,0.496,0.0
18727.7435917902,0.496,0.0
18727.74383759141,0.512,-0.008
18727.74408339262,0.496,0.0
18727.74432919383,0.512,-0.008
18727.744574995042,0.512,0.0
18727.74482079625,0.544,-0.008
18727.74506659746,0.544,0.0
18727.74531239867,0.52,-0.008
18727.745558199884,0.528,0.0
18727.745804001093,0.496,-0.008
18727.746049802303,0.496,0.0
18727.746295603512,0.512,-0.008
18727.746541404726,0.496,-0.008
18727.746787205935,0.504,0.0
18727.747033007145,0.496,0.0
18727.747278808354,0.504,-0.016
18727.747524609567,0.496,-0.008
18727.747770410777,0.536,0.0
18727.748016211986,0.544,0.0
18727.748262013196,0.512,-0.008
18727.74850781441,0.504,0.0
18727.74875361562,0.544,-0.016
18727.748999416828,0.544,0.0
18727.749245218038,0.528,-0.016
18727.749491019247,0.544,-0.016
18727.74973682046,0.528,0.0
18727.74998262167,0.528,-0.008
18727.75022842288,0.496,0.0
18727.75047422409,0.496,-0.008
18727.750720025302,0.512,0.0
18727.75096582651,0.496,0.0
18727.75121162772,0.528,-0.016
18727.75145742893,0.536,-0.016
18727.751703230144,0.512,0.0
18727.751949031353,0.512,0.0
18727.752194832563,0.536,-0.016
18727.752440633772,0.528,-0.008
18727.752686434986,0.536,0.0
18727.752932236195,0.528,0.0
18727.753178037405,0.544,-0.016
18727.753423838614,0.536,0.0
18727.753669639827,0.504,-0.016
18727.753915441037,0.496,-0.008
18727.754161242246,0.512,0.0
18727.754407043456,0.52,-0.016
18727.75465284467,0.496,0.0
18727.75489864588,0.496,0.0
18727.75514444709,0.504,-0.008
18727.755390248298,0.496,-0.008
18727.755636049507,0.52,0.0
18727.75588185072,0.488,0.0
18727.75612765193,0.512,-0.016
18727.75637345314,0.496,0.0
18727.75661925435,0.512,-0.016
18727.756865055562,0.496,-0.016
18727.75711085677,0.512,0.0
18727.75735665798,0.504,-0.008
18727.75760245919,0.512,0.0
18727.757848260404,0.512,0.0
18727.758094061614,0.496,-0.016
18727.758339862823,0.528,0.0
18727.758585664033,0.496,-0.016
18727.758831465246,0.504,0.0
18727.759077266455,0.536,-0.016
18727.759323067665,0.536,0.0
18727.759568868874,0.52,-0.016
18727.759814670088,0.52,0.0
18727.760060471297,0.552,-0.016
18727.760306272507,0.536,-0.016
18727.760552073716,0.552,0.0
18727.76079787493,0.536,0.0
18727.76104367614,0.552,-0.016
18727.76128947735,0.544,0.0
18727.761535278558,0.552,-0.016
18727.761781079767,0.544,0.0
18727.76202688098,0.56,-0.016
18727.76227268219,0.544,0.0
18727.7625184834,0.56,-0.016
18727.76276428461,0.544,-0.016
18727.763010085822,0.56,0.0
18727.763255887032,0.544,-0.016
18727.76350168824,0.552,0.0
18727.76374748945,0.544,-0.016
18727.763993290664,0.56,0.0
18727.764239091874,0.544,-0.016
18727.764484893083,0.56,0.0
18727.764730694293,0.544,0.0
18727.764976495506,0.56,-0.016
18727.765222296715,0.544,0.0
18727.765468097925,0.552,-0.016
18727.765713899134,0.56,0.0
18727.765959700348,0.536,-0.016
18727.766205501557,0.544,-0.016
18727.766451302767,0.56,0.0
18727.766697103976,0.544,-0.016
18727.76694290519,0.56,0.0
18727.7671887064,0.544,-0.016
18727.76743450761,0.56,0.0
18727.767680308818,0.544,-0.016
18727.767926110027,0.56,0.0
18727.76817191124,0.544,0.0
18727.76841771245,0.56,-0.016
18727.76866351366,0.544,0.0
18727.76890931487,0.56,-0.016
18727.769155116082,0.544,-0.008
18727.769400917292,0.56,0.0
18727.7696467185,0.544,-0.016
18727.76989251971,0.56,0.0
18727.770138320924,0.56,-0.016
18727.770384122134,0.544,0.0
18727.770629923343,0.544,-0.016
18727.770875724553,0.56,0.0
18727.771121525766,0.544,0.0
18727.771367326975,0.56,-0.016
18727.771613128185,0.544,0.0
18727.771858929395,0.56,-0.016
18727.772104730608,0.544,-0.016
18727.772350531817,0.56,0.0
18727.772596333027,0.544,0.0
18727.772842134236,0.56,-0.016
18727.77308793545,0.544,-0.016
18727.77333373666,0.56,0.0
18727.77357953787,0.544,0.0
18727.773825339078,0.56,-0.016
18727.774071140288,0.544,0.0
18727.7743169415,0.552,-0.016
18727.77456274271,0.544,-0.016
18727.77480854392,0.56,0.0
18727.77505434513,0.544,0.0
18727.775300146342,0.56,-0.016
18727.775545947552,0.544,-0.016
18727.77579174876,0.56,0.0
18727.77603754997,0.56,0.0
18727.776283351184,0.544,-0.016
18727.776529152394,0.552,-0.016
18727.776774953603,0.536,0.0
18727.777020754813,0.544,-0.016
18727.777266556026,0.504,0.0
18727.777512357236,0.52,-0.016
18727.777758158445,0.504,0.0
18727.778003959655,0.512,0.0
18727.778249760868,0.544,-0.016
18727.778495562077,0.552,-0.016
18727.778741363287,0.528,0.0
18727.778987164496,0.528,-0.016
18727.77923296571,0.544,0.0
18727.77947876692,0.536,-0.016
18727.77972456813,0.504,0.0
18727.779970369338,0.504,0.0
18727.780216170548,0.512,-0.016
18727.78046197176,0.496,0.0
18727.78070777297,0.536,-0.016
18727.78095357418,0.536,0.0
18727.78119937539,0.552,-0.016
18727.781445176603,0.552,-0.016
18727.781690977812,0.504,0.0
18727.78193677902,0.512,0.0
18727.78218258023,0.496,-0.016
18727.782428381444,0.504,0.0
18727.782674182654,0.512,-0.016
18727.782919983863,0.504,0.0
18727.783165785073,0.536,-0.016
18727.783411586286,0.528,-0.016
18727.783657387496,0.544,0.0
18727.783903188705,0.544,-0.016
18727.784148989915,0.504,0.0
18727.784394791128,0.504,-0.016
18727.784640592337,0.536,0.0
18727.784886393547,0.528,0.0
18727.785132194756,0.552,-0.016
18727.78537799597,0.536,-0.016
18727.78562379718,0.504,0.0
18727.78586959839,0.52,0.0
18727.7861153996,0.496,-0.016
18727.786361200808,0.496,-0.016
18727.78660700202,0.504,0.0
18727.78685280323,0.504,0.0
18727.78709860444,0.536,-0.016
18727.78734440565,0.52,0.0
18727.787590206863,0.504,-0.016
18727.787836008072,0.504,-0.016
18727.78808180928,0.536,0.0
18727.78832761049,0.528,-0.016
18727.788573411704,0.536,0.0
18727.788819212914,0.528,-0.016
18727.789065014123,0.536,0.0
18727.789310815333,0.528,0.0
18727.789556616546,0.544,-0.016
18727.789802417756,0.52,0.0
18727.790048218965,0.504,-0.016
18727.790294020175,0.512,0.0
18727.790539821388,0.496,-0.008
18727.790785622597,0.496,-0.008
18727.791031423807,0.512,0.016
18727.791277225017,0.496,0.008
18727.79152302623,0.52,0.096
18727.79176882744,0.496,0.10400000000000001
18727.79201462865,0.512,0.24
18727.79226042986,0.496,0.24
18727.792506231068,0.504,0.328
18727.79275203228,0.52,0.336
18727.79299783349,0.496,0.36
18727.7932436347,0.496,0.36
18727.79348943591,0.504,0.368
18727.793735237123,0.496,0.368
18727.793981038332,0.544,0.368
18727.79422683954,0.544,0.368
18727.79447264075,0.52,0.368
18727.794718441965,0.528,0.368
18727.794964243174,0.544,0.368
18727.795210044384,0.52,0.368
18727.795455845593,0.544,0.376
18727.795701646806,0.544,0.368
18727.795947448016,0.512,0.376
18727.796193249225,0.512,0.368
18727.796439050435,0.536,0.376
18727.796684851648,0.544,0.368
18727.796930652858,0.52,0.368
18727.797176454067,0.544,0.368
18727.797422255277,0.512,0.368
18727.79766805649,0.504,0.368
18727.7979138577,0.52,0.384
18727.79815965891,0.496,0.368
18727.79840546012,0.512,0.376
18727.798651261328,0.512,0.368
18727.79889706254,0.496,0.384
18727.79914286375,0.504,0.368
18727.79938866496,0.52,0.376
18727.79963446617,0.504,0.368
18727.799880267383,0.528,0.376
18727.800126068592,0.52,0.368
18727.800371869802,0.544,0.376
18727.80061767101,0.504,0.376
18727.800863472225,0.536,0.368
18727.801109273434,0.52,0.368
18727.801355074644,0.544,0.368
18727.801600875853,0.536,0.368
18727.801846677066,0.504,0.376
18727.802092478276,0.504,0.368
18727.802338279485,0.52,0.368
18727.802584080695,0.496,0.368
18727.802829881908,0.512,0.376
18727.803075683118,0.496,0.368
18727.803321484327,0.512,0.368
18727.803567285537,0.496,0.368
18727.80381308675,0.504,0.368
18727.80405888796,0.496,0.368
18727.80430468917,0.512,0.368
18727.80455049038,0.504,0.376
18727.804796291588,0.496,0.368
18727.8050420928,0.496,0.368
18727.80528789401,0.512,0.368
18727.80553369522,0.496,0.368
18727.80577949643,0.512,0.368
18727.806025297643,0.52,0.368
18727.806271098852,0.496,0.368
18727.806516900062,0.496,0.368
18727.80676270127,0.512,0.376
18727.807008502485,0.496,0.376
18727.807254303694,0.512,0.424
18727.807500104904,0.496,0.41600000000000004
18727.807745906113,0.536,0.432
18727.807991707326,0.536,0.424
18727.808237508536,0.52,0.432
18727.808483309745,0.536,0.424
18727.808729110955,0.52,0.44
18727.80897491217,0.528,0.424
18727.809220713378,0.512,0.432
18727.809466514587,0.536,0.41600000000000004
18727.809712315797,0.496,0.432
18727.80995811701,0.52,0.424
18727.81020391822,0.496,0.432
18727.81044971943,0.52,0.424
18727.81069552064,0.496,0.392
18727.810941321848,0.496,0.392
18727.81118712306,0.512,0.432
18727.81143292427,0.504,0.432
18727.81167872548,0.528,0.40800000000000003
18727.81192452669,0.496,0.40800000000000003
18727.812170327903,0.52,0.432
18727.812416129113,0.512,0.432
18727.812661930322,0.496,0.41600000000000004
18727.81290773153,0.496,0.432
18727.813153532745,0.512,0.41600000000000004
18727.813399333954,0.496,0.432
18727.813645135164,0.52,0.41600000000000004
18727.813890936373,0.528,0.41600000000000004
18727.814136737587,0.504,0.432
18727.814382538796,0.52,0.424
18727.814628340006,0.504,0.384
18727.814874141215,0.52,0.384
18727.81511994243,0.496,0.376
18727.815365743638,0.504,0.376
18727.815611544847,0.52,0.4
18727.815857346057,0.496,0.4
18727.81610314727,0.544,0.432
18727.81634894848,0.544,0.432
18727.81659474969,0.52,0.41600000000000004
18727.8168405509,0.52,0.41600000000000004
18727.817086352108,0.504,0.432
18727.81733215332,0.504,0.432
18727.81757795453,0.528,0.392
18727.81782375574,0.528,0.392
18727.81806955695,0.552,0.376
18727.818315358163,0.552,0.376
18727.818561159373,0.536,0.384
18727.818806960582,0.544,0.376
18727.81905276179,0.552,0.4
18727.819298563005,0.544,0.4
18727.819544364214,0.56,0.432
18727.819790165424,0.552,0.432
18727.820035966633,0.536,0.41600000000000004
18727.820281767847,0.528,0.424
18727.820527569056,0.544,0.44
18727.820773370266,0.528,0.432
18727.821019171475,0.544,0.41600000000000004
18727.82126497269,0.536,0.432
18727.821510773898,0.52,0.41600000000000004
18727.821756575107,0.536,0.424
18727.822002376317,0.504,0.432
18727.82224817753,0.504,0.432
18727.82249397874,0.52,0.41600000000000004
18727.82273977995,0.512,0.40800000000000003
18727.82298558116,0.496,0.432
18727.82323138237,0.496,0.41600000000000004
18727.82347718358,0.52,0.432
18727.82372298479,0.504,0.40800000000000003
18727.823968786,0.544,0.432
18727.82421458721,0.544,0.41600000000000004
18727.824460388423,0.512,0.432
18727.824706189633,0.52,0.432
18727.824951990842,0.496,0.41600000000000004
18727.82519779205,0.512,0.41600000000000004
18727.825443593265,0.496,0.432
18727.825689394474,0.512,0.432
18727.825935195684,0.496,0.424
18727.826180996894,0.496,0.432
18727.826426798107,0.528,0.424
18727.826672599316,0.52,0.424
18727.826918400526,0.544,0.424
18727.827164201735,0.512,0.432
18727.82741000295,0.552,0.41600000000000004
18727.827655804158,0.544,0.432
18727.827901605368,0.56,0.41600000000000004
18727.828147406577,0.552,0.432
18727.82839320779,0.536,0.40800000000000003
18727.828639009,0.544,0.40800000000000003
18727.82888481021,0.552,0.376
18727.82913061142,0.56,0.376
18727.82937641263,0.544,0.368
18727.82962221384,0.552,0.368
18727.82986801505,0.536,0.384
18727.83011381626,0.544,0.384
18727.83035961747,0.56,0.40800000000000003
18727.830605418683,0.544,0.40800000000000003
18727.830851219893,0.56,0.432
18727.831097021102,0.544,0.432
18727.831342822312,0.56,0.41600000000000004
18727.831588623525,0.544,0.424
18727.831834424735,0.56,0.432
18727.832080225944,0.544,0.432
18727.832326027154,0.56,0.41600000000000004
18727.832571828367,0.544,0.41600000000000004
18727.832817629576,0.56,0.432
18727.833063430786,0.544,0.424
18727.833309231995,0.56,0.432
18727.83355503321,0.544,0.424
18727.833800834418,0.56,0.432
18727.834046635628,0.544,0.432
18727.834292436837,0.56,0.424
18727.83453823805,0.56,0.432
18727.83478403926,0.544,0.41600000000000004
18727.840029001236,0.552,0.0
18727.84029455026,0.5680000000000001,-0.016
18727.840560099285,0.552,0.0
18727.84082564831,0.5680000000000001,-0.016
18727.841091197333,0.552,0.0
18727.841356746354,0.5680000000000001,-0.016
18727.84162229538,0.552,0.0
18727.841887844403,0.5680000000000001,-0.016
18727.842153393427,0.5680000000000001,-0.016
18727.84241894245,0.552,0.0
18727.842684491476,0.5680000000000001,-0.008
18727.8429500405,0.552,0.0
18727.843215589524,0.552,0.0
18727.84348113855,0.5680000000000001,-0.016
18727.843746687573,0.552,0.0
18727.844012236594,0.5680000000000001,-0.016
18727.844277785618,0.552,0.0
18727.844543334642,0.5680000000000001,-0.008
18727.844808883667,0.552,0.0
18727.84507443269,0.5680000000000001,-0.008
18727.845339981715,0.552,-0.008
18727.84560553074,0.56,0.032
18727.845871079764,0.552,0.032
18727.84613662879,0.56,0.136
18727.84640217781,0.552,0.14400000000000002
18727.846667726833,0.5680000000000001,0.272
18727.846933275858,0.552,0.28
18727.847198824882,0.5680000000000001,0.36
18727.847464373906,0.552,0.36
18727.84772992293,0.5680000000000001,0.384
18727.847995471955,0.552,0.392
18727.84826102098,0.5680000000000001,0.432
18727.848526570004,0.552,0.432
18727.848792119024,0.5680000000000001,0.41600000000000004
18727.84905766805,0.552,0.44
18727.849323217073,0.5680000000000001,0.392
18727.849588766097,0.5680000000000001,0.392
18727.84985431512,0.544,0.40800000000000003
18727.850119864146,0.552,0.40800000000000003
18727.85038541317,0.5680000000000001,0.432
18727.850650962195,0.552,0.424
18727.85091651122,0.5680000000000001,0.44
18727.851182060243,0.552,0.424
18727.851447609264,0.5680000000000001,0.44
18727.85171315829,0.552,0.432
18727.851978707313,0.5680000000000001,0.41600000000000004
18727.852244256337,0.552,0.424
18727.85250980536,0.5680000000000001,0.44
18727.852775354386,0.552,0.44
18727.85304090341,0.5680000000000001,0.424
18727.853306452434,0.552,0.432
18727.85357200146,0.5680000000000001,0.4
18727.85383755048,0.552,0.4
18727.854103099504,0.56,0.384
18727.854368648528,0.552,0.392
18727.854634197553,0.56,0.384
18727.854899746577,0.552,0.392
18727.8551652956,0.5680000000000001,0.384
18727.855430844626,0.5680000000000001,0.392
18727.85569639365,0.552,0.424
18727.855961942674,0.552,0.424
18727.856227491695,0.5680000000000001,0.44
18727.85649304072,0.552,0.424
18727.856758589744,0.5680000000000001,0.44
18727.857024138768,0.552,0.432
18727.857289687792,0.5680000000000001,0.4
18727.857555236817,0.552,0.40800000000000003
18727.85782078584,0.5680000000000001,0.376
18727.858086334865,0.552,0.384
18727.85835188389,0.5680000000000001,0.368
18727.858617432914,0.552,0.384
18727.858882981935,0.5680000000000001,0.376
18727.85914853096,0.5680000000000001,0.384
18727.859414079983,0.544,0.368
18727.859679629008,0.544,0.368
18727.859945178032,0.552,0.384
18727.860210727056,0.56,0.376
18727.86047627608,0.536,0.376
18727.860741825105,0.536,0.376
18727.86100737413,0.552,0.376
18727.86127292315,0.544,0.376
18727.861538472174,0.552,0.376
18727.8618040212,0.536,0.376
18727.862069570223,0.512,0.376
18727.862335119247,0.504,0.376
18727.86260066827,0.512,0.376
18727.862866217296,0.504,0.376
18727.86313176632,0.52,0.368
18727.863397315345,0.504,0.384
18727.86366286437,0.52,0.368
18727.86392841339,0.504,0.376
18727.864193962414,0.528,0.384
18727.86445951144,0.504,0.376
18727.864725060463,0.52,0.376
18727.864990609487,0.504,0.376
18727.86525615851,0.512,0.384
18727.865521707536,0.496,0.376
18727.86578725656,0.528,0.368
18727.866052805584,0.52,0.376
18727.866318354605,0.552,0.368
18727.86658390363,0.552,0.368
18727.866849452654,0.528,0.384
18727.867115001678,0.536,0.384
18727.867380550702,0.504,0.376
18727.867646099727,0.504,0.376
18727.86791164875,0.536,0.368
18727.868177197775,0.52,0.384
18727.8684427468,0.544,0.368
18727.86870829582,0.544,0.376
18727.868973844845,0.512,0.376
18727.86923939387,0.52,0.376
18727.869504942893,0.504,0.376
18727.869770491918,0.504,0.376
18727.870036040942,0.52,0.384
18727.870301589966,0.504,0.376
18727.87056713899,0.52,0.376
18727.870832688015,0.496,0.376
18727.87109823704,0.52,0.376
18727.87136378606,0.496,0.376
18727.871629335084,0.52,0.384
18727.87189488411,0.504,0.368
18727.872160433133,0.552,0.384
18727.872425982157,0.536,0.376
18727.87269153118,0.552,0.384
18727.872957080206,0.536,0.368
18727.87322262923,0.544,0.384
18727.873488178255,0.544,0.368
18727.873753727275,0.528,0.384
18727.8740192763,0.544,0.376
18727.874284825324,0.52,0.376
18727.87455037435,0.528,0.376
18727.874815923373,0.504,0.384
18727.875081472397,0.504,0.376
18727.87534702142,0.512,0.368
18727.875612570446,0.504,0.376
18727.87587811947,0.52,0.384
18727.87614366849,0.496,0.384
18727.876409217515,0.52,0.368
18727.87667476654,0.512,0.376
18727.876940315564,0.496,0.368
18727.877205864588,0.504,0.376
18727.877471413613,0.536,0.376
18727.877736962637,0.544,0.376
18727.87800251166,0.512,0.376
18727.878268060686,0.52,0.376
18727.87853360971,0.504,0.376
18727.87879915873,0.52,0.384
18727.879064707755,0.504,0.368
18727.87933025678,0.52,0.376
18727.879595805804,0.496,0.368
18727.879861354828,0.512,0.376
18727.880126903852,0.496,0.384
18727.880392452877,0.496,0.376
18727.8806580019,0.512,0.376
18727.880923550925,0.512,0.368
18727.881189099946,0.496,0.384
18727.88145464897,0.496,0.376
18727.881720197995,0.512,0.368
18727.88198574702,0.512,0.384
18727.882251296043,0.544,0.368
18727.882516845068,0.552,0.376
18727.882782394092,0.528,0.384
18727.883047943116,0.544,0.376
18727.88331349214,0.536,0.384
18727.883579041165,0.536,0.376
18727.883844590186,0.544,0.384
18727.88411013921,0.528,0.376
18727.884375688234,0.544,0.424
18727.88464123726,0.552,0.41600000000000004
18727.884906786283,0.528,0.44
18727.885172335307,0.544,0.44
18727.88543788433,0.52,0.4
18727.885703433356,0.52,0.4
18727.88596898238,0.504,0.376
18727.8862345314,0.496,0.392
18727.886500080425,0.512,0.376
18727.88676562945,0.496,0.384
18727.887031178474,0.512,0.376
18727.8872967275,0.512,0.384
18727.887562276523,0.496,0.392
18727.887827825547,0.496,0.384
18727.88809337457,0.512,0.376
18727.888358923596,0.512,0.376
18727.888624472616,0.496,0.368
18727.88889002164,0.496,0.376
18727.889155570665,0.512,0.368
18727.88942111969,0.496,0.368
18727.889686668714,0.512,0.384
18727.889952217738,0.496,0.376
18727.890217766762,0.52,0.368
18727.890483315787,0.52,0.368
18727.89074886481,0.536,0.384
18727.891014413835,0.536,0.376
18727.891279962856,0.552,0.384
18727.89154551188,0.536,0.376
18727.891811060905,0.552,0.368
18727.89207660993,0.552,0.376
18727.892342158953,0.512,0.384
18727.892607707978,0.504,0.376
18727.892873257002,0.52,0.384
18727.893138806026,0.512,0.376
18727.89340435505,0.496,0.368
18727.89366990407,0.496,0.376
18727.893935453096,0.52,0.368
18727.89420100212,0.52,0.376
18727.894466551144,0.496,0.384
18727.89473210017,0.496,0.384
18727.894997649193,0.512,0.41600000000000004
18727.895263198217,0.496,0.41600000000000004
18727.89552874724,0.512,0.376
18727.895794296266,0.496,0.376
18727.896059845287,0.512,0.376
18727.89632539431,0.496,0.376
18727.896590943335,0.528,0.368
18727.89685649236,0.536,0.368
18727.897122041384,0.504,0.384
18727.89738759041,0.512,0.376
18727.897653139433,0.496,0.368
18727.897918688457,0.496,0.376
18727.89818423748,0.544,0.384
18727.898449786506,0.552,0.376
18727.898715335527,0.528,0.384
18727.89898088455,0.536,0.376
18727.899246433575,0.504,0.392
18727.8995119826,0.496,0.392
18727.899777531624,0.512,0.376
18727.900043080648,0.496,0.376
18727.900308629673,0.512,0.424
18727.900574178697,0.496,0.41600000000000004
18727.90083972772,0.512,0.44
18727.901105276742,0.496,0.44
18727.901370825766,0.512,0.424
18727.90163637479,0.496,0.424
18727.901901923815,0.512,0.44
18727.90216747284,0.496,0.432
18727.902433021864,0.512,0.424
18727.902698570888,0.496,0.424
18727.902964119912,0.512,0.44
18727.903229668937,0.496,0.424
18727.90349521796,0.504,0.44
18727.90376076698,0.504,0.44
18727.904026316006,0.496,0.424
18727.90429186503,0.496,0.44
18727.904557414055,0.512,0.424
18727.90482296308,0.504,0.424
18727.905088512103,0.52,0.432
18727.905354061128,0.496,0.424
18727.905619610152,0.512,0.44
18727.905885159176,0.496,0.44
18727.906150708197,0.512,0.432
18727.90641625722,0.496,0.44
18727.906681806246,0.512,0.424
18727.90694735527,0.512,0.432
18727.907212904294,0.536,0.44
18727.90747845332,0.528,0.44
18727.907744002343,0.544,0.424
18727.908009551367,0.552,0.41600000000000004
18727.90827510039,0.52,0.44
18727.908540649412,0.528,0.432
18727.908806198437,0.504,0.424
18727.90907174746,0.512,0.44
18727.909337296485,0.496,0.424
18727.90960284551,0.512,0.41600000000000004
18727.909868394534,0.496,0.44
18727.91013394356,0.512,0.424
18727.910399492583,0.496,0.44
18727.910665041607,0.496,0.44
18727.91093059063,0.512,0.41600000000000004
18727.911196139652,0.496,0.424
18727.911461688676,0.512,0.4
18727.9117272377,0.496,0.392
18727.911992786725,0.512,0.32
18727.91225833575,0.504,0.312
18727.912523884774,0.496,0.16
18727.912789433798,0.512,0.16
18727.913054982822,0.496,0.04
18727.913320531847,0.504,0.048
18727.913586080867,0.488,0.008
18727.91385162989,0.496,0.008
18727.914117178916,0.512,-0.008
18727.91438272794,0.496,-0.008
18727.914648276965,0.512,0.0
18727.91491382599,0.496,-0.008
18727.915179375013,0.512,0.0
18727.915444924038,0.496,-0.008
18727.915710473062,0.512,0.0
18727.915976022083,0.496,-0.008
18727.916241571107,0.504,0.0
18727.91650712013,0.496,0.0
18727.916772669156,0.52,-0.008
18727.91703821818,0.512,0.0
18727.917303767204,0.496,-0.008
18727.91756931623,0.504,-0.008
18727.917834865253,0.52,0.0
18727.918100414277,0.52,0.0
18727.9183659633,0.496,-0.008
18727.918631512322,0.496,0.0
18727.918897061347,0.52,-0.008
18727.91916261037,0.496,-0.008
18727.919428159395,0.528,0.0
18727.91969370842,0.52,0.0
18727.919959257444,0.536,-0.008
18727.92022480647,0.528,-0.008
18727.920490355493,0.552,0.0
18727.920755904517,0.536,0.0
18727.921021453538,0.504,-0.008
18727.921287002562,0.536,0.0
18727.921552551587,0.504,-0.008
18727.92181810061,0.52,-0.008
18727.922083649635,0.496,0.0
18727.92234919866,0.496,0.0
18727.922614747684,0.512,-0.008
18727.922880296708,0.496,-0.008
18727.923145845733,0.512,0.0
18727.923411394757,0.496,-0.008
18727.923676943778,0.528,0.0
18727.923942492802,0.496,0.0
18727.924208041826,0.52,-0.008
18727.92447359085,0.52,0.0
18727.924739139875,0.544,-0.008
18727.9250046889,0.536,-0.008
18727.925270237924,0.512,0.0
18727.925535786948,0.52,-0.008
18727.925801335972,0.496,0.0
18727.926066884993,0.512,-0.008
18727.926332434017,0.544,0.0
18727.92659798304,0.544,0.0
18727.926863532066,0.536,-0.008
18727.92712908109,0.544,-0.008
18727.927394630115,0.528,0.0
18727.92766017914,0.536,0.0
18727.927925728163,0.504,-0.008
18727.928191277188,0.496,0.0
18727.92845682621,0.512,-0.008
18727.928722375233,0.504,0.0
18727.928987924257,0.544,-0.016
18727.92925347328,0.544,0.0
18727.929519022306,0.528,-0.016
18727.92978457133,0.528,0.0
18727.930050120354,0.544,-0.016
18727.93031566938,0.528,0.0
18727.930581218403,0.536,-0.016
18727.930846767427,0.536,0.0
18727.931112316448,0.552,-0.016
18727.931377865472,0.536,0.0
18727.931643414497,0.544,-0.016
18727.93190896352,0.528,0.0
18727.932174512545,0.552,-0.016
18727.93244006157,0.528,0.0
18727.932705610594,0.552,-0.008
18727.93297115962,0.544,-0.008
18727.933236708643,0.504,0.0
18727.933502257663,0.496,-0.008
18727.933767806688,0.52,0.0
18727.934033355712,0.52,0.0
18727.934298904736,0.504,-0.008
18727.93456445376,0.504,0.0
18727.934830002785,0.52,-0.016
18727.93509555181,0.504,0.0
18727.935361100834,0.496,-0.008
18727.935626649858,0.504,0.0
18727.93589219888,0.52,-0.008
18727.936157747903,0.512,-0.008
18727.936423296927,0.496,0.0
18727.93668884595,0.496,0.0
18727.936954394976,0.512,-0.016
18727.937219944,0.496,0.0
18727.937485493025,0.512,-0.016
18727.93775104205,0.504,0.0
18727.938016591073,0.536,-0.008
18727.938282140098,0.544,0.0
18727.93854768912,0.512,-0.016
18727.938813238143,0.504,0.0
18727.939078787167,0.528,-0.008
18727.93934433619,0.512,0.0
18727.939609885216,0.496,-0.016
18727.93987543424,0.504,0.0
18727.940140983264,0.52,-0.008
18727.94040653229,0.512,0.0
18727.940672081313,0.496,-0.008
18727.940937630334,0.496,0.0
18727.941203179358,0.512,-0.016
18727.941468728382,0.52,0.0
18727.941734277407,0.496,-0.016
18727.94199982643,0.512,-0.016
18727.942265375455,0.496,0.0
18727.94253092448,0.496,0.0
18727.942796473504,0.528,-0.016
18727.94306202253,0.528,-0.008
18727.943327571553,0.512,0.0
18727.943593120573,0.528,0.0
18727.943858669598,0.496,-0.016
18727.944124218622,0.496,-0.008
18727.944389767646,0.52,0.0
18727.94465531667,0.52,0.0
18727.944920865695,0.496,-0.016
18727.94518641472,0.496,0.0
18727.945451963744,0.52,-0.016
18727.945717512768,0.496,0.0
18727.94598306179,0.512,-0.016
18727.946248610813,0.512,0.0
18727.946514159838,0.496,-0.016
18727.946779708862,0.496,-0.008
18727.947045257886,0.504,0.0
18727.94731080691,0.512,0.0
18727.947576355935,0.496,-0.016
18727.94784190496,0.496,0.0
18727.948107453984,0.512,-0.016
18727.948373003004,0.52,0.0
18727.94863855203,0.504,-0.016
18727.948904101053,0.496,0.0
18727.949169650077,0.512,-0.016
18727.9494351991,0.496,0.0
18727.949700748126,0.528,-0.016
18727.94996629715,0.52,-0.016
18727.950231846175,0.496,0.0
18727.9504973952,0.496,0.0
18727.950762944223,0.536,-0.008
18727.951028493244,0.528,0.0
18727.95129404227,0.544,-0.016
18727.951559591293,0.544,-0.008
18727.951825140317,0.512,0.0
18727.95209068934,0.512,0.0
18727.952356238366,0.504,-0.016
18727.95262178739,0.52,-0.016
18727.952887336414,0.496,0.0
18727.95315288544,0.496,0.0
18727.95341843446,0.552,-0.016
18727.953683983484,0.544,-0.016
18727.953949532508,0.512,0.0
18727.954215081532,0.496,0.0
18727.954480630557,0.536,-0.016
18727.95474617958,0.504,0.0
18727.955011728605,0.52,-0.008
18727.95527727763,0.504,0.0
18727.955542826654,0.52,-0.016
18727.955808375675,0.52,-0.008
18727.9560739247,0.504,0.0
18727.956339473723,0.504,0.0
18727.956605022748,0.496,-0.008
18727.956870571772,0.512,0.0
18727.957136120796,0.496,-0.016
18727.95740166982,0.512,0.0
18727.957667218845,0.496,-0.016
18727.95793276787,0.496,0.0
18727.958198316894,0.52,-0.008
18727.958463865914,0.512,0.0
18727.95872941494,0.496,-0.016
18727.958994963963,0.496,0.0
18727.959260512987,0.528,-0.016
18727.95952606201,0.544,0.0
18727.959791611036,0.512,-0.008
18727.96005716006,0.52,0.0
18727.960322709085,0.496,-0.016
18727.96058825811,0.504,0.0
18727.96085380713,0.52,-0.016
18727.961119356154,0.504,0.0
18727.96138490518,0.52,-0.016
18727.961650454203,0.512,-0.008
18727.961916003227,0.496,0.0
18727.96218155225,0.504,0.0
18727.962447101276,0.528,-0.016
18727.9627126503,0.52,-0.008
18727.962978199324,0.544,0.0
18727.96324374835,0.504,0.0
18727.96350929737,0.52,-0.008
18727.963774846394,0.512,0.0
18727.964040395418,0.56,-0.016
18727.964305944442,0.56,0.0
18727.964571493467,0.544,-0.016
18727.96483704249,0.544,0.0
18727.965102591515,0.552,-0.008
18727.96536814054,0.544,0.0
18727.965633689564,0.56,-0.016
18727.965899238585,0.544,-0.016
18727.96616478761,0.56,0.0
18727.966430336633,0.544,0.0
18727.966695885658,0.5680000000000001,-0.016
18727.966961434682,0.544,0.0
18727.967226983706,0.56,-0.008
18727.96749253273,0.56,0.0
18727.967758081755,0.544,-0.016
18727.96802363078,0.544,0.0
18727.9682891798,0.5680000000000001,-0.016
18727.968554728825,0.544,-0.008
18727.96882027785,0.56,0.0
18727.969085826873,0.56,0.0
18727.969351375898,0.544,-0.016
18727.969616924922,0.56,-0.016
18727.969882473946,0.544,0.0
18727.97014802297,0.544,0.0
18727.970413571995,0.56,-0.016
18727.97067912102,0.5680000000000001,-0.016
18727.97094467004,0.544,0.0
18727.971210219064,0.544,-0.016
18727.97147576809,0.56,0.0
18727.971741317113,0.56,0.0
18727.972006866137,0.544,-0.016
18727.97227241516,0.544,0.0
18727.972537964186,0.56,-0.016
18727.97280351321,0.544,0.0
18727.973069062235,0.5680000000000001,-0.016
18727.973334611255,0.552,0.0
18727.97360016028,0.5680000000000001,-0.016
18727.973865709304,0.56,0.0
18727.97413125833,0.544,-0.016
18727.974396807353,0.552,0.0
18727.974662356377,0.5680000000000001,-0.016
18727.9749279054,0.552,0.0
18727.975193454426,0.5680000000000001,-0.016
18727.97545900345,0.552,0.0
18727.97572455247,0.5680000000000001,-0.016
18727.975990101495,0.5680000000000001,0.0
18727.97625565052,0.552,-0.008
18727.976521199544,0.544,0.0
18727.976786748568,0.5680000000000001,-0.016
18727.977052297592,0.552,0.0
18727.977317846617,0.5680000000000001,-0.016
18727.97758339564,0.56,0.0
18727.977848944665,0.544,-0.008
18727.97811449369,0.5680000000000001,-0.008
18727.97838004271,0.552,0.024
18727.978645591735,0.552,0.032
18727.97891114076,0.5680000000000001,0.128
18727.979176689783,0.552,0.136
18727.979442238808,0.56,0.272
18727.979707787832,0.5680000000000001,0.28
18727.979973336856,0.544,0.34400000000000003
18727.98023888588,0.536,0.34400000000000003
18727.980504434905,0.552,0.376
18727.980769983926,0.552,0.376
18727.98103553295,0.512,0.368
18727.981301081974,0.504,0.376
18727.981566631,0.52,0.368
18727.981832180023,0.528,0.368
18727.982097729047,0.512,0.384
18727.98236327807,0.536,0.376
18727.982628827096,0.512,0.368
18727.98289437612,0.504,0.376
18727.983159925145,0.52,0.384
18727.983425474165,0.504,0.376
18727.98369102319,0.512,0.384
18727.983956572214,0.504,0.376
18727.98422212124,0.52,0.384
18727.984487670263,0.504,0.384
18727.984753219287,0.512,0.376
18727.98501876831,0.504,0.376
18727.985284317336,0.544,0.368
18727.98554986636,0.528,0.384
18727.98581541538,0.512,0.376
18727.986080964405,0.504,0.376
18727.98634651343,0.536,0.384
18727.986612062454,0.528,0.376
18727.986877611478,0.552,0.384
18727.987143160502,0.528,0.384
18727.987408709527,0.552,0.368
18727.98767425855,0.536,0.376
18727.987939807575,0.504,0.376
18727.988205356596,0.512,0.376
18727.98847090562,0.528,0.376
18727.988736454645,0.52,0.376
18727.98900200367,0.504,0.376
18727.989267552693,0.504,0.368
18727.989533101718,0.52,0.384
18727.989798650742,0.504,0.376
18727.990064199766,0.52,0.376
18727.99032974879,0.52,0.376
18727.990595297815,0.504,0.368
18727.990860846836,0.496,0.376
18727.99112639586,0.52,0.384
18727.991391944885,0.52,0.376
18727.99165749391,0.504,0.376
18727.991923042933,0.512,0.376
18727.992188591958,0.496,0.384
18727.992454140982,0.496,0.368
18727.992719690006,0.512,0.384
18727.99298523903,0.52,0.376
18727.99325078805,0.496,0.384
18727.993516337076,0.512,0.376
18727.9937818861,0.496,0.376
18727.994047435124,0.504,0.384
18727.99431298415,0.528,0.368
18727.994578533173,0.504,0.384
18727.994844082197,0.536,0.376
18727.99510963122,0.528,0.376
18727.995375180246,0.544,0.384
18727.995640729267,0.544,0.376
18727.99590627829,0.52,0.368
18727.996171827315,0.528,0.368
18727.99643737634,0.504,0.384
18727.996702925364,0.504,0.376
18727.99696847439,0.512,0.384
18727.997234023413,0.52,0.384
18727.997499572437,0.504,0.368
18727.99776512146,0.52,0.376
18727.998030670486,0.504,0.376
18727.998296219506,0.512,0.376
18727.99856176853,0.544,0.368
18727.998827317555,0.544,0.376
18727.99909286658,0.512,0.376
18727.999358415604,0.52,0.376
18727.999623964628,0.552,0.368
18727.999889513652,0.536,0.376
18728.000155062677,0.552,0.376
18728.0004206117,0.528,0.376
18728.00068616072,0.544,0.368
18728.000951709746,0.552,0.376
18728.00121725877,0.536,0.368
18728.001482807795,0.544,0.384
18728.00174835682,0.512,0.368
18728.002013905843,0.52,0.376
18728.002279454868,0.512,0.384
18728.002545003892,0.512,0.376
18728.002810552916,0.544,0.376
18728.00307610194,0.544,0.368
18728.00334165096,0.56,0.384
18728.003607199986,0.544,0.376
18728.00387274901,0.56,0.376
18728.004138298034,0.536,0.376
18728.00440384706,0.552,0.376
18728.004669396083,0.552,0.376
18728.004934945107,0.528,0.384
18728.00520049413,0.528,0.376
18728.005466043156,0.504,0.376
18728.005731592177,0.504,0.376
18728.0059971412,0.52,0.384
18728.006262690225,0.504,0.376
18728.00652823925,0.52,0.368
18728.006793788274,0.52,0.376
18728.0070593373,0.504,0.376
18728.007324886323,0.504,0.376
18728.007590435347,0.528,0.376
18728.00785598437,0.52,0.384
18728.008121533392,0.504,0.368
18728.008387082416,0.528,0.376
18728.00865263144,0.504,0.368
18728.008918180465,0.52,0.368
18728.00918372949,0.552,0.384
18728.009449278514,0.528,0.376
18728.009714827538,0.504,0.376
18728.009980376562,0.52,0.376
18728.010245925587,0.496,0.384
18728.01051147461,0.504,0.368
18728.01077702363,0.52,0.384
18728.011042572656,0.512,0.376
18728.01130812168,0.536,0.368
18728.011573670705,0.536,0.384
18728.01183921973,0.512,0.368
18728.012104768753,0.512,0.376
18728.012370317778,0.544,0.368
18728.012635866802,0.528,0.376
18728.012901415826,0.504,0.384
18728.013166964847,0.504,0.384
18728.01343251387,0.52,0.368
18728.013698062896,0.504,0.376
18728.01396361192,0.52,0.368
18728.014229160945,0.504,0.384
18728.01449470997,0.528,0.376
18728.014760258993,0.504,0.376
18728.015025808018,0.544,0.368
18728.015291357042,0.544,0.376
18728.015556906063,0.52,0.368
18728.015822455087,0.528,0.376
18728.01608800411,0.56,0.376
18728.016353553136,0.544,0.368
18728.01661910216,0.56,0.384
18728.016884651184,0.544,0.376
18728.01715020021,0.56,0.368
18728.017415749233,0.544,0.376
18728.017681298257,0.56,0.376
18728.01794684728,0.544,0.376
18728.018212396302,0.56,0.384
18728.018477945327,0.544,0.376
18728.01874349435,0.56,0.4
18728.019009043375,0.544,0.384
18728.0192745924,0.56,0.424
18728.019540141424,0.56,0.41600000000000004
18728.01980569045,0.544,0.384
18728.020071239473,0.56,0.376
18728.020336788497,0.544,0.4
18728.020602337518,0.5680000000000001,0.40800000000000003
18728.020867886542,0.544,0.432
18728.021133435566,0.544,0.424
18728.02139898459,0.56,0.44
18728.021664533615,0.552,0.432
18728.02193008264,0.56,0.384
18728.022195631664,0.56,0.384
18728.022461180688,0.544,0.41600000000000004
18728.022726729712,0.544,0.41600000000000004
18728.022992278737,0.5680000000000001,0.432
18728.023257827757,0.552,0.432
18728.02352337678,0.5680000000000001,0.4
18728.023788925806,0.56,0.392
18728.02405447483,0.544,0.376
18728.024320023855,0.552,0.384
18728.02458557288,0.56,0.424
18728.024851121903,0.5680000000000001,0.41600000000000004
18728.025116670928,0.544,0.432
18728.025382219952,0.552,0.424
18728.025647768973,0.5680000000000001,0.432
18728.025913317997,0.5680000000000001,0.432
18728.02617886702,0.544,0.4
18728.026444416046,0.552,0.4
18728.02670996507,0.56,0.40800000000000003
18728.026975514094,0.552,0.40800000000000003
18728.02724106312,0.5680000000000001,0.44
18728.027506612143,0.552,0.432
18728.027772161167,0.5680000000000001,0.4
18728.028037710188,0.552,0.384
18728.028303259212,0.5680000000000001,0.40800000000000003
18728.028568808237,0.552,0.40800000000000003
18728.02883435726,0.5680000000000001,0.432
18728.029099906285,0.552,0.432
18728.02936545531,0.56,0.424
18728.029631004334,0.552,0.424
18728.02989655336,0.5680000000000001,0.432
18728.030162102383,0.552,0.44
18728.030427651407,0.5680000000000001,0.424
18728.030693200428,0.552,0.44
18728.030958749452,0.5680000000000001,0.424
18728.031224298476,0.5680000000000001,0.424
18728.0314898475,0.552,0.44
18728.031755396525,0.5680000000000001,0.44
18728.03202094555,0.552,0.424
18728.032286494574,0.552,0.424
18728.032552043598,0.5680000000000001,0.44
18728.032817592622,0.544,0.44
18728.033083141643,0.5680000000000001,0.424
18728.033348690667,0.552,0.432
18728.03361423969,0.5680000000000001,0.41600000000000004
18728.033879788716,0.552,0.432
18728.03414533774,0.56,0.4
18728.034410886765,0.552,0.4
18728.03467643579,0.5680000000000001,0.376
18728.034941984813,0.56,0.384
18728.035207533838,0.552,0.424
18728.03547308286,0.5680000000000001,0.41600000000000004
18728.035738631883,0.544,0.44
18728.036004180907,0.552,0.424
18728.03626972993,0.5680000000000001,0.44
18728.036535278956,0.552,0.44
18728.03680082798,0.5680000000000001,0.424
18728.037066377005,0.552,0.44
18728.03733192603,0.5680000000000001,0.424
18728.037597475053,0.5680000000000001,0.432
18728.037863024078,0.552,0.424
18728.0381285731,0.5680000000000001,0.44
18728.038394122123,0.544,0.424
18728.038659671147,0.5680000000000001,0.424
18728.03892522017,0.552,0.44
18728.039190769196,0.552,0.424
18728.03945631822,0.5680000000000001,0.44
18728.039721867244,0.552,0.44
18728.03998741627,0.5680000000000001,0.424
18728.040252965293,0.552,0.432
18728.040518514314,0.56,0.41600000000000004
18728.040784063338,0.5680000000000001,0.41600000000000004
18728.041049612362,0.544,0.392
18728.041315161387,0.552,0.384
18728.04158071041,0.5680000000000001,0.40800000000000003
18728.041846259435,0.552,0.40800000000000003
18728.04211180846,0.5680000000000001,0.432
18728.042377357484,0.552,0.432
18728.04264290651,0.5680000000000001,0.41600000000000004
18728.042908455533,0.552,0.41600000000000004
18728.043174004553,0.5680000000000001,0.384
18728.043439553578,0.552,0.384
18728.043705102602,0.5680000000000001,0.368
18728.043970651626,0.552,0.376
18728.04423620065,0.56,0.36
18728.044501749675,0.552,0.352
18728.0447672987,0.5680000000000001,0.28800000000000003
18728.045032847724,0.5680000000000001,0.28800000000000003
18728.045298396748,0.536,0.14400000000000002
18728.04556394577,0.536,0.136
18728.045829494793,0.544,0.048
18728.046095043817,0.536,0.048
18728.04636059284,0.512,0.008
18728.046626141866,0.536,0.008
18728.04689169089,0.504,-0.008
18728.047157239915,0.504,0.0
18728.04742278894,0.52,-0.008
18728.047688337963,0.504,-0.008
18728.047953886984,0.52,0.0
18728.04821943601,0.52,0.0
18728.048484985033,0.504,-0.016
18728.048750534057,0.504,0.0
18728.04901608308,0.512,-0.016
18728.049281632106,0.504,0.0
18728.04954718113,0.52,-0.016
18728.049812730154,0.512,0.0
18728.05007827918,0.496,-0.016
18728.050343828203,0.504,0.0
18728.050609377224,0.512,-0.016
18728.050874926248,0.512,-0.016
18728.051140475272,0.496,0.0
18728.051406024297,0.496,0.0
18728.05167157332,0.52,-0.008
18728.051937122345,0.504,0.0
18728.05220267137,0.52,-0.008
18728.052468220394,0.504,-0.008
18728.05273376942,0.528,0.0
18728.05299931844,0.504,-0.008
18728.053264867463,0.52,0.0
18728.053530416488,0.512,-0.008
18728.053795965512,0.496,0.0
18728.054061514536,0.496,0.0
18728.05432706356,0.512,-0.008
18728.054592612585,0.496,0.0
18728.05485816161,0.512,-0.008
18728.055123710634,0.52,0.0
18728.055389259654,0.496,-0.008
18728.05565480868,0.504,0.0
18728.055920357703,0.512,-0.008
18728.056185906727,0.52,0.0
18728.05645145575,0.504,-0.008
18728.056717004776,0.512,-0.008
18728.0569825538,0.496,0.0
18728.057248102825,0.496,0.0
18728.05751365185,0.512,-0.008
18728.057779200873,0.504,-0.008
18728.058044749894,0.528,0.0
18728.05831029892,0.528,0.0
18728.058575847943,0.544,-0.008
18728.058841396967,0.528,-0.008
18728.05910694599,0.544,0.0
18728.059372495016,0.536,-0.008
18728.05963804404,0.504,0.0
18728.059903593065,0.504,0.0
18728.06016914209,0.512,-0.008
18728.06043469111,0.504,-0.008
18728.060700240134,0.52,0.0
18728.06096578916,0.504,0.0
18728.061231338183,0.512,-0.008
18728.061496887207,0.504,-0.008
18728.06176243623,0.512,0.0
18728.062027985256,0.52,-0.008
18728.06229353428,0.496,0.0
18728.062559083304,0.496,-0.008
18728.06282463233,0.512,0.0
18728.06309018135,0.496,-0.008
18728.063355730374,0.52,0.0
18728.063621279398,0.496,-0.008
18728.063886828422,0.52,0.0
18728.064152377447,0.504,0.0
18728.06441792647,0.544,-0.008
18728.064683475495,0.544,0.0
18728.06494902452,0.52,-0.016
18728.065214573544,0.528,0.0
18728.065480122565,0.504,-0.008
18728.06574567159,0.512,0.0
18728.066011220613,0.536,-0.008
18728.066276769638,0.544,-0.008
18728.066542318662,0.512,0.0
18728.066807867686,0.512,0.0
18728.06707341671,0.496,-0.008
18728.067338965735,0.512,0.0
18728.06760451476,0.496,-0.016
18728.06787006378,0.496,0.0
18728.068135612804,0.528,-0.016
18728.06840116183,0.52,-0.008
18728.068666710853,0.552,0.0
18728.068932259877,0.544,0.0
18728.0691978089,0.528,-0.008
18728.069463357926,0.536,0.0
18728.06972890695,0.528,-0.016
18728.069994455975,0.544,-0.008
18728.070260005,0.52,0.0
18728.07052555402,0.528,0.0
18728.070791103044,0.504,-0.008
18728.07105665207,0.504,-0.008
18728.071322201093,0.512,0.0
18728.071587750117,0.496,0.0
18728.07185329914,0.512,-0.008
18728.072118848166,0.496,0.0
18728.07238439719,0.52,-0.016
18728.072649946214,0.504,0.0
18728.072915495235,0.52,-0.016
18728.07318104426,0.512,0.0
18728.073446593284,0.496,-0.016
18728.073712142308,0.496,0.0
18728.073977691332,0.512,-0.008
18728.074243240357,0.496,0.0
18728.07450878938,0.52,-0.008
18728.074774338405,0.512,-0.008
18728.07503988743,0.496,0.0
18728.07530543645,0.496,-0.016
18728.075570985475,0.512,0.0
18728.0758365345,0.512,0.0
18728.076102083523,0.496,-0.016
18728.076367632548,0.496,-0.008
18728.076633181572,0.52,0.0
18728.076898730596,0.512,0.0
18728.07716427962,0.496,-0.016
18728.077429828645,0.496,0.0
18728.07769537767,0.504,-0.008
18728.07796092669,0.496,0.0
18728.078226475714,0.528,-0.016
18728.07849202474,0.512,-0.008
18728.078757573763,0.544,0.0
18728.079023122787,0.528,0.0
18728.07928867181,0.544,-0.016
18728.079554220836,0.544,0.0
18728.07981976986,0.52,-0.016
18728.080085318885,0.528,-0.008
18728.080350867906,0.544,0.0
18728.08061641693,0.544,0.0
18728.080881965954,0.504,-0.016
18728.08114751498,0.504,0.0
18728.081413064003,0.52,-0.016
18728.081678613027,0.52,0.0
18728.08194416205,0.496,-0.016
18728.082209711076,0.512,0.0
18728.0824752601,0.496,-0.016
18728.082740809125,0.504,0.0
18728.083006358145,0.536,-0.016
18728.08327190717,0.544,0.0
18728.083537456194,0.528,-0.008
18728.08380300522,0.528,0.0
18728.084068554243,0.544,-0.016
18728.084334103267,0.552,-0.008
18728.08459965229,0.528,0.0
18728.084865201316,0.536,0.0
18728.08513075034,0.544,-0.008
18728.08539629936,0.544,0.0
18728.085661848385,0.52,-0.016
18728.08592739741,0.536,0.0
18728.086192946434,0.512,-0.016
18728.086458495458,0.536,-0.008
18728.086724044482,0.504,0.0
18728.086989593507,0.512,0.0
18728.08725514253,0.496,-0.016
18728.087520691555,0.512,-0.008
18728.087786240576,0.496,0.0
18728.0880517896,0.52,0.0
18728.088317338625,0.504,-0.016
18728.08858288765,0.52,0.0
18728.088848436673,0.496,-0.016
18728.089113985698,0.496,0.0
18728.089379534722,0.52,-0.016
18728.089645083746,0.504,0.0
18728.08991063277,0.52,-0.016
18728.090176181795,0.496,0.0
18728.090441730816,0.52,-0.016
18728.09070727984,0.504,-0.016
18728.090972828864,0.544,0.0
18728.09123837789,0.544,0.0
18728.091503926913,0.528,-0.016
18728.091769475937,0.544,0.0
18728.09203502496,0.504,-0.016
18728.092300573986,0.504,0.0
18728.09256612301,0.544,-0.016
18728.09283167203,0.528,0.0
18728.093097221055,0.544,-0.008
18728.09336277008,0.544,0.0
18728.093628319104,0.52,-0.016
18728.09389386813,0.512,0.0
18728.094159417153,0.536,-0.016
18728.094424966177,0.544,0.0
18728.0946905152,0.528,-0.008
18728.094956064226,0.536,0.0
18728.095221613246,0.504,-0.016
18728.09548716227,0.512,0.0
18728.095752711295,0.496,-0.016
18728.09601826032,0.504,0.0
18728.096283809344,0.52,-0.016
18728.096549358368,0.512,-0.008
18728.096814907392,0.504,0.0
18728.097080456417,0.504,0.0
18728.09734600544,0.52,-0.016
18728.097611554465,0.496,-0.016
18728.097877103486,0.52,0.0
18728.09814265251,0.512,0.0
18728.098408201535,0.496,-0.016
18728.09867375056,0.496,-0.016
18728.098939299583,0.512,0.0
18728.099204848608,0.496,0.0
18728.099470397632,0.52,-0.016
18728.099735946656,0.504,-0.008
18728.10000149568,0.52,0.0
18728.1002670447,0.52,0.0
18728.100532593726,0.496,-0.016
18728.10079814275,0.512,0.0
18728.101063691774,0.496,-0.008
18728.1013292408,0.496,0.0
18728.101594789823,0.528,-0.008
18728.101860338847,0.504,0.0
18728.10212588787,0.52,-0.016
18728.102391436896,0.504,0.0
18728.10265698592,0.52,-0.016
18728.10292253494,0.496,-0.016
18728.103188083966,0.512,0.0
18728.10345363299,0.504,0.0
18728.103719182014,0.52,-0.016
18728.10398473104,0.504,0.0
18728.104250280063,0.52,-0.016
18728.104515829087,0.504,0.0
18728.10478137811,0.536,-0.016
18728.105046927136,0.52,-0.008
18728.105312476157,0.504,0.0
18728.10557802518,0.496,0.0
18728.105843574205,0.52,-0.016
18728.10610912323,0.52,0.0
18728.106374672254,0.496,-0.016
18728.10664022128,0.496,0.0
18728.106905770303,0.504,-0.016
18728.107171319327,0.496,0.0
18728.10743686835,0.52,-0.016
18728.107702417372,0.52,0.0
18728.107967966396,0.496,-0.016
18728.10823351542,0.496,-0.016
18728.108499064445,0.528,0.0
18728.10876461347,0.504,-0.016
18728.109030162494,0.52,0.0
18728.109295711518,0.512,0.0
18728.109561260542,0.504,-0.016
18728.109826809567,0.512,0.0
18728.11009235859,0.496,-0.016
18728.11035790761,0.504,-0.008
18728.110623456636,0.544,0.0
18728.11088900566,0.528,-0.008
18728.111154554685,0.544,0.032
18728.11142010371,0.544,0.04
18728.111685652733,0.528,0.16
18728.111951201758,0.536,0.168
18728.112216750782,0.512,0.32
18728.112482299806,0.512,0.32
18728.112747848827,0.536,0.368
18728.11301339785,0.528,0.368
18728.113278946876,0.552,0.392
18728.1135444959,0.536,0.392
18728.113810044924,0.528,0.432
18728.11407559395,0.512,0.424
18728.114341142973,0.552,0.44
18728.114606691997,0.536,0.432
18728.11487224102,0.552,0.41600000000000004
18728.115137790042,0.528,0.41600000000000004
18728.115403339067,0.552,0.44
18728.11566888809,0.536,0.41600000000000004
18728.115934437115,0.552,0.44
18728.11619998614,0.544,0.432
18728.116465535164,0.504,0.41600000000000004
18728.11673108419,0.504,0.432
18728.116996633213,0.52,0.41600000000000004
18728.117262182237,0.504,0.41600000000000004
18728.11752773126,0.52,0.432
18728.117793280282,0.512,0.432
18728.118058829306,0.536,0.40800000000000003
18728.11832437833,0.528,0.41600000000000004
18728.118589927355,0.544,0.44
18728.11885547638,0.512,0.41600000000000004
18728.119121025404,0.536,0.44
18728.119386574428,0.528,0.424
18728.119652123452,0.552,0.44
18728.119917672477,0.544,0.424
18728.120183221497,0.504,0.432
18728.12044877052,0.504,0.44
18728.120714319546,0.52,0.4
18728.12097986857,0.512,0.392
18728.121245417595,0.496,0.376
18728.12151096662,0.504,0.384
18728.121776515643,0.52,0.40800000000000003
18728.122042064668,0.504,0.40800000000000003
18728.122307613692,0.52,0.432
18728.122573162716,0.504,0.432
18728.122838711737,0.52,0.41600000000000004
18728.12310426076,0.504,0.4
18728.123369809786,0.52,0.44
18728.12363535881,0.504,0.424
18728.123900907834,0.512,0.44
18728.12416645686,0.52,0.44
18728.124432005883,0.504,0.41600000000000004
18728.124697554907,0.504,0.44
18728.12496310393,0.536,0.40800000000000003
18728.125228652953,0.544,0.41600000000000004
18728.125494201977,0.52,0.432
18728.125759751,0.512,0.44
18728.126025300026,0.552,0.40800000000000003
18728.12629084905,0.544,0.41600000000000004
18728.126556398074,0.56,0.432
18728.1268219471,0.56,0.432
18728.127087496123,0.544,0.41600000000000004
18728.127353045147,0.56,0.432
18728.127618594168,0.544,0.40800000000000003
18728.127884143192,0.544,0.41600000000000004
18728.128149692217,0.56,0.432
18728.12841524124,0.56,0.41600000000000004
18728.128680790265,0.544,0.44
18728.12894633929,0.544,0.424
18728.129211888314,0.56,0.432
18728.12947743734,0.56,0.432
18728.129742986363,0.544,0.41600000000000004
18728.130008535387,0.56,0.41600000000000004
18728.130274084408,0.544,0.424
18728.130539633432,0.544,0.432
18728.130805182456,0.56,0.40800000000000003
18728.13107073148,0.544,0.432
18728.131336280505,0.5680000000000001,0.4
18728.13160182953,0.56,0.4
18728.131867378554,0.544,0.376
18728.132132927578,0.56,0.376
18728.132398476602,0.544,0.40800000000000003
18728.132664025623,0.544,0.40800000000000003
18728.132929574647,0.56,0.376
18728.13319512367,0.552,0.376
18728.133460672696,0.5680000000000001,0.392
18728.13372622172,0.56,0.392
18728.133991770745,0.544,0.368
18728.13425731977,0.552,0.384
18728.134522868793,0.5680000000000001,0.368
18728.134788417818,0.544,0.368
18728.13505396684,0.5680000000000001,0.376
18728.135319515863,0.5680000000000001,0.368
18728.135585064887,0.552,0.384
18728.13585061391,0.552,0.368
18728.136116162936,0.5680000000000001,0.368
18728.13638171196,0.5680000000000001,0.368
18728.136647260984,0.544,0.368
18728.13691281001,0.5680000000000001,0.368
18728.137178359033,0.544,0.376
18728.137443908057,0.552,0.368
18728.137709457078,0.5680000000000001,0.376
18728.137975006102,0.5680000000000001,0.368
18728.138240555127,0.552,0.368
18728.13850610415,0.552,0.368
18728.138771653175,0.5680000000000001,0.368
18728.1390372022,0.552,0.368
18728.139302751224,0.5680000000000001,0.384
18728.13956830025,0.5680000000000001,0.368
18728.139833849273,0.552,0.368
18728.140099398293,0.552,0.368
18728.140364947318,0.5680000000000001,0.368
18728.140630496342,0.552,0.368
18728.140896045366,0.56,0.368
18728.14116159439,0.56,0.368
18728.141427143415,0.552,0.376
18728.14169269244,0.552,0.368
18728.141958241464,0.5680000000000001,0.368
18728.142223790488,0.552,0.368
18728.142489339512,0.5680000000000001,0.368
18728.142754888533,0.552,0.368
18728.143020437557,0.5680000000000001,0.376
18728.14328598658,0.5680000000000001,0.368
18728.143551535606,0.544,0.368
18728.14381708463,0.552,0.368
18728.144082633655,0.5680000000000001,0.368
18728.14434818268,0.5680000000000001,0.368
18728.144613731703,0.552,0.368
18728.144879280728,0.552,0.368
18728.14514482975,0.5680000000000001,0.368
18728.145410378773,0.552,0.368
18728.145675927797,0.5680000000000001,0.376
18728.14594147682,0.552,0.368
18728.146207025846,0.56,0.368
18728.14647257487,0.552,0.368
18728.146738123894,0.5680000000000001,0.376
18728.14700367292,0.5680000000000001,0.368
18728.147269221943,0.552,0.368
18728.147534770964,0.5680000000000001,0.368
18728.147800319988,0.552,0.368
18728.148065869012,0.552,0.368
18728.148331418037,0.5680000000000001,0.368
18728.14859696706,0.552,0.368
18728.148862516086,0.5680000000000001,0.376
18728.14912806511,0.552,0.368
18728.149393614134,0.5680000000000001,0.376
18728.14965916316,0.552,0.368
18728.149924712183,0.5680000000000001,0.376
18728.150190261204,0.56,0.368
18728.150455810228,0.544,0.376
18728.150721359252,0.552,0.368
18728.150986908277,0.56,0.368
18728.1512524573,0.552,0.368
18728.151518006325,0.5680000000000001,0.368
18728.15178355535,0.552,0.368
18728.152049104374,0.56,0.376
18728.1523146534,0.5680000000000001,0.368
18728.15258020242,0.544,0.368
18728.152845751443,0.552,0.368
18728.153111300468,0.5680000000000001,0.368
18728.153376849492,0.552,0.368
18728.153642398516,0.5680000000000001,0.368
18728.15390794754,0.552,0.368
18728.154173496565,0.5680000000000001,0.368
18728.15443904559,0.552,0.368
18728.154704594614,0.5680000000000001,0.368
18728.154970143634,0.552,0.368
18728.15523569266,0.56,0.376
18728.155501241683,0.552,0.368
18728.155766790707,0.5680000000000001,0.368
18728.15603233973,0.552,0.368
18728.156297888756,0.56,0.368
18728.15656343778,0.552,0.368
18728.156828986805,0.5680000000000001,0.376
18728.15709453583,0.552,0.368
18728.157360084853,0.5680000000000001,0.368
18728.157625633874,0.544,0.368
18728.1578911829,0.5760000000000001,0.376
18728.158156731923,0.552,0.368
18728.158422280947,0.5680000000000001,0.368
18728.163687467575,0.496,-0.016
18728.163934132856,0.504,0.0
18728.164180798132,0.496,0.0
18728.164427463413,0.504,-0.016
18728.164674128693,0.496,-0.016
18728.16492079397,0.528,0.0
18728.16516745925,0.536,-0.016
18728.165414124527,0.528,0.0
18728.165660789808,0.528,-0.016
18728.165907455088,0.544,0.0
18728.166154120365,0.528,0.0
18728.166400785645,0.496,-0.016
18728.166647450926,0.496,-0.016
18728.166894116202,0.512,0.0
18728.167140781483,0.496,-0.016
18728.16738744676,0.504,0.0
18728.16763411204,0.496,-0.016
18728.16788077732,0.504,0.0
18728.168127442597,0.496,0.0
18728.168374107878,0.528,-0.016
18728.16862077316,0.528,-0.008
18728.168867438435,0.536,0.032
18728.169114103715,0.536,0.032
18728.169360768992,0.496,0.14400000000000002
18728.169607434273,0.496,0.152
18728.169854099553,0.504,0.304
18728.17010076483,0.496,0.304
18728.17034743011,0.536,0.352
18728.17059409539,0.528,0.34400000000000003
18728.170840760667,0.544,0.392
18728.171087425948,0.544,0.392
18728.171334091225,0.512,0.41600000000000004
18728.171580756505,0.512,0.40800000000000003
18728.171827421786,0.552,0.424
18728.172074087062,0.536,0.424
18728.172320752343,0.552,0.384
18728.172567417623,0.552,0.384
18728.1728140829,0.536,0.368
18728.17306074818,0.536,0.368
18728.173307413457,0.56,0.4
18728.173554078738,0.544,0.384
18728.173800744018,0.56,0.36
18728.174047409295,0.544,0.36
18728.174294074575,0.56,0.376
18728.174540739856,0.552,0.376
18728.174787405133,0.536,0.36
18728.175034070413,0.544,0.368
18728.17528073569,0.56,0.36
18728.17552740097,0.544,0.368
18728.17577406625,0.56,0.376
18728.176020731527,0.544,0.368
18728.176267396808,0.56,0.368
18728.17651406209,0.544,0.368
18728.176760727365,0.56,0.36
18728.177007392645,0.544,0.368
18728.177254057922,0.56,0.376
18728.177500723203,0.544,0.368
18728.177747388483,0.56,0.368
18728.17799405376,0.544,0.368
18728.17824071904,0.56,0.368
18728.17848738432,0.544,0.368
18728.178734049598,0.552,0.368
18728.178980714878,0.544,0.368
18728.179227380155,0.552,0.36
18728.179474045435,0.544,0.368
18728.179720710716,0.552,0.368
18728.179967375992,0.544,0.368
18728.180214041273,0.56,0.384
18728.180460706553,0.544,0.376
18728.18070737183,0.536,0.41600000000000004
18728.18095403711,0.536,0.4
18728.181200702387,0.544,0.424
18728.181447367668,0.544,0.41600000000000004
18728.181694032948,0.504,0.432
18728.181940698225,0.512,0.432
18728.182187363505,0.496,0.4
18728.182434028786,0.512,0.4
18728.182680694063,0.496,0.424
18728.182927359343,0.512,0.41600000000000004
18728.183174024623,0.536,0.368
18728.1834206899,0.528,0.376
18728.18366735518,0.544,0.36
18728.183914020457,0.536,0.36
18728.184160685738,0.552,0.376
18728.18440735102,0.544,0.368
18728.184654016295,0.52,0.36
18728.184900681576,0.528,0.368
18728.185147346856,0.496,0.36
18728.185394012133,0.496,0.368
18728.185640677413,0.52,0.36
18728.18588734269,0.512,0.368
18728.18613400797,0.496,0.376
18728.18638067325,0.496,0.376
18728.186627338528,0.504,0.36
18728.186874003808,0.496,0.376
18728.18712066909,0.536,0.368
18728.187367334365,0.544,0.368
18728.187613999646,0.52,0.36
18728.187860664922,0.528,0.368
18728.188107330203,0.504,0.36
18728.188353995483,0.512,0.368
18728.18860066076,0.496,0.368
18728.18884732604,0.496,0.368
18728.18909399132,0.504,0.368
18728.189340656598,0.496,0.368
18728.18958732188,0.52,0.368
18728.189833987155,0.496,0.368
18728.190080652435,0.512,0.368
18728.190327317716,0.496,0.368
18728.190573982993,0.512,0.368
18728.190820648273,0.512,0.368
18728.191067313554,0.496,0.4
18728.19131397883,0.496,0.392
18728.19156064411,0.504,0.368
18728.191807309388,0.496,0.368
18728.192053974668,0.512,0.368
18728.19230063995,0.496,0.368
18728.192547305225,0.504,0.36
18728.192793970506,0.504,0.368
18728.193040635786,0.488,0.36
18728.193287301063,0.496,0.368
18728.193533966343,0.512,0.36
18728.19378063162,0.496,0.376
18728.1940272969,0.504,0.36
18728.19427396218,0.496,0.368
18728.194520627458,0.504,0.36
18728.194767292738,0.496,0.368
18728.19501395802,0.52,0.36
18728.195260623295,0.504,0.368
18728.195507288576,0.544,0.36
18728.195753953853,0.536,0.368
18728.196000619133,0.504,0.368
18728.196247284413,0.496,0.36
18728.19649394969,0.504,0.376
18728.19674061497,0.496,0.368
18728.19698728025,0.504,0.36
18728.197233945528,0.496,0.36
18728.19748061081,0.504,0.368
18728.197727276085,0.512,0.368
18728.197973941365,0.496,0.36
18728.198220606646,0.496,0.368
18728.198467271923,0.512,0.36
18728.198713937203,0.496,0.368
18728.198960602484,0.504,0.368
18728.19920726776,0.488,0.36
18728.19945393304,0.504,0.376
18728.199700598318,0.504,0.36
18728.199947263598,0.488,0.376
18728.20019392888,0.488,0.368
18728.200440594155,0.512,0.36
18728.200687259436,0.496,0.36
18728.200933924716,0.504,0.376
18728.201180589993,0.496,0.376
18728.201427255273,0.504,0.36
18728.201673920554,0.504,0.368
18728.20192058583,0.488,0.368
18728.20216725111,0.512,0.368
18728.202413916388,0.496,0.368
18728.202660581668,0.504,0.376
18728.20290724695,0.536,0.36
18728.203153912225,0.52,0.368
18728.203400577506,0.496,0.368
18728.203647242786,0.512,0.368
18728.203893908063,0.496,0.36
18728.204140573343,0.512,0.368
18728.20438723862,0.496,0.36
18728.2046339039,0.496,0.368
18728.20488056918,0.504,0.36
18728.205127234458,0.504,0.368
18728.20537389974,0.496,0.36
18728.20562056502,0.512,0.368
18728.205867230296,0.528,0.36
18728.206113895576,0.512,0.368
18728.206360560853,0.536,0.36
18728.206607226133,0.528,0.36
18728.206853891414,0.544,0.368
18728.20710055669,0.544,0.376
18728.20734722197,0.52,0.36
18728.20759388725,0.504,0.36
18728.207840552528,0.544,0.376
18728.20808721781,0.552,0.368
18728.208333883085,0.52,0.40800000000000003
18728.208580548366,0.528,0.40800000000000003
18728.208827213646,0.536,0.424
18728.209073878923,0.528,0.424
18728.209320544203,0.544,0.41600000000000004
18728.209567209484,0.528,0.41600000000000004
18728.20981387476,0.552,0.432
18728.21006054004,0.544,0.41600000000000004
18728.210307205318,0.52,0.432
18728.2105538706,0.512,0.40800000000000003
18728.21080053588,0.496,0.432
18728.211047201155,0.504,0.424
18728.211293866436,0.536,0.40800000000000003
18728.211540531716,0.536,0.432
18728.211787196993,0.512,0.392
18728.212033862274,0.512,0.4
18728.21228052755,0.496,0.368
18728.21252719283,0.528,0.376
18728.21277385811,0.496,0.4
18728.213020523388,0.496,0.4
18728.21326718867,0.504,0.41600000000000004
18728.21351385395,0.496,0.424
18728.213760519226,0.504,0.40800000000000003
18728.214007184506,0.496,0.41600000000000004
18728.214253849783,0.52,0.424
18728.214500515063,0.496,0.432
18728.214747180344,0.512,0.41600000000000004
18728.21499384562,0.496,0.40800000000000003
18728.2152405109,0.512,0.424
18728.21548717618,0.496,0.41600000000000004
18728.215733841458,0.536,0.424
18728.21598050674,0.536,0.41600000000000004
18728.216227172015,0.52,0.432
18728.216473837296,0.52,0.424
18728.216720502576,0.544,0.41600000000000004
18728.216967167853,0.528,0.41600000000000004
18728.217213833133,0.544,0.432
18728.217460498414,0.544,0.432
18728.21770716369,0.52,0.41600000000000004
18728.21795382897,0.52,0.41600000000000004
18728.218200494248,0.504,0.384
18728.21844715953,0.512,0.384
18728.21869382481,0.496,0.376
18728.218940490086,0.496,0.376
18728.219187155366,0.52,0.368
18728.219433820646,0.496,0.368
18728.219680485923,0.536,0.392
18728.219927151204,0.536,0.392
18728.220173816484,0.504,0.424
18728.22042048176,0.496,0.424
18728.22066714704,0.512,0.40800000000000003
18728.220913812318,0.496,0.424
18728.2211604776,0.504,0.41600000000000004
18728.22140714288,0.496,0.424
18728.221653808156,0.504,0.41600000000000004
18728.221900473436,0.496,0.424
18728.222147138717,0.512,0.40800000000000003
18728.222393803993,0.52,0.424
18728.222640469274,0.496,0.40800000000000003
18728.22288713455,0.496,0.41600000000000004
18728.22313379983,0.504,0.432
18728.22338046511,0.496,0.424
18728.22362713039,0.504,0.40800000000000003
18728.22387379567,0.496,0.424
18728.22412046095,0.504,0.40800000000000003
18728.224367126226,0.512,0.41600000000000004
18728.224613791506,0.496,0.424
18728.224860456783,0.496,0.41600000000000004
18728.225107122063,0.512,0.424
18728.225353787344,0.496,0.424
18728.22560045262,0.504,0.41600000000000004
18728.2258471179,0.496,0.424
18728.22609378318,0.512,0.41600000000000004
18728.22634044846,0.504,0.41600000000000004
18728.22658711374,0.496,0.432
18728.226833779016,0.496,0.41600000000000004
18728.227080444296,0.528,0.432
18728.227327109576,0.52,0.424
18728.227573774853,0.496,0.376
18728.227820440134,0.52,0.376
18728.228067105414,0.496,0.384
18728.22831377069,0.52,0.384
18728.22856043597,0.496,0.41600000000000004
18728.228807101248,0.488,0.424
18728.22905376653,0.512,0.40800000000000003
18728.22930043181,0.512,0.40800000000000003
18728.229547097086,0.496,0.424
18728.229793762366,0.52,0.424
18728.230040427647,0.496,0.392
18728.230287092923,0.496,0.4
18728.230533758204,0.512,0.312
18728.23078042348,0.496,0.304
18728.23102708876,0.504,0.152
18728.23127375404,0.496,0.136
18728.23152041932,0.504,0.04
18728.2317670846,0.496,0.048
18728.23201374988,0.512,0.0
18728.232260415156,0.504,0.008
18728.232507080436,0.544,-0.008
18728.232753745713,0.528,-0.008
18728.233000410994,0.504,0.0
18728.233247076274,0.496,0.0
18728.23349374155,0.512,-0.016
18728.23374040683,0.496,0.0
18728.23398707211,0.52,-0.008
18728.23423373739,0.504,0.0
18728.23448040267,0.552,-0.008
18728.234727067946,0.536,0.0
18728.234973733226,0.552,-0.008
18728.235220398506,0.552,0.0
18728.235467063783,0.536,-0.008
18728.235713729064,0.552,0.0
18728.235960394344,0.536,-0.016
18728.23620705962,0.544,-0.008
18728.2364537249,0.552,0.0
18728.236700390178,0.544,0.0
18728.23694705546,0.528,-0.016
18728.23719372074,0.544,0.0
18728.237440386016,0.528,-0.016
18728.237687051296,0.544,0.0
18728.237933716577,0.496,-0.008
18728.238180381853,0.52,-0.008
18728.238427047134,0.496,0.0
18728.238673712414,0.496,-0.008
18728.23892037769,0.528,0.0
18728.23916704297,0.52,0.0
18728.23941370825,0.504,-0.016
18728.23966037353,0.504,0.0
18728.23990703881,0.528,-0.016
18728.240153704086,0.528,-0.016
18728.240400369366,0.544,0.0
18728.240647034647,0.536,-0.008
18728.240893699924,0.504,0.0
18728.241140365204,0.504,0.0
18728.24138703048,0.536,-0.008
18728.24163369576,0.504,-0.008
18728.24188036104,0.536,0.0
18728.24212702632,0.544,0.0
18728.2423736916,0.52,-0.016
18728.24262035688,0.528,0.0
18728.242867022156,0.496,-0.008
18728.243113687437,0.504,-0.016
18728.243360352713,0.528,0.0
18728.243607017994,0.528,-0.008
18728.243853683274,0.536,0.0
18728.24410034855,0.544,0.0
18728.24434701383,0.52,-0.016
18728.244593679112,0.52,-0.008
18728.24484034439,0.552,0.0
18728.24508700967,0.544,0.0
18728.245333674946,0.56,-0.016
18728.245580340226,0.536,0.0
18728.245827005507,0.56,-0.016
18728.246073670784,0.544,0.0
18728.246320336064,0.552,-0.016
18728.246567001344,0.544,0.0
18728.24681366662,0.56,-0.016
18728.2470603319,0.56,0.0
18728.24730699718,0.536,-0.016
18728.24755366246,0.544,0.0
18728.24780032774,0.56,-0.016
18728.248046993016,0.544,0.0
18728.248293658296,0.56,-0.016
18728.248540323577,0.544,0.0
18728.248786988854,0.56,-0.016
18728.249033654134,0.544,0.0
18728.24928031941,0.56,-0.016
18728.24952698469,0.544,0.0
18728.24977364997,0.56,-0.016
18728.25002031525,0.544,0.0
18728.25026698053,0.56,-0.016
18728.25051364581,0.544,0.0
18728.250760311086,0.56,-0.016
18728.251006976367,0.544,-0.016
18728.251253641643,0.56,0.0
18728.251500306924,0.56,0.0
18728.251746972204,0.544,-0.016
18728.25199363748,0.544,-0.016
18728.25224030276,0.56,0.0
18728.252486968042,0.544,0.0
18728.25273363332,0.56,-0.016
18728.2529802986,0.544,0.0
18728.253226963876,0.56,-0.016
18728.253473629156,0.544,-0.016
18728.253720294437,0.56,0.0
18728.253966959714,0.544,-0.016
18728.254213624994,0.56,0.0
18728.254460290274,0.56,-0.016
18728.25470695555,0.544,0.0
18728.25495362083,0.56,-0.016
18728.25520028611,0.544,0.0
18728.25544695139,0.544,0.0
18728.25569361667,0.56,-0.016
18728.255940281946,0.56,0.0
18728.256186947227,0.544,-0.016
18728.256433612507,0.552,0.0
18728.256680277784,0.544,-0.016
18728.256926943064,0.544,-0.016
18728.257173608345,0.56,0.0
18728.25742027362,0.544,0.0
18728.257666938902,0.56,-0.016
18728.25791360418,0.56,-0.016
18728.25816026946,0.544,0.0
18728.25840693474,0.544,-0.016
18728.258653600016,0.56,0.0
18728.258900265297,0.544,0.0
18728.259146930577,0.56,-0.016
18728.259393595854,0.544,-0.016
18728.259640261134,0.56,0.0
18728.25988692641,0.56,0.0
18728.26013359169,0.544,-0.016
18728.260380256972,0.544,-0.016
18728.26062692225,0.5680000000000001,0.0
18728.26087358753,0.56,-0.016
18728.26112025281,0.544,0.0
18728.261366918086,0.544,0.0
18728.261613583367,0.56,-0.016
18728.261860248644,0.56,-0.016
18728.262106913924,0.544,0.0
18728.262353579205,0.56,-0.016
18728.26260024448,0.544,0.0
18728.26284690976,0.544,-0.016
18728.263093575042,0.56,0.0
18728.26334024032,0.544,-0.016
18728.2635869056,0.56,0.0
18728.263833570876,0.544,-0.016
18728.264080236157,0.552,0.0
18728.264326901437,0.544,-0.016
18728.264573566714,0.56,0.0
18728.264820231994,0.56,-0.016
18728.265066897275,0.544,0.0
18728.26531356255,0.544,-0.016
18728.265560227832,0.56,0.0
18728.26580689311,0.544,-0.016
18728.26605355839,0.56,0.0
18728.26630022367,0.544,-0.016
18728.266546888946,0.56,0.0
18728.266793554227,0.544,-0.016
18728.267040219507,0.5680000000000001,0.0
18728.267286884784,0.56,-0.016
18728.267533550064,0.544,0.0
18728.26778021534,0.552,-0.016
18728.26802688062,0.5680000000000001,0.0
18728.268273545902,0.56,-0.016
18728.26852021118,0.544,0.0
18728.26876687646,0.552,0.0
18728.26901354174,0.544,-0.016
18728.269260207016,0.56,-0.016
18728.269506872297,0.544,0.0
18728.269753537574,0.544,0.0
18728.270000202854,0.56,-0.016
18728.270246868135,0.544,-0.016
18728.27049353341,0.56,0.0
18728.27074019869,0.544,0.0
18728.270986863972,0.56,-0.016
18728.27123352925,0.552,-0.016
18728.27148019453,0.544,0.0
18728.271726859806,0.544,0.0
18728.271973525087,0.56,-0.016
18728.272220190367,0.552,0.0
18728.272466855644,0.544,-0.016
18728.272713520924,0.56,0.0
18728.272960186205,0.544,-0.016
18728.27320685148,0.56,-0.016
18728.273453516762,0.544,0.0
18728.27370018204,0.544,-0.016
18728.27394684732,0.5680000000000001,0.0
18728.2741935126,0.56,-0.016
18728.274440177876,0.544,0.0
18728.274686843157,0.56,-0.016
18728.274933508437,0.544,0.0
18728.275180173714,0.544,-0.016
18728.275426838994,0.56,0.0
18728.275673504275,0.544,0.0
18728.27592016955,0.56,-0.016
18728.276166834832,0.544,-0.016
18728.27641350011,0.56,0.0
18728.27666016539,0.56,-0.016
18728.27690683067,0.544,0.0
18728.277153495947,0.56,-0.016
18728.277400161227,0.544,0.0
18728.277646826507,0.56,0.0
18728.277893491784,0.544,-0.016
18728.278140157065,0.544,-0.016
18728.27838682234,0.56,0.0
18728.278633487622,0.544,0.0
18728.278880152902,0.56,-0.016
18728.27912681818,0.56,-0.016
18728.27937348346,0.544,0.0
18728.27962014874,0.56,0.0
18728.279866814017,0.544,-0.016
18728.280113479297,0.544,0.0
18728.280360144574,0.56,-0.016
18728.280606809854,0.56,-0.016
18728.280853475135,0.544,0.0
18728.28110014041,0.56,-0.016
18728.281346805692,0.544,0.0
18728.281593470972,0.544,-0.016
18728.28184013625,0.56,0.0
18728.28208680153,0.544,-0.016
18728.282333466806,0.56,0.0
18728.282580132087,0.544,-0.016
18728.282826797367,0.56,0.0
18728.283073462644,0.56,0.0
18728.283320127925,0.544,-0.016
18728.283566793205,0.544,0.0
18728.28381345848,0.56,-0.016
18728.284060123762,0.56,-0.016
18728.28430678904,0.544,0.0
18728.28455345432,0.56,-0.016
18728.2848001196,0.544,0.0
18728.285046784877,0.56,-0.016
18728.285293450157,0.544,0.0
18728.285540115437,0.544,-0.016
18728.285786780714,0.56,0.0
18728.286033445995,0.56,-0.016
18728.28628011127,0.544,0.0
18728.286526776552,0.552,-0.016
18728.286773441832,0.536,0.0
18728.28702010711,0.536,0.0
18728.28726677239,0.552,-0.016
18728.28751343767,0.552,0.0
18728.287760102947,0.528,-0.016
18728.288006768227,0.528,-0.016
18728.288253433504,0.504,0.0
18728.288500098784,0.504,0.0
18728.288746764065,0.512,-0.016
18728.28899342934,0.504,0.0
18728.289240094622,0.544,-0.016
18728.289486759903,0.536,0.0
18728.28973342518,0.552,-0.016
18728.28998009046,0.552,0.0
18728.290226755737,0.528,-0.016
18728.290473421017,0.52,-0.008
18728.290720086297,0.544,-0.016
18728.290966751574,0.52,-0.016
18728.291213416855,0.544,0.0
18728.291460082135,0.544,-0.016
18728.29170674741,0.52,0.0
18728.291953412692,0.52,-0.008
18728.29220007797,0.56,0.024
18728.29244674325,0.552,0.024
18728.29269340853,0.512,0.136
18728.292940073807,0.496,0.14400000000000002
18728.293186739087,0.52,0.272
18728.293433404368,0.496,0.272
18728.293680069644,0.52,0.336
18728.293926734925,0.496,0.34400000000000003
18728.294173400205,0.512,0.36
18728.294420065482,0.496,0.36
18728.294666730762,0.512,0.36
18728.29491339604,0.504,0.36
18728.29516006132,0.544,0.368
18728.2954067266,0.544,0.368
18728.295653391877,0.528,0.36
18728.295900057157,0.528,0.36
18728.296146722438,0.552,0.368
18728.296393387714,0.536,0.36
18728.296640052995,0.544,0.376
18728.29688671827,0.536,0.368
18728.297133383552,0.512,0.36
18728.297380048833,0.52,0.368
18728.29762671411,0.504,0.36
18728.29787337939,0.496,0.368
18728.29812004467,0.512,0.368
18728.298366709947,0.496,0.368
18728.298613375227,0.52,0.36
18728.298860040504,0.504,0.368
18728.299106705785,0.528,0.36
18728.299353371065,0.52,0.368
18728.299600036342,0.496,0.376
18728.299846701622,0.512,0.368
18728.300093366903,0.496,0.36
18728.30034003218,0.496,0.368
18728.30058669746,0.504,0.368
18728.300833362737,0.496,0.368
18728.301080028017,0.512,0.368
18728.301326693298,0.496,0.368
18728.301573358574,0.512,0.36
18728.301820023855,0.496,0.368
18728.302066689135,0.512,0.376
18728.302313354412,0.496,0.368
18728.302560019692,0.504,0.368
18728.30280668497,0.496,0.376
18728.30305335025,0.512,0.36
18728.30330001553,0.512,0.368
18728.303546680807,0.496,0.368
18728.303793346087,0.512,0.376
18728.304040011368,0.496,0.36
18728.304286676645,0.512,0.368
18728.304533341925,0.496,0.36
18728.3047800072,0.496,0.368
18728.305026672482,0.52,0.36
18728.305273337763,0.496,0.36
18728.30552000304,0.52,0.376
18728.30576666832,0.496,0.368
18728.3060133336,0.512,0.36
18728.306259998877,0.504,0.368
18728.306506664157,0.496,0.36
18728.306753329434,0.496,0.368
18728.306999994715,0.504,0.36
18728.307246659995,0.496,0.368
18728.307493325272,0.504,0.36
18728.307739990552,0.496,0.368
18728.307986655833,0.504,0.36
18728.30823332111,0.496,0.368
18728.30847998639,0.504,0.368
18728.308726651667,0.496,0.368
18728.308973316947,0.504,0.36
18728.309219982228,0.504,0.368
18728.309466647504,0.488,0.36
18728.309713312785,0.512,0.36
18728.309959978065,0.488,0.376
18728.310206643342,0.496,0.36
18728.310453308623,0.504,0.376
18728.3106999739,0.488,0.368
18728.31094663918,0.504,0.368
18728.31119330446,0.504,0.368
18728.311439969737,0.488,0.368
18728.311686635017,0.504,0.368
18728.311933300298,0.488,0.36
18728.312179965575,0.504,0.368
18728.312426630855,0.488,0.376
18728.312673296135,0.488,0.368
18728.312919961412,0.512,0.36
18728.313166626693,0.504,0.368
18728.31341329197,0.488,0.36
18728.31365995725,0.488,0.36
18728.31390662253,0.536,0.376
18728.314153287807,0.528,0.36
18728.314399953088,0.544,0.376
18728.314646618368,0.528,0.368
18728.314893283645,0.504,0.376
18728.315139948925,0.496,0.368
18728.315386614202,0.504,0.376
18728.315633279482,0.496,0.368
18728.315879944763,0.504,0.352
18728.31612661004,0.504,0.368
18728.31637327532,0.488,0.36
18728.3166199406,0.496,0.368
18728.316866605877,0.504,0.36
18728.317113271158,0.496,0.368
18728.317359936435,0.512,0.36
18728.317606601715,0.496,0.368
18728.317853266995,0.536,0.368
18728.318099932272,0.528,0.368
18728.318346597553,0.544,0.36
18728.318593262833,0.528,0.36
18728.31883992811,0.544,0.376
18728.31908659339,0.536,0.368
18728.319333258667,0.504,0.36
18728.319579923947,0.504,0.368
18728.319826589228,0.496,0.36
18728.320073254505,0.496,0.368
18728.320319919785,0.504,0.36
18728.320566585066,0.496,0.368
18728.320813250342,0.512,0.36
18728.321059915623,0.504,0.368
18728.3213065809,0.488,0.36
18728.32155324618,0.496,0.36
18728.32179991146,0.544,0.376
18728.322046576737,0.536,0.368
18728.322293242018,0.528,0.36
18728.322539907298,0.528,0.368
18728.322786572575,0.544,0.368
18728.323033237855,0.528,0.368
18728.323279903132,0.544,0.36
18728.323526568412,0.544,0.368
18728.323773233693,0.504,0.36
18728.32401989897,0.512,0.368
18728.32426656425,0.496,0.36
18728.32451322953,0.496,0.36
18728.324759894807,0.504,0.376
18728.325006560088,0.496,0.368
18728.325253225365,0.504,0.36
18728.325499890645,0.496,0.36
18728.325746555925,0.504,0.368
18728.325993221202,0.504,0.36
18728.326239886483,0.488,0.376
18728.326486551763,0.496,0.368
18728.32673321704,0.504,0.392
18728.32697988232,0.504,0.392
18728.327226547597,0.488,0.40800000000000003
18728.327473212878,0.496,0.40800000000000003
18728.327719878158,0.504,0.368
18728.327966543435,0.496,0.376
18728.328213208715,0.504,0.36
18728.328459873996,0.496,0.368
18728.328706539272,0.512,0.4
18728.328953204553,0.496,0.41600000000000004
18728.32919986983,0.512,0.392
18728.32944653511,0.488,0.4
18728.32969320039,0.512,0.424
18728.329939865667,0.512,0.424
18728.330186530948,0.544,0.4
18728.330433196228,0.52,0.424
18728.330679861505,0.536,0.40800000000000003
18728.330926526785,0.536,0.424
18728.331173192066,0.504,0.40800000000000003
18728.331419857343,0.512,0.424
18728.331666522623,0.544,0.4
18728.3319131879,0.544,0.41600000000000004
18728.33215985318,0.528,0.384
18728.33240651846,0.528,0.376
18728.332653183737,0.544,0.40800000000000003
18728.332899849018,0.544,0.40800000000000003
18728.3331465143,0.512,0.424
18728.333393179575,0.512,0.40800000000000003
18728.333639844855,0.496,0.424
18728.333886510132,0.496,0.41600000000000004
18728.334133175413,0.504,0.432
18728.334379840693,0.496,0.40800000000000003
18728.33462650597,0.504,0.424
18728.33487317125,0.496,0.41600000000000004
18728.33511983653,0.504,0.376
18728.335366501808,0.504,0.376
18728.335613167088,0.488,0.368
18728.335859832365,0.496,0.384
18728.336106497645,0.504,0.368
18728.336353162926,0.496,0.384
18728.336599828202,0.52,0.368
18728.336846493483,0.52,0.376
18728.337093158763,0.544,0.36
18728.33733982404,0.528,0.368
18728.33758648932,0.544,0.36
18728.337833154597,0.536,0.368
18728.338079819878,0.512,0.36
18728.338326485158,0.52,0.368
18728.338573150435,0.496,0.36
18728.338819815715,0.504,0.36
18728.339066480996,0.488,0.376
18728.339313146273,0.504,0.36
18728.339559811553,0.488,0.368
18728.33980647683,0.496,0.368
18728.34005314211,0.512,0.376
18728.34029980739,0.504,0.368
18728.340546472667,0.488,0.36
18728.340793137948,0.496,0.368
18728.34103980323,0.504,0.36
18728.341286468505,0.496,0.368
18728.341533133786,0.504,0.36
18728.341779799062,0.496,0.36
18728.342026464343,0.504,0.368
18728.342273129623,0.496,0.368
18728.3425197949,0.504,0.36
18728.34276646018,0.504,0.368
18728.34301312546,0.496,0.352
18728.343259790738,0.496,0.368
18728.343506456018,0.504,0.36
18728.343753121295,0.496,0.36
18728.343999786575,0.512,0.376
18728.344246451856,0.496,0.368
18728.344493117133,0.504,0.36
18728.344739782413,0.496,0.368
18728.344986447693,0.504,0.36
18728.34523311297,0.488,0.368
18728.34547977825,0.512,0.36
18728.345726443527,0.488,0.368
18728.345973108808,0.512,0.36
18728.34621977409,0.512,0.368
18728.346466439365,0.536,0.36
18728.346713104645,0.528,0.36
18728.346959769926,0.544,0.376
18728.347206435203,0.544,0.368
18728.347453100483,0.504,0.384
18728.34769976576,0.512,0.384
18728.34794643104,0.496,0.41600000000000004
18728.34819309632,0.528,0.40800000000000003
18728.348439761598,0.496,0.424
18728.348686426878,0.496,0.40800000000000003
18728.34893309216,0.504,0.424
18728.349179757435,0.496,0.41600000000000004
18728.349426422716,0.512,0.424
18728.349673087996,0.512,0.424
18728.349919753273,0.496,0.40800000000000003
18728.350166418553,0.512,0.41600000000000004
18728.35041308383,0.496,0.424
18728.35065974911,0.504,0.41600000000000004
18728.35090641439,0.488,0.424
18728.351153079668,0.512,0.424
18728.351399744948,0.488,0.368
18728.35164641023,0.496,0.376
18728.351893075505,0.504,0.368
18728.352139740786,0.496,0.376
18728.352386406063,0.512,0.384
18728.352633071343,0.496,0.376
18728.352879736623,0.504,0.36
18728.3531264019,0.496,0.36
18728.35337306718,0.512,0.34400000000000003
18728.35361973246,0.496,0.34400000000000003
18728.353866397738,0.512,0.272
18728.35411306302,0.496,0.272
18728.354359728295,0.504,0.128
18728.354606393576,0.496,0.128
18728.354853058856,0.504,0.032
18728.355099724133,0.496,0.04
18728.355346389413,0.504,0.0
18728.355593054694,0.504,0.008
18728.35583971997,0.496,-0.008
18728.35608638525,0.488,-0.008
18728.356333050528,0.504,0.0
18728.356579715808,0.504,-0.008
18728.35682638109,0.496,0.0
18728.357073046365,0.496,-0.008
18728.357319711646,0.512,0.0
18728.357566376926,0.496,-0.008
18728.357813042203,0.512,0.0
18728.358059707483,0.496,0.0
18728.35830637276,0.512,-0.016
18728.35855303804,0.496,0.0
18728.35879970332,0.504,-0.016
18728.359046368598,0.52,0.0
18728.35929303388,0.496,-0.008
18728.35953969916,0.496,0.0
18728.359786364435,0.504,-0.016
18728.360033029716,0.496,0.0
18728.360279694993,0.504,-0.016
18728.360526360273,0.488,-0.008
18728.360773025553,0.504,0.0
18728.36101969083,0.496,0.0
18728.36126635611,0.504,-0.016
18728.36151302139,0.496,0.0
18728.361759686668,0.512,-0.016
18728.36200635195,0.504,0.0
18728.362253017225,0.52,-0.016
18728.362499682506,0.496,-0.008
18728.362746347786,0.512,0.0
18728.362993013063,0.504,0.0
18728.363239678343,0.536,-0.008
18728.363486343624,0.528,0.0
18728.3637330089,0.544,-0.016
18728.36397967418,0.528,0.0
18728.364226339458,0.504,-0.016
18728.364473004738,0.512,0.0
18728.36471967002,0.496,-0.016
18728.364966335295,0.496,0.0
18728.365213000576,0.512,-0.016
18728.365459665856,0.512,0.0
18728.365706331133,0.488,-0.016
18728.365952996413,0.496,0.0
18728.36619966169,0.512,-0.016
18728.36644632697,0.496,-0.016
18728.36669299225,0.512,0.0
18728.366939657528,0.488,0.0
18728.36718632281,0.52,-0.016
18728.36743298809,0.504,0.0
18728.367679653365,0.496,-0.016
18728.367926318646,0.496,0.0
18728.368172983926,0.512,-0.016
18728.368419649203,0.496,0.0
18728.368666314484,0.512,-0.016
18728.36891297976,0.512,-0.016
18728.36915964504,0.496,0.0
18728.36940631032,0.488,0.0
18728.369652975598,0.512,-0.016
18728.36989964088,0.496,-0.016
18728.37014630616,0.52,0.0
18728.370392971436,0.52,0.0
18728.370639636716,0.488,-0.016
18728.370886301993,0.496,0.0
18728.371132967273,0.504,-0.016
18728.371379632554,0.496,-0.016
18728.37162629783,0.512,0.0
18728.37187296311,0.496,-0.016
18728.37211962839,0.504,0.0
18728.372366293668,0.528,0.0
18728.37261295895,0.496,-0.016
18728.372859624225,0.496,-0.016
18728.373106289506,0.512,0.0
18728.373352954786,0.496,-0.016
18728.373599620063,0.512,0.0
18728.373846285343,0.496,0.0
18728.374092950624,0.512,-0.016
18728.3743396159,0.496,0.0
18728.37458628118,0.528,-0.016
18728.374832946458,0.512,0.0
18728.37507961174,0.528,-0.016
18728.37532627702,0.528,0.0
18728.375572942296,0.512,-0.016
18728.375819607576,0.504,-0.016
18728.376066272856,0.536,0.0
18728.376312938133,0.512,0.0
18728.376559603414,0.496,-0.016
18728.37680626869,0.496,-0.016
18728.37705293397,0.52,0.0
18728.37729959925,0.496,0.0
18728.377546264528,0.512,-0.016
18728.37779292981,0.496,0.0
18728.37803959509,0.504,-0.016
18728.378286260366,0.496,0.0
18728.378532925646,0.512,-0.016
18728.378779590923,0.496,-0.016
18728.379026256203,0.52,0.0
18728.379272921484,0.496,0.0
18728.37951958676,0.512,-0.016
18728.37976625204,0.496,0.0
18728.38001291732,0.536,-0.016
18728.3802595826,0.528,0.0
18728.38050624788,0.512,-0.016
18728.380752913155,0.536,-0.016
18728.380999578436,0.512,0.0
18728.381246243716,0.496,-0.016
18728.381492908993,0.52,0.0
18728.381739574274,0.52,-0.016
18728.381986239554,0.496,0.0
18728.38223290483,0.496,-0.016
18728.38247957011,0.512,0.0
18728.382726235388,0.512,-0.016
18728.38297290067,0.496,0.0
18728.38321956595,0.504,-0.016
18728.383466231226,0.496,0.0
18728.383712896506,0.496,-0.016
18728.383959561786,0.504,0.0
18728.384206227063,0.496,-0.016
18728.384452892344,0.512,0.0
18728.38469955762,0.496,-0.016
18728.3849462229,0.512,0.0
18728.38519288818,0.504,0.0
18728.385439553458,0.496,-0.016
18728.38568621874,0.496,-0.016
18728.38593288402,0.536,0.0
18728.386179549296,0.528,-0.016
18728.386426214576,0.536,0.0
18728.386672879857,0.512,0.0
18728.386919545133,0.536,-0.016
18728.387166210414,0.52,-0.016
18728.38741287569,0.544,0.0
18728.38765954097,0.528,-0.016
18728.38790620625,0.544,0.0
18728.38815287153,0.528,0.0
18728.38839953681,0.536,-0.016
18728.38864620209,0.536,-0.016
18728.388892867366,0.504,0.0
18728.389139532646,0.512,-0.016
18728.389386197923,0.496,0.0
18728.389632863204,0.512,-0.016
18728.389879528484,0.496,0.0
18728.39012619376,0.496,0.0
18728.39037285904,0.512,-0.016
18728.39061952432,0.496,0.0
18728.3908661896,0.52,-0.016
18728.39111285488,0.512,-0.016
18728.391359520156,0.496,0.0
18728.391606185436,0.504,-0.008
18728.391852850717,0.528,-0.016
18728.392099515993,0.504,0.0
18728.392346181274,0.52,-0.016
18728.392592846554,0.52,-0.016
18728.39283951183,0.496,0.0
18728.39308617711,0.496,-0.016
18728.39333284239,0.512,0.0
18728.39357950767,0.496,-0.016
18728.39382617295,0.512,0.0
18728.394072838226,0.512,-0.016
18728.394319503506,0.496,0.0
18728.394566168787,0.512,-0.016
18728.394812834063,0.528,0.0
18728.395059499344,0.512,-0.016
18728.39530616462,0.536,0.0
18728.3955528299,0.536,0.0
18728.39579949518,0.496,-0.016
18728.39604616046,0.512,-0.016
18728.39629282574,0.496,0.0
18728.39653949102,0.504,-0.016
18728.396786156296,0.52,0.0
18728.397032821576,0.528,-0.016
18728.397279486853,0.504,0.0
18728.397526152134,0.504,-0.016
18728.397772817414,0.536,0.0
18728.39801948269,0.536,-0.016
18728.39826614797,0.52,0.0
18728.39851281325,0.504,-0.016
18728.39875947853,0.544,0.0
18728.39900614381,0.552,-0.016
18728.399252809086,0.536,0.0
18728.399499474366,0.536,0.0
18728.399746139647,0.552,-0.016
18728.399992804923,0.56,-0.016
18728.400239470204,0.536,0.0
18728.400486135484,0.552,-0.016
18728.40073280076,0.536,0.0
18728.40097946604,0.544,-0.016
18728.40122613132,0.56,0.0
18728.4014727966,0.544,-0.016
18728.40171946188,0.56,0.0
18728.401966127156,0.544,-0.016
18728.402212792436,0.56,0.0
18728.402459457717,0.544,-0.016
18728.402706122994,0.56,0.0
18728.402952788274,0.544,-0.016
18728.40319945355,0.56,0.0
18728.40344611883,0.544,-0.016
18728.40369278411,0.56,0.0
18728.40393944939,0.544,-0.016
18728.40418611467,0.56,0.0
18728.40443277995,0.544,-0.016
18728.404679445226,0.56,0.0
18728.404926110506,0.544,0.0
18728.405172775787,0.56,-0.016
18728.405419441064,0.544,-0.016
18728.405666106344,0.56,0.0
18728.40591277162,0.544,-0.008
18728.4061594369,0.56,-0.016
18728.40640610218,0.544,-0.016
18728.40665276746,0.56,0.0
18728.40689943274,0.544,-0.016
18728.40714609802,0.56,0.0
18728.407392763296,0.544,-0.016
18728.407639428577,0.56,0.0
18728.407886093853,0.544,-0.016
18728.408132759134,0.56,0.0
18728.408379424414,0.544,-0.016
18728.40862608969,0.56,0.0
18728.40887275497,0.544,-0.016
18728.409119420252,0.56,0.0
18728.40936608553,0.544,-0.016
18728.40961275081,0.552,0.0
18728.409859416086,0.544,-0.016
18728.410106081366,0.56,0.0
18728.410352746647,0.544,0.0
18728.410599411924,0.56,-0.016
18728.410846077204,0.544,0.0
18728.411092742484,0.56,-0.016
18728.41133940776,0.544,-0.016
18728.41158607304,0.552,0.0
18728.41183273832,0.544,-0.016
18728.4120794036,0.56,0.0
18728.41232606888,0.552,-0.016
18728.412572734156,0.544,0.0
18728.412819399437,0.56,0.0
18728.413066064717,0.544,-0.016
18728.413312729994,0.544,0.0
18728.413559395274,0.56,-0.016
18728.41380606055,0.544,0.0
18728.41405272583,0.56,-0.016
18728.414299391112,0.544,-0.016
18728.41454605639,0.56,0.0
18728.41479272167,0.5680000000000001,-0.008
18728.41503938695,0.544,0.0
18728.415286052226,0.544,-0.008
18728.415532717507,0.56,0.032
18728.415779382784,0.544,0.024
18728.416026048064,0.56,0.136
18728.416272713344,0.56,0.14400000000000002
18728.41651937862,0.544,0.272
18728.4167660439,0.544,0.28
18728.417012709182,0.56,0.336
18728.41725937446,0.544,0.34400000000000003
18728.41750603974,0.56,0.36
18728.417752705016,0.544,0.36
18728.417999370296,0.56,0.36
18728.418246035577,0.544,0.36
18728.418492700854,0.56,0.368
18728.418739366134,0.544,0.368
18728.418986031415,0.56,0.36
18728.41923269669,0.552,0.368
18728.41947936197,0.544,0.368
18728.41972602725,0.544,0.368
18728.41997269253,0.5680000000000001,0.36
18728.42021935781,0.5680000000000001,0.368
18728.420466023086,0.544,0.368
18728.420712688367,0.544,0.368
18728.420959353647,0.56,0.368
18728.421206018924,0.544,0.368
18728.421452684204,0.56,0.376
18728.42169934948,0.544,0.376
18728.42194601476,0.56,0.368
18728.422192680042,0.544,0.368
18728.42243934532,0.56,0.36
18728.4226860106,0.56,0.368
18728.42293267588,0.544,0.36
18728.423179341156,0.544,0.368
18728.423426006437,0.56,0.36
18728.423672671717,0.544,0.36
18728.423919336994,0.56,0.368
18728.424166002274,0.544,0.368
18728.42441266755,0.56,0.368
18728.42465933283,0.56,0.376
18728.424905998112,0.544,0.36
18728.42515266339,0.544,0.368
18728.42539932867,0.56,0.36
18728.42564599395,0.56,0.368
18728.425892659227,0.544,0.36
18728.426139324507,0.544,0.368
18728.426385989784,0.56,0.368
18728.426632655064,0.544,0.368
18728.426879320345,0.552,0.368
18728.42712598562,0.56,0.36
18728.4273726509,0.544,0.376
18728.427619316182,0.544,0.368
18728.42786598146,0.56,0.368
18728.42811264674,0.544,0.368
18728.428359312016,0.56,0.36
18728.428605977297,0.544,0.368
18728.428852642577,0.56,0.36
18728.429099307854,0.56,0.368
18728.429345973134,0.544,0.368
18728.429592638415,0.5680000000000001,0.368
18728.42983930369,0.544,0.368
18728.430085968972,0.544,0.368
18728.43033263425,0.56,0.36
18728.43057929953,0.5680000000000001,0.368
18728.43082596481,0.544,0.376
18728.431072630086,0.56,0.368
18728.431319295367,0.544,0.36
18728.431565960647,0.56,0.36
18728.431812625924,0.544,0.376
18728.432059291204,0.544,0.368
18728.43230595648,0.56,0.36
18728.43255262176,0.56,0.368
18728.432799287042,0.544,0.36
18728.43304595232,0.5680000000000001,0.368
18728.4332926176,0.544,0.376
18728.43353928288,0.544,0.368
18728.433785948157,0.56,0.36
18728.434032613437,0.544,0.368
18728.434279278714,0.56,0.36
18728.434525943994,0.552,0.368
18728.434772609275,0.5680000000000001,0.36
18728.43501927455,0.544,0.368
18728.435265939832,0.56,0.36
18728.435512605112,0.552,0.368
18728.43575927039,0.5680000000000001,0.368
18728.43600593567,0.56,0.368
18728.436252600946,0.544,0.368
18728.436499266227,0.544,0.368
18728.436745931507,0.56,0.36
18728.436992596784,0.56,0.368
18728.437239262064,0.544,0.36
18728.437485927345,0.544,0.36
18728.43773259262,0.56,0.376
18728.437979257902,0.544,0.368
18728.43822592318,0.56,0.368
18728.43847258846,0.56,0.368
18728.43871925374,0.544,0.376
18728.438965919016,0.56,0.368
18728.439212584297,0.544,0.368
18728.439459249577,0.544,0.368
18728.439705914854,0.5680000000000001,0.36
18728.439952580135,0.552,0.368
18728.44019924541,0.56,0.376
18728.44044591069,0.544,0.368
18728.440692575972,0.552,0.368
18728.44093924125,0.544,0.368
18728.44118590653,0.56,0.368
18728.44143257181,0.544,0.368
18728.441679237087,0.56,0.368
18728.441925902367,0.544,0.376
18728.442172567648,0.56,0.36
18728.442419232924,0.544,0.36
18728.442665898205,0.5680000000000001,0.376
18728.44291256348,0.544,0.368
18728.443159228762,0.56,0.376
18728.443405894042,0.544,0.368
18728.44365255932,0.56,0.368
18728.4438992246,0.56,0.368
18728.44414588988,0.544,0.36
18728.444392555157,0.56,0.36
18728.444639220437,0.544,0.368
18728.444885885714,0.544,0.368
18728.445132550994,0.56,0.36
18728.445379216275,0.544,0.368
18728.44562588155,0.5680000000000001,0.368
18728.445872546832,0.56,0.368
18728.446119212113,0.544,0.368
18728.44636587739,0.5680000000000001,0.368
18728.44661254267,0.544,0.368
18728.446859207947,0.56,0.36
18728.447105873227,0.544,0.376
18728.447352538507,0.56,0.368
18728.447599203784,0.544,0.368
18728.447845869065,0.56,0.368
18728.448092534345,0.544,0.368
18728.448339199622,0.56,0.368
18728.448585864902,0.544,0.368
18728.44883253018,0.544,0.368
18728.44907919546,0.56,0.36
18728.44932586074,0.56,0.368
18728.449572526017,0.544,0.36
18728.449819191297,0.56,0.368
18728.450065856578,0.544,0.376
18728.450312521854,0.544,0.368
18728.450559187135,0.56,0.36
18728.45080585241,0.5680000000000001,0.36
18728.451052517692,0.544,0.368
18728.451299182972,0.544,0.368
18728.45154584825,0.56,0.36
18728.45179251353,0.544,0.36
18728.45203917881,0.552,0.368
18728.452285844087,0.552,0.36
18728.452532509367,0.52,0.4
18728.452779174644,0.52,0.41600000000000004
18728.453025839925,0.504,0.368
18728.453272505205,0.504,0.384
18728.45351917048,0.52,0.368
18728.453765835762,0.504,0.40800000000000003
18728.454012501043,0.512,0.376
18728.45425916632,0.52,0.376
18728.4545058316,0.496,0.368
18728.454752496877,0.504,0.376
18728.454999162157,0.512,0.40800000000000003
18728.455245827437,0.496,0.40800000000000003
18728.455492492714,0.512,0.424
18728.455739157995,0.504,0.424
18728.455985823275,0.512,0.40800000000000003
18728.456232488552,0.512,0.4
18728.456479153832,0.496,0.41600000000000004
18728.45672581911,0.512,0.424
18728.45697248439,0.496,0.40800000000000003
18728.45721914967,0.496,0.41600000000000004
18728.457465814947,0.504,0.376
18728.457712480227,0.496,0.376
18728.457959145508,0.504,0.384
18728.458205810784,0.496,0.392
18728.458452476065,0.512,0.376
18728.45869914134,0.496,0.384
18728.458945806622,0.52,0.368
18728.459192471902,0.528,0.368
18728.45943913718,0.496,0.368
