Time,Channel 1,Channel 2
1241.4204182624817,0.528,0.0
1241.4206801901262,0.544,-0.016
1241.4209421177704,0.528,-0.016
1241.421204045415,0.536,0.0
1241.4214659730594,0.536,0.0
1241.4217279007037,0.512,-0.016
1241.4219898283482,0.504,0.0
1241.4222517559926,0.552,-0.016
1241.422513683637,0.552,0.0
1241.4227756112814,0.536,-0.016
1241.4230375389259,0.536,-0.008
1241.4232994665701,0.56,0.0
1241.4235613942146,0.536,-0.016
1241.4238233218591,0.552,0.0
1241.4240852495034,0.552,0.0
1241.4243471771479,0.536,-0.016
1241.4246091047924,0.536,-0.008
1241.4248710324366,0.552,0.0
1241.425132960081,0.536,0.0
1241.4253948877256,0.552,-0.016
1241.4256568153698,0.552,0.0
1241.4259187430143,0.536,0.024
1241.4261806706588,0.536,0.016
1241.426442598303,0.56,0.128
1241.4267045259476,0.56,0.136
1241.426966453592,0.536,0.28800000000000003
1241.4272283812363,0.56,0.28800000000000003
1241.4274903088808,0.536,0.36
1241.4277522365253,0.552,0.36
1241.4280141641696,0.536,0.392
1241.428276091814,0.56,0.384
1241.4285380194585,0.536,0.4
1241.4287999471028,0.544,0.392
1241.4290618747473,0.56,0.4
1241.4293238023918,0.552,0.4
1241.429585730036,0.528,0.392
1241.4298476576805,0.528,0.40800000000000003
1241.430109585325,0.544,0.392
1241.4303715129693,0.528,0.40800000000000003
1241.4306334406137,0.544,0.392
1241.4308953682582,0.528,0.392
1241.4311572959025,0.552,0.40800000000000003
1241.431419223547,0.528,0.392
1241.4316811511915,0.544,0.40800000000000003
1241.4319430788357,0.536,0.392
1241.4322050064802,0.512,0.40800000000000003
1241.4324669341247,0.512,0.4
1241.432728861769,0.504,0.40800000000000003
1241.4329907894135,0.504,0.4
1241.433252717058,0.528,0.41600000000000004
1241.4335146447022,0.52,0.41600000000000004
1241.4337765723467,0.544,0.4
1241.4340384999912,0.528,0.4
1241.4343004276354,0.544,0.41600000000000004
1241.43456235528,0.536,0.40800000000000003
1241.4348242829244,0.504,0.44
1241.4350862105687,0.528,0.44
1241.4353481382132,0.552,0.456
1241.4356100658576,0.536,0.456
1241.435871993502,0.552,0.432
1241.4361339211464,0.536,0.432
1241.4363958487909,0.552,0.4
1241.4366577764351,0.536,0.40800000000000003
1241.4369197040796,0.552,0.4
1241.4371816317241,0.56,0.4
1241.4374435593684,0.536,0.448
1241.4377054870129,0.552,0.464
1241.4379674146574,0.544,0.424
1241.4382293423016,0.536,0.41600000000000004
1241.438491269946,0.56,0.4
1241.4387531975906,0.544,0.4
1241.4390151252348,0.56,0.40800000000000003
1241.4392770528793,0.552,0.40800000000000003
1241.4395389805238,0.536,0.392
1241.439800908168,0.544,0.40800000000000003
1241.4400628358126,0.56,0.4
1241.440324763457,0.56,0.4
1241.4405866911013,0.544,0.40800000000000003
1241.4408486187458,0.552,0.4
1241.4411105463903,0.536,0.41600000000000004
1241.4413724740346,0.544,0.40800000000000003
1241.441634401679,0.56,0.432
1241.4418963293235,0.544,0.424
1241.4421582569678,0.56,0.432
1241.4424201846123,0.552,0.432
1241.4426821122568,0.536,0.456
1241.442944039901,0.552,0.432
1241.4432059675455,0.536,0.40800000000000003
1241.44346789519,0.544,0.40800000000000003
1241.4437298228343,0.552,0.44
1241.4439917504787,0.544,0.456
1241.4442536781232,0.56,0.41600000000000004
1241.4445156057675,0.544,0.424
1241.444777533412,0.56,0.4
1241.4450394610565,0.544,0.40800000000000003
1241.4453013887007,0.56,0.4
1241.4455633163452,0.56,0.4
1241.4458252439897,0.536,0.40800000000000003
1241.446087171634,0.544,0.4
1241.4463490992785,0.56,0.424
1241.446611026923,0.544,0.41600000000000004
1241.4468729545672,0.552,0.456
1241.4471348822117,0.544,0.456
1241.4473968098562,0.552,0.40800000000000003
1241.4476587375004,0.552,0.40800000000000003
1241.447920665145,0.536,0.44
1241.4481825927894,0.544,0.424
1241.4484445204337,0.56,0.448
1241.4487064480782,0.56,0.44
1241.4489683757226,0.544,0.40800000000000003
1241.449230303367,0.56,0.4
1241.4494922310114,0.544,0.424
1241.4497541586559,0.552,0.4
1241.4500160863001,0.52,0.40800000000000003
1241.4502780139446,0.504,0.4
1241.450539941589,0.536,0.41600000000000004
1241.4508018692334,0.52,0.4
1241.4510637968779,0.544,0.44
1241.4513257245223,0.536,0.464
1241.4515876521666,0.512,0.432
1241.451849579811,0.504,0.432
1241.4521115074556,0.536,0.4
1241.4523734350998,0.536,0.40800000000000003
1241.4526353627443,0.52,0.392
1241.4528972903888,0.528,0.4
1241.453159218033,0.536,0.40800000000000003
1241.4534211456776,0.536,0.4
1241.453683073322,0.504,0.424
1241.4539450009663,0.504,0.41600000000000004
1241.4542069286108,0.536,0.4
1241.4544688562553,0.52,0.4
1241.4547307838995,0.544,0.424
1241.454992711544,0.544,0.41600000000000004
1241.4552546391885,0.52,0.4
1241.4555165668328,0.528,0.4
1241.4557784944773,0.544,0.424
1241.4560404221218,0.536,0.432
1241.456302349766,0.504,0.4
1241.4565642774105,0.512,0.41600000000000004
1241.456826205055,0.544,0.4
1241.4570881326993,0.544,0.40800000000000003
1241.4573500603437,0.504,0.456
1241.4576119879882,0.504,0.456
1241.4578739156325,0.544,0.40800000000000003
1241.458135843277,0.52,0.41600000000000004
1241.4583977709215,0.544,0.4
1241.4586596985657,0.528,0.4
1241.4589216262102,0.544,0.41600000000000004
1241.4591835538547,0.528,0.4
1241.459445481499,0.536,0.41600000000000004
1241.4597074091434,0.528,0.41600000000000004
1241.459969336788,0.504,0.40800000000000003
1241.4602312644322,0.504,0.41600000000000004
1241.4604931920767,0.552,0.4
1241.4607551197212,0.552,0.4
1241.4610170473654,0.536,0.41600000000000004
1241.46127897501,0.536,0.40800000000000003
1241.4615409026544,0.552,0.432
1241.4618028302987,0.536,0.432
1241.4620647579432,0.552,0.40800000000000003
1241.4623266855876,0.536,0.4
1241.462588613232,0.552,0.448
1241.4628505408764,0.544,0.456
1241.4631124685209,0.56,0.40800000000000003
1241.4633743961651,0.536,0.41600000000000004
1241.4636363238096,0.56,0.392
1241.463898251454,0.536,0.392
1241.4641601790984,0.552,0.40800000000000003
1241.4644221067429,0.552,0.392
1241.4646840343873,0.544,0.40800000000000003
1241.4649459620316,0.544,0.4
1241.465207889676,0.56,0.392
1241.4654698173206,0.544,0.4
1241.4657317449648,0.56,0.424
1241.4659936726093,0.536,0.432
1241.4662556002538,0.56,0.464
1241.466517527898,0.544,0.464
1241.4667794555426,0.56,0.41600000000000004
1241.467041383187,0.544,0.424
1241.4673033108313,0.552,0.4
1241.4675652384758,0.56,0.41600000000000004
1241.4678271661203,0.536,0.4
1241.4680890937645,0.544,0.4
1241.468351021409,0.56,0.448
1241.4686129490535,0.536,0.432
1241.4688748766978,0.56,0.40800000000000003
1241.4691368043423,0.544,0.40800000000000003
1241.4693987319868,0.552,0.392
1241.469660659631,0.544,0.4
1241.4699225872755,0.552,0.392
1241.47018451492,0.544,0.392
1241.4704464425643,0.552,0.40800000000000003
1241.4707083702087,0.544,0.40800000000000003
1241.4709702978532,0.56,0.392
1241.4712322254975,0.544,0.40800000000000003
1241.471494153142,0.552,0.392
1241.4717560807865,0.544,0.40800000000000003
1241.4720180084307,0.528,0.392
1241.4722799360752,0.544,0.392
1241.4725418637197,0.52,0.40800000000000003
1241.472803791364,0.504,0.392
1241.4730657190084,0.528,0.40800000000000003
1241.473327646653,0.52,0.40800000000000003
1241.4735895742972,0.536,0.4
1241.4738515019417,0.528,0.40800000000000003
1241.4741134295862,0.544,0.392
1241.4743753572304,0.528,0.4
1241.474637284875,0.544,0.392
1241.4748992125194,0.528,0.4
1241.4751611401637,0.544,0.392
1241.4754230678082,0.528,0.392
1241.4756849954526,0.536,0.4
1241.475946923097,0.528,0.392
1241.4762088507414,0.544,0.40800000000000003
1241.4764707783859,0.536,0.40800000000000003
1241.4767327060301,0.512,0.392
1241.4769946336746,0.512,0.40800000000000003
1241.477256561319,0.544,0.392
1241.4775184889634,0.544,0.392
1241.4777804166079,0.528,0.40800000000000003
1241.4780423442523,0.544,0.4
1241.4783042718966,0.512,0.40800000000000003
1241.478566199541,0.512,0.4
1241.4788281271856,0.552,0.392
1241.4790900548298,0.544,0.40800000000000003
1241.4793519824743,0.528,0.392
1241.4796139101188,0.536,0.4
1241.479875837763,0.52,0.392
1241.4801377654076,0.536,0.392
1241.480399693052,0.512,0.40800000000000003
1241.4806616206963,0.504,0.40800000000000003
1241.4809235483408,0.544,0.392
1241.4811854759853,0.528,0.4
1241.4814474036295,0.544,0.40800000000000003
1241.481709331274,0.544,0.392
1241.4819712589185,0.512,0.40800000000000003
1241.4822331865628,0.504,0.40800000000000003
1241.4824951142073,0.536,0.392
1241.4827570418518,0.528,0.4
1241.483018969496,0.544,0.4
1241.4832808971405,0.536,0.392
1241.483542824785,0.504,0.40800000000000003
1241.4838047524293,0.512,0.4
1241.4840666800737,0.536,0.40800000000000003
1241.4843286077182,0.528,0.40800000000000003
1241.4845905353625,0.544,0.392
1241.484852463007,0.528,0.4
1241.4851143906515,0.536,0.40800000000000003
1241.4853763182957,0.528,0.40800000000000003
1241.4856382459402,0.544,0.392
1241.4859001735847,0.536,0.40800000000000003
1241.486162101229,0.504,0.4
1241.4864240288734,0.504,0.392
1241.486685956518,0.544,0.40800000000000003
1241.4869478841622,0.544,0.40800000000000003
1241.4872098118067,0.528,0.392
1241.4874717394512,0.528,0.40800000000000003
1241.4877336670954,0.536,0.392
1241.48799559474,0.536,0.4
1241.4882575223844,0.504,0.4
1241.4885194500287,0.504,0.4
1241.4887813776731,0.536,0.40800000000000003
1241.4890433053176,0.528,0.4
1241.489305232962,0.544,0.40800000000000003
1241.4895671606064,0.544,0.40800000000000003
1241.4898290882509,0.504,0.392
1241.4900910158951,0.504,0.4
1241.4903529435396,0.544,0.392
1241.490614871184,0.528,0.4
1241.4908767988284,0.544,0.384
1241.4911387264729,0.544,0.384
1241.4914006541173,0.52,0.32
1241.4916625817616,0.528,0.304
1241.491924509406,0.512,0.168
1241.4921864370506,0.528,0.16
1241.4924483646948,0.544,0.056
1241.4927102923393,0.536,0.056
1241.4929722199838,0.552,0.016
1241.493234147628,0.536,0.016
1241.4934960752726,0.552,-0.008
1241.493758002917,0.544,0.008
1241.4940199305613,0.56,-0.008
1241.4942818582058,0.536,0.0
1241.4945437858503,0.56,-0.016
1241.4948057134945,0.552,0.0
1241.495067641139,0.536,-0.016
1241.4953295687835,0.552,0.0
1241.4955914964278,0.536,-0.016
1241.4958534240723,0.536,-0.008
1241.4961153517168,0.552,0.0
1241.496377279361,0.552,-0.008
1241.4966392070055,0.536,0.0
1241.49690113465,0.544,0.0
1241.4971630622942,0.56,-0.008
1241.4974249899387,0.544,0.0
1241.4976869175832,0.56,-0.016
1241.4979488452275,0.552,-0.008
1241.498210772872,0.536,0.0
1241.4984727005165,0.544,0.0
1241.4987346281607,0.552,-0.008
1241.4989965558052,0.544,-0.008
1241.4992584834497,0.552,0.0
1241.499520411094,0.544,0.0
1241.4997823387384,0.56,-0.008
1241.500044266383,0.536,0.0
1241.5003061940272,0.56,-0.008
1241.5005681216717,0.544,0.0
1241.5008300493162,0.56,-0.008
1241.5010919769604,0.544,-0.008
1241.501353904605,0.56,0.0
1241.5016158322494,0.544,-0.008
1241.5018777598937,0.56,0.0
1241.5021396875381,0.544,-0.008
1241.5024016151826,0.56,0.0
1241.502663542827,0.544,-0.008
1241.5029254704714,0.56,0.0
1241.5031873981159,0.544,0.0
1241.5034493257601,0.56,-0.008
1241.5037112534046,0.536,0.0
1241.503973181049,0.56,-0.008
1241.5042351086934,0.544,0.0
1241.5044970363379,0.56,-0.008
1241.5047589639823,0.544,0.0
1241.5050208916266,0.56,-0.008
1241.505282819271,0.544,0.0
1241.5055447469156,0.56,-0.008
1241.5058066745598,0.544,-0.008
1241.5060686022043,0.56,0.0
1241.5063305298488,0.544,-0.008
1241.506592457493,0.56,0.0
1241.5068543851376,0.536,0.0
1241.507116312782,0.56,-0.008
1241.5073782404263,0.536,-0.008
1241.5076401680708,0.56,0.0
1241.5079020957153,0.544,0.0
1241.5081640233595,0.56,-0.016
1241.508425951004,0.544,0.0
1241.5086878786485,0.56,-0.008
1241.5089498062928,0.544,0.0
1241.5092117339373,0.56,-0.008
1241.5094736615818,0.544,-0.008
1241.509735589226,0.56,0.0
1241.5099975168705,0.544,-0.008
1241.510259444515,0.56,0.0
1241.5105213721592,0.56,0.0
1241.5107832998037,0.536,-0.008
1241.5110452274482,0.544,0.0
1241.5113071550925,0.56,-0.008
1241.511569082737,0.552,0.0
1241.5118310103815,0.544,-0.016
1241.5120929380257,0.544,-0.008
1241.5123548656702,0.56,0.0
1241.5126167933147,0.544,-0.008
1241.512878720959,0.56,0.0
1241.5131406486034,0.544,-0.008
1241.513402576248,0.56,0.0
1241.5136645038922,0.544,0.0
1241.5139264315367,0.56,-0.008
1241.5141883591812,0.552,-0.008
1241.5144502868254,0.544,0.0
1241.51471221447,0.536,0.0
1241.5149741421144,0.56,-0.008
1241.5152360697587,0.544,0.0
1241.5154979974031,0.56,-0.008
1241.5157599250476,0.536,-0.008
1241.516021852692,0.56,0.0
1241.5162837803364,0.544,-0.008
1241.5165457079809,0.56,0.0
1241.5168076356251,0.544,-0.008
1241.5170695632696,0.56,0.0
1241.517331490914,0.544,0.0
1241.5175934185584,0.56,-0.008
1241.5178553462029,0.56,0.0
1241.5181172738473,0.544,-0.008
1241.5183792014916,0.544,0.0
1241.518641129136,0.56,-0.016
1241.5189030567806,0.544,-0.008
1241.5191649844248,0.56,0.0
1241.5194269120693,0.544,0.0
1241.5196888397138,0.56,-0.008
1241.519950767358,0.544,0.0
1241.5202126950026,0.56,-0.008
1241.520474622647,0.56,-0.008
1241.5207365502913,0.544,0.0
1241.5209984779358,0.56,0.0
1241.5212604055803,0.536,-0.008
1241.5215223332245,0.544,-0.008
1241.521784260869,0.56,0.0
1241.5220461885135,0.544,0.0
1241.5223081161578,0.56,-0.008
1241.5225700438023,0.544,0.0
1241.5228319714467,0.56,-0.008
1241.523093899091,0.544,0.0
1241.5233558267355,0.56,-0.016
1241.52361775438,0.544,0.0
1241.5238796820242,0.56,-0.008
1241.5241416096687,0.544,-0.008
1241.5244035373132,0.56,0.0
1241.5246654649575,0.552,-0.008
1241.524927392602,0.544,0.0
1241.5251893202465,0.544,0.0
1241.5254512478907,0.552,-0.008
1241.5257131755352,0.544,0.0
1241.5259751031797,0.56,-0.016
1241.526237030824,0.536,-0.008
1241.5264989584684,0.56,0.0
1241.526760886113,0.56,0.0
1241.5270228137572,0.544,-0.008
1241.5272847414017,0.544,0.0
1241.5275466690462,0.552,-0.008
1241.5278085966904,0.544,0.0
1241.528070524335,0.56,-0.008
1241.5283324519794,0.56,0.0
1241.5285943796237,0.544,-0.008
1241.5288563072681,0.56,0.0
1241.5291182349126,0.544,-0.016
1241.529380162557,0.544,-0.008
1241.5296420902014,0.56,0.0
1241.5299040178459,0.544,0.0
1241.5301659454901,0.56,-0.008
1241.5304278731346,0.544,-0.008
1241.530689800779,0.56,0.0
1241.5309517284234,0.544,0.0
1241.5312136560678,0.56,-0.016
1241.5314755837123,0.544,0.0
1241.5317375113566,0.56,-0.016
1241.531999439001,0.544,0.0
1241.5322613666456,0.56,-0.008
1241.5325232942898,0.544,0.0
1241.5327852219343,0.56,-0.016
1241.5330471495788,0.552,0.0
1241.533309077223,0.544,-0.016
1241.5335710048676,0.536,-0.016
1241.533832932512,0.544,0.0
1241.5340948601563,0.536,0.0
1241.5343567878008,0.552,-0.016
1241.5346187154453,0.536,0.0
1241.5348806430895,0.504,-0.008
1241.535142570734,0.504,0.0
1241.5354044983785,0.544,-0.008
1241.5356664260228,0.528,0.0
1241.5359283536673,0.544,-0.016
1241.5361902813117,0.536,0.0
1241.536452208956,0.504,-0.016
1241.5367141366005,0.512,0.0
1241.536976064245,0.496,-0.008
1241.5372379918892,0.504,0.0
1241.5374999195337,0.544,-0.008
1241.5377618471782,0.536,0.0
1241.5380237748225,0.52,-0.016
1241.538285702467,0.528,0.0
1241.5385476301115,0.504,-0.016
1241.5388095577557,0.496,0.0
1241.5390714854002,0.544,-0.016
1241.5393334130447,0.536,0.0
1241.539595340689,0.544,-0.016
1241.5398572683334,0.544,-0.008
1241.540119195978,0.528,0.0
1241.5403811236222,0.544,0.0
1241.5406430512667,0.528,-0.016
1241.5409049789112,0.552,0.0
1241.5411669065554,0.528,-0.016
1241.5414288342,0.528,0.0
1241.5416907618444,0.504,-0.016
1241.5419526894887,0.52,0.0
1241.5422146171331,0.544,-0.016
1241.5424765447776,0.536,-0.008
1241.542738472422,0.528,0.0
1241.5430004000664,0.528,-0.008
1241.5432623277109,0.544,0.0
1241.5435242553551,0.544,-0.008
1241.5437861829996,0.52,0.0
1241.544048110644,0.528,-0.008
1241.5443100382884,0.552,0.0
1241.5445719659328,0.552,0.0
1241.5448338935773,0.528,-0.016
1241.5450958212216,0.544,0.0
1241.545357748866,0.528,-0.008
1241.5456196765106,0.52,0.0
1241.5458816041548,0.536,-0.008
1241.5461435317993,0.528,0.0
1241.5464054594438,0.544,-0.016
1241.546667387088,0.528,0.0
1241.5469293147326,0.544,-0.016
1241.547191242377,0.528,0.0
1241.5474531700213,0.544,-0.016
1241.5477150976658,0.536,0.0
1241.5479770253103,0.52,-0.016
1241.5482389529545,0.512,0.0
1241.548500880599,0.536,-0.008
1241.5487628082435,0.528,0.0
1241.5490247358878,0.544,-0.016
1241.5492866635323,0.528,0.0
1241.5495485911767,0.544,-0.016
1241.549810518821,0.528,0.0
1241.5500724464655,0.504,-0.016
1241.55033437411,0.528,0.0
1241.5505963017542,0.536,-0.016
1241.5508582293987,0.528,0.0
1241.5511201570432,0.544,-0.016
1241.5513820846875,0.536,0.0
1241.551644012332,0.504,-0.016
1241.5519059399765,0.512,0.0
1241.5521678676207,0.536,-0.016
1241.5524297952652,0.528,-0.016
1241.5526917229097,0.536,0.0
1241.552953650554,0.528,-0.016
1241.5532155781984,0.544,0.0
1241.553477505843,0.544,-0.016
1241.5537394334872,0.52,0.0
1241.5540013611317,0.52,0.0
1241.5542632887762,0.496,-0.016
1241.5545252164204,0.512,0.0
1241.554787144065,0.552,-0.016
1241.5550490717094,0.544,0.0
1241.5553109993537,0.528,-0.016
1241.5555729269981,0.528,0.0
1241.5558348546426,0.544,-0.016
1241.5560967822869,0.528,0.0
1241.5563587099314,0.536,-0.016
1241.5566206375759,0.528,-0.008
1241.5568825652201,0.544,0.024
1241.5571444928646,0.528,0.016
1241.557406420509,0.536,0.128
1241.5576683481534,0.528,0.136
1241.5579302757978,0.544,0.28800000000000003
1241.5581922034423,0.544,0.28800000000000003
1241.5584541310866,0.512,0.36
1241.558716058731,0.504,0.36
1241.5589779863756,0.552,0.384
1241.5592399140198,0.552,0.384
1241.5595018416643,0.536,0.392
1241.5597637693088,0.536,0.392
1241.560025696953,0.552,0.4
1241.5602876245975,0.544,0.392
1241.560549552242,0.552,0.40800000000000003
1241.5608114798863,0.552,0.40800000000000003
1241.5610734075308,0.536,0.392
1241.5613353351753,0.552,0.392
1241.5615972628195,0.536,0.40800000000000003
1241.561859190464,0.544,0.40800000000000003
1241.5621211181085,0.552,0.392
1241.5623830457528,0.544,0.392
1241.5626449733973,0.552,0.40800000000000003
1241.5629069010417,0.544,0.40800000000000003
1241.563168828686,0.528,0.4
1241.5634307563305,0.544,0.40800000000000003
1241.563692683975,0.512,0.392
1241.5639546116192,0.504,0.392
1241.5642165392637,0.544,0.40800000000000003
1241.5644784669082,0.528,0.4
1241.5647403945525,0.544,0.40800000000000003
1241.565002322197,0.536,0.4
1241.5652642498414,0.52,0.392
1241.5655261774857,0.536,0.4
1241.5657881051302,0.504,0.392
1241.5660500327747,0.512,0.40800000000000003
1241.566311960419,0.536,0.392
1241.5665738880634,0.528,0.392
1241.566835815708,0.544,0.40800000000000003
1241.5670977433522,0.536,0.4
1241.5673596709967,0.512,0.40800000000000003
1241.5676215986412,0.528,0.392
1241.5678835262854,0.536,0.40800000000000003
1241.56814545393,0.528,0.392
1241.5684073815744,0.544,0.40800000000000003
1241.5686693092186,0.536,0.40800000000000003
1241.5689312368631,0.52,0.392
1241.5691931645076,0.512,0.392
1241.5694550921519,0.536,0.40800000000000003
1241.5697170197964,0.544,0.392
1241.5699789474409,0.52,0.40800000000000003
1241.5702408750851,0.496,0.4
1241.5705028027296,0.528,0.392
1241.570764730374,0.504,0.392
1241.5710266580184,0.544,0.40800000000000003
1241.5712885856628,0.544,0.392
1241.5715505133073,0.528,0.41600000000000004
1241.5718124409516,0.528,0.41600000000000004
1241.572074368596,0.544,0.4
1241.5723362962406,0.528,0.40800000000000003
1241.5725982238848,0.544,0.44
1241.5728601515293,0.528,0.424
1241.5731220791738,0.544,0.456
1241.573384006818,0.528,0.44
1241.5736459344625,0.544,0.464
1241.573907862107,0.544,0.448
1241.5741697897513,0.512,0.41600000000000004
1241.5744317173958,0.512,0.41600000000000004
1241.5746936450403,0.544,0.4
1241.5749555726845,0.544,0.4
1241.575217500329,0.528,0.41600000000000004
1241.5754794279735,0.528,0.4
1241.5757413556178,0.544,0.41600000000000004
1241.5760032832623,0.528,0.4
1241.5762652109067,0.544,0.432
1241.576527138551,0.528,0.44
1241.5767890661955,0.544,0.40800000000000003
1241.57705099384,0.528,0.4
1241.5773129214842,0.544,0.41600000000000004
1241.5775748491287,0.528,0.4
1241.5778367767732,0.544,0.40800000000000003
1241.5780987044175,0.536,0.40800000000000003
1241.578360632062,0.552,0.41600000000000004
1241.5786225597064,0.552,0.41600000000000004
1241.5788844873507,0.528,0.4
1241.5791464149952,0.504,0.40800000000000003
1241.5794083426397,0.528,0.4
1241.579670270284,0.52,0.4
1241.5799321979284,0.544,0.40800000000000003
1241.580194125573,0.528,0.4
1241.5804560532172,0.536,0.432
1241.5807179808617,0.536,0.456
1241.5809799085062,0.528,0.424
1241.5812418361504,0.528,0.424
1241.581503763795,0.496,0.4
1241.5817656914394,0.504,0.4
1241.5820276190836,0.544,0.424
1241.5822895467281,0.528,0.432
1241.5825514743726,0.544,0.4
1241.5828134020169,0.528,0.41600000000000004
1241.5830753296614,0.544,0.4
1241.5833372573059,0.536,0.4
1241.5835991849501,0.504,0.41600000000000004
1241.5838611125946,0.504,0.4
1241.584123040239,0.544,0.456
1241.5843849678834,0.536,0.456
1241.5846468955278,0.504,0.40800000000000003
1241.5849088231723,0.504,0.4
1241.5851707508166,0.544,0.41600000000000004
1241.585432678461,0.536,0.4
1241.5856946061056,0.552,0.41600000000000004
1241.5859565337498,0.536,0.4
1241.5862184613943,0.552,0.41600000000000004
1241.5864803890388,0.536,0.4
1241.586742316683,0.552,0.40800000000000003
1241.5870042443275,0.552,0.4
1241.587266171972,0.528,0.41600000000000004
1241.5875280996163,0.536,0.40800000000000003
1241.5877900272608,0.504,0.44
1241.5880519549053,0.52,0.44
1241.5883138825495,0.496,0.4
1241.588575810194,0.496,0.41600000000000004
1241.5888377378385,0.536,0.392
1241.5890996654828,0.528,0.392
1241.5893615931273,0.536,0.40800000000000003
1241.5896235207717,0.528,0.40800000000000003
1241.589885448416,0.544,0.392
1241.5901473760605,0.544,0.392
1241.590409303705,0.528,0.40800000000000003
1241.5906712313492,0.528,0.392
1241.5909331589937,0.544,0.40800000000000003
1241.5911950866382,0.544,0.40800000000000003
1241.5914570142825,0.52,0.392
1241.591718941927,0.544,0.4
1241.5919808695714,0.52,0.392
1241.5922427972157,0.504,0.4
1241.5925047248602,0.536,0.392
1241.5927666525047,0.528,0.4
1241.593028580149,0.544,0.40800000000000003
1241.5932905077934,0.528,0.392
1241.593552435438,0.544,0.40800000000000003
1241.5938143630822,0.544,0.392
1241.5940762907267,0.528,0.40800000000000003
1241.5943382183711,0.528,0.4
1241.5946001460154,0.544,0.40800000000000003
1241.59486207366,0.544,0.40800000000000003
1241.5951240013044,0.504,0.392
1241.5953859289486,0.504,0.4
1241.5956478565931,0.544,0.40800000000000003
1241.5959097842376,0.528,0.4
1241.5961717118819,0.544,0.41600000000000004
1241.5964336395264,0.536,0.4
1241.5966955671709,0.504,0.41600000000000004
1241.5969574948151,0.504,0.432
1241.5972194224596,0.536,0.4
1241.597481350104,0.52,0.40800000000000003
1241.5977432777484,0.536,0.392
1241.5980052053928,0.528,0.40800000000000003
1241.5982671330373,0.536,0.392
1241.5985290606816,0.528,0.40800000000000003
1241.598790988326,0.544,0.392
1241.5990529159706,0.528,0.40800000000000003
1241.5993148436148,0.544,0.392
1241.5995767712593,0.496,0.40800000000000003
1241.5998386989038,0.536,0.4
1241.600100626548,0.528,0.4
1241.6003625541925,0.544,0.40800000000000003
1241.600624481837,0.528,0.4
1241.6008864094813,0.504,0.4
1241.6011483371258,0.512,0.392
1241.6014102647703,0.544,0.40800000000000003
1241.6016721924145,0.536,0.392
1241.601934120059,0.552,0.40800000000000003
1241.6021960477035,0.536,0.392
1241.6024579753478,0.56,0.40800000000000003
1241.6027199029922,0.536,0.392
1241.6029818306367,0.56,0.40800000000000003
1241.603243758281,0.536,0.40800000000000003
1241.6035056859255,0.552,0.4
1241.60376761357,0.544,0.40800000000000003
1241.6040295412142,0.56,0.392
1241.6042914688587,0.552,0.40800000000000003
1241.6045533965032,0.536,0.392
1241.6048153241475,0.536,0.4
1241.605077251792,0.56,0.41600000000000004
1241.6053391794364,0.544,0.40800000000000003
1241.6056011070807,0.56,0.44
1241.6058630347252,0.552,0.44
1241.6061249623697,0.536,0.41600000000000004
1241.606386890014,0.536,0.424
1241.6066488176584,0.56,0.4
1241.606910745303,0.544,0.4
1241.6071726729472,0.56,0.44
1241.6074346005917,0.552,0.44
1241.6076965282361,0.536,0.464
1241.6079584558804,0.552,0.448
1241.608220383525,0.536,0.41600000000000004
1241.6084823111694,0.536,0.41600000000000004
1241.6087442388136,0.56,0.432
1241.6090061664581,0.544,0.432
1241.6092680941026,0.56,0.464
1241.6095300217469,0.544,0.448
1241.6097919493914,0.56,0.41600000000000004
1241.6100538770359,0.552,0.424
1241.61031580468,0.536,0.448
1241.6105777323246,0.544,0.432
1241.610839659969,0.56,0.40800000000000003
1241.6111015876133,0.544,0.40800000000000003
1241.6113635152578,0.56,0.432
1241.6116254429023,0.544,0.432
1241.6118873705466,0.552,0.47200000000000003
1241.612149298191,0.544,0.464
1241.6124112258356,0.56,0.40800000000000003
1241.6126731534798,0.552,0.4
1241.6129350811243,0.544,0.41600000000000004
1241.6131970087688,0.544,0.4
1241.613458936413,0.56,0.41600000000000004
1241.6137208640575,0.56,0.41600000000000004
1241.613982791702,0.544,0.4
1241.6142447193463,0.544,0.41600000000000004
1241.6145066469908,0.56,0.4
1241.6147685746353,0.544,0.4
1241.6150305022795,0.56,0.424
1241.615292429924,0.56,0.41600000000000004
1241.6155543575685,0.536,0.448
1241.6158162852128,0.56,0.448
1241.6160782128572,0.536,0.40800000000000003
1241.6163401405017,0.536,0.41600000000000004
1241.616602068146,0.52,0.44
1241.6168639957905,0.528,0.41600000000000004
1241.617125923435,0.544,0.4
1241.6173878510792,0.512,0.392
1241.6176497787237,0.544,0.40800000000000003
1241.6179117063682,0.544,0.392
1241.6181736340125,0.52,0.40800000000000003
1241.618435561657,0.512,0.392
1241.6186974893014,0.536,0.4
1241.6189594169457,0.512,0.4
1241.6192213445902,0.544,0.392
1241.6194832722347,0.544,0.40800000000000003
1241.619745199879,0.528,0.392
1241.6200071275234,0.544,0.40800000000000003
1241.620269055168,0.512,0.392
1241.6205309828122,0.512,0.392
1241.6207929104567,0.544,0.40800000000000003
1241.6210548381011,0.528,0.392
1241.6213167657454,0.544,0.40800000000000003
1241.62157869339,0.544,0.4
1241.6218406210344,0.504,0.384
1241.6221025486786,0.512,0.384
1241.6223644763231,0.544,0.32
1241.6226264039676,0.528,0.312
1241.6228883316119,0.544,0.168
1241.6231502592564,0.544,0.16
1241.6234121869009,0.504,0.056
1241.623674114545,0.504,0.056
1241.6239360421896,0.552,0.008
1241.624197969834,0.552,0.016
1241.6244598974783,0.536,-0.008
1241.6247218251228,0.544,0.0
1241.6249837527673,0.56,-0.008
1241.6252456804116,0.536,-0.008
1241.625507608056,0.552,0.0
1241.6257695357006,0.536,0.0
1241.6260314633448,0.56,-0.008
1241.6262933909893,0.544,0.0
1241.6265553186338,0.56,-0.008
1241.626817246278,0.544,0.0
1241.6270791739225,0.56,-0.008
1241.627341101567,0.552,0.0
1241.6276030292113,0.536,-0.008
1241.6278649568558,0.536,0.0
1241.6281268845003,0.544,-0.008
1241.6283888121445,0.528,0.0
1241.628650739789,0.544,-0.008
1241.6289126674335,0.528,0.0
1241.6291745950778,0.544,-0.008
1241.6294365227222,0.528,0.0
1241.6296984503667,0.544,-0.008
1241.629960378011,0.536,0.0
1241.6302223056555,0.504,-0.008
1241.6304842333,0.512,0.0
1241.6307461609442,0.552,-0.008
1241.6310080885887,0.56,0.0
1241.6312700162332,0.536,-0.016
1241.6315319438775,0.544,-0.008
1241.631793871522,0.56,0.0
1241.6320557991664,0.536,0.0
1241.6323177268107,0.56,-0.008
1241.6325796544552,0.536,0.0
1241.6328415820997,0.56,-0.008
1241.633103509744,0.544,0.0
1241.6333654373884,0.56,-0.008
1241.633627365033,0.544,-0.008
1241.6338892926772,0.56,0.0
1241.6341512203217,0.544,0.0
1241.6344131479661,0.552,-0.008
1241.6346750756104,0.552,0.0
1241.634937003255,0.528,-0.008
1241.6351989308994,0.528,0.0
1241.6354608585436,0.536,-0.008
1241.6357227861881,0.512,0.0
1241.6359847138326,0.552,-0.008
1241.6362466414769,0.552,-0.008
1241.6365085691214,0.536,0.0
1241.6367704967658,0.544,0.0
1241.63703242441,0.56,-0.008
1241.6372943520546,0.56,0.0
1241.637556279699,0.536,-0.008
1241.6378182073433,0.552,-0.008
1241.6380801349878,0.52,0.0
1241.6383420626323,0.536,0.0
1241.6386039902766,0.504,-0.008
1241.638865917921,0.504,-0.008
1241.6391278455656,0.552,0.0
1241.6393897732098,0.544,-0.008
1241.6396517008543,0.552,0.0
1241.6399136284988,0.544,-0.008
1241.640175556143,0.552,0.0
1241.6404374837875,0.544,-0.008
1241.640699411432,0.56,0.0
1241.6409613390763,0.544,0.0
1241.6412232667208,0.56,-0.008
1241.6414851943653,0.536,0.0
1241.6417471220095,0.56,-0.008
1241.642009049654,0.544,0.0
1241.6422709772985,0.56,-0.008
1241.6425329049428,0.536,0.0
1241.6427948325872,0.552,-0.008
1241.6430567602317,0.56,0.0
1241.643318687876,0.536,-0.008
1241.6435806155205,0.544,-0.008
1241.643842543165,0.56,0.0
1241.6441044708092,0.544,0.0
1241.6443663984537,0.56,-0.008
1241.6446283260982,0.56,0.0
1241.6448902537425,0.536,-0.016
1241.645152181387,0.56,0.0
1241.6454141090314,0.544,-0.008
1241.6456760366757,0.544,0.0
1241.6459379643202,0.56,-0.008
1241.6461998919647,0.544,-0.008
1241.646461819609,0.56,0.0
1241.6467237472534,0.552,-0.008
1241.646985674898,0.536,0.0
1241.6472476025422,0.544,0.0
1241.6475095301867,0.56,-0.008
1241.6477714578311,0.544,-0.008
1241.6480333854754,0.552,0.0
1241.64829531312,0.544,0.0
1241.6485572407644,0.56,-0.008
1241.6488191684086,0.544,0.0
1241.6490810960531,0.56,-0.008
1241.6493430236976,0.544,0.0
1241.6496049513419,0.56,-0.016
1241.6498668789864,0.544,-0.008
1241.6501288066308,0.56,0.0
1241.650390734275,0.544,0.0
1241.6506526619196,0.552,-0.008
1241.650914589564,0.544,0.0
1241.6511765172083,0.56,-0.016
1241.6514384448528,0.544,0.0
1241.6517003724973,0.56,-0.008
1241.6519623001416,0.536,0.0
1241.652224227786,0.56,-0.016
1241.6524861554306,0.544,0.0
1241.6527480830748,0.56,-0.016
1241.6530100107193,0.544,-0.016
1241.6532719383638,0.56,0.0
1241.653533866008,0.544,0.0
1241.6537957936525,0.56,-0.016
1241.654057721297,0.544,0.0
1241.6543196489413,0.56,-0.008
1241.6545815765858,0.544,0.0
1241.6548435042303,0.56,-0.016
1241.6551054318745,0.544,0.0
1241.655367359519,0.56,-0.008
1241.6556292871635,0.56,0.0
1241.6558912148078,0.544,-0.008
1241.6561531424522,0.544,-0.008
1241.6564150700967,0.56,0.0
1241.656676997741,0.544,0.0
1241.6569389253855,0.56,-0.016
1241.65720085303,0.544,0.0
1241.6574627806742,0.56,-0.008
1241.6577247083187,0.544,0.0
1241.6579866359632,0.56,-0.008
1241.6582485636075,0.56,0.0
1241.658510491252,0.544,-0.008
1241.6587724188964,0.544,0.0
1241.6590343465407,0.56,-0.008
1241.6592962741852,0.544,-0.008
1241.6595582018297,0.56,0.0
1241.659820129474,0.544,0.0
1241.6600820571184,0.56,-0.008
1241.660343984763,0.544,0.0
1241.6606059124072,0.56,-0.008
1241.6608678400517,0.544,0.0
1241.6611297676961,0.552,-0.016
1241.6613916953404,0.544,-0.008
1241.6616536229849,0.552,0.0
1241.6619155506294,0.544,-0.008
1241.6621774782736,0.552,0.0
1241.6624394059181,0.544,0.0
1241.6627013335626,0.56,-0.016
1241.6629632612069,0.552,0.0
1241.6632251888514,0.544,-0.008
1241.6634871164958,0.544,0.0
1241.66374904414,0.56,-0.016
1241.6640109717846,0.544,-0.008
1241.664272899429,0.56,0.0
1241.6645348270733,0.544,0.0
1241.6647967547178,0.56,-0.008
1241.6650586823623,0.544,-0.008
1241.6653206100066,0.552,0.0
1241.665582537651,0.56,-0.008
1241.6658444652955,0.536,0.0
1241.6661063929398,0.544,-0.016
1241.6663683205843,0.528,0.0
1241.6666302482288,0.536,0.0
1241.666892175873,0.512,-0.016
1241.6671541035175,0.528,-0.008
1241.667416031162,0.552,0.0
1241.6676779588063,0.552,-0.008
1241.6679398864508,0.52,0.0
1241.6682018140953,0.52,-0.008
1241.6684637417395,0.536,0.0
1241.668725669384,0.544,-0.008
1241.6689875970285,0.512,0.0
1241.6692495246728,0.504,-0.008
1241.6695114523172,0.544,0.0
1241.6697733799617,0.536,0.0
1241.670035307606,0.56,-0.016
1241.6702972352505,0.544,0.0
1241.670559162895,0.56,-0.016
1241.6708210905392,0.536,0.0
1241.6710830181837,0.56,-0.016
1241.6713449458282,0.544,-0.008
1241.6716068734725,0.56,0.0
1241.671868801117,0.552,0.0
1241.6721307287614,0.536,-0.016
1241.6723926564057,0.552,-0.008
1241.6726545840502,0.528,0.0
1241.6729165116947,0.552,0.0
1241.673178439339,0.528,-0.016
1241.6734403669834,0.544,0.0
1241.673702294628,0.52,-0.008
1241.6739642222722,0.552,-0.008
1241.6742261499166,0.528,0.0
1241.6744880775611,0.528,0.0
1241.6747500052054,0.536,-0.016
1241.6750119328499,0.528,-0.008
1241.6752738604944,0.504,0.0
1241.6755357881386,0.52,0.0
1241.6757977157831,0.544,-0.008
1241.6760596434276,0.544,0.0
1241.6763215710719,0.52,-0.016
1241.6765834987164,0.512,0.0
1241.6768454263608,0.536,-0.016
1241.677107354005,0.536,0.0
1241.6773692816496,0.52,-0.016
1241.677631209294,0.504,0.0
1241.6778931369383,0.536,-0.008
1241.6781550645828,0.528,-0.008
1241.6784169922273,0.552,0.0
1241.6786789198716,0.536,-0.008
1241.678940847516,0.504,0.0
1241.6792027751605,0.52,0.0
1241.6794647028048,0.544,-0.016
1241.6797266304493,0.528,0.0
1241.6799885580938,0.552,-0.016
1241.680250485738,0.544,0.0
1241.6805124133825,0.512,-0.016
1241.680774341027,0.504,0.0
1241.6810362686713,0.536,-0.008
1241.6812981963158,0.52,0.0
1241.6815601239603,0.544,-0.016
1241.6818220516045,0.528,0.0
1241.682083979249,0.536,-0.008
1241.6823459068935,0.528,0.0
1241.6826078345377,0.544,-0.016
1241.6828697621822,0.544,0.0
1241.6831316898267,0.528,-0.016
1241.683393617471,0.536,0.0
1241.6836555451155,0.504,-0.016
1241.68391747276,0.536,-0.008
1241.6841794004042,0.52,0.0
1241.6844413280487,0.496,0.0
1241.6847032556932,0.528,-0.008
1241.6849651833375,0.504,-0.008
1241.685227110982,0.528,0.0
1241.6854890386264,0.512,0.0
1241.6857509662707,0.536,-0.016
1241.6860128939152,0.52,0.0
1241.6862748215597,0.544,-0.016
1241.686536749204,0.528,-0.008
1241.6867986768484,0.544,0.0
1241.687060604493,0.52,-0.008
1241.6873225321372,0.544,0.0
1241.6875844597816,0.528,-0.008
1241.6878463874261,0.544,0.024
1241.6881083150704,0.528,0.024
1241.6883702427149,0.544,0.128
1241.6886321703594,0.544,0.136
1241.6888940980036,0.512,0.304
1241.6891560256481,0.504,0.32
1241.6894179532926,0.536,0.368
1241.6896798809369,0.52,0.376
1241.6899418085814,0.536,0.40800000000000003
1241.6902037362258,0.528,0.4
1241.69046566387,0.504,0.448
1241.6907275915146,0.52,0.432
1241.690989519159,0.544,0.4
1241.6912514468033,0.552,0.4
1241.6915133744478,0.536,0.41600000000000004
1241.6917753020923,0.536,0.4
1241.6920372297366,0.552,0.41600000000000004
1241.692299157381,0.552,0.40800000000000003
1241.6925610850255,0.528,0.4
1241.6928230126698,0.528,0.40800000000000003
1241.6930849403143,0.544,0.4
1241.6933468679588,0.528,0.4
1241.693608795603,0.544,0.40800000000000003
1241.6938707232475,0.536,0.40800000000000003
1241.694132650892,0.504,0.456
1241.6943945785363,0.544,0.456
1241.6946565061808,0.512,0.41600000000000004
1241.6949184338253,0.512,0.40800000000000003
1241.6951803614695,0.528,0.456
1241.695442289114,0.528,0.456
1241.6957042167585,0.504,0.424
1241.6959661444027,0.528,0.424
1241.6962280720472,0.544,0.40800000000000003
1241.6964899996917,0.536,0.4
1241.696751927336,0.52,0.41600000000000004
1241.6970138549805,0.528,0.44
1241.697275782625,0.544,0.40800000000000003
1241.6975377102692,0.536,0.424
1241.6977996379137,0.52,0.4
1241.6980615655582,0.504,0.4
1241.6983234932025,0.536,0.41600000000000004
1241.698585420847,0.528,0.41600000000000004
1241.6988473484914,0.544,0.456
1241.6991092761357,0.544,0.464
1241.6993712037802,0.504,0.432
1241.6996331314247,0.504,0.432
1241.699895059069,0.544,0.464
1241.7001569867134,0.544,0.432
1241.700418914358,0.528,0.4
1241.7006808420022,0.528,0.392
1241.7009427696466,0.536,0.4
1241.7012046972911,0.544,0.392
1241.7014666249354,0.52,0.4
1241.7017285525799,0.52,0.392
1241.7019904802244,0.536,0.40800000000000003
1241.7022524078686,0.528,0.40800000000000003
1241.7025143355131,0.504,0.392
1241.7027762631576,0.512,0.40800000000000003
1241.7030381908019,0.536,0.392
1241.7033001184464,0.52,0.392
1241.7035620460908,0.504,0.40800000000000003
1241.703823973735,0.512,0.4
1241.7040859013796,0.544,0.392
1241.704347829024,0.52,0.392
1241.7046097566683,0.544,0.40800000000000003
1241.7048716843128,0.544,0.40800000000000003
1241.7051336119573,0.512,0.392
1241.7053955396016,0.504,0.4
1241.705657467246,0.528,0.392
1241.7059193948905,0.536,0.392
1241.7061813225348,0.52,0.40800000000000003
1241.7064432501793,0.52,0.4
1241.7067051778238,0.496,0.392
1241.706967105468,0.512,0.392
1241.7072290331125,0.536,0.40800000000000003
1241.707490960757,0.512,0.392
1241.7077528884013,0.544,0.40800000000000003
1241.7080148160458,0.536,0.392
1241.7082767436902,0.552,0.40800000000000003
1241.7085386713345,0.536,0.40800000000000003
1241.708800598979,0.552,0.392
1241.7090625266235,0.536,0.392
1241.7093244542677,0.552,0.4
1241.7095863819122,0.552,0.40800000000000003
1241.7098483095567,0.536,0.392
1241.710110237201,0.536,0.392
1241.7103721648455,0.552,0.4
1241.71063409249,0.536,0.4
1241.7108960201342,0.56,0.41600000000000004
1241.7111579477787,0.56,0.40800000000000003
1241.7114198754232,0.536,0.448
1241.7116818030674,0.552,0.424
1241.711943730712,0.536,0.4
1241.7122056583564,0.536,0.41600000000000004
1241.7124675860007,0.552,0.392
1241.7127295136452,0.544,0.40800000000000003
1241.7129914412897,0.56,0.392
1241.713253368934,0.552,0.4
1241.7135152965784,0.536,0.41600000000000004
1241.713777224223,0.544,0.4
1241.7140391518672,0.56,0.424
1241.7143010795116,0.544,0.44
1241.7145630071561,0.56,0.4
1241.7148249348004,0.552,0.4
1241.7150868624449,0.536,0.392
1241.7153487900894,0.544,0.392
1241.7156107177336,0.56,0.40800000000000003
1241.715872645378,0.544,0.392
1241.7161345730226,0.56,0.40800000000000003
1241.7163965006669,0.544,0.392
1241.7166584283113,0.552,0.40800000000000003
1241.7169203559558,0.544,0.40800000000000003
1241.7171822836,0.552,0.392
1241.7174442112446,0.536,0.392
1241.717706138889,0.552,0.40800000000000003
1241.7179680665333,0.544,0.392
1241.7182299941778,0.56,0.40800000000000003
1241.7184919218223,0.544,0.392
1241.7187538494666,0.56,0.40800000000000003
1241.719015777111,0.544,0.40800000000000003
1241.7192777047555,0.56,0.392
1241.7195396323998,0.544,0.392
1241.7198015600443,0.56,0.392
1241.7200634876888,0.536,0.392
1241.720325415333,0.56,0.4
1241.7205873429775,0.552,0.392
1241.720849270622,0.544,0.4
1241.7211111982663,0.544,0.40800000000000003
1241.7213731259108,0.56,0.392
1241.7216350535552,0.544,0.392
1241.7218969811995,0.552,0.4
1241.722158908844,0.544,0.40800000000000003
1241.7224208364885,0.56,0.392
1241.7226827641327,0.544,0.4
1241.7229446917772,0.56,0.392
1241.7232066194217,0.56,0.40800000000000003
1241.723468547066,0.544,0.392
1241.7237304747105,0.544,0.392
1241.723992402355,0.56,0.4
1241.7242543299992,0.544,0.392
1241.7245162576437,0.56,0.40800000000000003
1241.7247781852882,0.552,0.392
1241.7250401129324,0.528,0.4
1241.725302040577,0.536,0.4
1241.7255639682214,0.52,0.392
1241.7258258958657,0.528,0.392
1241.7260878235102,0.552,0.40800000000000003
1241.7263497511547,0.536,0.392
1241.726611678799,0.504,0.4
1241.7268736064434,0.512,0.392
1241.727135534088,0.536,0.4
1241.7273974617322,0.536,0.392
1241.7276593893766,0.52,0.4
1241.7279213170211,0.536,0.4
1241.7281832446654,0.504,0.392
1241.7284451723099,0.528,0.392
1241.7287070999544,0.552,0.4
1241.7289690275986,0.536,0.392
1241.729230955243,0.56,0.40800000000000003
1241.7294928828876,0.544,0.40800000000000003
1241.7297548105319,0.56,0.392
1241.7300167381763,0.536,0.392
1241.7302786658208,0.552,0.40800000000000003
1241.730540593465,0.536,0.40800000000000003
1241.7308025211096,0.56,0.392
1241.731064448754,0.552,0.392
1241.7313263763983,0.536,0.40800000000000003
1241.7315883040428,0.544,0.392
1241.7318502316873,0.56,0.4
1241.7321121593316,0.544,0.392
1241.732374086976,0.552,0.40800000000000003
1241.7326360146205,0.544,0.40800000000000003
1241.7328979422648,0.552,0.392
1241.7331598699093,0.544,0.4
1241.7334217975538,0.552,0.392
1241.733683725198,0.544,0.392
1241.7339456528425,0.552,0.40800000000000003
1241.734207580487,0.544,0.392
1241.7344695081313,0.56,0.40800000000000003
1241.7436842918396,0.552,-0.008
1241.7439242221913,0.536,-0.016
1241.7441641525427,0.552,-0.016
1241.7444040828943,0.536,0.0
1241.744644013246,0.536,-0.008
1241.7448839435974,0.544,-0.016
1241.745123873949,0.536,-0.016
1241.7453638043007,0.552,-0.008
1241.7456037346521,0.536,-0.016
1241.7458436650038,0.552,-0.008
1241.7460835953555,0.536,-0.016
1241.7463235257069,0.552,0.0
1241.7465634560585,0.552,-0.016
1241.74680338641,0.536,-0.008
1241.7470433167616,0.536,-0.016
1241.7472832471133,0.552,0.0
1241.7475231774647,0.56,-0.016
1241.7477631078164,0.536,0.0
1241.748003038168,0.536,-0.016
1241.7482429685194,0.552,0.0
1241.748482898871,0.536,-0.008
1241.7487228292227,0.552,0.024
1241.7489627595742,0.536,0.032
1241.7492026899258,0.552,0.14400000000000002
1241.7494426202775,0.536,0.152
1241.749682550629,0.552,0.28800000000000003
1241.7499224809806,0.552,0.296
1241.7501624113322,0.536,0.36
1241.7504023416836,0.536,0.368
1241.7506422720353,0.56,0.432
1241.750882202387,0.544,0.432
1241.7511221327384,0.552,0.384
1241.75136206309,0.544,0.4
1241.7516019934417,0.56,0.384
1241.751841923793,0.56,0.392
1241.7520818541448,0.536,0.41600000000000004
1241.7523217844964,0.536,0.41600000000000004
1241.7525617148478,0.552,0.384
1241.7528016451995,0.544,0.384
1241.753041575551,0.56,0.40800000000000003
1241.7532815059026,0.536,0.432
1241.7535214362542,0.552,0.40800000000000003
1241.7537613666057,0.544,0.41600000000000004
1241.7540012969573,0.552,0.392
1241.754241227309,0.544,0.384
1241.7544811576604,0.552,0.40800000000000003
1241.754721088012,0.536,0.40800000000000003
1241.7549610183637,0.56,0.432
1241.7552009487151,0.544,0.44
1241.7554408790668,0.56,0.384
1241.7556808094184,0.536,0.392
1241.7559207397699,0.552,0.376
1241.7561606701215,0.536,0.376
1241.7564006004732,0.56,0.392
1241.7566405308246,0.56,0.376
1241.7568804611763,0.544,0.392
1241.757120391528,0.536,0.376
1241.7573603218793,0.552,0.392
1241.757600252231,0.552,0.376
1241.7578401825826,0.544,0.384
1241.758080112934,0.552,0.376
1241.7583200432857,0.536,0.392
1241.7585599736374,0.552,0.376
1241.7587999039888,0.52,0.384
1241.7590398343405,0.528,0.376
1241.7592797646919,0.544,0.392
1241.7595196950435,0.528,0.376
1241.7597596253952,0.504,0.392
1241.7599995557466,0.504,0.384
1241.7602394860983,0.52,0.376
1241.76047941645,0.504,0.376
1241.7607193468014,0.536,0.384
1241.760959277153,0.528,0.376
1241.7611992075047,0.536,0.384
1241.761439137856,0.536,0.376
1241.7616790682077,0.496,0.384
1241.7619189985594,0.512,0.376
1241.7621589289108,0.544,0.392
1241.7623988592625,0.528,0.376
1241.7626387896141,0.544,0.384
1241.7628787199656,0.536,0.376
1241.7631186503172,0.52,0.384
1241.7633585806689,0.528,0.384
1241.7635985110203,0.496,0.376
1241.763838441372,0.52,0.376
1241.7640783717236,0.552,0.392
1241.764318302075,0.536,0.376
1241.7645582324267,0.56,0.384
1241.764798162778,0.536,0.376
1241.7650380931298,0.552,0.384
1241.7652780234814,0.552,0.376
1241.7655179538328,0.544,0.384
1241.7657578841845,0.536,0.376
1241.7659978145361,0.552,0.384
1241.7662377448876,0.552,0.376
1241.7664776752392,0.536,0.392
1241.7667176055909,0.536,0.376
1241.7669575359423,0.552,0.384
1241.767197466294,0.552,0.376
1241.7674373966456,0.536,0.384
1241.767677326997,0.544,0.376
1241.7679172573487,0.528,0.384
1241.7681571877004,0.528,0.376
1241.7683971180518,0.536,0.392
1241.7686370484034,0.528,0.376
1241.768876978755,0.504,0.392
1241.7691169091065,0.512,0.376
1241.7693568394582,0.544,0.392
1241.7695967698098,0.528,0.384
1241.7698367001612,0.552,0.376
1241.770076630513,0.544,0.376
1241.7703165608646,0.528,0.384
1241.770556491216,0.528,0.376
1241.7707964215676,0.544,0.384
1241.771036351919,0.544,0.376
1241.7712762822707,0.528,0.392
1241.7715162126224,0.528,0.376
1241.7717561429738,0.544,0.384
1241.7719960733255,0.544,0.376
1241.772236003677,0.52,0.384
1241.7724759340285,0.52,0.376
1241.7727158643802,0.496,0.392
1241.7729557947318,0.496,0.376
1241.7731957250833,0.544,0.392
1241.773435655435,0.528,0.384
1241.7736755857866,0.552,0.376
1241.773915516138,0.536,0.376
1241.7741554464897,0.552,0.392
1241.7743953768413,0.552,0.392
1241.7746353071927,0.536,0.376
1241.7748752375444,0.552,0.376
1241.775115167896,0.536,0.384
1241.7753550982475,0.536,0.376
1241.7755950285991,0.552,0.392
1241.7758349589508,0.536,0.376
1241.7760748893022,0.552,0.392
1241.7763148196539,0.536,0.376
1241.7765547500055,0.552,0.384
1241.776794680357,0.536,0.376
1241.7770346107086,0.56,0.384
1241.77727454106,0.552,0.376
1241.7775144714117,0.536,0.384
1241.7777544017633,0.552,0.384
1241.7779943321148,0.536,0.376
1241.7782342624664,0.536,0.376
1241.778474192818,0.544,0.392
1241.7787141231695,0.552,0.376
1241.7789540535211,0.536,0.392
1241.7791939838728,0.56,0.376
1241.7794339142242,0.536,0.384
1241.7796738445759,0.536,0.376
1241.7799137749275,0.552,0.384
1241.780153705279,0.552,0.376
1241.7803936356306,0.536,0.384
1241.7806335659823,0.536,0.376
1241.7808734963337,0.552,0.392
1241.7811134266854,0.536,0.376
1241.781353357037,0.56,0.384
1241.7815932873884,0.552,0.376
1241.78183321774,0.536,0.392
1241.7820731480917,0.536,0.376
1241.7823130784432,0.56,0.384
1241.7825530087948,0.56,0.376
1241.7827929391462,0.536,0.384
1241.783032869498,0.536,0.384
1241.7832727998496,0.56,0.376
1241.783512730201,0.544,0.384
1241.7837526605526,0.56,0.392
1241.7839925909043,0.544,0.384
1241.7842325212557,0.552,0.392
1241.7844724516074,0.544,0.392
1241.784712381959,0.56,0.384
1241.7849523123105,0.56,0.376
1241.785192242662,0.536,0.392
1241.7854321730138,0.536,0.376
1241.7856721033652,0.552,0.392
1241.7859120337168,0.56,0.384
1241.7861519640685,0.536,0.384
1241.78639189442,0.536,0.384
1241.7866318247716,0.56,0.41600000000000004
1241.7868717551232,0.544,0.424
1241.7871116854747,0.56,0.392
1241.7873516158263,0.544,0.384
1241.787591546178,0.56,0.40800000000000003
1241.7878314765294,0.536,0.40800000000000003
1241.788071406881,0.56,0.44
1241.7883113372327,0.544,0.424
1241.7885512675841,0.56,0.392
1241.7887911979358,0.552,0.392
1241.7890311282872,0.536,0.424
1241.7892710586389,0.544,0.424
1241.7895109889905,0.552,0.392
1241.789750919342,0.56,0.392
1241.7899908496936,0.536,0.384
1241.7902307800452,0.544,0.392
1241.7904707103967,0.552,0.432
1241.7907106407483,0.56,0.448
1241.7909505711,0.536,0.41600000000000004
1241.7911905014514,0.544,0.40800000000000003
1241.791430431803,0.552,0.384
1241.7916703621547,0.544,0.384
1241.7919102925061,0.56,0.4
1241.7921502228578,0.536,0.4
1241.7923901532095,0.56,0.424
1241.7926300835609,0.56,0.4
1241.7928700139125,0.536,0.384
1241.7931099442642,0.56,0.384
1241.7933498746156,0.536,0.4
1241.7935898049673,0.544,0.392
1241.793829735319,0.56,0.41600000000000004
1241.7940696656703,0.56,0.384
1241.794309596022,0.544,0.392
1241.7945495263737,0.536,0.4
1241.794789456725,0.56,0.384
1241.7950293870767,0.544,0.384
1241.7952693174282,0.552,0.392
1241.7955092477798,0.552,0.392
1241.7957491781315,0.536,0.432
1241.795989108483,0.544,0.432
1241.7962290388346,0.56,0.392
1241.7964689691862,0.544,0.392
1241.7967088995376,0.56,0.392
1241.7969488298893,0.56,0.384
1241.797188760241,0.536,0.4
1241.7974286905924,0.544,0.384
1241.797668620944,0.552,0.40800000000000003
1241.7979085512957,0.552,0.392
1241.798148481647,0.536,0.4
1241.7983884119988,0.56,0.384
1241.7986283423504,0.544,0.424
1241.7988682727018,0.544,0.448
1241.7991082030535,0.56,0.41600000000000004
1241.7993481334051,0.536,0.40800000000000003
1241.7995880637566,0.56,0.384
1241.7998279941082,0.544,0.384
1241.8000679244599,0.552,0.4
1241.8003078548113,0.544,0.384
1241.800547785163,0.56,0.4
1241.8007877155144,0.56,0.392
1241.801027645866,0.544,0.376
1241.8012675762177,0.56,0.384
1241.8015075065691,0.544,0.392
1241.8017474369208,0.544,0.392
1241.8019873672724,0.56,0.4
1241.8022272976239,0.544,0.4
1241.8024672279755,0.56,0.384
1241.8027071583272,0.536,0.384
1241.8029470886786,0.56,0.392
1241.8031870190302,0.536,0.392
1241.803426949382,0.56,0.424
1241.8036668797333,0.536,0.44
1241.803906810085,0.552,0.40800000000000003
1241.8041467404366,0.544,0.4
1241.804386670788,0.504,0.384
1241.8046266011397,0.504,0.384
1241.8048665314914,0.536,0.4
1241.8051064618428,0.544,0.4
1241.8053463921945,0.528,0.384
1241.805586322546,0.528,0.384
1241.8058262528975,0.544,0.40800000000000003
1241.8060661832492,0.528,0.432
1241.8063061136008,0.544,0.384
1241.8065460439523,0.528,0.392
1241.806785974304,0.544,0.376
1241.8070259046553,0.528,0.376
1241.807265835007,0.544,0.384
1241.8075057653587,0.528,0.376
1241.80774569571,0.544,0.384
1241.8079856260617,0.544,0.376
1241.8082255564134,0.52,0.36
1241.8084654867648,0.536,0.36
1241.8087054171165,0.504,0.296
1241.8089453474681,0.504,0.296
1241.8091852778196,0.536,0.152
1241.8094252081712,0.528,0.14400000000000002
1241.8096651385229,0.544,0.048
1241.8099050688743,0.528,0.048
1241.810144999226,0.544,0.008
1241.8103849295776,0.52,0.008
1241.810624859929,0.504,-0.008
1241.8108647902807,0.512,-0.008
1241.8111047206323,0.544,0.0
1241.8113446509838,0.528,0.0
1241.8115845813354,0.544,-0.008
1241.811824511687,0.536,-0.008
1241.8120644420385,0.496,0.0
1241.8123043723901,0.512,0.0
1241.8125443027418,0.544,-0.016
1241.8127842330932,0.544,0.0
1241.8130241634449,0.528,-0.016
1241.8132640937963,0.528,-0.016
1241.813504024148,0.552,0.0
1241.8137439544996,0.528,-0.016
1241.813983884851,0.544,0.0
1241.8142238152027,0.528,-0.016
1241.8144637455543,0.536,0.0
1241.8147036759058,0.528,0.0
1241.8149436062574,0.544,-0.016
1241.815183536609,0.528,0.0
1241.8154234669605,0.544,-0.016
1241.8156633973122,0.536,0.0
1241.8159033276638,0.504,-0.016
1241.8161432580152,0.504,-0.016
1241.816383188367,0.528,0.0
1241.8166231187186,0.512,0.0
1241.81686304907,0.496,-0.016
1241.8171029794216,0.512,0.0
1241.8173429097733,0.544,-0.016
1241.8175828401247,0.544,0.0
1241.8178227704764,0.512,-0.016
1241.818062700828,0.52,-0.016
1241.8183026311794,0.536,0.0
1241.818542561531,0.528,-0.016
1241.8187824918825,0.544,0.0
1241.8190224222342,0.528,-0.016
1241.8192623525858,0.544,0.0
1241.8195022829373,0.536,0.0
1241.819742213289,0.52,-0.016
1241.8199821436406,0.536,0.0
1241.820222073992,0.504,-0.016
1241.8204620043437,0.536,0.0
1241.8207019346953,0.552,-0.016
1241.8209418650467,0.528,-0.016
1241.8211817953984,0.544,0.0
1241.82142172575,0.544,0.0
1241.8216616561015,0.528,-0.016
1241.8219015864531,0.528,-0.016
1241.8221415168048,0.544,0.0
1241.8223814471562,0.512,-0.016
1241.8226213775079,0.544,0.0
1241.8228613078595,0.544,-0.016
1241.823101238211,0.512,0.0
1241.8233411685626,0.504,-0.016
1241.8235810989142,0.544,0.0
1241.8238210292657,0.528,-0.016
1241.8240609596173,0.544,0.0
1241.824300889969,0.544,-0.016
1241.8245408203204,0.52,-0.008
1241.824780750672,0.52,0.0
1241.8250206810235,0.544,-0.016
1241.8252606113751,0.544,-0.016
1241.8255005417268,0.504,0.0
1241.8257404720782,0.528,-0.016
1241.8259804024299,0.552,0.0
1241.8262203327815,0.536,-0.016
1241.826460263133,0.552,0.0
1241.8267001934846,0.536,-0.016
1241.8269401238363,0.56,0.0
1241.8271800541877,0.536,-0.016
1241.8274199845393,0.552,0.0
1241.827659914891,0.536,-0.016
1241.8278998452424,0.552,0.0
1241.828139775594,0.552,-0.016
1241.8283797059457,0.536,0.0
1241.8286196362972,0.536,0.0
1241.8288595666488,0.544,-0.016
1241.8290994970005,0.536,-0.016
1241.829339427352,0.52,0.0
1241.8295793577036,0.528,-0.016
1241.8298192880552,0.512,0.0
1241.8300592184066,0.504,0.0
1241.8302991487583,0.544,-0.016
1241.83053907911,0.536,-0.008
1241.8307790094614,0.512,-0.016
1241.831018939813,0.52,-0.016
1241.8312588701644,0.544,0.0
1241.831498800516,0.528,-0.016
1241.8317387308678,0.544,0.0
1241.8319786612192,0.544,-0.016
1241.8322185915708,0.528,0.0
1241.8324585219225,0.528,0.0
1241.832698452274,0.504,-0.016
1241.8329383826256,0.496,-0.016
1241.8331783129772,0.512,-0.008
1241.8334182433287,0.504,0.0
1241.8336581736803,0.528,-0.016
1241.833898104032,0.528,-0.016
1241.8341380343834,0.544,0.0
1241.834377964735,0.544,-0.016
1241.8346178950867,0.504,0.0
1241.8348578254381,0.528,0.0
1241.8350977557898,0.536,-0.016
1241.8353376861414,0.528,-0.008
1241.8355776164929,0.544,-0.016
1241.8358175468445,0.528,-0.016
1241.8360574771962,0.536,0.0
1241.8362974075476,0.536,-0.016
1241.8365373378992,0.496,0.0
1241.8367772682507,0.504,-0.016
1241.8370171986023,0.536,0.0
1241.837257128954,0.52,-0.016
1241.8374970593054,0.536,0.0
1241.837736989657,0.528,-0.016
1241.8379769200087,0.544,0.0
1241.8382168503601,0.528,-0.016
1241.8384567807118,0.496,0.0
1241.8386967110634,0.52,-0.016
1241.8389366414149,0.552,0.0
1241.8391765717665,0.536,-0.008
1241.8394165021182,0.552,-0.016
1241.8396564324696,0.552,-0.008
1241.8398963628213,0.536,-0.016
1241.840136293173,0.536,-0.008
1241.8403762235243,0.552,-0.016
1241.840616153876,0.536,-0.016
1241.8408560842277,0.552,-0.008
1241.841096014579,0.536,-0.016
1241.8413359449307,0.552,0.0
1241.8415758752824,0.536,-0.016
1241.8418158056338,0.552,-0.008
1241.8420557359855,0.536,-0.008
1241.8422956663371,0.56,-0.016
1241.8425355966885,0.536,-0.008
1241.8427755270402,0.552,-0.016
1241.8430154573916,0.536,-0.016
1241.8432553877433,0.56,0.0
1241.843495318095,0.536,-0.016
1241.8437352484464,0.552,0.0
1241.843975178798,0.536,-0.008
1241.8442151091497,0.56,-0.016
1241.844455039501,0.552,-0.016
1241.8446949698528,0.536,0.0
1241.8449349002044,0.536,0.0
1241.8451748305558,0.552,-0.016
1241.8454147609075,0.536,-0.016
1241.8456546912591,0.56,-0.008
1241.8458946216106,0.552,-0.016
1241.8461345519622,0.536,0.0
1241.8463744823139,0.536,-0.016
1241.8466144126653,0.552,0.0
1241.846854343017,0.536,-0.016
1241.8470942733686,0.552,0.0
1241.84733420372,0.552,-0.016
1241.8475741340717,0.544,-0.008
1241.8478140644233,0.536,-0.016
1241.8480539947748,0.552,0.0
1241.8482939251264,0.536,-0.008
1241.848533855478,0.552,-0.016
1241.8487737858295,0.536,-0.016
1241.8490137161812,0.552,0.0
1241.8492536465326,0.552,-0.016
1241.8494935768842,0.536,-0.008
1241.849733507236,0.56,-0.016
1241.8499734375873,0.536,-0.008
1241.850213367939,0.552,-0.016
1241.8504532982906,0.536,-0.008
1241.850693228642,0.536,-0.016
1241.8509331589937,0.56,0.0
1241.8511730893454,0.536,-0.016
1241.8514130196968,0.56,0.0
1241.8516529500484,0.552,-0.016
1241.8518928804,0.536,0.0
1241.8521328107515,0.544,-0.016
1241.8523727411032,0.56,-0.008
1241.8526126714548,0.56,-0.008
1241.8528526018063,0.536,-0.016
1241.853092532158,0.544,-0.008
1241.8533324625096,0.552,-0.016
1241.853572392861,0.544,-0.008
1241.8538123232127,0.552,-0.016
1241.8540522535643,0.544,-0.008
1241.8542921839157,0.552,-0.016
1241.8545321142674,0.544,-0.016
1241.8547720446188,0.56,-0.008
1241.8550119749705,0.544,-0.016
1241.8552519053221,0.56,0.0
1241.8554918356735,0.544,-0.016
1241.8557317660252,0.56,-0.008
1241.8559716963769,0.56,-0.016
1241.8562116267283,0.536,0.0
1241.85645155708,0.536,-0.008
1241.8566914874316,0.552,-0.016
1241.856931417783,0.536,-0.016
1241.8571713481347,0.552,0.0
1241.8574112784863,0.544,-0.008
1241.8576512088378,0.56,-0.016
1241.8578911391894,0.552,-0.016
1241.858131069541,0.536,0.0
1241.8583709998925,0.544,-0.016
1241.8586109302441,0.56,-0.008
1241.8588508605958,0.544,-0.008
1241.8590907909472,0.56,-0.016
1241.8593307212989,0.544,-0.016
1241.8595706516505,0.552,-0.008
1241.859810582002,0.544,-0.008
1241.8600505123536,0.552,-0.016
1241.8602904427053,0.536,-0.016
1241.8605303730567,0.56,-0.008
1241.8607703034083,0.552,-0.008
1241.8610102337598,0.528,-0.016
1241.8612501641114,0.528,-0.016
1241.861490094463,0.544,0.0
1241.8617300248145,0.528,-0.016
1241.8619699551662,0.544,0.0
1241.8622098855178,0.544,-0.016
1241.8624498158692,0.512,0.0
1241.862689746221,0.504,-0.008
1241.8629296765725,0.536,-0.016
1241.863169606924,0.544,-0.016
1241.8634095372756,0.528,-0.008
1241.8636494676273,0.528,-0.016
1241.8638893979787,0.544,0.0
1241.8641293283304,0.544,-0.016
1241.864369258682,0.504,0.0
1241.8646091890334,0.504,-0.016
1241.864849119385,0.52,0.0
1241.8650890497368,0.52,-0.008
1241.8653289800882,0.552,-0.016
1241.8655689104398,0.528,-0.016
1241.8658088407915,0.536,0.0
1241.866048771143,0.544,-0.008
1241.8662887014946,0.52,-0.016
1241.8665286318462,0.528,-0.008
1241.8667685621976,0.544,-0.016
1241.8670084925493,0.544,-0.016
1241.8672484229007,0.504,0.0
1241.8674883532524,0.528,-0.008
1241.867728283604,0.544,-0.016
1241.8679682139555,0.528,0.0
1241.8682081443071,0.504,-0.016
1241.8684480746588,0.52,-0.008
1241.8686880050102,0.536,0.024
1241.8689279353619,0.52,0.024
1241.8691678657135,0.536,0.128
1241.869407796065,0.544,0.14400000000000002
1241.8696477264166,0.52,0.28800000000000003
1241.8698876567682,0.504,0.28800000000000003
1241.8701275871197,0.528,0.368
1241.8703675174713,0.496,0.368
1241.870607447823,0.52,0.40800000000000003
1241.8708473781744,0.544,0.392
1241.871087308526,0.512,0.376
1241.8713272388777,0.504,0.376
1241.8715671692291,0.544,0.4
1241.8718070995808,0.552,0.384
1241.8720470299324,0.536,0.432
1241.8722869602839,0.536,0.44
1241.8725268906355,0.552,0.392
1241.872766820987,0.552,0.4
1241.8730067513386,0.536,0.384
1241.8732466816903,0.536,0.384
1241.8734866120417,0.552,0.4
1241.8737265423933,0.536,0.392
1241.873966472745,0.552,0.424
1241.8742064030964,0.536,0.41600000000000004
1241.874446333448,0.552,0.384
1241.8746862637997,0.536,0.392
1241.8749261941512,0.56,0.376
1241.8751661245028,0.536,0.392
1241.8754060548545,0.552,0.384
1241.875645985206,0.536,0.384
1241.8758859155575,0.56,0.4
1241.8761258459092,0.552,0.392
1241.8763657762606,0.536,0.392
1241.8766057066123,0.552,0.384
1241.876845636964,0.536,0.432
1241.8770855673154,0.536,0.424
1241.877325497667,0.552,0.384
1241.8775654280187,0.544,0.384
1241.87780535837,0.552,0.376
1241.8780452887218,0.536,0.384
1241.8782852190734,0.544,0.376
1241.8785251494248,0.544,0.376
1241.8787650797765,0.552,0.392
1241.879005010128,0.536,0.376
1241.8792449404796,0.552,0.384
1241.8794848708312,0.536,0.376
1241.8797248011826,0.56,0.384
1241.8799647315343,0.544,0.384
1241.880204661886,0.552,0.376
1241.8804445922374,0.544,0.376
1241.880684522589,0.552,0.384
1241.8809244529407,0.536,0.376
1241.8811643832921,0.56,0.392
1241.8814043136438,0.552,0.392
1241.8816442439954,0.536,0.376
1241.8818841743469,0.536,0.376
1241.8821241046985,0.56,0.392
1241.8823640350502,0.544,0.376
1241.8826039654016,0.552,0.384
1241.8828438957532,0.536,0.376
1241.883083826105,0.552,0.384
1241.8833237564563,0.536,0.376
1241.883563686808,0.56,0.392
1241.8838036171596,0.552,0.376
1241.884043547511,0.536,0.384
1241.8842834778627,0.56,0.376
1241.8845234082144,0.536,0.392
1241.8847633385658,0.544,0.384
1241.8850032689174,0.56,0.384
1241.8852431992689,0.552,0.384
1241.8854831296205,0.536,0.392
1241.8857230599722,0.544,0.384
1241.8859629903236,0.56,0.384
1241.8862029206753,0.56,0.384
1241.886442851027,0.536,0.432
1241.8866827813783,0.536,0.424
1241.88692271173,0.552,0.392
1241.8871626420816,0.544,0.384
1241.887402572433,0.56,0.41600000000000004
1241.8876425027847,0.536,0.40800000000000003
1241.8878824331364,0.56,0.44
1241.8881223634878,0.544,0.40800000000000003
1241.8883622938395,0.56,0.392
1241.8886022241911,0.552,0.392
1241.8888421545425,0.536,0.376
1241.8890820848942,0.536,0.376
1241.8893220152459,0.56,0.392
1241.8895619455973,0.56,0.384
1241.889801875949,0.536,0.392
1241.8900418063006,0.528,0.384
1241.890281736652,0.544,0.384
1241.8905216670037,0.528,0.392
1241.890761597355,0.544,0.376
1241.8910015277067,0.544,0.384
1241.8912414580584,0.528,0.392
1241.8914813884098,0.536,0.384
1241.8917213187615,0.504,0.432
1241.8919612491131,0.496,0.424
1241.8922011794646,0.536,0.384
1241.8924411098162,0.528,0.384
1241.8926810401679,0.544,0.4
1241.8929209705193,0.544,0.392
1241.893160900871,0.52,0.384
1241.8934008312226,0.536,0.384
1241.893640761574,0.52,0.4
1241.8938806919257,0.496,0.392
1241.8941206222773,0.52,0.44
1241.8943605526288,0.496,0.432
1241.8946004829804,0.536,0.384
1241.894840413332,0.544,0.384
1241.8950803436835,0.496,0.392
1241.8953202740352,0.496,0.392
1241.8955602043868,0.512,0.424
1241.8958001347382,0.496,0.424
1241.89604006509,0.544,0.44
1241.8962799954415,0.536,0.424
1241.896519925793,0.512,0.384
1241.8967598561446,0.504,0.384
1241.896999786496,0.544,0.392
1241.8972397168477,0.528,0.392
1241.8974796471994,0.544,0.376
1241.8977195775508,0.536,0.376
1241.8979595079024,0.504,0.392
1241.898199438254,0.504,0.384
1241.8984393686055,0.536,0.384
1241.8986792989572,0.528,0.384
1241.8989192293088,0.544,0.392
1241.8991591596603,0.544,0.384
1241.899399090012,0.528,0.384
1241.8996390203636,0.528,0.376
1241.899878950715,0.536,0.392
1241.9001188810666,0.536,0.384
1241.9003588114183,0.496,0.4
1241.9005987417697,0.496,0.392
1241.9008386721214,0.552,0.432
1241.901078602473,0.536,0.44
1241.9013185328245,0.552,0.41600000000000004
1241.9015584631761,0.552,0.41600000000000004
1241.9017983935278,0.536,0.384
1241.9020383238792,0.536,0.384
1241.9022782542309,0.552,0.392
1241.9025181845825,0.536,0.384
1241.902758114934,0.552,0.384
1241.9029980452856,0.536,0.376
1241.903237975637,0.56,0.392
1241.9034779059887,0.552,0.384
1241.9037178363403,0.536,0.392
1241.9039577666917,0.536,0.384
1241.9041976970434,0.544,0.384
1241.904437627395,0.536,0.384
1241.9046775577465,0.552,0.4
1241.9049174880981,0.536,0.384
1241.9051574184498,0.544,0.392
1241.9053973488012,0.536,0.384
1241.9056372791529,0.56,0.392
1241.9058772095045,0.544,0.4
1241.906117139856,0.552,0.424
1241.9063570702076,0.536,0.4
1241.9065970005593,0.552,0.376
1241.9068369309107,0.552,0.376
1241.9070768612623,0.536,0.384
1241.907316791614,0.544,0.376
1241.9075567219654,0.56,0.4
1241.907796652317,0.544,0.384
1241.9080365826687,0.528,0.376
1241.9082765130202,0.528,0.384
1241.9085164433718,0.544,0.392
1241.9087563737232,0.536,0.384
1241.908996304075,0.504,0.424
1241.9092362344265,0.504,0.448
1241.909476164778,0.56,0.41600000000000004
1241.9097160951296,0.536,0.384
1241.9099560254813,0.552,0.41600000000000004
1241.9101959558327,0.552,0.432
1241.9104358861844,0.536,0.384
1241.910675816536,0.552,0.4
1241.9109157468874,0.536,0.376
1241.911155677239,0.552,0.384
1241.9113956075907,0.536,0.4
1241.9116355379422,0.528,0.4
1241.9118754682938,0.536,0.384
1241.9121153986455,0.536,0.392
1241.912355328997,0.504,0.376
1241.9125952593486,0.512,0.384
1241.9128351897002,0.544,0.392
1241.9130751200516,0.528,0.392
1241.9133150504033,0.544,0.4
1241.913554980755,0.536,0.384
1241.9137949111064,0.504,0.424
1241.914034841458,0.504,0.432
1241.9142747718097,0.536,0.4
1241.9145147021611,0.528,0.4
1241.9147546325128,0.544,0.424
1241.9149945628642,0.504,0.4
1241.9152344932158,0.544,0.384
1241.9154744235675,0.552,0.384
1241.915714353919,0.528,0.4
1241.9159542842706,0.528,0.376
1241.9161942146222,0.544,0.4
1241.9164341449737,0.528,0.40800000000000003
1241.9166740753253,0.512,0.384
1241.916914005677,0.544,0.392
1241.9171539360284,0.52,0.432
1241.91739386638,0.512,0.44
1241.9176337967317,0.552,0.392
1241.9178737270831,0.536,0.4
1241.9181136574348,0.552,0.384
1241.9183535877864,0.536,0.384
1241.9185935181379,0.552,0.376
1241.9188334484895,0.536,0.384
1241.9190733788412,0.544,0.376
1241.9193133091926,0.536,0.376
1241.9195532395443,0.552,0.384
1241.919793169896,0.536,0.376
1241.9200331002473,0.552,0.384
1241.920273030599,0.536,0.376
1241.9205129609506,0.56,0.392
1241.920752891302,0.552,0.376
1241.9209928216537,0.536,0.384
1241.9212327520052,0.552,0.376
1241.9214726823568,0.536,0.384
1241.9217126127085,0.536,0.376
1241.92195254306,0.552,0.392
1241.9221924734115,0.536,0.376
1241.9224324037632,0.552,0.392
1241.9226723341146,0.536,0.376
1241.9229122644663,0.56,0.384
1241.923152194818,0.536,0.376
1241.9233921251694,0.544,0.392
1241.923632055521,0.544,0.384
1241.9238719858727,0.56,0.376
1241.924111916224,0.536,0.376
1241.9243518465757,0.56,0.384
1241.9245917769274,0.544,0.376
1241.9248317072788,0.56,0.384
1241.9250716376305,0.536,0.392
1241.9253115679821,0.552,0.376
1241.9255514983336,0.544,0.376
1241.9257914286852,0.56,0.384
1241.9260313590369,0.544,0.376
1241.9262712893883,0.552,0.384
1241.92651121974,0.552,0.376
1241.9267511500914,0.544,0.384
1241.926991080443,0.552,0.376
1241.9272310107947,0.536,0.384
1241.927470941146,0.56,0.376
1241.9277108714978,0.536,0.384
1241.9279508018494,0.544,0.376
1241.9281907322008,0.56,0.368
1241.9284306625525,0.552,0.36
1241.9286705929042,0.544,0.296
1241.9289105232556,0.552,0.28800000000000003
1241.9291504536072,0.536,0.152
1241.929390383959,0.544,0.14400000000000002
1241.9296303143103,0.552,0.048
1241.929870244662,0.56,0.048
1241.9301101750136,0.536,0.0
1241.930350105365,0.552,0.008
1241.9305900357167,0.536,-0.008
1241.9308299660684,0.544,-0.008
1241.9310698964198,0.552,0.0
1241.9313098267714,0.536,-0.008
1241.931549757123,0.56,0.0
1241.9317896874745,0.536,0.0
1241.9320296178262,0.56,-0.016
1241.9322695481778,0.56,-0.016
1241.9325094785293,0.536,0.0
1241.932749408881,0.544,-0.016
1241.9329893392323,0.56,0.0
1241.933229269584,0.552,-0.016
1241.9334691999356,0.544,0.0
1241.933709130287,0.536,0.0
1241.9339490606387,0.552,-0.016
1241.9341889909904,0.544,0.0
1241.9344289213418,0.56,-0.016
1241.9346688516935,0.552,0.0
1241.934908782045,0.536,-0.016
1241.9351487123965,0.552,0.0
1241.9353886427482,0.544,-0.016
1241.9356285730998,0.544,0.0
1241.9358685034513,0.56,-0.016
1241.936108433803,0.544,0.0
1241.9363483641546,0.528,-0.016
1241.936588294506,0.544,-0.016
1241.9368282248577,0.528,0.0
1241.9370681552093,0.552,-0.016
1241.9373080855607,0.52,0.0
1241.9375480159124,0.512,-0.016
1241.937787946264,0.544,0.0
1241.9380278766155,0.552,-0.016
1241.9382678069671,0.528,0.0
1241.9385077373188,0.528,0.0
1241.9387476676702,0.544,-0.016
1241.9389875980219,0.544,-0.016
1241.9392275283733,0.528,0.0
1241.939467458725,0.52,-0.016
1241.9397073890766,0.504,0.0
1241.939947319428,0.504,0.0
1241.9401872497797,0.552,-0.016
1241.9404271801313,0.536,0.0
1241.9406671104828,0.552,-0.016
1241.9409070408344,0.536,-0.016
1241.941146971186,0.552,0.0
1241.9413869015375,0.536,0.0
1241.9416268318892,0.552,-0.016
1241.9418667622408,0.552,0.0
1241.9421066925922,0.536,-0.016
1241.942346622944,0.536,-0.016
1241.9425865532955,0.552,0.0
1241.942826483647,0.544,0.0
1241.9430664139986,0.552,-0.016
1241.9433063443503,0.536,-0.016
1241.9435462747017,0.552,0.0
1241.9437862050534,0.536,0.0
1241.944026135405,0.552,-0.016
1241.9442660657564,0.536,0.0
1241.944505996108,0.552,-0.016
1241.9447459264595,0.544,0.0
1241.9449858568112,0.552,-0.016
1241.9452257871628,0.544,-0.016
1241.9454657175143,0.56,0.0
1241.945705647866,0.536,-0.016
1241.9459455782176,0.56,0.0
1241.946185508569,0.544,-0.016
1241.9464254389206,0.56,0.0
1241.9466653692723,0.56,0.0
1241.9469052996237,0.536,-0.016
1241.9471452299754,0.536,-0.016
1241.947385160327,0.56,0.0
1241.9476250906785,0.544,-0.016
1241.94786502103,0.552,0.0
1241.9481049513818,0.544,-0.008
1241.9483448817332,0.56,-0.016
1241.9485848120848,0.56,-0.016
1241.9488247424365,0.536,0.0
1241.949064672788,0.536,-0.016
1241.9493046031396,0.552,-0.008
1241.9495445334912,0.544,-0.016
1241.9497844638427,0.56,0.0
1241.9500243941943,0.552,-0.016
1241.950264324546,0.536,0.0
1241.9505042548974,0.536,-0.016
1241.950744185249,0.552,0.0
1241.9509841156005,0.544,-0.016
1241.9512240459521,0.552,0.0
1241.9514639763038,0.56,-0.016
1241.9517039066552,0.536,0.0
1241.9519438370069,0.536,-0.008
1241.9521837673585,0.56,-0.016
1241.95242369771,0.544,0.0
1241.9526636280616,0.56,-0.016
1241.9529035584133,0.544,-0.016
1241.9531434887647,0.552,0.0
1241.9533834191163,0.544,-0.016
1241.953623349468,0.552,0.0
1241.9538632798194,0.536,0.0
1241.954103210171,0.552,-0.016
1241.9543431405227,0.544,0.0
1241.9545830708742,0.56,-0.016
1241.9548230012258,0.544,-0.016
1241.9550629315775,0.56,0.0
1241.9553028619289,0.536,-0.016
1241.9555427922805,0.56,0.0
1241.9557827226322,0.544,-0.016
1241.9560226529836,0.56,0.0
1241.9562625833353,0.56,-0.016
1241.956502513687,0.536,0.0
1241.9567424440384,0.536,-0.016
1241.95698237439,0.544,0.0
1241.9572223047414,0.536,-0.016
1241.957462235093,0.52,-0.008
1241.9577021654447,0.512,-0.016
1241.9579420957962,0.544,0.0
1241.9581820261478,0.528,-0.016
1241.9584219564995,0.544,0.0
1241.958661886851,0.544,-0.016
1241.9589018172026,0.528,-0.008
1241.9591417475542,0.528,-0.016
1241.9593816779056,0.552,0.0
1241.9596216082573,0.528,-0.016
1241.959861538609,0.544,-0.008
1241.9601014689604,0.536,-0.008
1241.960341399312,0.544,-0.016
1241.9605813296637,0.536,-0.008
1241.960821260015,0.528,-0.016
1241.9610611903668,0.528,-0.016
1241.9613011207184,0.544,-0.008
1241.9615410510698,0.528,-0.016
1241.9617809814215,0.544,-0.008
1241.9620209117732,0.528,-0.008
1241.9622608421246,0.544,-0.016
1241.9625007724762,0.528,-0.008
1241.9627407028277,0.544,-0.016
1241.9629806331793,0.536,-0.016
1241.963220563531,0.504,0.0
1241.9634604938824,0.504,-0.016
1241.963700424234,0.544,-0.008
1241.9639403545857,0.544,-0.008
1241.9641802849371,0.512,-0.016
1241.9644202152888,0.504,-0.008
1241.9646601456404,0.528,-0.016
1241.9649000759919,0.528,-0.008
1241.9651400063435,0.544,-0.016
1241.9653799366952,0.536,-0.016
1241.9656198670466,0.528,0.0
1241.9658597973983,0.528,-0.016
1241.96609972775,0.544,0.0
1241.9663396581013,0.544,-0.016
1241.966579588453,0.504,0.0
1241.9668195188046,0.512,-0.016
1241.967059449156,0.544,-0.008
1241.9672993795077,0.528,-0.016
1241.9675393098594,0.544,0.0
1241.9677792402108,0.536,-0.008
1241.9680191705625,0.512,-0.016
1241.968259100914,0.528,-0.008
1241.9684990312655,0.536,-0.016
1241.9687389616172,0.528,-0.016
1241.9689788919686,0.536,0.0
1241.9692188223203,0.528,-0.016
1241.969458752672,0.544,-0.008
1241.9696986830234,0.536,-0.008
1241.969938613375,0.512,-0.016
1241.9701785437267,0.512,-0.008
1241.970418474078,0.552,-0.016
1241.9706584044297,0.536,-0.016
1241.9708983347814,0.552,0.0
1241.9711382651328,0.552,-0.016
1241.9713781954845,0.52,0.0
1241.9716181258361,0.52,-0.016
1241.9718580561876,0.544,0.0
1241.9720979865392,0.544,-0.016
1241.9723379168909,0.528,0.0
1241.9725778472423,0.528,-0.016
1241.972817777594,0.544,0.0
1241.9730577079456,0.536,-0.016
1241.973297638297,0.52,0.0
1241.9735375686487,0.528,0.0
1241.9737774990003,0.504,-0.016
1241.9740174293518,0.504,-0.016
1241.9742573597034,0.512,-0.008
1241.974497290055,0.504,-0.008
1241.9747372204065,0.52,-0.016
1241.9749771507581,0.504,-0.008
1241.9752170811096,0.544,-0.016
1241.9754570114612,0.536,-0.016
1241.9756969418129,0.52,0.0
1241.9759368721643,0.544,0.0
1241.976176802516,0.52,-0.016
1241.9764167328676,0.536,-0.008
1241.976656663219,0.52,-0.016
1241.9768965935707,0.536,-0.008
1241.9771365239224,0.512,-0.016
1241.9773764542738,0.504,-0.016
1241.9776163846254,0.536,-0.008
1241.977856314977,0.536,-0.016
1241.9780962453285,0.52,0.0
1241.9783361756802,0.528,-0.016
1241.9785761060318,0.504,0.0
1241.9788160363833,0.496,-0.016
1241.979055966735,0.512,-0.008
1241.9792958970866,0.504,-0.016
1241.979535827438,0.544,0.0
1241.9797757577896,0.528,-0.008
1241.9800156881413,0.512,-0.016
1241.9802556184927,0.504,-0.016
1241.9804955488444,0.528,0.0
1241.9807354791958,0.52,-0.016
1241.9809754095475,0.544,0.0
1241.981215339899,0.544,-0.016
1241.9814552702505,0.52,0.0
1241.9816952006022,0.496,-0.016
1241.9819351309538,0.536,0.0
1241.9821750613053,0.544,-0.008
1241.982414991657,0.528,-0.016
1241.9826549220086,0.528,-0.008
1241.98289485236,0.536,-0.016
1241.9831347827117,0.528,-0.008
1241.9833747130633,0.544,-0.016
1241.9836146434147,0.528,-0.016
1241.9838545737664,0.544,-0.008
1241.984094504118,0.536,-0.016
1241.9843344344695,0.504,0.0
1241.9845743648211,0.512,-0.008
1241.9848142951728,0.536,-0.016
1241.9850542255242,0.544,-0.016
1241.9852941558759,0.52,-0.008
1241.9855340862275,0.544,-0.008
1241.985774016579,0.52,-0.016
1241.9860139469306,0.528,-0.008
1241.9862538772823,0.512,-0.016
1241.9864938076337,0.52,-0.008
1241.9867337379853,0.544,-0.016
1241.9869736683368,0.528,-0.008
1241.9872135986884,0.536,-0.016
1241.98745352904,0.52,-0.016
1241.9876934593915,0.504,0.0
1241.9879333897431,0.512,0.0
1241.9881733200948,0.536,-0.016
1241.9884132504462,0.544,-0.008
1241.9886531807979,0.512,0.024
1241.9888931111495,0.496,0.016
1241.989133041501,0.528,0.128
1241.9893729718526,0.52,0.136
1241.9896129022043,0.544,0.28
1241.9898528325557,0.52,0.28
1241.9900927629074,0.544,0.34400000000000003
1241.990332693259,0.528,0.352
1241.9905726236104,0.544,0.368
1241.990812553962,0.528,0.368
1241.9910524843137,0.512,0.384
1241.9912924146652,0.504,0.376
1241.9915323450168,0.52,0.384
1241.9917722753685,0.504,0.376
1241.99201220572,0.536,0.384
1241.9922521360716,0.528,0.376
1241.9924920664232,0.544,0.376
1241.9927319967746,0.536,0.392
1241.9929719271263,0.504,0.376
1241.9932118574777,0.52,0.392
1241.9934517878294,0.544,0.376
1241.993691718181,0.52,0.392
1241.9939316485325,0.544,0.376
1241.994171578884,0.504,0.376
1241.9944115092358,0.536,0.384
1241.9946514395872,0.536,0.376
1241.9948913699388,0.504,0.384
1241.9951313002905,0.504,0.376
1241.995371230642,0.544,0.376
1241.9956111609936,0.536,0.376
1241.9958510913452,0.544,0.384
1241.9960910216967,0.536,0.376
1241.9963309520483,0.552,0.384
1241.9965708824,0.536,0.376
1241.9968108127514,0.552,0.384
1241.997050743103,0.536,0.376
1241.9972906734547,0.552,0.392
1241.9975306038061,0.552,0.392
1241.9977705341578,0.536,0.376
1241.9980104645094,0.536,0.376
1241.9982503948609,0.552,0.384
1241.9984903252125,0.536,0.376
1241.998730255564,0.544,0.392
1241.9989701859156,0.536,0.376
1241.9992101162672,0.552,0.384
1241.9994500466187,0.536,0.376
1241.9996899769703,0.56,0.384
1241.999929907322,0.536,0.376
1242.0001698376734,0.552,0.392
1242.000409768025,0.536,0.376
1242.0006496983767,0.56,0.384
1242.0008896287281,0.536,0.376
1242.0011295590798,0.552,0.376
1242.0013694894315,0.536,0.376
1242.0016094197829,0.552,0.384
1242.0018493501345,0.536,0.384
1242.0020892804862,0.56,0.392
1242.0023292108376,0.552,0.384
1242.0025691411893,0.536,0.40800000000000003
1242.002809071541,0.552,0.4
1242.0030490018924,0.536,0.448
1242.003288932244,0.552,0.44
1242.0035288625957,0.544,0.392
1242.003768792947,0.536,0.384
1242.0040087232987,0.552,0.392
1242.0042486536504,0.536,0.384
1242.0044885840018,0.552,0.4
1242.0047285143535,0.552,0.384
1242.004968444705,0.536,0.392
1242.0052083750566,0.536,0.384
1242.0054483054082,0.552,0.4
1242.0056882357596,0.544,0.392
1242.0059281661113,0.56,0.384
1242.006168096463,0.552,0.384
1242.0064080268144,0.536,0.40800000000000003
1242.006647957166,0.536,0.4
1242.0068878875177,0.552,0.432
1242.007127817869,0.56,0.424
1242.0073677482208,0.536,0.44
1242.0076076785724,0.552,0.432
1242.0078476089238,0.536,0.392
1242.0080875392755,0.544,0.392
1242.0083274696271,0.552,0.432
1242.0085673999786,0.552,0.41600000000000004
1242.0088073303302,0.544,0.44
1242.0090472606819,0.552,0.424
1242.0092871910333,0.536,0.384
1242.009527121385,0.544,0.376
1242.0097670517366,0.56,0.392
1242.010006982088,0.536,0.376
1242.0102469124397,0.552,0.392
1242.0104868427914,0.536,0.384
1242.0107267731428,0.56,0.392
1242.0109667034944,0.552,0.392
1242.0112066338459,0.536,0.376
1242.0114465641975,0.552,0.376
1242.0116864945492,0.528,0.392
1242.0119264249006,0.528,0.376
1242.0121663552522,0.504,0.41600000000000004
1242.012406285604,0.52,0.432
1242.0126462159553,0.496,0.392
1242.012886146307,0.496,0.392
1242.0131260766586,0.544,0.384
1242.01336600701,0.528,0.384
1242.0136059373617,0.536,0.392
1242.0138458677134,0.528,0.392
1242.0140857980648,0.504,0.424
1242.0143257284165,0.52,0.4
1242.014565658768,0.544,0.384
1242.0148055891195,0.544,0.384
1242.0150455194712,0.512,0.40800000000000003
1242.0152854498228,0.512,0.4
1242.0155253801743,0.544,0.424
1242.015765310526,0.528,0.40800000000000003
1242.0160052408776,0.544,0.384
1242.016245171229,0.536,0.384
1242.0164851015807,0.504,0.424
1242.016725031932,0.504,0.432
1242.0169649622837,0.552,0.392
1242.0172048926354,0.552,0.384
1242.0174448229868,0.536,0.4
1242.0176847533385,0.536,0.392
1242.0179246836901,0.552,0.424
1242.0181646140416,0.552,0.44
1242.0184045443932,0.536,0.392
1242.0186444747449,0.552,0.392
1242.0188844050963,0.536,0.384
1242.019124335448,0.536,0.384
1242.0193642657996,0.56,0.392
1242.019604196151,0.536,0.384
1242.0198441265027,0.552,0.376
1242.0200840568543,0.552,0.392
1242.0203239872058,0.536,0.376
1242.0205639175574,0.536,0.384
1242.020803847909,0.56,0.392
1242.0210437782605,0.544,0.392
1242.0212837086121,0.56,0.424
1242.0215236389638,0.536,0.392
1242.0217635693152,0.56,0.384
1242.0220034996669,0.552,0.384
1242.0222434300185,0.536,0.392
1242.02248336037,0.536,0.392
1242.0227232907216,0.56,0.424
1242.022963221073,0.552,0.44
1242.0232031514247,0.544,0.40800000000000003
1242.0234430817763,0.536,0.41600000000000004
1242.0236830121278,0.56,0.384
1242.0239229424794,0.544,0.384
1242.024162872831,0.56,0.392
1242.0244028031825,0.552,0.384
1242.0246427335342,0.536,0.392
1242.0248826638858,0.536,0.384
1242.0251225942372,0.56,0.4
1242.025362524589,0.56,0.376
1242.0256024549406,0.544,0.392
1242.025842385292,0.56,0.384
1242.0260823156436,0.544,0.392
1242.0263222459953,0.544,0.384
1242.0265621763467,0.552,0.432
1242.0268021066984,0.544,0.424
1242.02704203705,0.56,0.392
1242.0272819674014,0.544,0.384
1242.027521897753,0.56,0.40800000000000003
1242.0277618281048,0.544,0.44
1242.0280017584562,0.56,0.40800000000000003
1242.0282416888078,0.552,0.4
1242.0284816191595,0.536,0.384
1242.028721549511,0.536,0.384
1242.0289614798626,0.552,0.4
1242.029201410214,0.544,0.384
1242.0294413405657,0.56,0.44
1242.0296812709173,0.552,0.44
1242.0299212012687,0.536,0.392
1242.0301611316204,0.544,0.392
1242.030401061972,0.56,0.384
1242.0306409923235,0.544,0.384
1242.0308809226751,0.552,0.40800000000000003
1242.0311208530268,0.544,0.4
1242.0313607833782,0.56,0.424
1242.0366296768188,0.536,0.0
1242.0368963837623,0.504,-0.016
1242.037163090706,0.504,0.0
1242.0374297976493,0.528,-0.016
1242.037696504593,0.52,0.0
1242.0379632115364,0.496,-0.016
1242.0382299184798,0.496,-0.016
1242.0384966254235,0.528,0.0
1242.038763332367,0.536,0.0
1242.0390300393105,0.52,-0.016
1242.039296746254,0.52,-0.016
1242.0395634531974,0.528,0.0
1242.039830160141,0.52,0.0
1242.0400968670845,0.544,-0.016
1242.040363574028,0.528,0.0
1242.0406302809715,0.504,-0.016
1242.040896987915,0.504,0.0
1242.0411636948586,0.536,-0.016
1242.041430401802,0.544,-0.016
1242.0416971087457,0.504,0.0
1242.041963815689,0.504,-0.008
1242.0422305226325,0.544,0.024
1242.0424972295762,0.536,0.032
1242.0427639365196,0.552,0.136
1242.0430306434632,0.536,0.14400000000000002
1242.0432973504066,0.56,0.304
1242.04356405735,0.552,0.312
1242.0438307642937,0.536,0.376
1242.0440974712371,0.536,0.376
1242.0443641781808,0.56,0.392
1242.0446308851242,0.536,0.4
1242.0448975920676,0.56,0.392
1242.0451642990113,0.544,0.392
1242.0454310059547,0.56,0.40800000000000003
1242.0456977128983,0.536,0.4
1242.0459644198418,0.56,0.392
1242.0462311267852,0.536,0.392
1242.0464978337288,0.56,0.41600000000000004
1242.0467645406723,0.56,0.448
1242.047031247616,0.536,0.4
1242.0472979545593,0.544,0.4
1242.0475646615027,0.56,0.424
1242.0478313684464,0.56,0.40800000000000003
1242.0480980753898,0.536,0.44
1242.0483647823335,0.536,0.464
1242.0486314892769,0.56,0.40800000000000003
1242.0488981962203,0.536,0.40800000000000003
1242.049164903164,0.56,0.392
1242.0494316101074,0.544,0.4
1242.049698317051,0.56,0.424
1242.0499650239944,0.544,0.44
1242.0502317309379,0.56,0.424
1242.0504984378815,0.544,0.432
1242.050765144825,0.56,0.4
1242.0510318517686,0.56,0.40800000000000003
1242.051298558712,0.536,0.392
1242.0515652656554,0.528,0.392
1242.051831972599,0.552,0.40800000000000003
1242.0520986795425,0.528,0.392
1242.0523653864861,0.552,0.40800000000000003
1242.0526320934296,0.536,0.40800000000000003
1242.052898800373,0.544,0.392
1242.0531655073166,0.544,0.40800000000000003
1242.05343221426,0.528,0.392
1242.0536989212037,0.528,0.4
1242.0539656281471,0.544,0.424
1242.0542323350905,0.544,0.448
1242.0544990420342,0.512,0.41600000000000004
1242.0547657489776,0.504,0.41600000000000004
1242.0550324559213,0.528,0.4
1242.0552991628647,0.528,0.40800000000000003
1242.055565869808,0.552,0.4
1242.0558325767518,0.552,0.44
1242.0560992836952,0.544,0.4
1242.0563659906388,0.536,0.4
1242.0566326975822,0.56,0.41600000000000004
1242.0568994045257,0.544,0.40800000000000003
1242.0571661114693,0.552,0.448
1242.0574328184127,0.544,0.456
1242.0576995253564,0.56,0.40800000000000003
1242.0579662322998,0.544,0.40800000000000003
1242.0582329392432,0.56,0.392
1242.0584996461869,0.544,0.40800000000000003
1242.0587663531303,0.552,0.4
1242.059033060074,0.544,0.4
1242.0592997670174,0.56,0.41600000000000004
1242.0595664739608,0.56,0.41600000000000004
1242.0598331809044,0.544,0.448
1242.0600998878479,0.544,0.44
1242.0603665947915,0.56,0.40800000000000003
1242.060633301735,0.544,0.41600000000000004
1242.0609000086783,0.56,0.392
1242.061166715622,0.544,0.40800000000000003
1242.0614334225654,0.552,0.392
1242.061700129509,0.544,0.40800000000000003
1242.0619668364525,0.56,0.4
1242.062233543396,0.56,0.41600000000000004
1242.0625002503396,0.536,0.44
1242.062766957283,0.544,0.424
1242.0630336642266,0.528,0.4
1242.06330037117,0.536,0.40800000000000003
1242.0635670781135,0.552,0.392
1242.063833785057,0.536,0.4
1242.0641004920005,0.528,0.4
1242.0643671989442,0.528,0.4
1242.0646339058876,0.544,0.44
1242.064900612831,0.528,0.424
1242.0651673197747,0.552,0.4
1242.065434026718,0.504,0.392
1242.0657007336617,0.536,0.40800000000000003
1242.0659674406052,0.528,0.392
1242.0662341475486,0.544,0.40800000000000003
1242.0665008544922,0.528,0.4
1242.0667675614357,0.504,0.448
1242.0670342683793,0.504,0.448
1242.0673009753227,0.544,0.4
1242.0675676822661,0.544,0.4
1242.0678343892098,0.528,0.41600000000000004
1242.0681010961532,0.528,0.40800000000000003
1242.0683678030969,0.544,0.432
1242.0686345100403,0.528,0.41600000000000004
1242.0689012169837,0.504,0.392
1242.0691679239274,0.52,0.392
1242.0694346308708,0.536,0.4
1242.0697013378144,0.544,0.4
1242.0699680447578,0.528,0.384
1242.0702347517013,0.536,0.384
1242.070501458645,0.52,0.4
1242.0707681655883,0.528,0.4
1242.071034872532,0.544,0.392
1242.0713015794754,0.544,0.392
1242.0715682864188,0.504,0.4
1242.0718349933625,0.528,0.392
1242.072101700306,0.544,0.4
1242.0723684072495,0.536,0.4
1242.072635114193,0.544,0.392
1242.0729018211364,0.536,0.4
1242.07316852808,0.504,0.392
1242.0734352350235,0.528,0.392
1242.073701941967,0.544,0.41600000000000004
1242.0739686489105,0.536,0.4
1242.074235355854,0.512,0.44
1242.0745020627976,0.504,0.44
1242.074768769741,0.544,0.4
1242.0750354766847,0.536,0.40800000000000003
1242.075302183628,0.552,0.392
1242.0755688905715,0.536,0.392
1242.0758355975152,0.56,0.4
1242.0761023044586,0.544,0.392
1242.0763690114022,0.552,0.384
1242.0766357183456,0.536,0.392
1242.076902425289,0.56,0.4
1242.0771691322327,0.544,0.392
1242.0774358391761,0.56,0.392
1242.0777025461198,0.544,0.392
1242.0779692530632,0.56,0.4
1242.0782359600066,0.56,0.4
1242.0785026669503,0.544,0.384
1242.0787693738937,0.544,0.392
1242.0790360808373,0.56,0.4
1242.0793027877808,0.544,0.392
1242.0795694947242,0.56,0.4
1242.0798362016678,0.544,0.392
1242.0801029086113,0.552,0.392
1242.080369615555,0.544,0.392
1242.0806363224983,0.552,0.4
1242.0809030294417,0.552,0.392
1242.0811697363854,0.536,0.4
1242.0814364433288,0.536,0.4
1242.0817031502725,0.56,0.392
1242.0819698572159,0.56,0.392
1242.0822365641593,0.536,0.392
1242.082503271103,0.544,0.392
1242.0827699780464,0.56,0.4
1242.08303668499,0.544,0.392
1242.0833033919334,0.56,0.4
1242.0835700988769,0.544,0.4
1242.0838368058205,0.56,0.384
1242.084103512764,0.544,0.4
1242.0843702197076,0.552,0.392
1242.084636926651,0.544,0.392
1242.0849036335944,0.56,0.41600000000000004
1242.085170340538,0.544,0.40800000000000003
1242.0854370474815,0.56,0.448
1242.0857037544251,0.544,0.456
1242.0859704613686,0.56,0.432
1242.086237168312,0.544,0.424
1242.0865038752556,0.56,0.4
1242.086770582199,0.544,0.4
1242.0870372891427,0.56,0.392
1242.0873039960861,0.56,0.4
1242.0875707030295,0.528,0.44
1242.0878374099732,0.544,0.456
1242.0881041169166,0.528,0.4
1242.0883708238603,0.544,0.40800000000000003
1242.0886375308037,0.528,0.392
1242.088904237747,0.544,0.392
1242.0891709446907,0.512,0.384
1242.0894376516342,0.504,0.392
1242.0897043585778,0.536,0.392
1242.0899710655212,0.528,0.392
1242.0902377724647,0.552,0.4
1242.0905044794083,0.528,0.392
1242.0907711863517,0.544,0.4
1242.0910378932954,0.528,0.392
1242.0913046002388,0.544,0.392
1242.0915713071822,0.528,0.392
1242.0918380141259,0.552,0.4
1242.0921047210693,0.528,0.392
1242.092371428013,0.544,0.392
1242.0926381349564,0.536,0.392
1242.0929048418998,0.504,0.4
1242.0931715488434,0.504,0.392
1242.0934382557869,0.536,0.4
1242.0937049627305,0.528,0.4
1242.093971669674,0.552,0.392
1242.0942383766173,0.536,0.392
1242.094505083561,0.528,0.4
1242.0947717905044,0.528,0.392
1242.095038497448,0.544,0.4
1242.0953052043915,0.544,0.392
1242.095571911335,0.504,0.392
1242.0958386182785,0.504,0.392
1242.096105325222,0.536,0.40800000000000003
1242.0963720321656,0.528,0.40800000000000003
1242.096638739109,0.544,0.392
1242.0969054460525,0.528,0.40800000000000003
1242.097172152996,0.544,0.448
1242.0974388599395,0.528,0.432
1242.0977055668832,0.544,0.4
1242.0979722738266,0.544,0.4
1242.09823898077,0.52,0.40800000000000003
1242.0985056877137,0.504,0.40800000000000003
1242.098772394657,0.536,0.44
1242.0990391016007,0.544,0.41600000000000004
1242.0993058085442,0.52,0.4
1242.0995725154876,0.536,0.40800000000000003
1242.0998392224312,0.512,0.392
1242.1001059293746,0.504,0.40800000000000003
1242.1003726363183,0.536,0.392
1242.1006393432617,0.52,0.392
1242.1009060502051,0.544,0.41600000000000004
1242.1011727571488,0.52,0.40800000000000003
1242.1014394640922,0.544,0.4
1242.1017061710359,0.544,0.392
1242.1019728779793,0.52,0.40800000000000003
1242.1022395849227,0.504,0.40800000000000003
1242.1025062918663,0.544,0.392
1242.1027729988098,0.536,0.392
1242.1030397057534,0.56,0.40800000000000003
1242.1033064126968,0.544,0.4
1242.1035731196403,0.536,0.448
1242.103839826584,0.536,0.44
1242.1041065335273,0.552,0.4
1242.104373240471,0.552,0.4
1242.1046399474144,0.536,0.392
1242.1049066543578,0.528,0.392
1242.1051733613015,0.544,0.4
1242.105440068245,0.536,0.4
1242.1057067751885,0.504,0.392
1242.105973482132,0.52,0.40800000000000003
1242.1062401890754,0.544,0.4
1242.106506896019,0.528,0.4
1242.1067736029624,0.544,0.41600000000000004
1242.107040309906,0.544,0.40800000000000003
1242.1073070168495,0.528,0.432
1242.107573723793,0.544,0.44
1242.1078404307366,0.528,0.4
1242.10810713768,0.528,0.40800000000000003
1242.1083738446237,0.544,0.384
1242.108640551567,0.512,0.384
1242.1089072585105,0.536,0.32
1242.1091739654541,0.528,0.312
1242.1094406723976,0.544,0.16
1242.1097073793412,0.536,0.152
1242.1099740862846,0.528,0.056
1242.110240793228,0.528,0.056
1242.1105075001717,0.536,0.008
1242.1107742071151,0.528,0.008
1242.1110409140588,0.544,-0.008
1242.1113076210022,0.544,-0.008
1242.1115743279456,0.504,0.0
1242.1118410348893,0.504,0.0
1242.1121077418327,0.528,-0.008
1242.1123744487763,0.528,0.0
1242.1126411557198,0.504,-0.008
1242.1129078626632,0.52,0.0
1242.1131745696068,0.544,-0.008
1242.1134412765502,0.544,-0.008
1242.113707983494,0.512,0.0
1242.1139746904373,0.512,0.0
1242.1142413973807,0.496,-0.008
1242.1145081043244,0.496,-0.008
1242.1147748112678,0.536,0.0
1242.1150415182115,0.536,0.0
1242.1153082251549,0.528,-0.008
1242.1155749320983,0.528,-0.008
1242.115841639042,0.512,0.0
1242.1161083459854,0.528,0.0
1242.116375052929,0.544,-0.008
1242.1166417598724,0.528,-0.008
1242.1169084668159,0.544,0.0
1242.1171751737595,0.544,0.0
1242.117441880703,0.504,-0.008
1242.1177085876466,0.52,-0.008
1242.11797529459,0.536,0.0
1242.1182420015334,0.528,0.0
1242.118508708477,0.544,-0.008
1242.1187754154205,0.528,0.0
1242.1190421223641,0.544,-0.008
1242.1193088293076,0.504,0.0
1242.119575536251,0.544,-0.008
1242.1198422431946,0.528,-0.008
1242.120108950138,0.544,0.0
1242.1203756570817,0.528,0.0
1242.1206423640251,0.544,-0.008
1242.1209090709685,0.52,0.0
1242.1211757779122,0.544,-0.008
1242.1214424848556,0.528,0.0
1242.1217091917993,0.544,-0.008
1242.1219758987427,0.512,-0.008
1242.122242605686,0.536,0.0
1242.1225093126297,0.536,-0.008
1242.1227760195732,0.504,0.0
1242.1230427265168,0.504,-0.008
1242.1233094334602,0.52,0.0
1242.1235761404037,0.496,-0.008
1242.1238428473473,0.528,0.0
1242.1241095542907,0.52,-0.008
1242.1243762612344,0.544,0.0
1242.1246429681778,0.528,0.0
1242.1249096751212,0.544,-0.008
1242.1251763820649,0.536,0.0
1242.1254430890083,0.504,-0.008
1242.125709795952,0.52,0.0
1242.1259765028954,0.496,-0.016
1242.1262432098388,0.536,0.0
1242.1265099167824,0.496,-0.008
1242.1267766237258,0.496,-0.008
1242.1270433306695,0.544,0.0
1242.127310037613,0.544,0.0
1242.1275767445563,0.536,-0.016
1242.1278434515,0.536,-0.008
1242.1281101584434,0.56,0.0
1242.128376865387,0.536,-0.008
1242.1286435723305,0.552,0.0
1242.128910279274,0.536,0.0
1242.1291769862175,0.56,-0.016
1242.129443693161,0.552,0.0
1242.1297104001046,0.536,-0.008
1242.129977107048,0.536,0.0
1242.1302438139915,0.56,-0.008
1242.130510520935,0.544,0.0
1242.1307772278785,0.536,-0.016
1242.1310439348222,0.552,0.0
1242.1313106417656,0.536,-0.016
1242.131577348709,0.544,0.0
1242.1318440556527,0.552,-0.016
1242.132110762596,0.536,-0.008
1242.1323774695397,0.56,0.0
1242.1326441764832,0.544,0.0
1242.1329108834266,0.56,-0.008
1242.1331775903702,0.552,-0.008
1242.1334442973136,0.536,0.0
1242.1337110042573,0.544,0.0
1242.1339777112007,0.552,-0.008
1242.1342444181441,0.56,0.0
1242.1345111250878,0.536,-0.008
1242.1347778320312,0.56,-0.008
1242.1350445389749,0.544,0.0
1242.1353112459183,0.536,0.0
1242.1355779528617,0.56,-0.008
1242.1358446598053,0.544,-0.008
1242.1361113667488,0.56,0.0
1242.1363780736924,0.544,0.0
1242.1366447806358,0.552,-0.008
1242.1369114875793,0.544,-0.016
1242.137178194523,0.552,0.0
1242.1374449014663,0.544,0.0
1242.13771160841,0.552,-0.008
1242.1379783153534,0.544,-0.008
1242.1382450222968,0.56,0.0
1242.1385117292405,0.56,0.0
1242.1387784361839,0.544,-0.008
1242.1390451431275,0.544,-0.008
1242.139311850071,0.56,0.0
1242.1395785570144,0.544,0.0
1242.139845263958,0.56,-0.008
1242.1401119709014,0.544,0.0
1242.140378677845,0.56,-0.008
1242.1406453847885,0.544,0.0
1242.140912091732,0.56,-0.016
1242.1411787986756,0.544,0.0
1242.141445505619,0.56,-0.016
1242.1417122125627,0.544,-0.008
1242.141978919506,0.56,0.0
1242.1422456264495,0.544,0.0
1242.1425123333931,0.552,-0.016
1242.1427790403366,0.544,0.0
1242.1430457472802,0.56,-0.008
1242.1433124542236,0.544,0.0
1242.143579161167,0.56,-0.008
1242.1438458681107,0.544,-0.016
1242.1441125750541,0.56,0.0
1242.1443792819978,0.544,-0.016
1242.1446459889412,0.56,0.0
1242.1449126958846,0.544,-0.016
1242.1451794028283,0.56,0.0
1242.1454461097717,0.544,-0.016
1242.1457128167153,0.56,0.0
1242.1459795236588,0.544,0.0
1242.1462462306022,0.56,-0.016
1242.1465129375458,0.544,-0.008
1242.1467796444892,0.56,0.0
1242.147046351433,0.544,-0.008
1242.1473130583763,0.56,0.0
1242.1475797653197,0.544,0.0
1242.1478464722634,0.56,-0.016
1242.1481131792068,0.544,0.0
1242.1483798861505,0.56,-0.008
1242.1486465930939,0.56,0.0
1242.1489133000373,0.544,-0.008
1242.149180006981,0.544,0.0
1242.1494467139244,0.56,-0.016
1242.149713420868,0.544,0.0
1242.1499801278114,0.56,-0.016
1242.1502468347549,0.552,0.0
1242.1505135416985,0.536,-0.016
1242.150780248642,0.544,-0.016
1242.1510469555856,0.56,0.0
1242.151313662529,0.56,-0.008
1242.1515803694724,0.544,0.0
1242.151847076416,0.544,0.0
1242.1521137833595,0.56,-0.016
1242.1523804903031,0.56,0.0
1242.1526471972466,0.544,-0.016
1242.15291390419,0.56,0.0
1242.1531806111336,0.544,-0.016
1242.153447318077,0.544,-0.016
1242.1537140250207,0.56,0.0
1242.153980731964,0.544,-0.016
1242.1542474389075,0.56,0.0
1242.1545141458512,0.552,0.0
1242.1547808527946,0.544,-0.016
1242.1550475597383,0.544,-0.008
1242.1553142666817,0.56,0.0
1242.155580973625,0.544,0.0
1242.1558476805687,0.56,-0.016
1242.1561143875122,0.56,0.0
1242.1563810944558,0.544,-0.016
1242.1566478013992,0.544,-0.008
1242.1569145083427,0.56,0.0
1242.1571812152863,0.544,0.0
1242.1574479222297,0.56,-0.016
1242.1577146291734,0.56,0.0
1242.1579813361168,0.544,-0.016
1242.1582480430602,0.544,0.0
1242.1585147500039,0.56,-0.016
1242.1587814569473,0.544,-0.008
1242.159048163891,0.56,0.0
1242.1593148708344,0.544,-0.008
1242.1595815777778,0.56,0.0
1242.1598482847214,0.544,-0.016
1242.1601149916648,0.56,0.0
1242.1603816986085,0.56,0.0
1242.160648405552,0.544,-0.008
1242.1609151124953,0.544,-0.016
1242.161181819439,0.56,0.0
1242.1614485263824,0.544,0.0
1242.161715233326,0.56,-0.016
1242.1619819402695,0.544,0.0
1242.162248647213,0.56,-0.016
1242.1625153541565,0.544,-0.008
1242.1627820611,0.56,0.0
1242.1630487680436,0.544,-0.016
1242.163315474987,0.56,0.0
1242.1635821819305,0.544,0.0
1242.163848888874,0.552,-0.016
1242.1641155958175,0.544,0.0
1242.1643823027612,0.552,-0.016
1242.1646490097046,0.544,0.0
1242.164915716648,0.56,-0.016
1242.1651824235917,0.544,-0.016
1242.165449130535,0.56,0.0
1242.1657158374787,0.544,0.0
1242.1659825444221,0.56,-0.008
1242.1662492513656,0.544,-0.016
1242.1665159583092,0.552,0.0
1242.1667826652526,0.544,-0.008
1242.1670493721963,0.56,0.0
1242.1673160791397,0.544,-0.008
1242.1675827860831,0.56,0.0
1242.1678494930268,0.544,0.0
1242.1681161999702,0.56,-0.016
1242.1683829069138,0.544,0.0
1242.1686496138573,0.56,-0.016
1242.1689163208007,0.56,0.0
1242.1691830277443,0.544,-0.016
1242.1694497346878,0.544,0.0
1242.1697164416314,0.56,-0.016
1242.1699831485748,0.544,0.0
1242.1702498555183,0.56,-0.016
1242.170516562462,0.544,0.0
1242.1707832694053,0.56,-0.016
1242.171049976349,0.544,0.0
1242.1713166832924,0.56,-0.016
1242.1715833902358,0.544,-0.016
1242.1718500971795,0.56,0.0
1242.1721168041229,0.544,-0.016
1242.1723835110665,0.552,0.0
1242.17265021801,0.544,-0.008
1242.1729169249534,0.56,0.0
1242.173183631897,0.544,-0.016
1242.1734503388404,0.56,0.0
1242.173717045784,0.56,0.0
1242.1739837527275,0.544,-0.016
1242.174250459671,0.56,-0.016
1242.1745171666146,0.536,0.0
1242.174783873558,0.536,-0.008
1242.1750505805016,0.552,0.0
1242.175317287445,0.528,-0.008
1242.1755839943885,0.544,0.024
1242.1758507013321,0.544,0.024
1242.1761174082756,0.528,0.128
1242.1763841152192,0.536,0.136
1242.1766508221626,0.512,0.28
1242.176917529106,0.512,0.28800000000000003
1242.1771842360497,0.552,0.36
1242.1774509429931,0.544,0.36
1242.1777176499368,0.512,0.384
1242.1779843568802,0.536,0.384
1242.1782510638236,0.552,0.392
1242.1785177707673,0.56,0.384
1242.1787844777107,0.544,0.4
1242.1790511846543,0.544,0.392
1242.1793178915977,0.56,0.392
1242.1795845985412,0.544,0.384
1242.1798513054848,0.56,0.4
1242.1801180124282,0.536,0.392
1242.180384719372,0.552,0.4
1242.1806514263153,0.544,0.392
1242.1809181332587,0.528,0.4
1242.1811848402024,0.528,0.392
1242.1814515471458,0.544,0.392
1242.1817182540894,0.544,0.392
1242.1819849610329,0.52,0.4
1242.1822516679763,0.512,0.392
1242.18251837492,0.544,0.4
1242.1827850818634,0.544,0.392
1242.183051788807,0.52,0.4
1242.1833184957504,0.504,0.392
1242.1835852026938,0.528,0.4
1242.1838519096375,0.504,0.4
1242.184118616581,0.52,0.392
1242.1843853235246,0.52,0.392
1242.184652030468,0.504,0.392
1242.1849187374114,0.52,0.392
1242.185185444355,0.544,0.4
1242.1854521512985,0.536,0.392
1242.1857188582421,0.504,0.4
1242.1859855651855,0.504,0.392
1242.186252272129,0.52,0.4
1242.1865189790726,0.504,0.392
1242.186785686016,0.544,0.4
1242.1870523929597,0.536,0.392
1242.187319099903,0.52,0.392
1242.1875858068465,0.528,0.392
1242.1878525137902,0.496,0.4
1242.1881192207336,0.512,0.392
1242.1883859276772,0.544,0.392
1242.1886526346207,0.544,0.392
1242.188919341564,0.52,0.4
1242.1891860485077,0.544,0.392
1242.1894527554512,0.528,0.4
1242.1897194623948,0.528,0.392
1242.1899861693382,0.544,0.4
1242.1902528762816,0.52,0.392
1242.1905195832253,0.504,0.4
1242.1907862901687,0.512,0.4
1242.1910529971124,0.536,0.392
1242.1913197040558,0.528,0.392
1242.1915864109992,0.536,0.4
1242.1918531179429,0.528,0.392
1242.1921198248863,0.536,0.392
1242.19238653183,0.528,0.392
1242.1926532387733,0.544,0.4
1242.1929199457168,0.52,0.392
1242.1931866526604,0.544,0.4
1242.1934533596038,0.528,0.392
1242.1937200665475,0.544,0.4
1242.193986773491,0.536,0.4
1242.1942534804343,0.504,0.392
1242.194520187378,0.504,0.392
1242.1947868943214,0.536,0.4
1242.195053601265,0.504,0.392
1242.1953203082085,0.536,0.4
1242.195587015152,0.536,0.392
1242.1958537220955,0.512,0.4
1242.196120429039,0.52,0.4
1242.1963871359826,0.544,0.392
1242.196653842926,0.528,0.392
1242.1969205498694,0.544,0.4
1242.197187256813,0.528,0.4
1242.1974539637565,0.544,0.392
1242.1977206707002,0.528,0.392
1242.1979873776436,0.544,0.392
1242.198254084587,0.544,0.392
1242.1985207915307,0.504,0.392
1242.198787498474,0.528,0.392
1242.1990542054177,0.544,0.392
1242.1993209123611,0.528,0.392
1242.1995876193046,0.544,0.4
1242.1998543262482,0.528,0.4
1242.2001210331916,0.544,0.392
1242.2003877401353,0.528,0.392
1242.2006544470787,0.504,0.392
1242.2009211540221,0.52,0.4
1242.2011878609658,0.544,0.384
1242.2014545679092,0.528,0.392
1242.2017212748528,0.544,0.41600000000000004
1242.2019879817963,0.536,0.424
1242.2022546887397,0.528,0.40800000000000003
1242.2025213956833,0.528,0.40800000000000003
1242.2027881026268,0.544,0.448
1242.2030548095704,0.512,0.44
1242.2033215165138,0.544,0.40800000000000003
1242.2035882234572,0.528,0.40800000000000003
1242.203854930401,0.544,0.4
1242.2041216373443,0.536,0.392
1242.204388344288,0.512,0.40800000000000003
1242.2046550512314,0.504,0.40800000000000003
1242.2049217581748,0.52,0.392
1242.2051884651185,0.52,0.41600000000000004
1242.2054551720619,0.504,0.456
1242.2057218790055,0.512,0.41600000000000004
1242.205988585949,0.544,0.456
1242.2062552928924,0.536,0.448
1242.206521999836,0.504,0.40800000000000003
1242.2067887067794,0.496,0.40800000000000003
1242.207055413723,0.512,0.392
1242.2073221206665,0.512,0.392
1242.20758882761,0.544,0.41600000000000004
1242.2078555345536,0.544,0.392
1242.208122241497,0.512,0.40800000000000003
1242.2083889484406,0.512,0.41600000000000004
1242.208655655384,0.496,0.392
1242.2089223623275,0.512,0.4
1242.2091890692711,0.544,0.41600000000000004
1242.2094557762146,0.528,0.4
1242.2097224831582,0.544,0.41600000000000004
1242.2099891901016,0.528,0.432
1242.210255897045,0.536,0.4
1242.2105226039887,0.536,0.424
1242.2107893109321,0.52,0.4
1242.2110560178758,0.528,0.4
1242.2113227248192,0.544,0.40800000000000003
1242.2115894317626,0.528,0.40800000000000003
1242.2118561387063,0.544,0.392
1242.2121228456497,0.544,0.4
1242.2123895525933,0.52,0.41600000000000004
1242.2126562595367,0.52,0.40800000000000003
1242.2129229664802,0.504,0.4
1242.2131896734238,0.496,0.4
1242.2134563803672,0.512,0.40800000000000003
1242.2137230873109,0.496,0.40800000000000003
1242.2139897942543,0.512,0.392
1242.2142565011977,0.504,0.4
1242.2145232081414,0.528,0.392
1242.2147899150848,0.528,0.392
1242.2150566220284,0.512,0.4
1242.2153233289719,0.512,0.4
1242.2155900359153,0.544,0.44
1242.215856742859,0.536,0.432
1242.2161234498024,0.504,0.40800000000000003
1242.216390156746,0.496,0.40800000000000003
1242.2166568636894,0.536,0.392
1242.2169235706328,0.528,0.392
1242.2171902775765,0.544,0.40800000000000003
1242.21745698452,0.536,0.40800000000000003
1242.2177236914636,0.52,0.392
1242.217990398407,0.528,0.392
1242.2182571053504,0.544,0.424
1242.218523812294,0.528,0.424
1242.2187905192375,0.544,0.448
1242.2190572261811,0.528,0.456
1242.2193239331245,0.544,0.4
1242.219590640068,0.528,0.40800000000000003
1242.2198573470116,0.552,0.4
1242.220124053955,0.52,0.40800000000000003
1242.2203907608987,0.536,0.392
1242.220657467842,0.528,0.4
1242.2209241747855,0.536,0.432
1242.2211908817292,0.528,0.448
1242.2214575886726,0.536,0.41600000000000004
1242.2217242956162,0.528,0.40800000000000003
1242.2219910025597,0.504,0.448
1242.222257709503,0.52,0.456
1242.2225244164467,0.496,0.40800000000000003
1242.2227911233902,0.504,0.4
1242.2230578303338,0.544,0.41600000000000004
1242.2233245372772,0.536,0.41600000000000004
1242.2235912442206,0.52,0.44
1242.2238579511643,0.528,0.432
1242.2241246581077,0.544,0.4
1242.2243913650514,0.536,0.392
1242.2246580719948,0.512,0.40800000000000003
1242.2249247789382,0.512,0.392
1242.2251914858819,0.496,0.40800000000000003
1242.2254581928253,0.504,0.4
1242.225724899769,0.536,0.432
1242.2259916067123,0.528,0.40800000000000003
1242.2262583136558,0.536,0.392
1242.2265250205994,0.528,0.392
1242.2267917275428,0.496,0.4
1242.2270584344865,0.496,0.392
1242.22732514143,0.536,0.40800000000000003
1242.2275918483733,0.544,0.4
1242.227858555317,0.52,0.392
1242.2281252622604,0.504,0.392
1242.228391969204,0.536,0.41600000000000004
1242.2286586761475,0.536,0.424
1242.2289253830909,0.552,0.4
1242.2291920900345,0.536,0.4
1242.229458796978,0.544,0.40800000000000003
1242.2297255039216,0.552,0.4
1242.229992210865,0.536,0.432
1242.2302589178084,0.536,0.40800000000000003
1242.230525624752,0.56,0.392
1242.2307923316955,0.536,0.392
1242.2310590386392,0.552,0.40800000000000003
1242.2313257455826,0.56,0.392
1242.231592452526,0.536,0.41600000000000004
1242.2318591594696,0.536,0.424
1242.232125866413,0.56,0.456
1242.2323925733567,0.544,0.424
1242.2326592803001,0.56,0.392
1242.2329259872436,0.536,0.392
1242.2331926941872,0.552,0.40800000000000003
1242.2334594011306,0.544,0.40800000000000003
1242.2337261080743,0.56,0.392
1242.2339928150177,0.544,0.4
1242.2342595219611,0.56,0.392
1242.2345262289048,0.536,0.4
1242.2347929358482,0.552,0.456
1242.2350596427918,0.544,0.456
1242.2353263497353,0.56,0.4
1242.2355930566787,0.56,0.4
1242.2358597636223,0.536,0.392
1242.2361264705658,0.544,0.392
1242.2363931775094,0.56,0.4
1242.2366598844528,0.56,0.392
1242.2369265913962,0.544,0.4
1242.23719329834,0.544,0.392
1242.2374600052833,0.56,0.4
1242.237726712227,0.544,0.392
1242.2379934191704,0.56,0.4
1242.2382601261138,0.552,0.392
1242.2385268330574,0.544,0.4
1242.2387935400009,0.544,0.4
1242.2390602469445,0.552,0.392
1242.239326953888,0.544,0.392
1242.2395936608314,0.56,0.4
1242.239860367775,0.544,0.392
1242.2401270747184,0.56,0.4
1242.240393781662,0.544,0.392
1242.2406604886055,0.56,0.4
1242.240927195549,0.56,0.392
1242.2411939024926,0.536,0.4
1242.241460609436,0.552,0.392
1242.2417273163796,0.528,0.376
1242.241994023323,0.528,0.376
1242.2422607302665,0.552,0.312
1242.2425274372101,0.544,0.304
1242.2427941441535,0.512,0.16
1242.2430608510972,0.52,0.152
1242.2433275580406,0.56,0.048
1242.243594264984,0.544,0.04
1242.2438609719277,0.56,0.008
1242.244127678871,0.56,0.016
1242.2443943858148,0.544,-0.008
1242.2446610927582,0.544,0.0
1242.2449277997016,0.56,-0.008
1242.2451945066452,0.56,0.0
1242.2454612135887,0.544,-0.008
1242.2457279205323,0.544,-0.008
1242.2459946274757,0.56,0.0
1242.2462613344192,0.536,-0.008
1242.2465280413628,0.56,0.0
1242.2467947483062,0.544,-0.008
1242.2470614552499,0.56,0.0
1242.2473281621933,0.544,-0.008
1242.2475948691367,0.56,0.0
1242.2478615760804,0.544,0.0
1242.2481282830238,0.552,-0.008
1242.2483949899674,0.544,-0.008
1242.2486616969109,0.552,0.0
1242.2489284038543,0.544,0.0
1242.249195110798,0.552,-0.016
1242.2494618177413,0.544,-0.008
1242.249728524685,0.56,0.0
1242.2499952316284,0.544,0.0
1242.2502619385718,0.56,-0.008
1242.2505286455155,0.544,0.0
1242.250795352459,0.56,-0.008
1242.2510620594026,0.544,0.0
1242.251328766346,0.56,-0.008
1242.2515954732894,0.544,0.0
1242.251862180233,0.56,-0.008
1242.2521288871765,0.544,-0.008
1242.2523955941201,0.552,0.0
1242.2526623010635,0.544,0.0
1242.252929008007,0.56,-0.008
1242.2531957149506,0.544,0.0
1242.253462421894,0.552,-0.008
1242.2537291288377,0.544,0.0
1242.253995835781,0.56,-0.008
1242.2542625427245,0.544,0.0
1242.2545292496682,0.56,-0.008
1242.2547959566116,0.552,-0.008
1242.2550626635552,0.528,0.0
1242.2553293704987,0.544,0.0
1242.255596077442,0.528,-0.008
1242.2558627843857,0.504,-0.008
1242.2561294913291,0.552,0.0
1242.2563961982728,0.544,0.0
1242.2566629052162,0.56,-0.008
1242.2569296121596,0.544,-0.008
1242.2571963191033,0.56,0.0
1242.2574630260467,0.544,-0.008
1242.2577297329904,0.56,0.0
1242.2579964399338,0.544,0.0
1242.2582631468772,0.56,-0.008
1242.2585298538208,0.544,0.0
1242.2587965607643,0.56,-0.008
1242.259063267708,0.544,0.0
1242.2593299746513,0.56,-0.008
1242.2595966815948,0.544,0.0
1242.2598633885384,0.56,-0.008
1242.2601300954818,0.56,-0.008
1242.2603968024255,0.544,0.0
1242.260663509369,0.56,0.0
1242.2609302163123,0.544,-0.008
1242.261196923256,0.544,-0.008
1242.2614636301994,0.56,0.0
1242.261730337143,0.544,0.0
1242.2619970440865,0.56,-0.016
1242.2622637510299,0.544,-0.008
1242.2625304579735,0.5680000000000001,0.0
1242.262797164917,0.544,0.0
1242.2630638718606,0.56,-0.008
1242.263330578804,0.544,0.0
1242.2635972857474,0.56,-0.016
1242.263863992691,0.544,0.0
1242.2641306996345,0.56,-0.016
1242.2643974065782,0.544,0.0
1242.2646641135216,0.552,-0.016
1242.264930820465,0.544,0.0
1242.2651975274086,0.56,-0.016
1242.265464234352,0.544,-0.016
1242.2657309412957,0.56,0.0
1242.2659976482391,0.544,0.0
1242.2662643551826,0.56,-0.008
1242.2665310621262,0.544,0.0
1242.2667977690696,0.56,-0.008
1242.2670644760133,0.544,-0.008
1242.2673311829567,0.56,0.0
1242.2675978899001,0.544,0.0
1242.2678645968438,0.56,-0.008
1242.2681313037872,0.544,0.0
1242.2683980107308,0.56,-0.008
1242.2686647176743,0.544,-0.008
1242.2689314246177,0.56,0.0
1242.2691981315613,0.544,0.0
1242.2694648385047,0.56,-0.008
1242.2697315454484,0.544,-0.008
1242.2699982523918,0.56,0.0
1242.2702649593352,0.544,0.0
1242.2705316662789,0.56,-0.016
1242.2707983732223,0.544,0.0
1242.271065080166,0.56,-0.008
1242.2713317871094,0.544,-0.008
1242.2715984940528,0.56,0.0
1242.2718652009964,0.544,0.0
1242.2721319079399,0.56,-0.016
1242.2723986148835,0.544,0.0
1242.272665321827,0.56,-0.016
1242.2729320287704,0.528,-0.008
1242.273198735714,0.552,0.0
1242.2734654426574,0.536,0.0
1242.273732149601,0.552,-0.016
1242.2739988565445,0.552,0.0
1242.274265563488,0.528,-0.008
1242.2745322704316,0.544,0.0
1242.274798977375,0.52,-0.016
1242.2750656843186,0.512,0.0
1242.275332391262,0.544,-0.016
1242.2755990982055,0.544,0.0
1242.2758658051491,0.528,-0.016
1242.2761325120925,0.52,0.0
1242.2763992190362,0.504,-0.016
1242.2766659259796,0.504,0.0
1242.276932632923,0.52,-0.016
1242.2771993398667,0.52,0.0
1242.27746604681,0.544,-0.016
1242.2777327537538,0.544,0.0
1242.2779994606972,0.504,-0.016
1242.2782661676406,0.504,0.0
1242.2785328745842,0.536,-0.008
1242.2787995815277,0.528,0.0
1242.2790662884713,0.552,-0.016
1242.2793329954147,0.528,0.0
1242.2795997023582,0.544,-0.016
1242.2798664093018,0.544,-0.016
1242.2801331162452,0.512,0.0
1242.2803998231889,0.504,0.0
1242.2806665301323,0.52,-0.016
1242.2809332370757,0.504,0.0
1242.2811999440194,0.536,-0.016
1242.2814666509628,0.528,0.0
1242.2817333579064,0.552,-0.016
1242.2820000648499,0.544,-0.016
1242.2822667717933,0.528,0.0
1242.282533478737,0.544,-0.016
1242.2828001856803,0.528,0.0
1242.283066892624,0.552,-0.008
1242.2833335995674,0.52,0.0
1242.2836003065108,0.528,0.0
1242.2838670134545,0.544,-0.016
1242.284133720398,0.504,0.0
1242.2844004273416,0.544,-0.016
1242.284667134285,0.544,-0.016
1242.2849338412284,0.56,0.0
1242.285200548172,0.544,0.0
1242.2854672551155,0.552,-0.008
1242.285733962059,0.544,0.0
1242.2860006690025,0.56,-0.008
1242.286267375946,0.544,-0.016
1242.2865340828896,0.56,0.0
1242.286800789833,0.536,-0.008
1242.2870674967767,0.56,0.0
1242.28733420372,0.544,0.0
1242.2876009106635,0.56,-0.016
1242.2878676176072,0.56,-0.016
1242.2881343245506,0.536,0.0
1242.2884010314942,0.544,0.0
1242.2886677384377,0.552,-0.016
1242.288934445381,0.544,-0.008
1242.2892011523247,0.552,0.0
1242.2894678592681,0.544,0.0
1242.2897345662118,0.56,-0.016
1242.2900012731552,0.544,0.0
1242.2902679800986,0.56,-0.016
1242.2905346870423,0.544,0.0
1242.2908013939857,0.56,-0.016
1242.2910681009294,0.544,-0.016
1242.2913348078728,0.56,0.0
1242.2916015148162,0.544,0.0
1242.2918682217598,0.552,-0.016
1242.2921349287033,0.544,0.0
1242.292401635647,0.56,-0.016
1242.2926683425903,0.544,-0.016
1242.2929350495338,0.552,0.0
1242.2932017564774,0.544,0.0
1242.2934684634208,0.52,-0.016
1242.2937351703645,0.504,-0.016
1242.294001877308,0.56,0.0
1242.2942685842513,0.544,0.0
1242.294535291195,0.56,-0.016
1242.2948019981384,0.56,-0.016
1242.295068705082,0.536,0.0
1242.2953354120255,0.544,0.0
1242.2956021189689,0.52,-0.016
1242.2958688259125,0.528,-0.016
1242.296135532856,0.504,0.0
1242.2964022397996,0.52,-0.016
1242.296668946743,0.544,0.0
1242.2969356536864,0.544,0.0
1242.29720236063,0.528,-0.008
1242.2974690675735,0.536,-0.008
1242.2977357745172,0.512,0.0
1242.2980024814606,0.52,0.0
1242.298269188404,0.544,-0.016
1242.2985358953476,0.536,0.0
1242.298802602291,0.504,-0.016
1242.2990693092347,0.512,0.0
1242.2993360161781,0.552,-0.016
1242.2996027231216,0.552,0.0
1242.2998694300652,0.528,-0.016
1242.3001361370086,0.536,0.0
1242.3004028439523,0.544,-0.016
1242.3006695508957,0.544,-0.016
1242.300936257839,0.528,0.0
1242.3012029647828,0.544,0.0
1242.3014696717262,0.528,-0.008
1242.3017363786698,0.528,0.0
1242.3020030856133,0.544,-0.016
1242.3022697925567,0.528,0.0
1242.3025364995003,0.536,-0.016
1242.3028032064437,0.544,-0.016
1242.3030699133874,0.528,0.0
1242.3033366203308,0.536,0.0
1242.3036033272742,0.52,-0.016
1242.3038700342179,0.544,0.0
1242.3041367411613,0.512,-0.016
1242.304403448105,0.504,0.0
1242.3046701550484,0.536,-0.016
1242.3049368619918,0.528,0.0
1242.3052035689354,0.544,-0.016
1242.3054702758789,0.528,0.0
1242.3057369828225,0.536,-0.016
1242.306003689766,0.544,-0.016
1242.3062703967094,0.512,0.0
1242.306537103653,0.504,0.0
1242.3068038105964,0.536,-0.016
1242.30707051754,0.544,0.0
1242.3073372244835,0.52,-0.016
1242.307603931427,0.528,0.0
1242.3078706383706,0.544,-0.016
1242.308137345314,0.528,-0.008
1242.3084040522576,0.544,0.0
1242.308670759201,0.544,-0.008
1242.3089374661445,0.52,0.024
1242.3092041730881,0.528,0.024
1242.3094708800315,0.544,0.14400000000000002
1242.3097375869752,0.536,0.16
1242.3100042939186,0.512,0.296
1242.310271000862,0.512,0.304
1242.3105377078057,0.552,0.36
1242.310804414749,0.544,0.368
1242.3110711216927,0.56,0.384
1242.3113378286362,0.536,0.384
1242.3116045355796,0.552,0.392
1242.3118712425232,0.536,0.4
1242.3121379494667,0.56,0.392
1242.3124046564103,0.552,0.392
1242.3126713633537,0.536,0.40800000000000003
1242.3129380702972,0.544,0.40800000000000003
1242.3132047772408,0.56,0.456
1242.3134714841842,0.544,0.448
1242.3137381911279,0.552,0.4
1242.3140048980713,0.544,0.392
1242.3142716050147,0.56,0.432
1242.3145383119584,0.56,0.432
1242.3148050189018,0.544,0.4
1242.3150717258454,0.552,0.40800000000000003
1242.3153384327888,0.536,0.4
1242.3156051397323,0.56,0.4
1242.315871846676,0.528,0.40800000000000003
1242.3161385536193,0.528,0.392
1242.316405260563,0.544,0.40800000000000003
1242.3166719675064,0.528,0.392
1242.3169386744498,0.552,0.40800000000000003
1242.3172053813935,0.544,0.4
1242.317472088337,0.52,0.432
1242.3177387952805,0.504,0.41600000000000004
1242.318005502224,0.536,0.392
1242.3182722091674,0.544,0.392
1242.318538916111,0.528,0.4
1242.3188056230545,0.544,0.392
1242.319072329998,0.504,0.4
1242.3193390369415,0.504,0.392
1242.319605743885,0.56,0.4
1242.3198724508286,0.56,0.392
1242.320139157772,0.544,0.4
1242.3204058647157,0.536,0.4
1242.320672571659,0.56,0.392
1242.3209392786025,0.552,0.392
1242.3212059855462,0.536,0.4
1242.3214726924896,0.536,0.392
1242.3217393994332,0.56,0.4
1242.3220061063766,0.544,0.4
1242.32227281332,0.56,0.392
1242.3225395202637,0.536,0.392
1242.3228062272071,0.56,0.4
1242.3230729341508,0.544,0.392
1242.3233396410942,0.56,0.392
1242.3236063480376,0.544,0.4
1242.3238730549813,0.56,0.384
1242.3241397619247,0.544,0.392
1242.3244064688683,0.56,0.4
1242.3246731758118,0.544,0.392
1242.3249398827552,0.56,0.4
1242.3252065896988,0.544,0.392
1242.3254732966423,0.56,0.4
1242.325740003586,0.544,0.392
1242.3260067105293,0.56,0.392
1242.3262734174727,0.536,0.392
1242.3265401244164,0.56,0.4
1242.3268068313598,0.544,0.392
1242.3270735383035,0.56,0.392
1242.327340245247,0.544,0.392
1242.3276069521903,0.56,0.40800000000000003
1242.327873659134,0.544,0.4
1242.3281403660774,0.56,0.40800000000000003
1242.328407073021,0.544,0.4
1242.3286737799644,0.56,0.40800000000000003
1242.3289404869079,0.552,0.40800000000000003
1242.3292071938515,0.544,0.392
1242.329473900795,0.544,0.4
1242.3297406077386,0.56,0.392
1242.330007314682,0.544,0.4
1242.3302740216254,0.56,0.44
1242.330540728569,0.544,0.424
1242.3308074355125,0.56,0.4
1242.3310741424561,0.544,0.4
1242.3313408493996,0.56,0.392
1242.331607556343,0.544,0.392
1242.3318742632866,0.56,0.392
1242.33214097023,0.544,0.392
1242.3324076771737,0.552,0.4
1242.3326743841171,0.544,0.392
1242.3329410910605,0.56,0.4
1242.3332077980042,0.544,0.392
1242.3334745049476,0.56,0.4
1242.3337412118913,0.544,0.4
1242.3340079188347,0.56,0.392
1242.334274625778,0.544,0.392
1242.3345413327218,0.552,0.4
1242.3348080396652,0.544,0.392
1242.3350747466088,0.56,0.4
1242.3353414535522,0.544,0.392
1242.3356081604957,0.56,0.4
1242.3358748674393,0.544,0.392
1242.3361415743827,0.56,0.4
1242.3364082813264,0.544,0.392
1242.3366749882698,0.56,0.392
1242.3369416952132,0.544,0.392
1242.3372084021569,0.56,0.392
1242.3374751091003,0.544,0.392
1242.337741816044,0.56,0.392
1242.3380085229874,0.544,0.392
1242.3382752299308,0.56,0.4
1242.3385419368744,0.56,0.392
1242.3388086438179,0.544,0.392
1242.3390753507615,0.56,0.392
1242.339342057705,0.536,0.392
1242.3396087646483,0.552,0.392
1242.339875471592,0.528,0.4
1242.3401421785354,0.536,0.392
1242.340408885479,0.52,0.4
1242.3406755924225,0.504,0.392
1242.340942299366,0.536,0.392
1242.3412090063096,0.544,0.392
1242.341475713253,0.528,0.4
1242.3417424201966,0.552,0.392
1242.34200912714,0.528,0.392
1242.3422758340835,0.544,0.392
1242.3425425410271,0.528,0.4
1242.3428092479705,0.544,0.392
1242.3430759549142,0.528,0.4
1242.3433426618576,0.544,0.4
1242.343609368801,0.512,0.392
1242.3438760757447,0.504,0.4
1242.344142782688,0.536,0.392
1242.3444094896317,0.528,0.4
1242.3446761965752,0.544,0.392
1242.3449429035186,0.536,0.4
1242.3452096104622,0.504,0.384
1242.3454763174057,0.504,0.392
1242.3457430243493,0.536,0.4
1242.3460097312927,0.552,0.392
1242.3462764382361,0.528,0.4
1242.3465431451798,0.52,0.392
1242.3468098521232,0.544,0.4
1242.3470765590669,0.536,0.392
1242.3473432660103,0.512,0.4
1242.3476099729537,0.512,0.392
1242.3478766798974,0.552,0.4
1242.3481433868408,0.536,0.392
1242.3484100937844,0.504,0.4
1242.3486768007278,0.528,0.392
1242.3489435076713,0.504,0.4
1242.349210214615,0.504,0.40800000000000003
1242.3494769215583,0.544,0.392
1242.349743628502,0.528,0.4
1242.3500103354454,0.544,0.392
1242.3502770423888,0.528,0.4
1242.3505437493325,0.544,0.392
1242.350810456276,0.536,0.392
1242.3510771632195,0.552,0.40800000000000003
1242.351343870163,0.552,0.392
1242.3516105771064,0.52,0.40800000000000003
1242.35187728405,0.528,0.392
1242.3521439909935,0.544,0.40800000000000003
1242.352410697937,0.528,0.392
1242.3526774048805,0.504,0.40800000000000003
1242.352944111824,0.512,0.392
1242.3532108187676,0.544,0.40800000000000003
1242.353477525711,0.544,0.41600000000000004
1242.3537442326547,0.528,0.4
1242.354010939598,0.544,0.4
1242.3542776465415,0.52,0.392
1242.3545443534852,0.504,0.4
1242.3548110604286,0.544,0.40800000000000003
1242.3550777673722,0.528,0.40800000000000003
1242.3553444743156,0.544,0.392
1242.355611181259,0.544,0.392
1242.3558778882027,0.512,0.40800000000000003
1242.3561445951461,0.512,0.40800000000000003
1242.3564113020898,0.536,0.392
1242.361691236496,0.504,-0.016
1242.3619388685624,0.536,0.0
1242.3621865006287,0.528,-0.016
1242.3624341326952,0.544,0.0
1242.3626817647616,0.544,-0.016
1242.3629293968281,0.528,-0.008
1242.3631770288944,0.528,-0.016
1242.3634246609608,0.544,0.0
1242.3636722930273,0.528,-0.016
1242.3639199250936,0.552,0.0
1242.36416755716,0.544,-0.008
1242.3644151892265,0.528,-0.016
1242.3646628212928,0.536,0.0
1242.3649104533592,0.512,-0.016
1242.3651580854257,0.528,-0.016
1242.3654057174922,0.512,0.0
1242.3656533495584,0.504,-0.016
1242.365900981625,0.544,0.0
1242.3661486136914,0.544,-0.016
1242.3663962457576,0.528,0.0
1242.3666438778241,0.544,-0.008
1242.3668915098906,0.512,0.024
1242.367139141957,0.52,0.016
1242.3673867740233,0.552,0.12
1242.3676344060898,0.552,0.128
1242.3678820381563,0.536,0.28
1242.3681296702225,0.544,0.28800000000000003
1242.368377302289,0.552,0.376
1242.3686249343555,0.56,0.384
1242.3688725664217,0.536,0.432
1242.3691201984882,0.56,0.44
1242.3693678305547,0.536,0.4
1242.3696154626211,0.56,0.40800000000000003
1242.3698630946874,0.544,0.392
1242.3701107267539,0.544,0.392
1242.3703583588203,0.56,0.40800000000000003
1242.3706059908866,0.544,0.4
1242.370853622953,0.552,0.424
1242.3711012550195,0.552,0.44
1242.371348887086,0.536,0.40800000000000003
1242.3715965191523,0.544,0.4
1242.3718441512187,0.552,0.424
1242.3720917832852,0.544,0.448
1242.3723394153515,0.56,0.41600000000000004
1242.372587047418,0.544,0.40800000000000003
1242.3728346794844,0.56,0.4
1242.373082311551,0.544,0.4
1242.3733299436171,0.56,0.40800000000000003
1242.3735775756836,0.56,0.4
1242.37382520775,0.536,0.40800000000000003
1242.3740728398163,0.544,0.41600000000000004
1242.3743204718828,0.56,0.4
1242.3745681039493,0.544,0.4
1242.3748157360155,0.552,0.40800000000000003
1242.375063368082,0.544,0.4
1242.3753110001485,0.56,0.40800000000000003
1242.375558632215,0.56,0.4
1242.3758062642812,0.544,0.41600000000000004
1242.3760538963477,0.544,0.4
1242.3763015284142,0.56,0.44
1242.3765491604804,0.56,0.456
1242.3767967925469,0.544,0.41600000000000004
1242.3770444246134,0.56,0.40800000000000003
1242.3772920566798,0.544,0.4
1242.377539688746,0.544,0.40800000000000003
1242.3777873208126,0.56,0.392
1242.378034952879,0.544,0.4
1242.3782825849453,0.56,0.392
1242.3785302170118,0.536,0.392
1242.3787778490782,0.56,0.40800000000000003
1242.3790254811445,0.544,0.392
1242.379273113211,0.56,0.4
1242.3795207452774,0.552,0.392
1242.379768377344,0.528,0.4
1242.3800160094102,0.536,0.392
1242.3802636414766,0.552,0.40800000000000003
1242.380511273543,0.536,0.4
1242.3807589056094,0.528,0.44
1242.3810065376758,0.512,0.448
1242.3812541697423,0.552,0.40800000000000003
1242.3815018018088,0.544,0.41600000000000004
1242.381749433875,0.56,0.4
1242.3819970659415,0.544,0.40800000000000003
1242.382244698008,0.56,0.448
1242.3824923300742,0.544,0.424
1242.3827399621407,0.56,0.4
1242.3829875942072,0.544,0.4
1242.3832352262734,0.56,0.448
1242.38348285834,0.552,0.456
1242.3837304904064,0.536,0.40800000000000003
1242.3839781224729,0.544,0.41600000000000004
1242.384225754539,0.56,0.4
1242.3844733866056,0.544,0.4
1242.384721018672,0.56,0.40800000000000003
1242.3849686507383,0.544,0.4
1242.3852162828048,0.56,0.41600000000000004
1242.3854639148713,0.544,0.40800000000000003
1242.3857115469377,0.56,0.448
1242.385959179004,0.544,0.456
1242.3862068110705,0.552,0.40800000000000003
1242.386454443137,0.544,0.4
1242.3867020752032,0.56,0.41600000000000004
1242.3869497072697,0.544,0.4
1242.3871973393361,0.56,0.40800000000000003
1242.3874449714024,0.544,0.4
1242.3876926034688,0.56,0.41600000000000004
1242.3879402355353,0.544,0.40800000000000003
1242.3881878676018,0.56,0.464
1242.388435499668,0.56,0.44
1242.3886831317345,0.536,0.40800000000000003
1242.388930763801,0.544,0.4
1242.3891783958672,0.56,0.41600000000000004
1242.3894260279337,0.544,0.40800000000000003
1242.3896736600002,0.56,0.424
1242.3899212920667,0.544,0.40800000000000003
1242.390168924133,0.56,0.448
1242.3904165561994,0.544,0.448
1242.3906641882659,0.56,0.40800000000000003
1242.3909118203321,0.544,0.4
1242.3911594523986,0.56,0.424
1242.391407084465,0.544,0.424
1242.3916547165315,0.56,0.456
1242.3919023485978,0.544,0.448
1242.3921499806643,0.56,0.4
1242.3923976127307,0.544,0.40800000000000003
1242.392645244797,0.56,0.392
1242.3928928768635,0.544,0.4
1242.39314050893,0.56,0.392
1242.3933881409962,0.544,0.392
1242.3936357730627,0.56,0.40800000000000003
1242.3938834051291,0.544,0.4
1242.3941310371956,0.56,0.392
1242.3943786692619,0.56,0.392
1242.3946263013283,0.544,0.4
1242.3948739333948,0.544,0.392
1242.395121565461,0.56,0.4
1242.3953691975275,0.56,0.392
1242.395616829594,0.544,0.4
1242.3958644616605,0.544,0.4
1242.3961120937267,0.552,0.41600000000000004
1242.3963597257932,0.552,0.40800000000000003
1242.3966073578597,0.544,0.44
1242.396854989926,0.544,0.40800000000000003
1242.3971026219924,0.56,0.424
1242.397350254059,0.544,0.4
1242.3975978861251,0.56,0.44
1242.3978455181916,0.544,0.44
1242.398093150258,0.56,0.4
1242.3983407823246,0.536,0.40800000000000003
1242.3985884143908,0.56,0.392
1242.3988360464573,0.544,0.4
1242.3990836785238,0.56,0.424
1242.39933131059,0.56,0.448
1242.3995789426565,0.544,0.41600000000000004
1242.399826574723,0.544,0.41600000000000004
1242.4000742067894,0.56,0.4
1242.4003218388557,0.544,0.4
1242.4005694709222,0.56,0.432
1242.4008171029886,0.544,0.424
1242.401064735055,0.56,0.456
1242.4013123671214,0.544,0.456
1242.4015599991878,0.56,0.40800000000000003
1242.401807631254,0.544,0.432
1242.4020552633206,0.56,0.4
1242.402302895387,0.56,0.4
1242.4025505274535,0.544,0.41600000000000004
1242.4027981595198,0.544,0.41600000000000004
1242.4030457915862,0.56,0.4
1242.4032934236527,0.544,0.40800000000000003
1242.403541055719,0.5680000000000001,0.44
1242.4037886877854,0.544,0.41600000000000004
1242.404036319852,0.56,0.4
1242.4042839519184,0.544,0.4
1242.4045315839846,0.56,0.44
1242.404779216051,0.544,0.44
1242.4050268481176,0.56,0.464
1242.4052744801838,0.544,0.47200000000000003
1242.4055221122503,0.56,0.424
1242.4057697443168,0.544,0.41600000000000004
1242.406017376383,0.56,0.40800000000000003
1242.4062650084495,0.544,0.4
1242.406512640516,0.56,0.40800000000000003
1242.4067602725825,0.544,0.4
1242.4070079046487,0.56,0.40800000000000003
1242.4072555367152,0.544,0.4
1242.4075031687817,0.56,0.40800000000000003
1242.407750800848,0.544,0.4
1242.4079984329144,0.56,0.41600000000000004
1242.4082460649809,0.544,0.44
1242.4084936970473,0.56,0.40800000000000003
1242.4087413291136,0.56,0.40800000000000003
1242.40898896118,0.536,0.392
1242.4092365932465,0.544,0.392
1242.4094842253128,0.56,0.40800000000000003
1242.4097318573793,0.56,0.392
1242.4099794894457,0.544,0.40800000000000003
1242.4102271215122,0.544,0.392
1242.4104747535785,0.56,0.40800000000000003
1242.410722385645,0.544,0.40800000000000003
1242.4109700177114,0.56,0.392
1242.4112176497777,0.56,0.392
1242.4114652818441,0.544,0.40800000000000003
1242.4117129139106,0.544,0.392
1242.4119605459769,0.56,0.4
1242.4122081780433,0.544,0.392
1242.4124558101098,0.56,0.4
1242.4127034421763,0.544,0.4
1242.4129510742425,0.56,0.392
1242.413198706309,0.552,0.40800000000000003
1242.4134463383755,0.536,0.392
1242.4136939704417,0.544,0.40800000000000003
1242.4139416025082,0.56,0.392
1242.4141892345747,0.552,0.392
1242.4144368666412,0.536,0.4
1242.4146844987074,0.536,0.392
1242.4149321307739,0.552,0.40800000000000003
1242.4151797628404,0.536,0.392
1242.4154273949066,0.552,0.40800000000000003
1242.415675026973,0.552,0.392
1242.4159226590396,0.528,0.40800000000000003
1242.4161702911058,0.544,0.392
1242.4164179231723,0.512,0.40800000000000003
1242.4166655552388,0.504,0.40800000000000003
1242.4169131873052,0.52,0.44
1242.4171608193715,0.52,0.44
1242.417408451438,0.552,0.40800000000000003
1242.4176560835044,0.536,0.40800000000000003
1242.4179037155707,0.512,0.432
1242.4181513476371,0.504,0.44
1242.4183989797036,0.544,0.4
1242.41864661177,0.544,0.41600000000000004
1242.4188942438363,0.528,0.392
1242.4191418759028,0.52,0.392
1242.4193895079693,0.552,0.40800000000000003
1242.4196371400355,0.528,0.392
1242.419884772102,0.544,0.4
1242.4201324041685,0.536,0.4
1242.4203800362347,0.544,0.392
1242.4206276683012,0.528,0.392
1242.4208753003677,0.544,0.4
1242.4211229324342,0.528,0.392
1242.4213705645004,0.544,0.40800000000000003
1242.421618196567,0.544,0.392
1242.4218658286334,0.528,0.40800000000000003
1242.4221134606996,0.552,0.40800000000000003
1242.422361092766,0.528,0.392
1242.4226087248326,0.544,0.392
1242.422856356899,0.528,0.40800000000000003
1242.4231039889653,0.536,0.40800000000000003
1242.4233516210318,0.504,0.392
1242.4235992530982,0.544,0.392
1242.4238468851645,0.528,0.40800000000000003
1242.424094517231,0.528,0.4
1242.4243421492974,0.544,0.392
1242.4245897813637,0.528,0.392
1242.4248374134302,0.544,0.40800000000000003
1242.4250850454966,0.528,0.392
1242.4253326775631,0.544,0.4
1242.4255803096294,0.544,0.392
1242.4258279416958,0.528,0.40800000000000003
1242.4260755737623,0.536,0.40800000000000003
1242.4263232058286,0.52,0.392
1242.426570837895,0.528,0.392
1242.4268184699615,0.504,0.40800000000000003
1242.427066102028,0.528,0.40800000000000003
1242.4273137340942,0.536,0.392
1242.4275613661607,0.536,0.4
1242.4278089982272,0.504,0.392
1242.4280566302934,0.52,0.4
1242.42830426236,0.496,0.384
1242.4285518944264,0.504,0.384
1242.4287995264929,0.512,0.328
1242.4290471585591,0.496,0.32
1242.4292947906256,0.536,0.184
1242.429542422692,0.52,0.168
1242.4297900547583,0.544,0.056
1242.4300376868248,0.544,0.048
1242.4302853188913,0.52,0.008
1242.4305329509575,0.544,0.008
1242.430780583024,0.496,-0.008
1242.4310282150905,0.496,-0.008
1242.431275847157,0.544,0.0
1242.4315234792232,0.536,0.0
1242.4317711112897,0.552,-0.008
1242.4320187433561,0.536,0.0
1242.4322663754224,0.552,-0.016
1242.4325140074889,0.536,0.0
1242.4327616395553,0.552,-0.016
1242.4330092716218,0.536,0.0
1242.433256903688,0.56,-0.016
1242.4335045357545,0.544,0.0
1242.433752167821,0.552,-0.016
1242.4339997998873,0.544,-0.016
1242.4342474319537,0.56,0.0
1242.4344950640202,0.552,0.0
1242.4347426960865,0.536,-0.016
1242.434990328153,0.544,-0.016
1242.4352379602194,0.56,0.0
1242.4354855922859,0.552,0.0
1242.4357332243521,0.536,-0.016
1242.4359808564186,0.552,0.0
1242.436228488485,0.536,-0.016
1242.4364761205513,0.552,-0.016
1242.4367237526178,0.536,0.0
1242.4369713846843,0.544,-0.016
1242.4372190167508,0.528,0.0
1242.437466648817,0.528,0.0
1242.4377142808835,0.552,-0.016
1242.43796191295,0.528,-0.016
1242.4382095450162,0.552,0.0
1242.4384571770827,0.544,0.0
1242.4387048091492,0.528,-0.016
1242.4389524412154,0.528,0.0
1242.4392000732819,0.544,-0.016
1242.4394477053484,0.528,-0.016
1242.4396953374148,0.552,0.0
1242.439942969481,0.528,-0.016
1242.4401906015476,0.544,0.0
1242.440438233614,0.528,0.0
1242.4406858656803,0.544,-0.016
1242.4409334977468,0.528,0.0
1242.4411811298132,0.544,-0.016
1242.4414287618797,0.528,0.0
1242.441676393946,0.504,-0.016
1242.4419240260124,0.504,-0.016
1242.442171658079,0.536,0.0
1242.4424192901452,0.544,0.0
1242.4426669222116,0.528,-0.016
1242.442914554278,0.536,0.0
1242.4431621863444,0.52,-0.016
1242.4434098184108,0.528,0.0
1242.4436574504773,0.552,-0.016
1242.4439050825438,0.528,0.0
1242.44415271461,0.544,-0.016
1242.4444003466765,0.544,0.0
1242.444647978743,0.52,-0.016
1242.4448956108092,0.544,0.0
1242.4451432428757,0.52,-0.016
1242.4453908749422,0.528,-0.016
1242.4456385070087,0.544,0.0
1242.445886139075,0.528,0.0
1242.4461337711414,0.544,-0.016
1242.4463814032079,0.544,-0.016
1242.446629035274,0.528,0.0
1242.4468766673406,0.536,0.0
1242.447124299407,0.544,-0.016
1242.4473719314735,0.544,-0.016
1242.4476195635398,0.52,0.0
1242.4478671956062,0.544,-0.016
1242.4481148276727,0.496,0.0
1242.448362459739,0.512,0.0
1242.4486100918054,0.536,-0.016
1242.448857723872,0.536,-0.016
1242.4491053559382,0.504,0.0
1242.4493529880046,0.496,-0.008
1242.4496006200711,0.52,-0.016
1242.4498482521376,0.512,-0.016
1242.4500958842038,0.544,0.0
1242.4503435162703,0.544,-0.016
1242.4505911483368,0.528,0.0
1242.450838780403,0.52,-0.016
1242.4510864124695,0.544,0.0
1242.451334044536,0.536,-0.016
1242.4515816766025,0.504,0.0
1242.4518293086687,0.504,0.0
1242.4520769407352,0.528,-0.016
1242.4523245728017,0.52,-0.016
1242.452572204868,0.544,0.0
1242.4528198369344,0.552,-0.016
1242.4530674690009,0.52,0.0
1242.4533151010671,0.536,-0.016
1242.4535627331336,0.52,0.0
1242.4538103652,0.528,0.0
1242.4540579972665,0.536,-0.016
1242.4543056293328,0.528,-0.016
1242.4545532613993,0.512,0.0
1242.4548008934657,0.512,-0.016
1242.455048525532,0.528,0.0
1242.4552961575985,0.528,-0.016
1242.455543789665,0.544,0.0
1242.4557914217314,0.528,-0.016
1242.4560390537977,0.504,0.0
1242.4562866858641,0.528,-0.016
1242.4565343179306,0.536,-0.008
1242.4567819499969,0.536,-0.016
1242.4570295820633,0.52,0.0
1242.4572772141298,0.536,-0.016
1242.457524846196,0.512,-0.008
1242.4577724782625,0.52,-0.016
1242.458020110329,0.544,0.0
1242.4582677423955,0.528,-0.016
1242.4585153744617,0.544,0.0
1242.4587630065282,0.528,0.0
1242.4590106385947,0.544,-0.016
1242.459258270661,0.544,-0.016
1242.4595059027274,0.52,0.0
1242.459753534794,0.528,0.0
1242.4600011668604,0.504,-0.016
1242.4602487989266,0.528,-0.016
1242.460496430993,0.544,-0.008
1242.4607440630596,0.528,-0.016
1242.4609916951258,0.544,0.0
1242.4612393271923,0.536,-0.016
1242.4614869592588,0.504,0.0
1242.461734591325,0.504,0.0
1242.4619822233915,0.552,-0.016
1242.462229855458,0.552,-0.016
1242.4624774875244,0.536,0.0
1242.4627251195907,0.536,0.0
1242.4629727516572,0.56,-0.016
1242.4632203837236,0.544,-0.016
1242.4634680157899,0.552,0.0
1242.4637156478564,0.56,-0.016
1242.4639632799228,0.536,0.0
1242.4642109119893,0.536,-0.008
1242.4644585440556,0.552,-0.016
1242.464706176122,0.56,-0.016
1242.4649538081885,0.536,0.0
1242.4652014402548,0.536,-0.016
1242.4654490723212,0.552,0.0
1242.4656967043877,0.544,-0.016
1242.4659443364542,0.56,0.0
1242.4661919685204,0.536,-0.008
1242.466439600587,0.56,-0.016
1242.4666872326534,0.544,-0.016
1242.4669348647196,0.56,-0.008
1242.467182496786,0.56,-0.016
1242.4674301288526,0.536,-0.008
1242.4676777609188,0.536,-0.016
1242.4679253929853,0.552,0.0
1242.4681730250518,0.56,-0.008
1242.4684206571183,0.544,-0.016
1242.4686682891845,0.536,-0.016
1242.468915921251,0.56,0.0
1242.4691635533175,0.536,-0.016
1242.4694111853837,0.56,0.0
1242.4696588174502,0.544,-0.008
1242.4699064495167,0.56,-0.016
1242.4701540815831,0.544,-0.016
1242.4704017136494,0.56,-0.008
1242.4706493457159,0.56,0.0
1242.4708969777823,0.544,-0.016
1242.4711446098486,0.56,0.0
1242.471392241915,0.544,-0.016
1242.4716398739815,0.544,-0.016
1242.4718875060478,0.56,0.0
1242.4721351381143,0.544,0.0
1242.4723827701807,0.56,-0.016
1242.4726304022472,0.544,-0.016
1242.4728780343135,0.56,0.0
1242.47312566638,0.544,-0.008
1242.4733732984464,0.56,-0.016
1242.4736209305127,0.544,-0.016
1242.4738685625791,0.56,0.0
1242.4741161946456,0.552,0.0
1242.474363826712,0.536,-0.016
1242.4746114587783,0.544,-0.016
1242.4748590908448,0.552,0.0
1242.4751067229113,0.552,-0.008
1242.4753543549775,0.544,-0.016
1242.475601987044,0.544,-0.016
1242.4758496191105,0.56,0.0
1242.4760972511767,0.544,-0.016
1242.4763448832432,0.56,0.0
1242.4765925153097,0.544,0.0
1242.4768401473762,0.56,-0.016
1242.4770877794424,0.544,-0.016
1242.4773354115089,0.56,0.0
1242.4775830435754,0.544,-0.016
1242.4778306756416,0.56,0.0
1242.478078307708,0.544,-0.016
1242.4783259397745,0.552,-0.008
1242.478573571841,0.544,-0.016
1242.4788212039073,0.56,0.0
1242.4790688359737,0.544,-0.016
1242.4793164680402,0.56,0.0
1242.4795641001065,0.544,0.0
1242.479811732173,0.56,-0.016
1242.4800593642394,0.544,-0.016
1242.4803069963057,0.56,0.0
1242.4805546283721,0.544,0.0
1242.4808022604386,0.56,-0.016
1242.481049892505,0.544,-0.016
1242.4812975245713,0.56,-0.008
1242.4815451566378,0.544,0.0
1242.4817927887043,0.56,-0.016
1242.4820404207705,0.544,0.0
1242.482288052837,0.56,-0.016
1242.4825356849035,0.56,-0.016
1242.48278331697,0.536,-0.008
1242.4830309490362,0.56,-0.008
1242.4832785811027,0.544,-0.016
1242.4835262131692,0.544,-0.016
1242.4837738452354,0.56,-0.008
1242.484021477302,0.544,-0.016
1242.4842691093684,0.56,0.0
1242.4845167414348,0.544,-0.016
1242.484764373501,0.56,-0.008
1242.4850120055676,0.544,-0.016
1242.485259637634,0.56,0.0
1242.4855072697003,0.544,0.0
1242.4857549017668,0.56,-0.016
1242.4860025338332,0.544,-0.008
1242.4862501658995,0.56,-0.016
1242.486497797966,0.56,-0.016
1242.4867454300324,0.544,0.0
1242.486993062099,0.544,0.0
1242.4872406941652,0.56,-0.016
1242.4874883262316,0.544,-0.016
1242.4877359582981,0.56,0.0
1242.4879835903644,0.544,-0.016
1242.4882312224308,0.56,0.0
1242.4884788544973,0.544,-0.016
1242.4887264865638,0.56,0.0
1242.48897411863,0.544,-0.016
1242.4892217506965,0.56,0.0
1242.489469382763,0.544,-0.016
1242.4897170148292,0.56,0.0
1242.4899646468957,0.544,-0.016
1242.4902122789622,0.56,0.0
1242.4904599110284,0.544,-0.008
1242.490707543095,0.56,0.016
1242.4909551751614,0.544,0.024
1242.4912028072279,0.56,0.136
1242.491450439294,0.544,0.136
1242.4916980713606,0.56,0.28
1242.491945703427,0.56,0.28800000000000003
1242.4921933354933,0.544,0.368
1242.4924409675598,0.56,0.368
1242.4926885996263,0.536,0.424
1242.4929362316927,0.544,0.424
1242.493183863759,0.56,0.392
1242.4934314958255,0.544,0.392
1242.493679127892,0.56,0.40800000000000003
1242.4939267599582,0.544,0.392
1242.4941743920247,0.56,0.40800000000000003
1242.4944220240911,0.544,0.392
1242.4946696561574,0.56,0.4
1242.4949172882239,0.544,0.4
1242.4951649202903,0.56,0.392
1242.4954125523568,0.544,0.392
1242.495660184423,0.56,0.4
1242.4959078164895,0.56,0.40800000000000003
1242.496155448556,0.544,0.392
1242.4964030806223,0.544,0.40800000000000003
1242.4966507126887,0.56,0.392
1242.4968983447552,0.544,0.392
1242.4971459768217,0.56,0.4
1242.497393608888,0.544,0.392
1242.4976412409544,0.56,0.40800000000000003
1242.4978888730209,0.56,0.392
1242.4981365050871,0.536,0.4
1242.4983841371536,0.544,0.392
1242.49863176922,0.52,0.4
1242.4988794012863,0.552,0.392
1242.4991270333528,0.536,0.4
1242.4993746654193,0.536,0.40800000000000003
1242.4996222974858,0.504,0.392
1242.499869929552,0.504,0.40800000000000003
1242.5001175616185,0.544,0.392
1242.500365193685,0.536,0.392
1242.5006128257512,0.544,0.40800000000000003
1242.5008604578177,0.544,0.40800000000000003
1242.5011080898842,0.536,0.392
1242.5013557219506,0.528,0.392
1242.5016033540169,0.544,0.40800000000000003
1242.5018509860834,0.528,0.392
1242.5020986181498,0.544,0.40800000000000003
1242.502346250216,0.544,0.392
1242.5025938822826,0.504,0.40800000000000003
1242.502841514349,0.52,0.392
1242.5030891464155,0.544,0.4
1242.5033367784818,0.544,0.392
1242.5035844105482,0.52,0.40800000000000003
1242.5038320426147,0.528,0.392
1242.504079674681,0.504,0.40800000000000003
1242.5043273067474,0.512,0.40800000000000003
1242.504574938814,0.56,0.392
1242.5048225708802,0.544,0.392
1242.5050702029466,0.56,0.40800000000000003
1242.505317835013,0.552,0.392
1242.5055654670796,0.536,0.40800000000000003
1242.5058130991458,0.544,0.392
1242.5060607312123,0.56,0.40800000000000003
1242.5063083632788,0.544,0.392
1242.506555995345,0.56,0.40800000000000003
1242.5068036274115,0.544,0.392
1242.507051259478,0.56,0.40800000000000003
1242.5072988915445,0.552,0.392
1242.5075465236107,0.536,0.4
1242.5077941556772,0.544,0.392
1242.5080417877437,0.56,0.4
1242.50828941981,0.544,0.4
1242.5085370518764,0.56,0.392
1242.5087846839428,0.544,0.392
1242.509032316009,0.56,0.40800000000000003
1242.5092799480756,0.552,0.392
1242.509527580142,0.536,0.40800000000000003
1242.5097752122085,0.536,0.392
1242.5100228442748,0.544,0.4
1242.5102704763412,0.544,0.392
1242.5105181084077,0.52,0.4
1242.510765740474,0.512,0.392
1242.5110133725404,0.536,0.40800000000000003
1242.511261004607,0.528,0.40800000000000003
1242.5115086366734,0.544,0.392
1242.5117562687396,0.528,0.392
1242.5120039008061,0.552,0.4
1242.5122515328726,0.544,0.392
1242.5124991649388,0.528,0.40800000000000003
1242.5127467970053,0.528,0.392
1242.5129944290718,0.544,0.4
1242.513242061138,0.504,0.392
1242.5134896932045,0.552,0.40800000000000003
1242.513737325271,0.544,0.392
1242.5139849573375,0.56,0.40800000000000003
1242.5142325894037,0.544,0.392
1242.5144802214702,0.552,0.4
1242.5147278535367,0.56,0.392
1242.514975485603,0.544,0.40800000000000003
1242.5152231176694,0.544,0.392
1242.5154707497359,0.552,0.4
1242.5157183818023,0.56,0.392
1242.5159660138686,0.536,0.4
1242.516213645935,0.544,0.392
1242.5164612780015,0.512,0.4
1242.5167089100678,0.504,0.392
1242.5169565421343,0.552,0.4
1242.5172041742007,0.552,0.392
1242.517451806267,0.536,0.4
1242.5176994383335,0.544,0.392
1242.5179470704,0.552,0.4
1242.5181947024664,0.552,0.392
1242.5184423345327,0.536,0.4
1242.5186899665991,0.544,0.392
1242.5189375986656,0.56,0.40800000000000003
1242.5191852307319,0.544,0.392
1242.5194328627983,0.56,0.40800000000000003
1242.5196804948648,0.56,0.392
1242.5199281269313,0.544,0.40800000000000003
1242.5201757589975,0.544,0.392
1242.520423391064,0.56,0.40800000000000003
1242.5206710231305,0.544,0.392
1242.5209186551967,0.56,0.40800000000000003
1242.5211662872632,0.56,0.392
1242.5214139193297,0.536,0.4
1242.5216615513962,0.552,0.392
1242.5219091834624,0.536,0.40800000000000003
1242.522156815529,0.544,0.392
1242.5224044475954,0.52,0.40800000000000003
1242.5226520796616,0.512,0.40800000000000003
1242.522899711728,0.56,0.392
1242.5231473437946,0.56,0.4
1242.5233949758608,0.536,0.432
1242.5236426079273,0.536,0.44
1242.5238902399938,0.552,0.40800000000000003
1242.5241378720602,0.528,0.41600000000000004
1242.5243855041265,0.544,0.4
1242.524633136193,0.544,0.4
1242.5248807682594,0.528,0.41600000000000004
1242.5251284003257,0.528,0.4
1242.5253760323922,0.544,0.456
1242.5256236644586,0.528,0.464
1242.525871296525,0.544,0.424
1242.5261189285914,0.552,0.456
1242.5263665606578,0.52,0.40800000000000003
1242.5266141927243,0.52,0.41600000000000004
1242.5268618247906,0.504,0.392
1242.527109456857,0.512,0.392
1242.5273570889235,0.536,0.41600000000000004
1242.5276047209898,0.528,0.4
1242.5278523530562,0.544,0.41600000000000004
1242.5280999851227,0.528,0.448
1242.5283476171892,0.544,0.4
1242.5285952492554,0.512,0.4
1242.528842881322,0.544,0.41600000000000004
1242.5290905133884,0.536,0.4
1242.5293381454546,0.552,0.41600000000000004
1242.529585777521,0.52,0.424
1242.5298334095876,0.496,0.4
1242.530081041654,0.52,0.4
1242.5303286737203,0.552,0.464
1242.5305763057868,0.528,0.464
1242.5308239378533,0.544,0.40800000000000003
1242.5310715699195,0.512,0.41600000000000004
1242.531319201986,0.536,0.4
1242.5315668340525,0.504,0.4
1242.5318144661187,0.536,0.41600000000000004
1242.5320620981852,0.528,0.41600000000000004
1242.5323097302517,0.552,0.4
1242.5325573623181,0.528,0.41600000000000004
1242.5328049943844,0.544,0.4
1242.5330526264509,0.536,0.44
1242.5333002585173,0.504,0.41600000000000004
1242.5335478905836,0.52,0.41600000000000004
1242.53379552265,0.536,0.4
1242.5340431547165,0.52,0.4
1242.534290786783,0.504,0.424
1242.5345384188493,0.504,0.448
1242.5347860509157,0.536,0.40800000000000003
1242.5350336829822,0.544,0.4
1242.5352813150485,0.52,0.40800000000000003
1242.535528947115,0.528,0.4
1242.5357765791814,0.544,0.432
1242.5360242112476,0.544,0.432
1242.5362718433141,0.52,0.4
1242.5365194753806,0.528,0.40800000000000003
1242.536767107447,0.536,0.392
1242.5370147395133,0.52,0.4
1242.5372623715798,0.536,0.392
1242.5375100036463,0.544,0.392
1242.5377576357125,0.52,0.40800000000000003
1242.538005267779,0.544,0.4
1242.5382528998455,0.528,0.4
1242.538500531912,0.528,0.4
1242.5387481639782,0.504,0.41600000000000004
1242.5389957960447,0.52,0.4
1242.5392434281111,0.544,0.40800000000000003
1242.5394910601774,0.528,0.4
1242.5397386922439,0.544,0.432
1242.5399863243103,0.536,0.41600000000000004
1242.5402339563768,0.504,0.4
1242.540481588443,0.536,0.392
1242.5407292205095,0.552,0.40800000000000003
1242.540976852576,0.536,0.392
1242.5412244846423,0.56,0.4
1242.5414721167087,0.56,0.392
1242.5417197487752,0.536,0.40800000000000003
1242.5419673808415,0.536,0.392
1242.542215012908,0.56,0.40800000000000003
1242.5424626449744,0.552,0.392
1242.542710277041,0.536,0.40800000000000003
1242.5429579091071,0.552,0.392
1242.5432055411736,0.536,0.40800000000000003
1242.54345317324,0.544,0.4
1242.5437008053063,0.56,0.392
1242.5439484373728,0.536,0.392
1242.5441960694393,0.552,0.4
1242.5444437015058,0.544,0.40800000000000003
1242.544691333572,0.56,0.392
1242.5449389656385,0.544,0.40800000000000003
1242.545186597705,0.56,0.392
1242.5454342297712,0.544,0.392
1242.5456818618377,0.56,0.40800000000000003
1242.5459294939042,0.544,0.392
1242.5461771259704,0.56,0.4
1242.546424758037,0.544,0.392
1242.5466723901034,0.56,0.40800000000000003
1242.5469200221698,0.552,0.392
1242.547167654236,0.536,0.4
1242.5474152863026,0.544,0.392
1242.547662918369,0.56,0.4
1242.5479105504353,0.552,0.392
1242.5481581825018,0.544,0.40800000000000003
1242.5484058145682,0.544,0.392
1242.5486534466347,0.56,0.4
1242.548901078701,0.544,0.392
1242.5491487107674,0.56,0.4
1242.549396342834,0.544,0.392
1242.5496439749002,0.56,0.4
1242.5498916069666,0.544,0.392
1242.5501392390331,0.56,0.40800000000000003
1242.5503868710994,0.544,0.392
1242.5506345031658,0.56,0.40800000000000003
1242.5508821352323,0.544,0.392
1242.5511297672988,0.56,0.40800000000000003
1242.551377399365,0.544,0.392
1242.5516250314315,0.56,0.4
1242.551872663498,0.552,0.4
1242.5521202955642,0.536,0.392
1242.5523679276307,0.544,0.4
1242.5526155596972,0.552,0.352
1242.5528631917637,0.544,0.352
1242.55311082383,0.56,0.2
1242.5533584558964,0.544,0.184
1242.5536060879629,0.56,0.064
1242.553853720029,0.552,0.056
1242.5541013520956,0.544,0.008
1242.554348984162,0.56,0.016
1242.5545966162283,0.544,-0.008
1242.5548442482948,0.544,0.0
1242.5550918803613,0.56,-0.008
1242.5553395124277,0.544,-0.008
1242.555587144494,0.56,0.0
1242.5558347765605,0.552,0.0
1242.556082408627,0.536,-0.008
1242.5563300406932,0.552,-0.016
1242.5565776727597,0.528,0.0
1242.5568253048261,0.512,-0.016
1242.5570729368926,0.536,0.0
1242.5573205689589,0.536,0.0
1242.5575682010253,0.512,-0.016
1242.5578158330918,0.528,-0.016
1242.558063465158,0.56,0.0
1242.5583110972245,0.544,-0.016
1242.558558729291,0.552,0.0
1242.5588063613575,0.544,0.0
1242.5590539934237,0.56,-0.016
1242.5593016254902,0.544,-0.016
1242.5595492575567,0.56,0.0
1242.559796889623,0.544,-0.016
1242.5600445216894,0.552,0.0
1242.5602921537559,0.544,-0.016
1242.5605397858221,0.56,0.0
1242.5607874178886,0.544,-0.016
1242.561035049955,0.56,0.0
1242.5612826820216,0.552,-0.016
1242.5615303140878,0.544,0.0
1242.5617779461543,0.544,0.0
1242.5620255782208,0.56,-0.008
1242.562273210287,0.56,-0.016
1242.5625208423535,0.544,0.0
1242.56276847442,0.544,-0.016
1242.5630161064864,0.56,0.0
1242.5632637385527,0.56,-0.016
1242.5635113706192,0.544,0.0
1242.5637590026856,0.56,0.0
1242.5640066347519,0.544,-0.016
1242.5642542668184,0.544,-0.016
1242.5645018988848,0.56,0.0
1242.564749530951,0.544,-0.016
1242.5649971630176,0.56,0.0
1242.565244795084,0.544,-0.016
1242.5654924271505,0.56,0.0
1242.5657400592168,0.544,-0.016
1242.5659876912832,0.56,0.0
1242.5662353233497,0.544,0.0
1242.566482955416,0.56,-0.016
1242.5667305874824,0.544,-0.016
1242.566978219549,0.56,0.0
1242.5672258516154,0.544,-0.016
1242.5674734836816,0.552,0.0
1242.567721115748,0.544,-0.016
1242.5679687478146,0.56,0.0
1242.5682163798808,0.544,-0.016
1242.5684640119473,0.552,0.0
1242.5687116440138,0.544,0.0
1242.56895927608,0.56,-0.016
1242.5692069081465,0.544,-0.016
1242.569454540213,0.56,0.0
1242.5697021722794,0.544,0.0
1242.5699498043457,0.56,-0.016
1242.5701974364122,0.544,-0.016
1242.5704450684786,0.56,0.0
1242.570692700545,0.544,0.0
1242.5709403326114,0.56,-0.016
1242.5711879646778,0.544,0.0
1242.5714355967443,0.56,-0.016
1242.5716832288106,0.56,0.0
1242.571930860877,0.536,-0.016
1242.5721784929435,0.544,0.0
1242.5724261250098,0.56,-0.016
1242.5726737570762,0.56,0.0
1242.5729213891427,0.544,-0.016
1242.573169021209,0.544,-0.016
1242.5734166532754,0.56,-0.008
1242.573664285342,0.544,-0.016
1242.5739119174084,0.56,0.0
1242.5741595494746,0.544,-0.016
1242.5744071815411,0.56,0.0
1242.5746548136076,0.56,-0.016
1242.5749024456738,0.544,-0.008
1242.5751500777403,0.544,0.0
1242.5753977098068,0.56,-0.016
1242.5756453418733,0.544,-0.016
1242.5758929739395,0.56,0.0
1242.576140606006,0.56,-0.008
1242.5763882380725,0.544,-0.016
1242.5766358701387,0.56,-0.016
1242.5768835022052,0.536,0.0
1242.5771311342717,0.544,-0.008
1242.5773787663381,0.552,-0.016
1242.5776263984044,0.544,-0.016
1242.5778740304709,0.552,0.0
1242.5781216625373,0.544,-0.016
1242.5783692946036,0.552,0.0
1242.57861692667,0.544,-0.016
1242.5788645587365,0.56,0.0
1242.5791121908028,0.544,-0.016
1242.5793598228693,0.56,0.0
1242.5796074549357,0.544,0.0
1242.5798550870022,0.56,-0.016
1242.5801027190685,0.544,-0.016
1242.580350351135,0.56,0.0
1242.5805979832014,0.544,-0.016
1242.5808456152677,0.56,0.0
1242.5810932473341,0.552,-0.016
1242.5813408794006,0.536,-0.008
1242.581588511467,0.536,-0.016
1242.5818361435333,0.552,0.0
1242.5820837755998,0.544,-0.016
1242.5823314076663,0.528,-0.008
1242.5825790397325,0.536,-0.016
1242.582826671799,0.504,0.0
1242.5830743038655,0.504,-0.016
1242.5833219359317,0.544,0.0
1242.5835695679982,0.552,-0.016
1242.5838172000647,0.528,0.0
1242.5840648321312,0.544,-0.016
1242.5843124641974,0.536,0.0
1242.5845600962639,0.544,0.0
1242.5848077283304,0.504,-0.016
1242.5850553603966,0.504,0.0
1242.585302992463,0.536,-0.016
1242.5855506245296,0.528,-0.016
1242.585798256596,0.544,-0.008
1242.5860458886623,0.544,-0.016
1242.5862935207288,0.512,0.0
1242.5865411527952,0.504,-0.016
1242.5867887848615,0.552,0.0
1242.587036416928,0.544,-0.016
1242.5872840489944,0.56,0.0
1242.5875316810607,0.544,-0.008
1242.5877793131272,0.56,-0.016
1242.5880269451936,0.544,-0.008
1242.58827457726,0.56,-0.016
1242.5885222093264,0.544,0.0
1242.5887698413928,0.56,-0.016
1242.5890174734593,0.544,-0.016
1242.5892651055256,0.56,0.0
1242.589512737592,0.56,-0.008
1242.5897603696585,0.528,-0.016
1242.590008001725,0.528,-0.008
1242.5902556337912,0.552,-0.016
1242.5905032658577,0.552,-0.016
1242.5907508979242,0.528,0.0
1242.5909985299904,0.528,-0.016
1242.591246162057,0.544,0.0
1242.5914937941234,0.52,-0.016
1242.5917414261896,0.544,-0.008
1242.591989058256,0.528,-0.008
1242.5922366903226,0.544,-0.016
1242.592484322389,0.528,-0.008
1242.5927319544553,0.544,-0.016
1242.5929795865218,0.536,-0.008
1242.5932272185883,0.52,-0.016
1242.5934748506545,0.528,-0.016
1242.593722482721,0.536,0.0
1242.5939701147875,0.528,-0.016
1242.594217746854,0.552,-0.008
1242.5944653789202,0.544,-0.016
1242.5947130109867,0.52,-0.008
1242.5949606430531,0.52,-0.008
1242.5952082751194,0.544,-0.016
1242.5954559071859,0.552,-0.016
1242.5957035392523,0.528,0.0
1242.5959511713188,0.536,-0.008
1242.596198803385,0.504,-0.016
1242.5964464354515,0.512,-0.016
1242.596694067518,0.544,0.0
1242.5969416995842,0.536,-0.016
1242.5971893316507,0.512,0.0
1242.5974369637172,0.504,-0.008
1242.5976845957834,0.552,-0.016
1242.59793222785,0.536,-0.016
1242.5981798599164,0.552,0.0
1242.5984274919829,0.544,-0.016
1242.5986751240491,0.56,0.0
1242.5989227561156,0.544,-0.016
1242.599170388182,0.56,0.0
1242.5994180202483,0.544,-0.016
1242.5996656523148,0.56,0.0
1242.5999132843813,0.544,-0.008
1242.6001609164477,0.56,-0.016
1242.600408548514,0.544,-0.016
1242.6006561805805,0.56,-0.008
1242.600903812647,0.56,-0.008
1242.6011514447132,0.544,-0.016
1242.6013990767797,0.56,-0.008
1242.6016467088461,0.544,-0.016
1242.6018943409124,0.544,-0.016
1242.6021419729789,0.56,-0.008
1242.6023896050453,0.552,-0.016
1242.6026372371118,0.544,-0.008
1242.602884869178,0.544,-0.016
1242.6031325012445,0.552,0.0
1242.603380133311,0.544,-0.016
1242.6036277653773,0.552,-0.008
1242.6038753974437,0.544,-0.016
1242.6041230295102,0.56,0.0
1242.6043706615767,0.544,-0.016
1242.604618293643,0.56,-0.008
1242.6048659257094,0.544,-0.016
1242.605113557776,0.552,-0.008
1242.6053611898421,0.544,-0.008
1242.6056088219086,0.56,-0.016
1242.605856453975,0.544,-0.008
1242.6061040860413,0.56,-0.016
1242.6063517181078,0.544,-0.016
1242.6065993501743,0.56,0.0
1242.6068469822408,0.544,-0.008
1242.607094614307,0.56,-0.016
1242.6073422463735,0.544,-0.016
1242.60758987844,0.56,0.0
1242.6078375105062,0.552,-0.016
1242.6080851425727,0.528,0.0
1242.6083327746392,0.544,0.0
1242.6085804067056,0.528,-0.016
1242.608828038772,0.544,-0.016
1242.6090756708384,0.528,0.0
1242.6093233029048,0.52,-0.016
1242.609570934971,0.544,0.0
1242.6098185670376,0.544,-0.016
1242.610066199104,0.528,0.0
1242.6103138311703,0.544,-0.016
1242.6105614632368,0.528,0.0
1242.6108090953032,0.544,-0.016
1242.6110567273697,0.528,0.0
1242.611304359436,0.544,-0.016
1242.6115519915024,0.52,0.0
1242.611799623569,0.52,-0.016
1242.6120472556352,0.504,-0.008
1242.6122948877016,0.504,-0.016
1242.612542519768,0.544,0.0
1242.6127901518346,0.536,-0.008
1242.6130377839008,0.552,-0.016
1242.6132854159673,0.528,-0.016
1242.6135330480338,0.544,0.0
1242.6137806801,0.528,-0.016
1242.6140283121665,0.544,0.0
1242.614275944233,0.544,-0.008
1242.6145235762995,0.504,0.016
1242.6147712083657,0.504,0.024
1242.6150188404322,0.536,0.112
1242.6152664724987,0.544,0.12
1242.615514104565,0.528,0.272
1242.6157617366314,0.528,0.272
1242.6160093686979,0.544,0.36
1242.616257000764,0.544,0.36
1242.6165046328306,0.52,0.4
1242.616752264897,0.536,0.392
1242.6169998969635,0.504,0.432
1242.6172475290298,0.504,0.448
1242.6174951610963,0.536,0.41600000000000004
1242.6177427931627,0.528,0.41600000000000004
1242.617990425229,0.544,0.4
1242.6182380572955,0.544,0.41600000000000004
1242.618485689362,0.512,0.448
1242.6187333214284,0.504,0.40800000000000003
1242.6189809534947,0.536,0.432
1242.6192285855611,0.528,0.448
1242.6194762176276,0.544,0.41600000000000004
1242.6197238496939,0.536,0.41600000000000004
1242.6199714817603,0.52,0.4
1242.6202191138268,0.528,0.4
1242.620466745893,0.544,0.40800000000000003
1242.6207143779595,0.536,0.4
1242.620962010026,0.52,0.41600000000000004
1242.6212096420925,0.504,0.40800000000000003
1242.6214572741587,0.536,0.41600000000000004
1242.6217049062252,0.536,0.40800000000000003
1242.6219525382917,0.512,0.456
1242.622200170358,0.512,0.44
1242.6224478024244,0.496,0.40800000000000003
1242.6226954344909,0.512,0.4
1242.6229430665574,0.544,0.40800000000000003
1242.6231906986236,0.528,0.4
1242.62343833069,0.544,0.40800000000000003
1242.6236859627566,0.528,0.4
1242.6239335948228,0.544,0.424
1242.6241812268893,0.536,0.40800000000000003
1242.6244288589558,0.512,0.432
1242.624676491022,0.528,0.424
1242.6249241230885,0.552,0.40800000000000003
1242.625171755155,0.536,0.40800000000000003
1242.6254193872214,0.552,0.432
1242.6256670192877,0.544,0.432
1242.6259146513542,0.528,0.464
1242.6261622834206,0.528,0.448
1242.6264099154869,0.552,0.4
1242.6266575475534,0.528,0.4
1242.6269051796198,0.552,0.392
1242.6271528116863,0.544,0.392
1242.6274004437525,0.504,0.4
1242.627648075819,0.504,0.392
1242.6278957078855,0.544,0.4
1242.6281433399517,0.544,0.392
1242.6283909720182,0.528,0.40800000000000003
1242.6286386040847,0.544,0.392
1242.628886236151,0.512,0.40800000000000003
1242.6291338682174,0.528,0.392
1242.629381500284,0.552,0.40800000000000003
1242.6296291323504,0.536,0.392
1242.6298767644166,0.552,0.40800000000000003
1242.630124396483,0.552,0.392
1242.6303720285496,0.536,0.40800000000000003
1242.6306196606158,0.536,0.392
1242.6308672926823,0.552,0.4
1242.6311149247488,0.544,0.40800000000000003
1242.6313625568152,0.56,0.392
1242.6316101888815,0.544,0.4
1242.631857820948,0.552,0.392
1242.6321054530144,0.544,0.392
1242.6323530850807,0.56,0.4
1242.6326007171472,0.544,0.392
1242.6328483492136,0.56,0.4
1242.6330959812801,0.544,0.4
1242.6333436133464,0.56,0.41600000000000004
1242.6335912454128,0.552,0.448
1242.6338388774793,0.544,0.40800000000000003
1242.6340865095456,0.544,0.40800000000000003
1242.634334141612,0.56,0.456
1242.6345817736785,0.552,0.464
1242.6348294057448,0.536,0.44
1242.6350770378112,0.544,0.456
1242.6353246698777,0.56,0.424
1242.6355723019442,0.544,0.424
1242.6358199340104,0.56,0.4
1242.636067566077,0.56,0.4
1242.6363151981434,0.536,0.40800000000000003
1242.6365628302096,0.544,0.4
1242.6368104622761,0.56,0.40800000000000003
1242.6370580943426,0.544,0.4
1242.637305726409,0.56,0.40800000000000003
1242.6375533584753,0.56,0.4
1242.6378009905418,0.536,0.44
1242.6380486226083,0.544,0.448
1242.6382962546745,0.56,0.4
1242.638543886741,0.544,0.4
1242.6387915188075,0.56,0.392
1242.6390391508737,0.544,0.392
1242.6392867829402,0.56,0.40800000000000003
1242.6395344150067,0.544,0.392
1242.6397820470731,0.56,0.40800000000000003
1242.6400296791394,0.544,0.392
1242.6402773112059,0.552,0.4
1242.6405249432723,0.552,0.4
1242.6407725753386,0.536,0.40800000000000003
1242.641020207405,0.528,0.40800000000000003
1242.6412678394715,0.552,0.4
1242.641515471538,0.544,0.4
1242.6417631036043,0.512,0.40800000000000003
1242.6420107356707,0.504,0.40800000000000003
1242.6422583677372,0.536,0.4
1242.6425059998035,0.544,0.40800000000000003
1242.64275363187,0.52,0.44
1242.6430012639364,0.504,0.448
1242.6432488960027,0.544,0.40800000000000003
1242.6434965280691,0.536,0.40800000000000003
1242.6437441601356,0.56,0.44
1242.643991792202,0.544,0.44
1242.6442394242683,0.56,0.40800000000000003
1242.6444870563348,0.544,0.4
1242.6447346884013,0.552,0.41600000000000004
1242.6449823204675,0.544,0.4
1242.645229952534,0.552,0.41600000000000004
1242.6454775846005,0.552,0.4
1242.645725216667,0.536,0.41600000000000004
1242.6459728487332,0.536,0.4
1242.6462204807997,0.56,0.456
1242.6464681128662,0.544,0.456
1242.6467157449324,0.56,0.40800000000000003
1242.6469633769989,0.544,0.392
1242.6472110090654,0.56,0.41600000000000004
1242.6474586411316,0.544,0.4
1242.647706273198,0.56,0.448
1242.6479539052646,0.544,0.424
1242.648201537331,0.56,0.4
1242.6484491693973,0.552,0.392
1242.6486968014638,0.536,0.40800000000000003
1242.6489444335302,0.544,0.392
1242.6491920655965,0.56,0.4
1242.649439697663,0.544,0.392
1242.6496873297294,0.56,0.40800000000000003
1242.649934961796,0.544,0.392
1242.6501825938622,0.56,0.40800000000000003
1242.6504302259286,0.56,0.40800000000000003
1242.650677857995,0.544,0.392
1242.6509254900614,0.544,0.40800000000000003
1242.6511731221278,0.5680000000000001,0.392
1242.6514207541943,0.544,0.4
1242.6516683862608,0.56,0.392
1242.651916018327,0.544,0.392
1242.6521636503935,0.56,0.40800000000000003
1242.65241128246,0.544,0.392
1242.6526589145262,0.56,0.4
1242.6529065465927,0.544,0.392
1242.6531541786592,0.56,0.4
1242.6534018107254,0.56,0.392
1242.653649442792,0.544,0.4
1242.6538970748584,0.544,0.392
1242.6541447069249,0.56,0.40800000000000003
1242.654392338991,0.544,0.392
1242.6546399710576,0.56,0.40800000000000003
1242.654887603124,0.544,0.392
1242.6551352351903,0.552,0.4
1242.6553828672568,0.544,0.392
1242.6556304993233,0.552,0.40800000000000003
1242.6558781313897,0.544,0.392
1242.656125763456,0.5680000000000001,0.4
1242.6563733955225,0.544,0.392
1242.656621027589,0.56,0.4
1242.6568686596552,0.544,0.392
1242.6571162917216,0.56,0.40800000000000003
1242.6573639237881,0.544,0.392
1242.6576115558544,0.552,0.40800000000000003
1242.6578591879208,0.544,0.392
1242.6581068199873,0.56,0.40800000000000003
1242.6583544520538,0.544,0.392
1242.65860208412,0.56,0.40800000000000003
1242.6668531894684,0.528,-0.016
1242.667119013071,0.544,0.0
1242.6673848366738,0.504,0.0
1242.6676506602764,0.544,-0.016
1242.667916483879,0.536,-0.016
1242.6681823074819,0.528,0.0
1242.6684481310845,0.544,0.0
1242.668713954687,0.52,-0.016
1242.66897977829,0.512,0.0
1242.6692456018925,0.536,-0.016
1242.669511425495,0.528,-0.016
1242.669777249098,0.544,0.0
1242.6700430727005,0.544,0.0
1242.6703088963031,0.512,-0.016
1242.6705747199057,0.536,-0.016
1242.6708405435086,0.496,0.0
1242.6711063671112,0.52,-0.016
1242.6713721907138,0.496,0.0
1242.6716380143166,0.504,-0.016
1242.6719038379192,0.544,0.0
1242.6721696615218,0.528,-0.008
1242.6724354851247,0.544,0.024
1242.6727013087273,0.544,0.024
1242.6729671323299,0.52,0.14400000000000002
1242.6732329559327,0.544,0.152
1242.6734987795353,0.528,0.28
1242.673764603138,0.544,0.28800000000000003
1242.6740304267407,0.504,0.352
1242.6742962503433,0.512,0.352
1242.674562073946,0.544,0.384
1242.6748278975488,0.536,0.376
1242.6750937211514,0.52,0.392
1242.675359544754,0.52,0.384
1242.6756253683568,0.504,0.392
1242.6758911919594,0.512,0.384
1242.676157015562,0.536,0.392
1242.6764228391648,0.528,0.392
1242.6766886627674,0.544,0.384
1242.67695448637,0.528,0.384
1242.6772203099727,0.544,0.392
1242.6774861335755,0.536,0.392
1242.677751957178,0.504,0.384
1242.6780177807807,0.504,0.392
1242.6782836043835,0.544,0.384
1242.6785494279861,0.528,0.384
1242.6788152515887,0.544,0.392
1242.6790810751916,0.536,0.384
1242.6793468987942,0.504,0.4
1242.6796127223968,0.504,0.392
1242.6798785459996,0.544,0.384
1242.6801443696022,0.544,0.384
1242.6804101932048,0.528,0.392
1242.6806760168076,0.536,0.384
1242.6809418404102,0.52,0.392
1242.6812076640128,0.528,0.384
1242.6814734876157,0.504,0.384
1242.6817393112183,0.536,0.384
1242.6820051348209,0.512,0.392
1242.6822709584237,0.512,0.384
1242.6825367820263,0.536,0.384
1242.682802605629,0.536,0.384
1242.6830684292318,0.512,0.392
1242.6833342528344,0.504,0.384
1242.683600076437,0.536,0.392
1242.6838659000396,0.536,0.384
1242.6841317236424,0.52,0.392
1242.684397547245,0.536,0.384
1242.6846633708476,0.496,0.384
1242.6849291944504,0.496,0.384
1242.685195018053,0.512,0.392
1242.6854608416556,0.496,0.392
1242.6857266652585,0.536,0.384
1242.685992488861,0.536,0.384
1242.6862583124637,0.52,0.392
1242.6865241360665,0.536,0.384
1242.686789959669,0.512,0.392
1242.6870557832717,0.52,0.384
1242.6873216068745,0.496,0.392
1242.6875874304772,0.512,0.384
1242.6878532540798,0.536,0.392
1242.6881190776826,0.52,0.384
1242.6883849012852,0.544,0.392
1242.6886507248878,0.528,0.384
1242.6889165484906,0.536,0.392
1242.6891823720932,0.528,0.392
1242.6894481956958,0.544,0.384
1242.6897140192987,0.52,0.384
1242.6899798429013,0.536,0.392
1242.6902456665039,0.52,0.384
1242.6905114901065,0.544,0.392
1242.6907773137093,0.536,0.384
1242.691043137312,0.512,0.392
1242.6913089609145,0.536,0.384
1242.6915747845173,0.52,0.384
1242.69184060812,0.528,0.384
1242.6921064317226,0.544,0.392
1242.6923722553254,0.536,0.392
1242.692638078928,0.52,0.384
1242.6929039025306,0.52,0.384
1242.6931697261334,0.536,0.4
1242.693435549736,0.544,0.384
1242.6937013733386,0.504,0.392
1242.6939671969415,0.512,0.384
1242.694233020544,0.552,0.384
1242.6944988441467,0.536,0.384
1242.6947646677495,0.552,0.392
1242.695030491352,0.536,0.384
1242.6952963149547,0.552,0.4
1242.6955621385575,0.536,0.384
1242.6958279621601,0.552,0.392
1242.6960937857627,0.536,0.384
1242.6963596093656,0.544,0.392
1242.6966254329682,0.536,0.384
1242.6968912565708,0.552,0.392
1242.6971570801734,0.536,0.384
1242.6974229037762,0.552,0.392
1242.6976887273788,0.536,0.384
1242.6979545509814,0.552,0.392
1242.6982203745843,0.552,0.384
1242.6984861981869,0.536,0.392
1242.6987520217895,0.536,0.384
1242.6990178453923,0.552,0.392
1242.699283668995,0.536,0.384
1242.6995494925975,0.552,0.392
1242.6998153162003,0.536,0.384
1242.700081139803,0.552,0.4
1242.7003469634055,0.552,0.384
1242.7006127870084,0.536,0.392
1242.700878610611,0.536,0.384
1242.7011444342136,0.552,0.4
1242.7014102578164,0.552,0.384
1242.701676081419,0.536,0.392
1242.7019419050216,0.536,0.384
1242.7022077286244,0.552,0.392
1242.702473552227,0.536,0.384
1242.7027393758297,0.544,0.384
1242.7030051994325,0.536,0.384
1242.703271023035,0.552,0.392
1242.7035368466377,0.536,0.384
1242.7038026702403,0.552,0.392
1242.7040684938431,0.552,0.384
1242.7043343174457,0.536,0.392
1242.7046001410483,0.536,0.384
1242.7048659646512,0.552,0.4
1242.7051317882538,0.544,0.384
1242.7053976118564,0.56,0.392
1242.7056634354592,0.552,0.384
1242.7059292590618,0.536,0.392
1242.7061950826644,0.536,0.384
1242.7064609062672,0.56,0.392
1242.7067267298698,0.536,0.384
1242.7069925534724,0.552,0.4
1242.7072583770753,0.56,0.384
1242.7075242006779,0.536,0.384
1242.7077900242805,0.544,0.384
1242.7080558478833,0.536,0.384
1242.708321671486,0.536,0.384
1242.7085874950885,0.552,0.392
1242.7088533186914,0.544,0.384
1242.709119142294,0.56,0.392
1242.7093849658966,0.536,0.384
1242.7096507894994,0.552,0.392
1242.709916613102,0.552,0.384
1242.7101824367046,0.536,0.384
1242.7104482603072,0.544,0.384
1242.71071408391,0.552,0.392
1242.7109799075126,0.544,0.384
1242.7112457311152,0.552,0.4
1242.711511554718,0.536,0.384
1242.7117773783207,0.56,0.384
1242.7120432019233,0.536,0.384
1242.712309025526,0.552,0.4
1242.7125748491287,0.536,0.384
1242.7128406727313,0.552,0.384
1242.7131064963341,0.552,0.384
1242.7133723199368,0.536,0.4
1242.7136381435394,0.536,0.384
1242.7139039671422,0.52,0.392
1242.7141697907448,0.528,0.384
1242.7144356143474,0.504,0.392
1242.7147014379502,0.52,0.384
1242.7149672615528,0.504,0.384
1242.7152330851554,0.504,0.392
1242.7154989087583,0.544,0.384
1242.7157647323609,0.544,0.392
1242.7160305559635,0.528,0.384
1242.7162963795663,0.536,0.384
1242.716562203169,0.504,0.4
1242.7168280267715,0.512,0.384
1242.717093850374,0.536,0.4
1242.717359673977,0.536,0.392
1242.7176254975795,0.504,0.4
1242.7178913211822,0.504,0.392
1242.718157144785,0.552,0.424
1242.7184229683876,0.552,0.44
1242.7186887919902,0.536,0.392
1242.718954615593,0.536,0.40800000000000003
1242.7192204391956,0.552,0.384
1242.7194862627982,0.536,0.384
1242.719752086401,0.552,0.40800000000000003
1242.7200179100037,0.536,0.41600000000000004
1242.7202837336063,0.552,0.448
1242.720549557209,0.536,0.448
1242.7208153808117,0.544,0.41600000000000004
1242.7210812044143,0.536,0.40800000000000003
1242.7213470280171,0.552,0.392
1242.7216128516197,0.536,0.384
1242.7218786752223,0.552,0.40800000000000003
1242.7221444988252,0.536,0.4
1242.7224103224278,0.552,0.384
1242.7226761460304,0.56,0.4
1242.7229419696332,0.536,0.384
1242.7232077932358,0.544,0.392
1242.7234736168384,0.552,0.4
1242.723739440441,0.536,0.392
1242.7240052640439,0.552,0.392
1242.7242710876465,0.536,0.392
1242.724536911249,0.552,0.40800000000000003
1242.724802734852,0.552,0.44
1242.7250685584545,0.536,0.392
1242.725334382057,0.544,0.40800000000000003
1242.72560020566,0.536,0.384
1242.7258660292625,0.536,0.384
1242.7261318528651,0.552,0.4
1242.726397676468,0.552,0.392
1242.7266635000706,0.536,0.4
1242.7269293236732,0.536,0.392
1242.727195147276,0.56,0.432
1242.7274609708786,0.536,0.424
1242.7277267944812,0.56,0.392
1242.727992618084,0.536,0.4
1242.7282584416866,0.56,0.392
1242.7285242652893,0.544,0.392
1242.728790088892,0.56,0.4
1242.7290559124947,0.536,0.4
1242.7293217360973,0.552,0.384
1242.7295875597001,0.56,0.392
1242.7298533833027,0.544,0.392
1242.7301192069053,0.536,0.4
1242.730385030508,0.552,0.384
1242.7306508541108,0.552,0.384
1242.7309166777134,0.536,0.432
1242.731182501316,0.536,0.424
1242.7314483249188,0.552,0.392
1242.7317141485214,0.544,0.40800000000000003
1242.731979972124,0.536,0.392
1242.7322457957268,0.536,0.392
1242.7325116193294,0.552,0.448
1242.732777442932,0.536,0.448
1242.7330432665349,0.56,0.40800000000000003
1242.7333090901375,0.56,0.432
1242.73357491374,0.536,0.4
1242.733840737343,0.552,0.392
1242.7341065609455,0.536,0.40800000000000003
1242.7343723845481,0.552,0.392
1242.734638208151,0.536,0.4
1242.7349040317536,0.552,0.4
1242.7351698553562,0.536,0.432
1242.735435678959,0.552,0.40800000000000003
1242.7357015025616,0.536,0.392
1242.7359673261642,0.544,0.4
1242.736233149767,0.528,0.384
1242.7364989733696,0.528,0.392
1242.7367647969722,0.544,0.4
1242.7370306205748,0.504,0.4
1242.7372964441777,0.528,0.44
1242.7375622677803,0.528,0.448
1242.7378280913829,0.544,0.41600000000000004
1242.7380939149857,0.52,0.41600000000000004
1242.7383597385883,0.544,0.376
1242.738625562191,0.528,0.376
1242.7388913857937,0.544,0.32
1242.7391572093964,0.528,0.312
1242.739423032999,0.504,0.16
1242.7396888566018,0.496,0.152
1242.7399546802044,0.544,0.048
1242.740220503807,0.536,0.048
1242.7404863274098,0.552,0.008
1242.7407521510124,0.536,0.008
1242.741017974615,0.56,-0.008
1242.7412837982179,0.536,0.0
1242.7415496218205,0.552,-0.008
1242.741815445423,0.536,0.0
1242.742081269026,0.552,-0.008
1242.7423470926285,0.536,0.0
1242.742612916231,0.552,-0.008
1242.742878739834,0.536,0.0
1242.7431445634365,0.56,-0.016
1242.7434103870391,0.536,-0.016
1242.7436762106418,0.552,0.0
1242.7439420342446,0.536,0.0
1242.7442078578472,0.552,-0.016
1242.7444736814498,0.552,0.0
1242.7447395050526,0.536,-0.008
1242.7450053286552,0.536,0.0
1242.7452711522578,0.552,-0.016
1242.7455369758607,0.536,-0.008
1242.7458027994633,0.552,0.0
1242.7460686230659,0.552,0.0
1242.7463344466687,0.536,-0.016
1242.7466002702713,0.544,-0.016
1242.746866093874,0.56,0.0
1242.7471319174767,0.552,-0.008
1242.7473977410793,0.536,0.0
1242.747663564682,0.552,-0.016
1242.7479293882848,0.536,0.0
1242.7481952118874,0.536,0.0
1242.74846103549,0.552,-0.008
1242.7487268590928,0.536,0.0
1242.7489926826954,0.56,-0.008
1242.749258506298,0.536,-0.008
1242.7495243299009,0.544,0.0
1242.7497901535035,0.536,-0.008
1242.750055977106,0.56,0.0
1242.7503218007087,0.544,-0.016
1242.7505876243115,0.56,0.0
1242.750853447914,0.552,-0.008
1242.7511192715167,0.536,0.0
1242.7513850951195,0.552,-0.016
1242.7516509187221,0.536,0.0
1242.7519167423247,0.56,0.0
1242.7521825659276,0.536,-0.016
1242.7524483895302,0.552,-0.008
1242.7527142131328,0.536,0.0
1242.7529800367356,0.56,0.0
1242.7532458603382,0.536,-0.016
1242.7535116839408,0.544,0.0
1242.7537775075436,0.56,-0.008
1242.7540433311462,0.552,-0.008
1242.7543091547489,0.536,0.0
1242.7545749783517,0.552,-0.016
1242.7548408019543,0.536,0.0
1242.755106625557,0.536,-0.016
1242.7553724491597,0.56,0.0
1242.7556382727623,0.536,0.0
1242.755904096365,0.56,-0.016
1242.7561699199678,0.536,0.0
1242.7564357435704,0.552,-0.008
1242.756701567173,0.544,0.0
1242.7569673907756,0.56,-0.016
1242.7572332143784,0.56,0.0
1242.757499037981,0.536,-0.008
1242.7577648615836,0.552,-0.016
1242.7580306851864,0.536,0.0
1242.758296508789,0.544,-0.016
1242.7585623323916,0.512,0.0
1242.7588281559945,0.504,0.0
1242.759093979597,0.536,-0.016
1242.7593598031997,0.544,0.0
1242.7596256268025,0.528,-0.016
1242.7598914504051,0.528,0.0
1242.7601572740077,0.544,-0.016
1242.7604230976106,0.528,0.0
1242.7606889212132,0.544,-0.016
1242.7609547448158,0.528,-0.008
1242.7612205684186,0.544,0.0
1242.7614863920212,0.528,0.0
1242.7617522156238,0.544,-0.016
1242.7620180392266,0.544,0.0
1242.7622838628292,0.528,-0.016
1242.7625496864318,0.544,0.0
1242.7628155100347,0.52,-0.016
1242.7630813336373,0.536,0.0
1242.7633471572399,0.52,-0.016
1242.7636129808425,0.536,0.0
1242.7638788044453,0.512,-0.016
1242.764144628048,0.504,-0.016
1242.7644104516505,0.536,0.0
1242.7646762752534,0.528,0.0
1242.764942098856,0.544,-0.016
1242.7652079224586,0.544,0.0
1242.7654737460614,0.528,-0.016
1242.765739569664,0.528,-0.016
1242.7660053932666,0.544,0.0
1242.7662712168694,0.528,-0.016
1242.766537040472,0.544,0.0
1242.7668028640746,0.528,0.0
1242.7670686876775,0.544,-0.016
1242.76733451128,0.52,-0.016
1242.7676003348827,0.536,0.0
1242.7678661584855,0.528,0.0
1242.768131982088,0.544,-0.016
1242.7683978056907,0.536,0.0
1242.7686636292935,0.496,-0.016
1242.7689294528961,0.552,0.0
1242.7691952764987,0.528,-0.016
1242.7694611001016,0.528,0.0
1242.7697269237042,0.552,-0.016
1242.7699927473068,0.504,-0.016
1242.7702585709094,0.536,0.0
1242.7705243945122,0.552,-0.016
1242.7707902181148,0.536,0.0
1242.7710560417174,0.536,-0.016
1242.7713218653203,0.552,0.0
1242.7715876889229,0.552,-0.016
1242.7718535125255,0.536,0.0
1242.7721193361283,0.544,0.0
1242.772385159731,0.528,-0.016
1242.7726509833335,0.528,0.0
1242.7729168069363,0.544,-0.016
1242.773182630539,0.544,-0.016
1242.7734484541415,0.512,0.0
1242.7737142777444,0.496,-0.016
1242.773980101347,0.512,0.0
1242.7742459249496,0.496,0.0
1242.7745117485524,0.552,-0.016
1242.774777572155,0.536,-0.016
1242.7750433957576,0.552,0.0
1242.7753092193605,0.536,0.0
1242.775575042963,0.552,-0.016
1242.7758408665657,0.536,0.0
1242.7761066901685,0.552,-0.016
1242.776372513771,0.536,-0.016
1242.7766383373737,0.544,0.0
1242.7769041609763,0.536,-0.016
1242.7771699845791,0.552,0.0
1242.7774358081817,0.536,-0.016
1242.7777016317843,0.552,0.0
1242.7779674553872,0.536,-0.016
1242.7782332789898,0.552,0.0
1242.7784991025924,0.552,-0.016
1242.7787649261952,0.536,0.0
1242.7790307497978,0.536,0.0
1242.7792965734004,0.552,-0.016
1242.7795623970032,0.544,-0.016
1242.7798282206059,0.528,0.0
1242.7800940442085,0.536,-0.016
1242.7803598678113,0.504,0.0
1242.780625691414,0.496,-0.016
1242.7808915150165,0.528,0.0
1242.7811573386193,0.536,0.0
1242.781423162222,0.52,-0.016
1242.7816889858245,0.536,-0.016
1242.7819548094274,0.504,0.0
1242.78222063303,0.512,0.0
1242.7824864566326,0.528,-0.016
1242.7827522802354,0.528,-0.016
1242.783018103838,0.544,0.0
1242.7832839274406,0.528,-0.016
1242.7835497510432,0.544,0.0
1242.783815574646,0.52,-0.016
1242.7840813982486,0.496,0.0
1242.7843472218512,0.496,-0.016
1242.784613045454,0.512,0.0
1242.7848788690567,0.496,-0.016
1242.7851446926593,0.52,0.0
1242.7854105162621,0.512,0.0
1242.7856763398647,0.536,-0.016
1242.7859421634673,0.536,0.0
1242.7862079870702,0.52,-0.016
1242.7864738106728,0.528,-0.016
1242.7867396342754,0.536,0.0
1242.7870054578782,0.528,0.0
1242.7872712814808,0.544,-0.016
1242.7875371050834,0.528,-0.016
1242.7878029286862,0.544,0.0
1242.7880687522888,0.528,-0.016
1242.7883345758914,0.536,0.0
1242.7886003994943,0.536,0.0
1242.7888662230969,0.52,-0.016
1242.7891320466995,0.536,0.0
1242.7893978703023,0.496,-0.016
1242.789663693905,0.496,0.0
1242.7899295175075,0.528,-0.016
1242.7901953411101,0.528,-0.016
1242.790461164713,0.536,0.0
1242.7907269883156,0.528,0.0
1242.7909928119182,0.544,-0.016
1242.791258635521,0.536,-0.016
1242.7915244591236,0.52,0.0
1242.7917902827262,0.528,-0.016
1242.792056106329,0.544,0.0
1242.7923219299316,0.544,-0.016
1242.7925877535342,0.52,0.0
1242.792853577137,0.52,-0.016
1242.7931194007397,0.544,0.0
1242.7933852243423,0.528,-0.016
1242.793651047945,0.544,0.0
1242.7939168715477,0.528,-0.016
1242.7941826951503,0.52,0.0
1242.7944485187531,0.496,-0.016
1242.7947143423557,0.528,0.0
1242.7949801659583,0.52,-0.016
1242.7952459895612,0.536,0.0
1242.7955118131638,0.52,-0.016
1242.7957776367664,0.544,0.0
1242.7960434603692,0.536,-0.016
1242.7963092839718,0.504,0.0
1242.7965751075744,0.52,-0.016
1242.796840931177,0.544,0.0
1242.7971067547799,0.536,0.0
1242.7973725783825,0.504,-0.016
1242.797638401985,0.496,0.0
1242.797904225588,0.552,-0.016
1242.7981700491905,0.536,-0.016
1242.798435872793,0.552,0.0
1242.798701696396,0.544,-0.016
1242.7989675199985,0.536,0.0
1242.7992333436011,0.528,-0.016
1242.799499167204,0.544,0.0
1242.7997649908066,0.536,-0.016
1242.8000308144092,0.512,0.0
1242.800296638012,0.496,-0.016
1242.8005624616146,0.528,0.0
1242.8008282852172,0.52,-0.016
1242.80109410882,0.504,0.0
1242.8013599324227,0.504,0.0
1242.8016257560253,0.544,-0.016
1242.801891579628,0.544,-0.016
1242.8021574032307,0.52,0.0
1242.8024232268333,0.52,0.0
1242.8026890504361,0.544,-0.016
1242.8029548740387,0.528,0.0
1242.8032206976413,0.536,-0.016
1242.803486521244,0.536,-0.016
1242.8037523448468,0.504,0.0
1242.8040181684494,0.504,-0.016
1242.804283992052,0.536,0.0
1242.8045498156548,0.536,-0.016
1242.8048156392574,0.552,0.0
1242.80508146286,0.536,-0.008
1242.8053472864628,0.552,0.024
1242.8056131100655,0.544,0.024
1242.805878933668,0.528,0.128
1242.8061447572709,0.528,0.136
1242.8064105808735,0.544,0.28
1242.806676404476,0.536,0.28
1242.806942228079,0.504,0.352
1242.8072080516815,0.496,0.352
1242.8074738752841,0.552,0.376
1242.807739698887,0.536,0.376
1242.8080055224896,0.552,0.384
1242.8082713460922,0.536,0.384
1242.808537169695,0.552,0.384
1242.8088029932976,0.536,0.384
1242.8090688169002,0.552,0.384
1242.809334640503,0.552,0.384
1242.8096004641056,0.536,0.392
1242.8098662877082,0.536,0.384
1242.8101321113108,0.552,0.392
1242.8103979349137,0.552,0.384
1242.8106637585163,0.536,0.392
1242.810929582119,0.536,0.384
1242.8111954057217,0.552,0.384
1242.8114612293243,0.536,0.384
1242.811727052927,0.552,0.392
1242.8119928765298,0.536,0.384
1242.8122587001324,0.552,0.392
1242.812524523735,0.56,0.384
1242.8127903473378,0.536,0.392
1242.8130561709404,0.536,0.384
1242.813321994543,0.544,0.392
1242.8135878181458,0.536,0.384
1242.8138536417484,0.552,0.392
1242.814119465351,0.536,0.384
1242.8143852889539,0.552,0.392
1242.8146511125565,0.536,0.384
1242.814916936159,0.56,0.392
1242.815182759762,0.552,0.384
1242.8154485833645,0.536,0.4
1242.8157144069671,0.536,0.384
1242.81598023057,0.552,0.392
1242.8162460541726,0.536,0.392
1242.8165118777752,0.552,0.384
1242.8167777013778,0.56,0.384
1242.8170435249806,0.536,0.4
1242.8173093485832,0.536,0.392
1242.8175751721858,0.528,0.384
1242.8178409957886,0.528,0.384
1242.8181068193912,0.544,0.392
1242.8183726429938,0.536,0.384
1242.8186384665967,0.52,0.392
1242.8189042901993,0.528,0.384
1242.8191701138019,0.504,0.392
1242.8194359374047,0.536,0.384
1242.8197017610073,0.552,0.392
1242.81996758461,0.536,0.384
1242.8202334082127,0.56,0.392
1242.8204992318153,0.536,0.384
1242.820765055418,0.552,0.392
1242.8210308790208,0.536,0.384
1242.8212967026234,0.552,0.4
1242.821562526226,0.536,0.4
1242.8218283498288,0.552,0.384
1242.8220941734314,0.536,0.384
1242.822359997034,0.552,0.392
1242.8226258206369,0.536,0.384
1242.8228916442395,0.56,0.392
1242.823157467842,0.552,0.384
1242.8234232914447,0.528,0.392
1242.8236891150475,0.528,0.384
1242.82395493865,0.544,0.392
1242.8242207622527,0.536,0.392
1242.8244865858555,0.504,0.384
1242.8247524094581,0.504,0.384
1242.8250182330607,0.528,0.392
1242.8252840566636,0.544,0.384
1242.8255498802662,0.52,0.4
1242.8258157038688,0.544,0.384
1242.8260815274716,0.52,0.4
1242.8263473510742,0.528,0.384
1242.8266131746768,0.504,0.384
1242.8268789982797,0.52,0.384
1242.8271448218823,0.544,0.392
1242.8274106454849,0.52,0.384
1242.8276764690877,0.544,0.392
1242.8279422926903,0.528,0.384
1242.828208116293,0.544,0.392
1242.8284739398957,0.544,0.384
1242.8287397634983,0.52,0.384
1242.829005587101,0.528,0.384
1242.8292714107038,0.544,0.392
1242.8295372343064,0.528,0.384
1242.829803057909,0.544,0.392
1242.8300688815116,0.528,0.384
1242.8303347051144,0.496,0.392
1242.830600528717,0.504,0.384
1242.8308663523196,0.544,0.392
1242.8311321759224,0.528,0.384
1242.831397999525,0.544,0.4
1242.8316638231277,0.528,0.384
1242.8319296467305,0.504,0.384
1242.832195470333,0.512,0.384
1242.8324612939357,0.536,0.392
1242.8327271175385,0.536,0.392
1242.8329929411411,0.52,0.384
1242.8332587647437,0.536,0.4
1242.8335245883466,0.512,0.392
1242.8337904119492,0.496,0.384
1242.8340562355518,0.536,0.4
1242.8343220591546,0.544,0.4
1242.8345878827572,0.52,0.392
1242.8348537063598,0.544,0.392
1242.8351195299626,0.52,0.41600000000000004
1242.8353853535652,0.52,0.41600000000000004
1242.8356511771678,0.536,0.456
1242.8359170007707,0.528,0.448
1242.8361828243733,0.544,0.4
1242.8364486479759,0.528,0.40800000000000003
1242.8367144715785,0.544,0.392
1242.8369802951813,0.544,0.392
1242.837246118784,0.512,0.41600000000000004
1242.8375119423865,0.504,0.392
1242.8377777659894,0.536,0.41600000000000004
1242.838043589592,0.536,0.40800000000000003
1242.8383094131946,0.504,0.424
1242.8385752367974,0.504,0.432
1242.8388410604,0.544,0.392
1242.8391068840026,0.536,0.4
1242.8393727076054,0.552,0.384
1242.839638531208,0.552,0.4
1242.8399043548106,0.536,0.384
1242.8401701784135,0.536,0.392
1242.840436002016,0.552,0.4
1242.8407018256187,0.536,0.392
1242.8409676492215,0.552,0.392
1242.8412334728241,0.536,0.384
1242.8414992964267,0.552,0.4
1242.8417651200295,0.552,0.384
1242.8420309436322,0.536,0.4
1242.8422967672348,0.536,0.384
1242.8425625908376,0.544,0.4
1242.8428284144402,0.536,0.4
1242.8430942380428,0.544,0.424
1242.8433600616454,0.536,0.40800000000000003
1242.8436258852482,0.544,0.392
1242.8438917088508,0.552,0.392
1242.8441575324534,0.536,0.40800000000000003
1242.8444233560563,0.536,0.40800000000000003
1242.8446891796589,0.552,0.448
1242.8449550032615,0.536,0.44
1242.8452208268643,0.552,0.456
1242.845486650467,0.536,0.448
1242.8457524740695,0.552,0.40800000000000003
1242.8460182976723,0.552,0.40800000000000003
1242.846284121275,0.536,0.392
1242.8465499448776,0.536,0.392
1242.8468157684804,0.552,0.4
1242.847081592083,0.536,0.4
1242.8473474156856,0.552,0.432
1242.8476132392884,0.536,0.44
1242.847879062891,0.552,0.392
1242.8481448864936,0.536,0.4
1242.8484107100965,0.552,0.392
1242.848676533699,0.536,0.384
1242.8489423573017,0.552,0.40800000000000003
1242.8492081809045,0.536,0.40800000000000003
1242.849474004507,0.552,0.392
1242.8497398281097,0.536,0.392
1242.8500056517123,0.56,0.40800000000000003
1242.8502714753151,0.56,0.40800000000000003
1242.8505372989177,0.536,0.392
1242.8508031225203,0.536,0.392
1242.8510689461232,0.552,0.4
1242.8513347697258,0.56,0.392
1242.8516005933284,0.536,0.432
1242.8518664169312,0.536,0.432
1242.8521322405338,0.56,0.448
1242.8523980641364,0.552,0.448
1242.8526638877393,0.536,0.4
1242.8529297113419,0.536,0.4
1242.8531955349445,0.56,0.424
1242.8534613585473,0.536,0.432
1242.85372718215,0.552,0.392
1242.8539930057525,0.536,0.392
1242.8542588293553,0.56,0.384
1242.854524652958,0.56,0.4
1242.8547904765605,0.544,0.384
1242.8550563001634,0.536,0.392
1242.855322123766,0.56,0.384
1242.8555879473686,0.56,0.384
1242.8558537709714,0.536,0.392
1242.856119594574,0.544,0.384
1242.8563854181766,0.552,0.392
1242.8566512417792,0.544,0.384
1242.856917065382,0.56,0.4
1242.8571828889847,0.552,0.392
1242.8574487125873,0.536,0.40800000000000003
1242.85771453619,0.552,0.392
1242.8579803597927,0.528,0.432
1242.8582461833953,0.544,0.424
1242.8585120069981,0.512,0.4
1242.8587778306007,0.504,0.40800000000000003
1242.8590436542033,0.536,0.392
1242.8593094778062,0.528,0.4
1242.8595753014088,0.544,0.41600000000000004
1242.8598411250114,0.528,0.432
1242.8601069486142,0.536,0.4
1242.8603727722168,0.528,0.40800000000000003
1242.8606385958194,0.544,0.384
1242.8609044194222,0.528,0.384
1242.8611702430248,0.544,0.40800000000000003
1242.8614360666274,0.528,0.424
1242.8617018902303,0.544,0.40800000000000003
1242.8619677138329,0.536,0.40800000000000003
1242.8622335374355,0.504,0.44
1242.8624993610383,0.528,0.40800000000000003
1242.862765184641,0.544,0.384
1242.8630310082435,0.528,0.384
1242.8632968318461,0.544,0.392
1242.863562655449,0.528,0.384
1242.8638284790516,0.504,0.4
1242.8640943026542,0.496,0.384
1242.864360126257,0.536,0.392
1242.8646259498596,0.536,0.384
1242.8648917734622,0.552,0.4
1242.865157597065,0.536,0.384
1242.8654234206676,0.552,0.392
1242.8656892442702,0.536,0.384
1242.865955067873,0.552,0.384
1242.8662208914757,0.536,0.384
1242.8664867150783,0.552,0.392
1242.866752538681,0.544,0.384
1242.8670183622837,0.528,0.4
1242.8672841858863,0.528,0.384
1242.8675500094892,0.544,0.392
1242.8678158330918,0.528,0.384
1242.8680816566944,0.544,0.4
1242.8683474802972,0.544,0.384
1242.8686133038998,0.528,0.4
1242.8688791275024,0.536,0.392
1242.8691449511052,0.496,0.384
1242.8694107747078,0.512,0.384
1242.8696765983104,0.496,0.392
1242.869942421913,0.496,0.392
1242.8702082455159,0.512,0.40800000000000003
1242.8704740691185,0.512,0.4
1242.870739892721,0.536,0.44
1242.871005716324,0.52,0.424
1242.8712715399265,0.544,0.384
1242.8715373635291,0.536,0.376
1242.871803187132,0.52,0.312
1242.8720690107345,0.544,0.304
1242.8723348343372,0.52,0.16
1242.87260065794,0.528,0.152
1242.8728664815426,0.504,0.056
1242.8731323051452,0.544,0.048
1242.873398128748,0.52,0.008
1242.8736639523506,0.536,0.008
1242.8739297759532,0.528,-0.008
1242.874195599556,0.52,0.0
1242.8744614231587,0.544,-0.008
1242.8747272467613,0.504,-0.008
1242.874993070364,0.528,0.0
1242.8752588939667,0.52,-0.008
1242.8755247175693,0.536,0.0
1242.8757905411721,0.528,0.0
1242.8760563647747,0.496,-0.008
1242.8763221883773,0.504,-0.008
1242.87658801198,0.536,0.0
1242.8768538355828,0.528,0.0
1242.8771196591854,0.536,-0.008
1242.877385482788,0.528,0.0
1242.8776513063908,0.504,-0.008
1242.8779171299934,0.496,-0.008
1242.878182953596,0.52,0.0
1242.8784487771989,0.496,-0.008
1242.8787146008015,0.536,0.0
1242.878980424404,0.536,-0.008
1242.879246248007,0.496,0.0
1242.8795120716095,0.496,0.0
1242.879777895212,0.512,-0.016
1242.880043718815,0.496,0.0
1242.8803095424175,0.512,-0.016
1242.8805753660201,0.528,0.0
1242.880841189623,0.504,-0.008
1242.8811070132256,0.528,0.0
1242.8813728368282,0.544,-0.008
1242.881638660431,0.52,-0.008
1242.8819044840336,0.544,0.0
1242.8821703076362,0.52,-0.008
1242.882436131239,0.544,0.0
1242.8827019548417,0.528,-0.016
1242.8829677784443,0.544,0.0
1242.8832336020469,0.536,-0.016
1242.8834994256497,0.528,0.0
1242.8837652492523,0.544,0.0
1242.884031072855,0.52,-0.008
1242.8842968964577,0.536,0.0
1242.8845627200603,0.512,-0.016
1242.884828543663,0.528,-0.008
1242.8850943672658,0.496,0.0
1242.8853601908684,0.504,0.0
1242.885626014471,0.536,-0.016
1242.8858918380738,0.536,0.0
1242.8861576616764,0.512,-0.008
1242.886423485279,0.52,0.0
1242.8866893088818,0.496,-0.008
1242.8869551324844,0.496,0.0
1242.887220956087,0.544,-0.016
1242.8874867796899,0.536,-0.016
1242.8877526032925,0.552,0.0
1242.888018426895,0.536,0.0
1242.888284250498,0.552,-0.016
1242.8885500741005,0.536,-0.016
1242.8888158977031,0.552,0.0
1242.889081721306,0.536,0.0
1242.8893475449086,0.552,-0.016
1242.8896133685112,0.536,0.0
1242.8898791921138,0.544,-0.016
1242.8901450157166,0.552,0.0
1242.8904108393192,0.528,-0.016
1242.8906766629218,0.536,0.0
1242.8909424865246,0.52,-0.016
1242.8912083101272,0.544,0.0
1242.8914741337298,0.52,-0.016
1242.8917399573327,0.52,0.0
1242.8920057809353,0.536,-0.016
1242.8922716045379,0.528,-0.016
1242.8925374281407,0.544,0.0
1242.8928032517433,0.528,0.0
1242.893069075346,0.544,-0.016
1242.8933348989488,0.536,-0.016
1242.8936007225514,0.512,0.0
1242.893866546154,0.52,0.0
1242.8941323697568,0.552,-0.008
1242.8943981933594,0.536,0.0
1242.894664016962,0.552,-0.016
1242.8949298405648,0.536,-0.016
1242.8951956641674,0.552,0.0
1242.89546148777,0.552,0.0
1242.8957273113729,0.536,-0.016
1242.8959931349755,0.536,-0.016
1242.896258958578,0.552,0.0
1242.8965247821807,0.536,0.0
1242.8967906057835,0.544,-0.016
1242.897056429386,0.536,-0.016
1242.8973222529887,0.552,0.0
1242.8975880765915,0.552,-0.016
1242.8978539001941,0.536,0.0
1242.8981197237968,0.536,0.0
1242.8983855473996,0.552,-0.016
1242.8986513710022,0.536,0.0
1242.8989171946048,0.552,-0.016
1242.8991830182076,0.536,-0.016
1242.8994488418102,0.552,0.0
1242.8997146654128,0.536,-0.016
1242.8999804890157,0.552,0.0
1242.9002463126183,0.536,0.0
1242.9005121362209,0.552,-0.016
1242.9007779598237,0.536,-0.016
1242.9010437834263,0.552,0.0
1242.901309607029,0.536,0.0
1242.9015754306317,0.552,-0.016
1242.9018412542343,0.536,-0.016
1242.902107077837,0.552,0.0
1242.9023729014398,0.536,-0.016
1242.9026387250424,0.552,0.0
1242.902904548645,0.536,-0.016
1242.9031703722476,0.552,0.0
1242.9034361958504,0.552,-0.016
1242.903702019453,0.536,0.0
1242.9039678430556,0.552,-0.016
1242.9042336666585,0.536,0.0
1242.904499490261,0.536,-0.016
1242.9047653138637,0.56,0.0
1242.9050311374665,0.536,-0.016
1242.905296961069,0.552,0.0
1242.9055627846717,0.552,0.0
1242.9058286082745,0.536,-0.016
1242.9060944318771,0.536,-0.016
1242.9063602554797,0.552,0.0
1242.9066260790826,0.552,0.0
1242.9068919026852,0.536,-0.016
1242.9071577262878,0.552,-0.016
1242.9074235498906,0.536,0.0
1242.9076893734932,0.552,0.0
1242.9079551970958,0.536,-0.016
1242.9082210206986,0.536,-0.016
1242.9084868443013,0.56,0.0
1242.9087526679039,0.528,-0.016
1242.9090184915067,0.544,0.0
1242.9092843151093,0.528,0.0
1242.909550138712,0.544,-0.016
1242.9098159623145,0.528,-0.016
1242.9100817859173,0.544,0.0
1242.91034760952,0.512,-0.016
1242.9106134331225,0.536,0.0
1242.9108792567254,0.528,-0.016
1242.911145080328,0.544,0.0
1242.9114109039306,0.536,0.0
1242.9116767275334,0.52,-0.016
1242.911942551136,0.528,-0.016
1242.9122083747386,0.504,0.0
1242.9124741983414,0.52,-0.016
1242.912740021944,0.544,0.0
1242.9130058455466,0.504,0.0
1242.9132716691495,0.528,-0.016
1242.913537492752,0.528,0.0
1242.9138033163547,0.544,-0.016
1242.9140691399575,0.536,-0.016
1242.9143349635601,0.512,0.0
1242.9146007871627,0.512,-0.016
1242.9148666107656,0.536,0.0
1242.9151324343682,0.528,0.0
1242.9153982579708,0.544,-0.016
1242.9156640815736,0.536,0.0
1242.9159299051762,0.496,-0.016
1242.9161957287788,0.504,0.0
1242.9164615523814,0.552,-0.016
1242.9167273759842,0.536,0.0
1242.9169931995868,0.552,-0.016
1242.9172590231894,0.536,0.0
1242.9175248467923,0.552,-0.016
1242.9177906703949,0.536,0.0
1242.9180564939975,0.544,-0.016
1242.9183223176003,0.536,-0.016
1242.918588141203,0.552,0.0
1242.9188539648055,0.56,-0.016
1242.9191197884084,0.536,0.0
1242.919385612011,0.536,-0.016
1242.9196514356136,0.552,0.0
1242.9199172592164,0.536,-0.016
1242.920183082819,0.552,0.0
1242.9204489064216,0.536,-0.016
1242.9207147300244,0.552,0.0
1242.920980553627,0.536,0.0
1242.9212463772296,0.552,-0.016
1242.9215122008325,0.552,0.0
1242.921778024435,0.536,-0.016
1242.9220438480377,0.552,-0.016
1242.9223096716405,0.536,0.0
1242.922575495243,0.552,-0.016
1242.9228413188457,0.536,0.0
1242.9231071424483,0.536,-0.016
1242.9233729660511,0.552,0.0
1242.9236387896538,0.552,-0.016
1242.9239046132564,0.536,0.0
1242.9241704368592,0.536,0.0
1242.9244362604618,0.552,-0.016
1242.9247020840644,0.544,-0.016
1242.9249679076672,0.536,0.0
1242.9252337312698,0.536,0.0
1242.9254995548724,0.552,-0.016
1242.9257653784753,0.56,-0.016
1242.9260312020779,0.536,0.0
1242.9262970256805,0.536,0.0
1242.9265628492833,0.552,-0.016
1242.926828672886,0.536,0.0
1242.9270944964885,0.56,-0.016
1242.9273603200913,0.536,-0.016
1242.927626143694,0.552,0.0
1242.9278919672965,0.536,-0.016
1242.9281577908994,0.552,0.0
1242.928423614502,0.536,-0.016
1242.9286894381046,0.56,0.0
1242.9289552617074,0.56,-0.008
1242.92922108531,0.536,-0.016
1242.9294869089126,0.552,-0.016
1242.9297527325152,0.528,0.0
1242.930018556118,0.544,-0.016
1242.9302843797207,0.512,0.0
1242.9305502033233,0.504,0.0
1242.930816026926,0.536,-0.016
1242.9310818505287,0.536,-0.016
1242.9313476741313,0.552,0.0
1242.9316134977341,0.56,-0.016
1242.9318793213367,0.536,0.0
1242.9321451449393,0.536,-0.016
1242.9324109685422,0.552,0.0
1242.9326767921448,0.56,0.0
1242.9329426157474,0.536,-0.016
1242.9332084393502,0.536,-0.016
1242.9334742629528,0.552,0.0
1242.9337400865554,0.536,-0.016
1242.9340059101582,0.552,0.0
1242.9342717337609,0.536,-0.016
1242.9345375573635,0.544,0.0
1242.9348033809663,0.56,-0.016
1242.935069204569,0.536,0.0
1242.9353350281715,0.552,0.0
1242.9356008517743,0.536,-0.016
1242.935866675377,0.536,-0.016
1242.9361324989795,0.552,0.0
1242.9363983225821,0.552,-0.016
1242.936664146185,0.536,0.0
1242.9369299697876,0.544,-0.016
1242.9371957933902,0.552,0.0
1242.937461616993,0.536,-0.016
1242.9377274405956,0.56,0.0
1242.9379932641982,0.536,-0.008
1242.938259087801,0.552,0.024
1242.9385249114036,0.552,0.024
1242.9387907350063,0.536,0.128
1242.939056558609,0.552,0.136
1242.9393223822117,0.536,0.28
1242.9395882058143,0.536,0.28800000000000003
1242.9398540294171,0.552,0.352
1242.9401198530197,0.536,0.352
1242.9403856766223,0.56,0.376
1242.9406515002252,0.536,0.376
1242.9409173238278,0.552,0.392
1242.9411831474304,0.536,0.392
1242.9414489710332,0.56,0.384
1242.9417147946358,0.56,0.384
1242.9419806182384,0.536,0.384
1242.9422464418412,0.536,0.384
1242.9425122654438,0.552,0.392
1242.9427780890464,0.552,0.384
1242.943043912649,0.536,0.392
1242.9433097362519,0.552,0.384
1242.9435755598545,0.536,0.392
1242.943841383457,0.536,0.384
1242.94410720706,0.56,0.392
1242.9443730306625,0.552,0.384
1242.9446388542651,0.536,0.392
1242.944904677868,0.56,0.384
1242.9451705014706,0.536,0.392
1242.9454363250732,0.56,0.384
1242.945702148676,0.536,0.392
1242.9459679722786,0.536,0.4
1242.9462337958812,0.552,0.384
1242.946499619484,0.544,0.384
1242.9467654430866,0.56,0.392
1242.9470312666892,0.544,0.384
1242.947297090292,0.536,0.392
1242.9475629138947,0.552,0.384
1242.9478287374973,0.536,0.392
1242.9480945611,0.536,0.384
1242.9483603847027,0.56,0.392
1242.9486262083053,0.552,0.384
1242.9488920319081,0.536,0.392
1242.9491578555107,0.536,0.384
1242.9494236791134,0.56,0.392
1242.949689502716,0.56,0.384
1242.9499553263188,0.536,0.392
1242.9502211499214,0.552,0.384
1242.950486973524,0.536,0.392
1242.9507527971268,0.536,0.384
1242.9510186207294,0.56,0.392
1242.951284444332,0.552,0.384
1242.9515502679349,0.544,0.384
1242.9518160915375,0.56,0.392
1242.95208191514,0.544,0.384
1242.952347738743,0.536,0.384
1242.9526135623455,0.552,0.392
1242.952879385948,0.552,0.384
1242.953145209551,0.544,0.392
1242.9534110331535,0.544,0.384
1242.9536768567561,0.552,0.4
1242.953942680359,0.544,0.384
1242.9542085039616,0.536,0.392
1242.9544743275642,0.552,0.384
1242.954740151167,0.536,0.392
1242.9550059747696,0.552,0.4
1242.9552717983722,0.544,0.384
1242.955537621975,0.536,0.384
1242.9558034455777,0.552,0.392
1242.9560692691803,0.536,0.384
1242.9563350927829,0.56,0.392
1242.9566009163857,0.536,0.384
1242.9568667399883,0.552,0.392
1242.957132563591,0.544,0.384
1242.9573983871937,0.552,0.384
1242.9576642107963,0.56,0.384
1242.957930034399,0.536,0.392
1242.9581958580018,0.552,0.384
1242.9584616816044,0.536,0.392
1242.958727505207,0.544,0.384
1242.9589933288098,0.552,0.392
1242.9592591524124,0.552,0.392
1242.959524976015,0.536,0.384
1242.9597907996178,0.552,0.384
1242.9600566232205,0.536,0.392
1242.960322446823,0.544,0.384
1242.960588270426,0.56,0.384
1242.9608540940285,0.552,0.384
1242.961119917631,0.536,0.392
1242.961385741234,0.536,0.384
1242.9616515648365,0.552,0.392
1242.9619173884391,0.536,0.384
1242.962183212042,0.552,0.392
1242.9624490356446,0.552,0.384
1242.9627148592472,0.536,0.4
1242.9629806828498,0.544,0.384
1242.9632465064526,0.56,0.4
1242.9635123300552,0.536,0.392
1242.9637781536578,0.552,0.4
1242.9640439772606,0.536,0.392
1242.9643098008632,0.56,0.40800000000000003
1242.9645756244659,0.56,0.4
1242.9648414480687,0.528,0.44
1242.9651072716713,0.528,0.424
1242.965373095274,0.544,0.392
1242.9656389188767,0.528,0.4
1242.9659047424793,0.544,0.44
1242.966170566082,0.544,0.44
1242.9664363896848,0.528,0.392
1242.9667022132874,0.536,0.4
1242.96696803689,0.504,0.384
1242.9672338604928,0.504,0.4
1242.9674996840954,0.536,0.384
1242.967765507698,0.528,0.392
1242.9680313313008,0.544,0.4
1242.9682971549034,0.544,0.4
1242.968562978506,0.52,0.384
1242.9688288021089,0.536,0.4
1242.9690946257115,0.512,0.384
1242.969360449314,0.52,0.4
1242.9696262729167,0.496,0.384
1242.9698920965195,0.504,0.384
1242.9701579201221,0.536,0.392
1242.9704237437247,0.528,0.392
1242.9706895673276,0.544,0.41600000000000004
1242.9709553909302,0.528,0.432
1242.9712212145328,0.536,0.4
1242.9714870381356,0.528,0.4
1242.9717528617382,0.544,0.384
1242.9720186853408,0.528,0.392
1242.9722845089436,0.544,0.40800000000000003
1242.9725503325462,0.528,0.392
1242.9728161561488,0.544,0.4
1242.9730819797517,0.528,0.392
1242.9733478033543,0.544,0.424
1242.9736136269569,0.536,0.432
1242.9738794505597,0.504,0.392
1242.9741452741623,0.496,0.392
1242.974411097765,0.504,0.40800000000000003
1242.9746769213677,0.496,0.4
1242.9749427449703,0.528,0.41600000000000004
1242.975208568573,0.536,0.40800000000000003
1242.9754743921758,0.504,0.432
1242.9757402157784,0.496,0.424
1242.976006039381,0.528,0.4
1242.9762718629836,0.52,0.4
1242.9765376865864,0.536,0.40800000000000003
1242.976803510189,0.528,0.4
1242.9770693337916,0.544,0.41600000000000004
1242.9773351573945,0.528,0.392
1242.977600980997,0.544,0.40800000000000003
1242.9778668045997,0.528,0.40800000000000003
1242.9781326282025,0.544,0.392
1242.978398451805,0.544,0.392
1242.9786642754077,0.528,0.384
1242.9789300990105,0.528,0.384
1242.9791959226131,0.544,0.4
1242.9794617462157,0.528,0.4
1242.9797275698186,0.544,0.384
1242.9799933934212,0.536,0.384
1242.9802592170238,0.52,0.4
1242.9805250406266,0.504,0.4
1242.9807908642292,0.528,0.392
1242.9810566878318,0.528,0.392
1242.9813225114347,0.536,0.40800000000000003
1242.9815883350373,0.528,0.392
1242.9818541586399,0.544,0.40800000000000003
1242.9821199822427,0.528,0.392
1242.9823858058453,0.544,0.4
1242.982651629448,0.52,0.392
1242.9829174530505,0.544,0.41600000000000004
1242.9831832766533,0.536,0.392
1242.983449100256,0.512,0.40800000000000003
1242.9837149238585,0.52,0.40800000000000003
1242.9839807474614,0.496,0.432
1242.984246571064,0.512,0.41600000000000004
1242.9845123946666,0.536,0.392
1242.9847782182694,0.536,0.4
1242.985044041872,0.52,0.384
1242.9853098654746,0.536,0.392
1242.9855756890775,0.52,0.384
1243.0058391094208,0.536,0.0
1243.0060742547114,0.56,-0.016
1243.0063094000022,0.544,-0.016
1243.0065445452929,0.552,0.0
1243.0067796905835,0.544,-0.016
1243.0070148358743,0.552,0.0
1243.007249981165,0.544,-0.016
1243.0074851264555,0.552,0.0
1243.0077202717464,0.56,-0.016
1243.007955417037,0.536,0.0
1243.0081905623276,0.536,-0.016
1243.0084257076185,0.56,0.0
1243.008660852909,0.544,-0.016
1243.0088959981997,0.56,0.0
1243.0091311434905,0.544,-0.016
1243.0093662887812,0.56,0.0
1243.0096014340718,0.544,-0.008
1243.0098365793626,0.56,-0.016
1243.0100717246532,0.552,-0.016
1243.0103068699439,0.544,0.0
1243.0105420152347,0.552,-0.008
1243.0107771605253,0.544,0.024
1243.011012305816,0.536,0.032
1243.0112474511068,0.552,0.128
1243.0114825963974,0.544,0.136
1243.011717741688,0.56,0.296
1243.0119528869789,0.544,0.296
1243.0121880322695,0.56,0.376
1243.01242317756,0.544,0.368
1243.012658322851,0.56,0.384
1243.0128934681416,0.56,0.376
1243.0131286134322,0.536,0.384
1243.013363758723,0.56,0.384
1243.0135989040136,0.536,0.432
1243.0138340493043,0.544,0.424
1243.014069194595,0.56,0.40800000000000003
1243.0143043398857,0.544,0.384
1243.0145394851763,0.56,0.41600000000000004
1243.0147746304672,0.544,0.432
1243.0150097757578,0.56,0.40800000000000003
1243.0152449210484,0.544,0.392
1243.0154800663393,0.552,0.40800000000000003
1243.0157152116299,0.544,0.384
1243.0159503569205,0.56,0.4
1243.0161855022113,0.544,0.40800000000000003
1243.016420647502,0.56,0.44
1243.0166557927926,0.544,0.41600000000000004
1243.0168909380834,0.56,0.392
1243.017126083374,0.544,0.392
1243.0173612286646,0.56,0.384
1243.0175963739555,0.544,0.392
1243.017831519246,0.56,0.41600000000000004
1243.0180666645367,0.552,0.41600000000000004
1243.0183018098276,0.536,0.384
1243.0185369551182,0.544,0.392
1243.0187721004088,0.552,0.376
1243.0190072456996,0.544,0.376
1243.0192423909903,0.56,0.392
1243.0194775362809,0.536,0.376
1243.0197126815717,0.56,0.392
1243.0199478268623,0.544,0.384
1243.020182972153,0.56,0.376
1243.0204181174438,0.544,0.376
1243.0206532627344,0.56,0.392
1243.020888408025,0.544,0.376
1243.0211235533159,0.552,0.392
1243.0213586986065,0.56,0.376
1243.021593843897,0.536,0.392
1243.021828989188,0.536,0.376
1243.0220641344786,0.552,0.392
1243.0222992797692,0.536,0.376
1243.02253442506,0.56,0.392
1243.0227695703506,0.544,0.384
1243.0230047156413,0.56,0.384
1243.023239860932,0.544,0.384
1243.0234750062227,0.56,0.392
1243.0237101515133,0.544,0.376
1243.0239452968042,0.56,0.384
1243.0241804420948,0.544,0.376
1243.0244155873854,0.56,0.392
1243.0246507326763,0.544,0.376
1243.0248858779669,0.56,0.392
1243.0251210232575,0.544,0.384
1243.0253561685483,0.552,0.376
1243.025591313839,0.56,0.376
1243.0258264591296,0.536,0.392
1243.0260616044204,0.544,0.376
1243.026296749711,0.56,0.384
1243.0265318950017,0.536,0.384
1243.0267670402925,0.56,0.376
1243.0270021855831,0.536,0.392
1243.0272373308737,0.56,0.376
1243.0274724761646,0.544,0.384
1243.0277076214552,0.56,0.392
1243.0279427667458,0.56,0.376
1243.0281779120367,0.536,0.392
1243.0284130573273,0.528,0.384
1243.028648202618,0.552,0.384
1243.0288833479087,0.544,0.376
1243.0291184931993,0.528,0.392
1243.02935363849,0.528,0.384
1243.0295887837808,0.544,0.376
1243.0298239290714,0.528,0.376
1243.030059074362,0.504,0.392
1243.030294219653,0.512,0.376
1243.0305293649435,0.536,0.392
1243.0307645102341,0.528,0.376
1243.030999655525,0.536,0.392
1243.0312348008156,0.536,0.392
1243.0314699461062,0.52,0.376
1243.031705091397,0.536,0.376
1243.0319402366877,0.512,0.392
1243.0321753819783,0.504,0.376
1243.0324105272691,0.52,0.392
1243.0326456725597,0.504,0.376
1243.0328808178504,0.536,0.392
1243.0331159631412,0.528,0.392
1243.0333511084318,0.544,0.384
1243.0335862537224,0.544,0.392
1243.0338213990133,0.528,0.376
1243.034056544304,0.528,0.384
1243.0342916895945,0.544,0.4
1243.0345268348854,0.528,0.392
1243.034761980176,0.552,0.41600000000000004
1243.0349971254666,0.544,0.4
1243.0352322707574,0.528,0.392
1243.035467416048,0.536,0.384
1243.0357025613387,0.528,0.40800000000000003
1243.0359377066295,0.544,0.4
1243.0361728519201,0.52,0.432
1243.0364079972107,0.512,0.40800000000000003
1243.0366431425016,0.536,0.384
1243.0368782877922,0.528,0.384
1243.0371134330828,0.544,0.392
1243.0373485783737,0.544,0.4
1243.0375837236643,0.512,0.384
1243.037818868955,0.512,0.392
1243.0380540142457,0.536,0.384
1243.0382891595364,0.528,0.384
1243.038524304827,0.544,0.392
1243.0387594501178,0.528,0.384
1243.0389945954084,0.552,0.4
1243.039229740699,0.528,0.392
1243.03946488599,0.544,0.4
1243.0397000312805,0.536,0.4
1243.0399351765711,0.512,0.44
1243.040170321862,0.512,0.44
1243.0404054671526,0.496,0.392
1243.0406406124432,0.512,0.4
1243.040875757734,0.544,0.376
1243.0411109030247,0.52,0.376
1243.0413460483153,0.544,0.392
1243.0415811936061,0.528,0.376
1243.0418163388968,0.544,0.392
1243.0420514841874,0.528,0.376
1243.0422866294782,0.544,0.384
1243.0425217747688,0.536,0.384
1243.0427569200594,0.528,0.376
1243.0429920653503,0.528,0.376
1243.043227210641,0.536,0.392
1243.0434623559315,0.528,0.392
1243.0436975012224,0.504,0.376
1243.043932646513,0.504,0.376
1243.0441677918036,0.52,0.392
1243.0444029370944,0.52,0.4
1243.044638082385,0.544,0.384
1243.0448732276757,0.536,0.392
1243.0451083729665,0.52,0.424
1243.0453435182571,0.528,0.4
1243.0455786635478,0.512,0.384
1243.0458138088386,0.52,0.376
1243.0460489541292,0.544,0.392
1243.0462840994198,0.536,0.376
1243.0465192447107,0.552,0.392
1243.0467543900013,0.536,0.376
1243.046989535292,0.552,0.384
1243.0472246805828,0.536,0.376
1243.0474598258734,0.552,0.392
1243.047694971164,0.552,0.392
1243.0479301164548,0.528,0.376
1243.0481652617455,0.528,0.384
1243.048400407036,0.544,0.376
1243.048635552327,0.52,0.392
1243.0488706976175,0.544,0.376
1243.0491058429081,0.536,0.392
1243.049340988199,0.504,0.376
1243.0495761334896,0.504,0.376
1243.0498112787802,0.552,0.384
1243.050046424071,0.552,0.376
1243.0502815693617,0.528,0.384
1243.0505167146523,0.528,0.384
1243.0507518599431,0.544,0.376
1243.0509870052338,0.52,0.376
1243.0512221505244,0.544,0.392
1243.0514572958152,0.528,0.376
1243.0516924411058,0.544,0.392
1243.0519275863965,0.528,0.392
1243.0521627316873,0.544,0.376
1243.052397876978,0.528,0.392
1243.0526330222685,0.544,0.376
1243.0528681675594,0.504,0.376
1243.05310331285,0.536,0.392
1243.0533384581406,0.528,0.392
1243.0535736034315,0.544,0.376
1243.053808748722,0.528,0.376
1243.0540438940127,0.544,0.392
1243.0542790393035,0.528,0.392
1243.0545141845942,0.544,0.376
1243.0547493298848,0.544,0.384
1243.0549844751756,0.528,0.376
1243.0552196204662,0.544,0.392
1243.0554547657568,0.528,0.376
1243.0556899110477,0.528,0.392
1243.0559250563383,0.544,0.376
1243.056160201629,0.528,0.376
1243.0563953469198,0.536,0.392
1243.0566304922104,0.536,0.376
1243.056865637501,0.528,0.392
1243.0571007827918,0.536,0.384
1243.0573359280825,0.52,0.392
1243.057571073373,0.528,0.392
1243.057806218664,0.544,0.376
1243.0580413639545,0.544,0.392
1243.0582765092452,0.528,0.376
1243.058511654536,0.544,0.376
1243.0587467998266,0.504,0.384
1243.0589819451172,0.496,0.376
1243.059217090408,0.544,0.384
1243.0594522356987,0.536,0.384
1243.0596873809893,0.512,0.376
1243.0599225262802,0.52,0.376
1243.0601576715708,0.536,0.392
1243.0603928168614,0.52,0.376
1243.0606279621522,0.544,0.392
1243.0608631074429,0.536,0.384
1243.0610982527335,0.52,0.376
1243.0613333980243,0.528,0.376
1243.061568543315,0.544,0.384
1243.0618036886056,0.544,0.392
1243.0620388338964,0.512,0.376
1243.062273979187,0.512,0.392
1243.0625091244776,0.544,0.376
1243.0627442697685,0.552,0.384
1243.062979415059,0.528,0.376
1243.0632145603497,0.544,0.376
1243.0634497056406,0.512,0.392
1243.0636848509312,0.504,0.384
1243.0639199962218,0.544,0.384
1243.0641551415126,0.536,0.384
1243.0643902868032,0.552,0.392
1243.0646254320939,0.536,0.4
1243.0648605773847,0.56,0.44
1243.0650957226753,0.536,0.4
1243.065330867966,0.552,0.384
1243.0655660132568,0.536,0.384
1243.0658011585474,0.544,0.392
1243.066036303838,0.552,0.376
1243.0662714491289,0.536,0.384
1243.0665065944195,0.536,0.376
1243.06674173971,0.552,0.384
1243.066976885001,0.552,0.376
1243.0672120302916,0.536,0.392
1243.0674471755822,0.552,0.392
1243.067682320873,0.536,0.376
1243.0679174661636,0.544,0.384
1243.0681526114543,0.52,0.392
1243.068387756745,0.512,0.392
1243.0686229020357,0.536,0.44
1243.0688580473263,0.528,0.4
1243.0690931926172,0.544,0.368
1243.0693283379078,0.536,0.368
1243.0695634831984,0.528,0.32
1243.0697986284893,0.528,0.312
1243.0700337737799,0.544,0.168
1243.0702689190705,0.536,0.16
1243.0705040643613,0.496,0.056
1243.070739209652,0.496,0.048
1243.0709743549426,0.536,0.008
1243.0712095002334,0.536,0.008
1243.071444645524,0.528,-0.008
1243.0716797908146,0.528,0.0
1243.0719149361055,0.536,-0.008
1243.072150081396,0.528,-0.008
1243.0723852266867,0.504,0.0
1243.0726203719776,0.496,-0.008
1243.0728555172682,0.552,0.0
1243.0730906625588,0.552,0.0
1243.0733258078496,0.536,-0.016
1243.0735609531403,0.552,0.0
1243.0737960984309,0.536,-0.016
1243.0740312437217,0.536,-0.016
1243.0742663890123,0.552,0.0
1243.074501534303,0.552,0.0
1243.0747366795938,0.536,-0.016
1243.0749718248844,0.536,-0.016
1243.075206970175,0.56,0.0
1243.0754421154659,0.536,0.0
1243.0756772607565,0.552,-0.008
1243.075912406047,0.552,-0.008
1243.076147551338,0.536,0.0
1243.0763826966286,0.552,0.0
1243.0766178419192,0.536,-0.016
1243.07685298721,0.536,0.0
1243.0770881325006,0.56,-0.016
1243.0773232777913,0.544,-0.008
1243.077558423082,0.56,0.0
1243.0777935683727,0.536,0.0
1243.0780287136633,0.56,-0.016
1243.0782638589542,0.536,0.0
1243.0784990042448,0.552,-0.016
1243.0787341495354,0.56,-0.016
1243.0789692948263,0.536,0.0
1243.0792044401169,0.536,0.0
1243.0794395854075,0.56,-0.016
1243.0796747306983,0.552,0.0
1243.079909875989,0.536,-0.016
1243.0801450212796,0.552,0.0
1243.0803801665704,0.536,-0.016
1243.080615311861,0.544,0.0
1243.0808504571517,0.552,-0.016
1243.0810856024425,0.552,0.0
1243.0813207477331,0.536,-0.016
1243.0815558930237,0.536,0.0
1243.0817910383146,0.56,-0.016
1243.0820261836052,0.544,-0.016
1243.0822613288958,0.56,0.0
1243.0824964741867,0.544,0.0
1243.0827316194773,0.552,-0.016
1243.082966764768,0.544,-0.016
1243.0832019100587,0.56,0.0
1243.0834370553493,0.56,-0.016
1243.08367220064,0.536,0.0
1243.0839073459308,0.544,-0.016
1243.0841424912214,0.552,0.0
1243.084377636512,0.544,0.0
1243.084612781803,0.56,-0.016
1243.0848479270935,0.544,-0.016
1243.0850830723841,0.56,0.0
1243.085318217675,0.552,-0.016
1243.0855533629656,0.536,0.0
1243.0857885082562,0.536,0.0
1243.086023653547,0.56,-0.016
1243.0862587988377,0.544,0.0
1243.0864939441283,0.56,-0.016
1243.0867290894191,0.536,-0.016
1243.0869642347097,0.56,0.0
1243.0871993800004,0.56,-0.016
1243.0874345252912,0.536,0.0
1243.0876696705818,0.544,-0.016
1243.0879048158724,0.552,-0.008
1243.0881399611633,0.536,-0.016
1243.088375106454,0.56,0.0
1243.0886102517445,0.544,0.0
1243.0888453970354,0.56,-0.016
1243.089080542326,0.544,-0.016
1243.0893156876166,0.56,0.0
1243.0895508329074,0.536,-0.016
1243.089785978198,0.56,0.0
1243.0900211234887,0.544,-0.016
1243.0902562687795,0.56,0.0
1243.0904914140701,0.56,-0.016
1243.0907265593607,0.536,0.0
1243.0909617046516,0.544,-0.016
1243.0911968499422,0.56,0.0
1243.0914319952328,0.544,-0.016
1243.0916671405237,0.56,0.0
1243.0919022858143,0.544,-0.016
1243.092137431105,0.56,0.0
1243.0923725763957,0.544,-0.016
1243.0926077216864,0.552,0.0
1243.092842866977,0.552,-0.016
1243.0930780122678,0.536,0.0
1243.0933131575584,0.552,-0.016
1243.093548302849,0.544,0.0
1243.09378344814,0.544,-0.016
1243.0940185934305,0.56,0.0
1243.0942537387211,0.544,-0.016
1243.094488884012,0.56,0.0
1243.0947240293026,0.552,0.0
1243.0949591745932,0.544,-0.016
1243.095194319884,0.544,-0.016
1243.0954294651747,0.56,0.0
1243.0956646104653,0.552,-0.016
1243.0958997557561,0.536,0.0
1243.0961349010468,0.544,-0.016
1243.0963700463374,0.552,0.0
1243.0966051916282,0.544,-0.016
1243.0968403369188,0.56,0.0
1243.0970754822094,0.544,0.0
1243.0973106275003,0.56,-0.016
1243.097545772791,0.536,-0.016
1243.0977809180815,0.56,0.0
1243.0980160633724,0.56,0.0
1243.098251208663,0.544,-0.016
1243.0984863539536,0.544,-0.016
1243.0987214992444,0.56,0.0
1243.098956644535,0.552,-0.016
1243.0991917898257,0.544,0.0
1243.0994269351165,0.544,-0.016
1243.0996620804071,0.56,0.0
1243.0998972256978,0.544,0.0
1243.1001323709886,0.56,-0.016
1243.1003675162792,0.544,-0.016
1243.1006026615698,0.552,0.0
1243.1008378068607,0.544,0.0
1243.1010729521513,0.56,-0.016
1243.101308097442,0.544,-0.016
1243.1015432427328,0.56,0.0
1243.1017783880234,0.56,0.0
1243.102013533314,0.544,-0.016
1243.1022486786048,0.56,0.0
1243.1024838238955,0.536,-0.016
1243.102718969186,0.56,-0.016
1243.102954114477,0.536,0.0
1243.1031892597675,0.544,-0.016
1243.1034244050581,0.56,0.0
1243.103659550349,0.544,-0.016
1243.1038946956396,0.56,0.0
1243.1041298409302,0.56,-0.016
1243.104364986221,0.536,0.0
1243.1046001315117,0.544,-0.016
1243.1048352768023,0.552,0.0
1243.1050704220931,0.544,-0.016
1243.1053055673838,0.552,0.0
1243.1055407126744,0.544,-0.016
1243.1057758579652,0.56,0.0
1243.1060110032558,0.544,-0.008
1243.1062461485465,0.56,-0.016
1243.1064812938373,0.544,-0.016
1243.106716439128,0.56,0.0
1243.1069515844185,0.536,-0.016
1243.1071867297094,0.56,-0.008
1243.107421875,0.544,0.0
1243.1076570202906,0.56,-0.016
1243.1078921655815,0.552,-0.016
1243.108127310872,0.544,0.0
1243.1083624561627,0.544,-0.016
1243.1085976014535,0.552,0.0
1243.1088327467442,0.544,-0.016
1243.1090678920348,0.56,0.0
1243.1093030373256,0.544,-0.016
1243.1095381826162,0.552,-0.008
1243.1097733279069,0.544,-0.016
1243.1100084731977,0.56,0.0
1243.1102436184883,0.56,-0.008
1243.110478763779,0.536,-0.016
1243.1107139090698,0.544,-0.016
1243.1109490543604,0.56,-0.008
1243.111184199651,0.544,-0.016
1243.1114193449419,0.552,0.0
1243.1116544902325,0.552,-0.008
1243.111889635523,0.544,-0.016
1243.112124780814,0.544,-0.016
1243.1123599261045,0.552,-0.008
1243.1125950713952,0.552,-0.008
1243.112830216686,0.528,-0.016
1243.1130653619766,0.544,0.0
1243.1133005072672,0.52,-0.016
1243.113535652558,0.536,-0.016
1243.1137707978487,0.504,-0.008
1243.1140059431393,0.52,-0.016
1243.1142410884302,0.552,0.0
1243.1144762337208,0.552,-0.008
1243.1147113790114,0.536,-0.016
1243.1149465243022,0.544,-0.016
1243.1151816695929,0.56,-0.008
1243.1154168148835,0.544,-0.016
1243.1156519601743,0.56,0.0
1243.115887105465,0.536,-0.008
1243.1161222507556,0.552,-0.016
1243.1163573960464,0.56,-0.016
1243.116592541337,0.536,0.0
1243.1168276866276,0.536,-0.016
1243.1170628319185,0.56,0.0
1243.117297977209,0.56,-0.016
1243.1175331224997,0.536,0.0
1243.1177682677906,0.56,-0.008
1243.1180034130812,0.536,-0.016
1243.1182385583718,0.544,-0.016
1243.1184737036626,0.56,0.0
1243.1187088489532,0.544,-0.016
1243.1189439942439,0.56,0.0
1243.1191791395347,0.552,0.0
1243.1194142848253,0.528,-0.016
1243.119649430116,0.528,-0.008
1243.1198845754068,0.536,-0.016
1243.1201197206974,0.528,-0.016
1243.120354865988,0.544,-0.008
1243.1205900112789,0.544,-0.008
1243.1208251565695,0.528,-0.016
1243.12106030186,0.536,-0.016
1243.121295447151,0.512,0.0
1243.1215305924416,0.504,-0.008
1243.1217657377322,0.528,-0.016
1243.122000883023,0.528,-0.016
1243.1222360283136,0.552,0.0
1243.1224711736043,0.528,0.0
1243.122706318895,0.544,-0.016
1243.1229414641857,0.528,0.0
1243.1231766094763,0.536,-0.016
1243.1234117547672,0.536,-0.016
1243.1236469000578,0.512,0.0
1243.1238820453484,0.512,-0.008
1243.1241171906393,0.544,-0.016
1243.1243523359299,0.528,-0.016
1243.1245874812205,0.504,-0.008
1243.1248226265113,0.52,-0.016
1243.125057771802,0.552,0.0
1243.1252929170926,0.552,-0.016
1243.1255280623834,0.536,-0.008
1243.125763207674,0.56,0.0
1243.1259983529646,0.536,-0.016
1243.1262334982555,0.536,-0.008
1243.126468643546,0.552,-0.016
1243.1267037888367,0.536,-0.016
1243.1269389341276,0.552,-0.008
1243.1271740794182,0.536,-0.008
1243.1274092247088,0.56,-0.016
1243.1276443699996,0.536,-0.016
1243.1278795152903,0.552,0.0
1243.1281146605809,0.536,-0.008
1243.1283498058717,0.552,0.024
1243.1285849511623,0.544,0.024
1243.128820096453,0.552,0.128
1243.1290552417438,0.552,0.136
1243.1292903870344,0.536,0.296
1243.129525532325,0.552,0.304
1243.1297606776159,0.536,0.36
1243.1299958229065,0.544,0.36
1243.130230968197,0.56,0.384
1243.130466113488,0.552,0.392
1243.1307012587786,0.536,0.424
1243.1309364040692,0.536,0.40800000000000003
1243.13117154936,0.56,0.392
1243.1314066946507,0.536,0.392
1243.1316418399413,0.552,0.424
1243.131876985232,0.528,0.4
1243.1321121305227,0.544,0.392
1243.1323472758133,0.536,0.392
1243.1325824211042,0.504,0.384
1243.1328175663948,0.504,0.392
1243.1330527116854,0.536,0.376
1243.1332878569763,0.536,0.384
1243.1335230022669,0.52,0.40800000000000003
1243.1337581475575,0.504,0.40800000000000003
1243.1339932928483,0.544,0.44
1243.134228438139,0.528,0.432
1243.1344635834296,0.544,0.384
1243.1346987287204,0.528,0.392
1243.134933874011,0.504,0.40800000000000003
1243.1351690193017,0.504,0.392
1243.1354041645925,0.552,0.424
1243.1356393098831,0.552,0.41600000000000004
1243.1358744551737,0.536,0.384
1243.1361096004646,0.544,0.392
1243.1363447457552,0.536,0.40800000000000003
1243.1365798910458,0.536,0.392
1243.1368150363367,0.552,0.40800000000000003
1243.1370501816273,0.552,0.4
1243.137285326918,0.536,0.44
1243.1375204722087,0.536,0.432
1243.1377556174994,0.552,0.384
1243.13799076279,0.552,0.392
1243.1382259080808,0.536,0.384
1243.1384610533714,0.536,0.4
1243.138696198662,0.552,0.376
1243.138931343953,0.536,0.384
1243.1391664892435,0.56,0.40800000000000003
1243.1394016345341,0.536,0.4
1243.139636779825,0.56,0.44
1243.1398719251156,0.536,0.4
1243.1401070704062,0.56,0.424
1243.140342215697,0.552,0.40800000000000003
1243.1405773609877,0.536,0.424
1243.1408125062783,0.536,0.432
1243.1410476515691,0.56,0.4
1243.1412827968597,0.56,0.40800000000000003
1243.1415179421504,0.536,0.384
1243.1417530874412,0.536,0.384
1243.1419882327318,0.56,0.392
1243.1422233780224,0.544,0.392
1243.1424585233133,0.552,0.432
1243.142693668604,0.56,0.40800000000000003
1243.1429288138945,0.536,0.384
1243.1431639591854,0.536,0.384
1243.143399104476,0.552,0.4
1243.1436342497666,0.544,0.392
1243.1438693950574,0.56,0.424
1243.144104540348,0.552,0.41600000000000004
1243.1443396856387,0.536,0.392
1243.1445748309295,0.536,0.384
1243.1448099762201,0.56,0.40800000000000003
1243.1450451215107,0.544,0.424
1243.1452802668016,0.528,0.392
1243.1455154120922,0.512,0.4
1243.1457505573828,0.544,0.384
1243.1459857026737,0.544,0.4
1243.1462208479643,0.52,0.432
1243.146455993255,0.528,0.424
1243.1466911385457,0.504,0.392
1243.1469262838364,0.504,0.392
1243.147161429127,0.552,0.384
1243.1473965744178,0.536,0.384
1243.1476317197084,0.552,0.40800000000000003
1243.147866864999,0.552,0.424
1243.14810201029,0.536,0.384
1243.1483371555805,0.56,0.392
1243.1485723008711,0.536,0.376
1243.148807446162,0.552,0.384
1243.1490425914526,0.536,0.376
1243.1492777367432,0.536,0.384
1243.149512882034,0.56,0.376
1243.1497480273247,0.552,0.392
1243.1499831726153,0.536,0.376
1243.1502183179061,0.544,0.392
1243.1504534631968,0.52,0.376
1243.1506886084874,0.528,0.376
1243.1509237537782,0.544,0.384
1243.1511588990688,0.504,0.376
1243.1513940443594,0.544,0.392
1243.1516291896503,0.552,0.376
1243.151864334941,0.536,0.392
1243.1520994802315,0.536,0.376
1243.1523346255224,0.552,0.392
1243.152569770813,0.536,0.376
1243.1528049161036,0.552,0.384
1243.1530400613944,0.552,0.376
1243.153275206685,0.536,0.392
1243.1535103519757,0.544,0.392
1243.1537454972665,0.528,0.376
1243.1539806425571,0.544,0.376
1243.1542157878478,0.512,0.392
1243.1544509331386,0.512,0.376
1243.1546860784292,0.504,0.392
1243.1549212237198,0.504,0.376
1243.1551563690107,0.528,0.392
1243.1553915143013,0.52,0.376
1243.155626659592,0.544,0.392
1243.1558618048828,0.528,0.392
1243.1560969501734,0.544,0.376
1243.156332095464,0.536,0.392
1243.1565672407548,0.512,0.376
1243.1568023860455,0.528,0.384
1243.157037531336,0.544,0.376
1243.157272676627,0.528,0.376
1243.1575078219175,0.544,0.384
1243.1577429672082,0.528,0.384
1243.157978112499,0.544,0.376
1243.1582132577896,0.496,0.376
1243.1584484030802,0.536,0.384
1243.158683548371,0.552,0.376
1243.1589186936617,0.52,0.384
1243.1591538389523,0.536,0.384
1243.1593889842432,0.528,0.376
1243.1596241295338,0.544,0.376
1243.1598592748244,0.52,0.392
1243.1600944201152,0.528,0.392
1243.1603295654058,0.504,0.376
1243.1605647106965,0.504,0.376
1243.1607998559873,0.544,0.384
1243.161035001278,0.528,0.392
1243.1612701465685,0.544,0.376
1243.1615052918594,0.52,0.384
1243.16174043715,0.536,0.376
1243.1619755824406,0.52,0.376
1243.1622107277315,0.536,0.392
1243.162445873022,0.528,0.376
1243.1626810183127,0.496,0.392
1243.1629161636035,0.504,0.376
1243.1631513088942,0.528,0.392
1243.1633864541848,0.544,0.384
1243.1636215994756,0.52,0.384
1243.1638567447662,0.528,0.392
1243.1640918900569,0.544,0.376
1243.1643270353477,0.536,0.384
1243.1645621806383,0.504,0.384
1243.164797325929,0.528,0.384
1243.1650324712198,0.544,0.376
1243.1652676165104,0.528,0.392
1243.165502761801,0.544,0.376
1243.1657379070919,0.544,0.392
1243.1659730523825,0.52,0.376
1243.166208197673,0.496,0.384
1243.166443342964,0.536,0.376
1243.1666784882545,0.528,0.384
1243.1669136335452,0.544,0.392
1243.167148778836,0.528,0.384
1243.1673839241266,0.544,0.392
1243.1676190694172,0.536,0.384
1243.167854214708,0.496,0.4
1243.1680893599987,0.496,0.392
1243.1683245052893,0.544,0.44
1243.1685596505802,0.544,0.44
1243.1687947958708,0.528,0.392
1243.1690299411614,0.528,0.384
1243.1692650864522,0.536,0.384
1243.1695002317429,0.528,0.376
1243.1697353770335,0.536,0.392
1243.1699705223243,0.528,0.384
1243.170205667615,0.536,0.376
1243.1704408129056,0.536,0.376
1243.1706759581964,0.512,0.392
1243.170911103487,0.504,0.376
1243.1711462487776,0.544,0.392
1243.1713813940685,0.544,0.384
1243.171616539359,0.52,0.376
1243.1718516846497,0.528,0.392
1243.1720868299406,0.544,0.376
1243.1723219752312,0.528,0.384
1243.1725571205218,0.504,0.384
1243.1727922658126,0.504,0.376
1243.1730274111032,0.528,0.392
1243.1732625563939,0.528,0.384
1243.1734977016847,0.544,0.376
1243.1737328469753,0.528,0.376
1243.173967992266,0.544,0.392
1243.1742031375568,0.52,0.376
1243.1744382828474,0.536,0.392
1243.174673428138,0.528,0.384
1243.1749085734289,0.544,0.376
1243.1751437187195,0.544,0.392
1243.17537886401,0.52,0.376
1243.175614009301,0.52,0.384
1243.1758491545916,0.504,0.384
1243.1760842998822,0.52,0.392
1243.176319445173,0.544,0.384
1243.1765545904636,0.528,0.384
1243.1767897357543,0.544,0.376
1243.177024881045,0.528,0.392
1243.1772600263357,0.544,0.376
1243.1774951716263,0.536,0.376
1243.1777303169172,0.496,0.392
1243.1779654622078,0.496,0.392
1243.1782006074984,0.512,0.376
1243.1784357527893,0.512,0.376
1243.1786708980799,0.496,0.392
1243.1789060433705,0.512,0.376
1243.1791411886613,0.536,0.392
1243.179376333952,0.536,0.392
1243.1796114792426,0.52,0.376
1243.1798466245334,0.52,0.392
1243.180081769824,0.544,0.376
1243.1803169151146,0.528,0.392
1243.1805520604055,0.496,0.376
1243.180787205696,0.504,0.384
1243.1810223509867,0.536,0.384
1243.1812574962776,0.544,0.384
1243.1814926415682,0.52,0.384
1243.1817277868588,0.544,0.384
1243.1819629321496,0.512,0.384
1243.1821980774403,0.512,0.376
1243.1824332227309,0.552,0.392
1243.1826683680217,0.536,0.384
1243.1829035133123,0.552,0.384
1243.183138658603,0.536,0.384
1243.1833738038938,0.552,0.376
1243.1836089491844,0.536,0.384
1243.183844094475,0.552,0.392
1243.1840792397659,0.536,0.392
1243.1843143850565,0.552,0.376
1243.184549530347,0.536,0.376
1243.184784675638,0.552,0.384
1243.1850198209286,0.552,0.392
1243.1852549662192,0.536,0.376
1243.18549011151,0.536,0.384
1243.1857252568007,0.552,0.376
1243.1859604020913,0.544,0.376
1243.186195547382,0.536,0.392
1243.1864306926727,0.536,0.384
1243.1866658379633,0.552,0.368
1243.1869009832542,0.536,0.36
1243.1871361285448,0.56,0.304
1243.1873712738354,0.536,0.296
1243.1876064191263,0.56,0.152
1243.1878415644169,0.536,0.14400000000000002
1243.1880767097075,0.552,0.04
1243.1883118549983,0.536,0.048
1243.188547000289,0.552,0.0
1243.1887821455796,0.56,0.008
1243.1890172908704,0.536,-0.008
1243.189252436161,0.552,0.0
1243.1894875814517,0.536,-0.008
1243.1897227267425,0.536,0.0
1243.1899578720331,0.552,-0.016
1243.1901930173237,0.544,-0.016
1243.1904281626146,0.552,0.0
1243.1906633079052,0.536,-0.008
1243.1908984531958,0.552,0.0
1243.1911335984867,0.552,-0.008
1243.1913687437773,0.536,0.0
1243.191603889068,0.552,-0.016
1243.1918390343587,0.536,0.0
1243.1920741796494,0.536,0.0
1243.19230932494,0.552,-0.016
1243.1925444702308,0.552,-0.016
1243.1927796155214,0.536,0.0
1243.193014760812,0.552,-0.016
1243.193249906103,0.536,0.0
1243.1934850513935,0.552,-0.016
1243.1937201966841,0.536,0.0
1243.193955341975,0.552,-0.016
1243.1941904872656,0.536,0.0
1243.1944256325562,0.544,-0.016
1243.194660777847,0.56,0.0
1243.1948959231377,0.544,0.0
1243.1951310684283,0.552,-0.016
1243.1953662137191,0.544,0.0
1243.1956013590097,0.56,-0.008
1243.1958365043004,0.552,0.0
1243.1960716495912,0.536,-0.016
1243.1963067948818,0.552,0.0
1243.1965419401724,0.536,-0.016
1243.1967770854633,0.552,-0.016
1243.197012230754,0.536,0.0
1243.1972473760445,0.544,-0.016
1243.1974825213354,0.56,0.0
1243.197717666626,0.544,-0.016
1243.1979528119166,0.56,0.0
1243.1981879572074,0.544,-0.016
1243.198423102498,0.552,0.0
1243.1986582477887,0.56,0.0
1243.1988933930795,0.536,-0.016
1243.1991285383701,0.552,-0.016
1243.1993636836607,0.536,0.0
1243.1995988289516,0.552,0.0
1243.1998339742422,0.528,-0.016
1243.2000691195328,0.544,-0.016
1243.2003042648237,0.512,0.0
1243.2005394101143,0.504,-0.016
1243.200774555405,0.56,0.0
1243.2010097006957,0.536,0.0
1243.2012448459864,0.56,-0.016
1243.201479991277,0.536,-0.016
1243.2017151365678,0.56,0.0
1243.2019502818584,0.544,0.0
1243.202185427149,0.552,-0.016
1243.20242057244,0.536,0.0
1243.2026557177305,0.552,-0.016
1243.2028908630211,0.544,0.0
1243.203126008312,0.552,-0.016
1243.2033611536026,0.544,0.0
1243.2035962988932,0.552,-0.016
1243.203831444184,0.536,-0.016
1243.2040665894747,0.56,0.0
1243.2043017347653,0.544,0.0
1243.2045368800561,0.552,-0.016
1243.2047720253468,0.544,-0.016
1243.2050071706374,0.56,0.0
1243.2052423159282,0.552,-0.016
1243.2054774612188,0.536,0.0
1243.2057126065095,0.56,-0.016
1243.2059477518003,0.536,0.0
1243.206182897091,0.552,-0.016
1243.2064180423815,0.544,0.0
1243.2066531876724,0.544,-0.016
1243.206888332963,0.56,0.0
1243.2071234782536,0.544,-0.016
1243.2073586235445,0.552,0.0
1243.207593768835,0.56,-0.016
1243.2078289141257,0.536,0.0
1243.2080640594165,0.536,-0.016
1243.2082992047071,0.56,0.0
1243.2085343499978,0.544,0.0
1243.2087694952886,0.56,-0.016
1243.2090046405792,0.544,-0.016
1243.2092397858698,0.56,0.0
1243.2094749311607,0.552,-0.016
1243.2097100764513,0.544,0.0
1243.209945221742,0.544,-0.016
1243.2101803670328,0.56,0.0
1243.2104155123234,0.552,-0.008
1243.210650657614,0.536,-0.016
1243.2108858029048,0.544,-0.016
1243.2111209481955,0.56,0.0
1243.211356093486,0.56,-0.016
1243.211591238777,0.544,0.0
1243.2118263840675,0.544,-0.016
1243.2120615293582,0.552,0.0
1243.212296674649,0.544,-0.016
1243.2125318199396,0.56,0.0
1243.2127669652302,0.544,0.0
1243.213002110521,0.56,-0.016
1243.2132372558117,0.544,-0.016
1243.2134724011023,0.56,0.0
1243.2137075463932,0.544,0.0
1243.2139426916838,0.56,-0.016
1243.2141778369744,0.56,-0.008
1243.2144129822652,0.536,-0.016
1243.2146481275558,0.544,0.0
1243.2148832728465,0.56,-0.016
1243.2151184181373,0.56,0.0
1243.215353563428,0.536,-0.016
1243.2155887087185,0.536,-0.016
1243.2158238540094,0.56,0.0
1243.2160589993,0.544,-0.016
1243.2162941445906,0.56,0.0
1243.2165292898815,0.544,-0.016
1243.216764435172,0.56,-0.008
1243.2169995804627,0.544,-0.016
1243.2172347257535,0.552,0.0
1243.2174698710442,0.544,0.0
1243.2177050163348,0.56,-0.016
1243.2179401616256,0.544,-0.016
1243.2181753069162,0.56,0.0
1243.2184104522069,0.544,-0.016
1243.2186455974977,0.56,-0.008
1243.2188807427883,0.544,-0.016
1243.219115888079,0.56,0.0
1243.2193510333698,0.544,-0.016
1243.2195861786604,0.56,0.0
1243.219821323951,0.56,-0.016
1243.2200564692419,0.536,0.0
1243.2202916145325,0.552,0.0
1243.220526759823,0.536,-0.016
1243.220761905114,0.544,0.0
1243.2209970504045,0.56,-0.016
1243.2212321956952,0.544,-0.016
1243.221467340986,0.56,-0.008
1243.2217024862766,0.544,-0.016
1243.2219376315672,0.56,0.0
1243.222172776858,0.544,-0.016
1243.2224079221487,0.56,0.0
1243.2226430674393,0.536,-0.016
1243.2228782127302,0.56,0.0
1243.2231133580208,0.544,-0.008
1243.2233485033114,0.56,-0.016
1243.2235836486022,0.552,-0.008
1243.2238187938929,0.536,-0.016
1243.2240539391835,0.56,-0.008
1243.2242890844743,0.544,-0.016
1243.224524229765,0.536,-0.016
1243.2247593750556,0.56,-0.008
1243.2249945203464,0.544,-0.016
1243.225229665637,0.56,-0.008
1243.2254648109276,0.544,-0.016
1243.2256999562185,0.56,0.0
1243.225935101509,0.544,0.0
1243.2261702467997,0.56,-0.016
1243.2264053920906,0.544,-0.016
1243.2266405373812,0.552,0.0
1243.2268756826718,0.544,-0.016
1243.2271108279626,0.552,0.0
1243.2273459732533,0.56,-0.016
1243.2275811185439,0.536,0.0
1243.2278162638347,0.544,-0.016
1243.2280514091253,0.56,0.0
1243.228286554416,0.544,-0.016
1243.2285216997068,0.552,-0.008
1243.2287568449974,0.552,-0.016
1243.228991990288,0.536,0.0
1243.2292271355789,0.56,-0.008
1243.2294622808695,0.536,-0.016
1243.22969742616,0.544,-0.008
1243.229932571451,0.56,-0.016
1243.2301677167416,0.552,-0.016
1243.2304028620322,0.536,0.0
1243.230638007323,0.544,-0.008
1243.2308731526136,0.528,-0.016
1243.2311082979043,0.536,-0.016
1243.231343443195,0.504,-0.008
1243.2315785884857,0.512,-0.008
1243.2318137337763,0.536,-0.016
1243.2320488790672,0.528,-0.016
1243.2322840243578,0.544,0.0
1243.2325191696484,0.544,-0.008
1243.2327543149393,0.512,-0.016
1243.2329894602299,0.504,-0.016
1243.2332246055205,0.552,-0.008
1243.2334597508113,0.552,-0.016
1243.233694896102,0.536,0.0
1243.2339300413926,0.552,-0.016
1243.2341651866834,0.536,-0.008
1243.234400331974,0.552,-0.008
1243.2346354772646,0.536,-0.016
1243.2348706225555,0.552,-0.016
1243.235105767846,0.536,0.0
1243.2353409131367,0.544,0.0
1243.2355760584276,0.56,-0.016
1243.2358112037182,0.552,-0.016
1243.2360463490088,0.536,-0.008
1243.2362814942996,0.536,-0.016
1243.2365166395903,0.56,0.0
1243.2367517848809,0.56,-0.008
1243.2369869301717,0.536,-0.016
1243.2372220754623,0.56,-0.016
1243.237457220753,0.536,0.0
1243.2376923660438,0.544,-0.016
1243.2379275113344,0.56,-0.008
1243.238162656625,0.56,-0.016
1243.2383978019159,0.536,-0.008
1243.2386329472065,0.552,-0.016
1243.2388680924971,0.536,0.0
1243.239103237788,0.552,-0.016
1243.2393383830786,0.544,0.0
1243.2395735283692,0.536,-0.016
1243.23980867366,0.56,0.0
1243.2400438189507,0.536,-0.008
1243.2402789642413,0.56,-0.016
1243.2405141095321,0.544,-0.016
1243.2407492548227,0.552,0.0
1243.2409844001133,0.552,-0.016
1243.2412195454042,0.536,0.0
1243.2414546906948,0.544,-0.008
1243.2416898359854,0.56,-0.016
1243.2419249812763,0.552,-0.016
1243.242160126567,0.544,0.0
1243.2423952718575,0.552,-0.016
1243.2426304171483,0.536,0.0
1243.242865562439,0.544,-0.016
1243.2431007077296,0.552,0.0
1243.2433358530204,0.544,-0.016
1243.243570998311,0.56,0.0
1243.2438061436017,0.552,-0.016
1243.2440412888925,0.536,0.0
1243.2442764341831,0.544,-0.016
1243.2445115794737,0.56,0.0
1243.2447467247646,0.552,-0.016
1243.2449818700552,0.536,0.0
1243.2452170153458,0.544,-0.016
1243.2454521606367,0.56,0.0
1243.2456873059273,0.544,-0.008
1243.245922451218,0.56,0.032
1243.2461575965087,0.552,0.024
1243.2463927417994,0.536,0.136
1243.24662788709,0.544,0.136
1243.2468630323808,0.56,0.28
1243.2470981776714,0.544,0.28800000000000003
1243.247333322962,0.56,0.36
1243.247568468253,0.544,0.36
1243.2478036135435,0.56,0.424
1243.2480387588341,0.552,0.384
1243.248273904125,0.536,0.41600000000000004
1243.2485090494156,0.544,0.41600000000000004
1243.2487441947062,0.56,0.432
1243.248979339997,0.56,0.448
1243.2492144852877,0.536,0.4
1243.2494496305783,0.544,0.392
1243.2496847758691,0.56,0.384
1243.2499199211597,0.552,0.384
1243.2501550664504,0.536,0.4
1243.2503902117412,0.544,0.392
1243.2506253570318,0.56,0.376
1243.2508605023224,0.544,0.384
1243.2510956476133,0.552,0.40800000000000003
1243.251330792904,0.544,0.392
1243.2515659381945,0.56,0.4
1243.2518010834854,0.544,0.392
1243.252036228776,0.56,0.41600000000000004
1243.2522713740666,0.544,0.41600000000000004
1243.2525065193574,0.528,0.44
1243.252741664648,0.544,0.44
1243.2529768099387,0.528,0.392
1243.2532119552295,0.544,0.4
1243.2534471005201,0.528,0.376
1243.2536822458108,0.544,0.392
1243.2539173911016,0.528,0.376
1243.2541525363922,0.544,0.392
1243.2543876816828,0.504,0.376
1243.2546228269737,0.528,0.384
1243.2548579722643,0.544,0.376
1243.255093117555,0.528,0.384
1243.2553282628458,0.552,0.376
1243.2555634081364,0.528,0.384
1243.255798553427,0.544,0.376
1243.2560336987178,0.536,0.392
1243.2562688440084,0.52,0.376
1243.256503989299,0.512,0.376
1243.25673913459,0.552,0.384
1243.2569742798805,0.552,0.384
1243.2572094251711,0.536,0.384
1243.257444570462,0.552,0.376
1243.2576797157526,0.536,0.392
1243.2579148610432,0.544,0.392
1243.258150006334,0.56,0.376
1243.2583851516247,0.552,0.384
1243.2586202969153,0.536,0.384
1243.2588554422061,0.552,0.376
1243.2590905874968,0.536,0.392
1243.2593257327874,0.552,0.376
1243.2595608780782,0.536,0.392
1243.2597960233688,0.536,0.384
1243.2600311686595,0.552,0.376
1243.2602663139503,0.552,0.376
1243.260501459241,0.528,0.392
1243.2607366045315,0.536,0.384
1243.2609717498224,0.504,0.392
1243.261206895113,0.504,0.376
1243.2614420404036,0.536,0.392
1243.2616771856945,0.536,0.384
1243.261912330985,0.52,0.376
1243.2621474762757,0.552,0.384
1243.2623826215665,0.504,0.424
1243.2626177668571,0.504,0.432
1243.2628529121478,0.536,0.392
1243.2630880574386,0.496,0.4
1243.2633232027292,0.528,0.384
1243.2635583480198,0.528,0.384
1243.2637934933107,0.544,0.4
1243.2640286386013,0.528,0.4
1243.264263783892,0.544,0.432
1243.2644989291828,0.536,0.44
1243.2647340744734,0.528,0.384
1243.264969219764,0.528,0.4
1243.2652043650548,0.544,0.384
1243.2654395103455,0.536,0.392
1243.265674655636,0.52,0.41600000000000004
1243.265909800927,0.52,0.432
1243.2661449462175,0.544,0.4
1243.2663800915082,0.528,0.4
1243.266615236799,0.496,0.384
1243.2668503820896,0.496,0.384
1243.2670855273802,0.512,0.376
1243.267320672671,0.504,0.376
1243.2675558179617,0.536,0.392
1243.2677909632523,0.528,0.392
1243.2680261085432,0.536,0.384
1243.2682612538338,0.528,0.376
1243.2684963991244,0.544,0.392
1243.2687315444152,0.544,0.384
1243.2689666897058,0.528,0.4
1243.2692018349965,0.528,0.392
1243.2694369802873,0.544,0.432
1243.269672125578,0.528,0.424
1243.2699072708685,0.504,0.4
1243.2701424161594,0.504,0.4
1243.27037756145,0.536,0.432
1243.2706127067406,0.544,0.41600000000000004
1243.2708478520315,0.52,0.392
1243.271082997322,0.528,0.392
1243.2713181426127,0.52,0.424
1243.2715532879035,0.536,0.424
1243.2717884331942,0.504,0.392
1243.2720235784848,0.504,0.384
1243.2722587237756,0.536,0.40800000000000003
1243.2724938690662,0.528,0.4
1243.2727290143569,0.544,0.384
1243.2729641596477,0.528,0.384
1243.2731993049383,0.544,0.40800000000000003
1243.273434450229,0.536,0.432
1243.2736695955198,0.52,0.392
1243.2739047408104,0.528,0.392
1243.274139886101,0.544,0.432
1243.2743750313919,0.544,0.44
1243.2746101766825,0.52,0.392
1243.274845321973,0.528,0.392
1243.275080467264,0.544,0.424
1243.2753156125546,0.544,0.44
1243.2755507578452,0.528,0.392
1243.275785903136,0.528,0.392
1243.2760210484266,0.504,0.384
1243.2762561937172,0.528,0.384
1243.276491339008,0.536,0.392
1243.2767264842987,0.528,0.384
1243.2769616295893,0.536,0.392
1243.2771967748802,0.528,0.384
1243.2774319201708,0.536,0.392
1243.2776670654614,0.528,0.384
1243.2779022107522,0.544,0.4
1243.2781373560429,0.528,0.384
1243.2783725013335,0.544,0.4
1243.2786076466243,0.528,0.4
1243.278842791915,0.544,0.432
1243.2790779372056,0.536,0.41600000000000004
1243.2793130824964,0.52,0.384
1243.279548227787,0.504,0.384
1243.2797833730776,0.536,0.4
1243.2800185183685,0.528,0.392
1243.280253663659,0.536,0.40800000000000003
1243.2804888089497,0.528,0.392
1243.2807239542406,0.544,0.432
1243.2809590995312,0.544,0.41600000000000004
1243.2811942448218,0.504,0.392
1243.2814293901126,0.504,0.4
1243.2816645354033,0.536,0.384
1243.2818996806939,0.544,0.392
1243.2821348259847,0.512,0.432
1243.2823699712753,0.512,0.432
1243.282605116566,0.544,0.392
1243.2828402618568,0.536,0.384
1243.2830754071474,0.552,0.376
1243.283310552438,0.536,0.392
1243.2835456977289,0.552,0.376
1243.2837808430195,0.544,0.384
1243.28401598831,0.536,0.376
1243.284251133601,0.536,0.392
1243.2844862788916,0.56,0.376
1243.2847214241822,0.536,0.376
1243.284956569473,0.552,0.392
1243.2851917147636,0.536,0.376
1243.2854268600543,0.552,0.392
1243.285662005345,0.536,0.376
1243.2858971506357,0.56,0.392
1243.2861322959263,0.536,0.384
1243.2863674412172,0.552,0.376
1243.2866025865078,0.544,0.384
1243.2868377317984,0.56,0.376
1243.2870728770893,0.552,0.376
1243.2873080223799,0.536,0.392
1243.2875431676705,0.536,0.376
1243.2877783129613,0.552,0.392
1243.3059856891632,0.552,-0.016
1243.3062376397847,0.528,0.0
1243.3064895904065,0.528,0.0
1243.306741541028,0.544,-0.016
1243.3069934916496,0.528,-0.016
1243.3072454422713,0.504,0.0
1243.3074973928929,0.528,-0.016
1243.3077493435144,0.544,0.0
1243.3080012941361,0.536,-0.016
1243.3082532447577,0.504,0.0
1243.3085051953792,0.496,-0.016
1243.308757146001,0.528,0.0
1243.3090090966225,0.536,-0.016
1243.309261047244,0.504,0.0
1243.3095129978656,0.544,-0.016
1243.3097649484873,0.528,0.0
1243.3100168991089,0.52,-0.016
1243.3102688497304,0.536,0.0
1243.3105208003522,0.544,-0.016
1243.3107727509737,0.512,0.0
1243.3110247015952,0.52,-0.008
1243.311276652217,0.504,0.024
1243.3115286028385,0.512,0.024
1243.31178055346,0.544,0.128
1243.3120325040818,0.528,0.136
1243.3122844547033,0.544,0.28800000000000003
1243.3125364053249,0.536,0.28
1243.3127883559466,0.512,0.36
1243.3130403065682,0.512,0.36
1243.3132922571897,0.544,0.384
1243.3135442078114,0.528,0.384
1243.313796158433,0.544,0.4
1243.3140481090545,0.544,0.4
1243.3143000596763,0.528,0.392
1243.3145520102978,0.536,0.392
1243.3148039609193,0.504,0.4
1243.315055911541,0.528,0.392
1243.3153078621626,0.544,0.4
1243.3155598127842,0.528,0.392
1243.3158117634057,0.552,0.4
1243.3160637140275,0.536,0.392
1243.316315664649,0.528,0.4
1243.3165676152705,0.512,0.392
1243.3168195658923,0.544,0.4
1243.3170715165138,0.552,0.392
1243.3173234671353,0.528,0.4
1243.317575417757,0.544,0.392
1243.3178273683786,0.512,0.40800000000000003
1243.3180793190002,0.504,0.392
1243.318331269622,0.56,0.40800000000000003
1243.3185832202435,0.536,0.392
1243.318835170865,0.56,0.40800000000000003
1243.3190871214867,0.552,0.392
1243.3193390721083,0.536,0.4
1243.3195910227298,0.536,0.392
1243.3198429733516,0.52,0.40800000000000003
1243.320094923973,0.536,0.392
1243.3203468745946,0.504,0.40800000000000003
1243.3205988252164,0.528,0.392
1243.320850775838,0.504,0.40800000000000003
1243.3211027264595,0.504,0.392
1243.3213546770812,0.528,0.4
1243.3216066277027,0.512,0.392
1243.3218585783243,0.544,0.4
1243.3221105289458,0.544,0.392
1243.3223624795676,0.52,0.4
1243.322614430189,0.512,0.40800000000000003
1243.3228663808106,0.536,0.392
1243.3231183314324,0.528,0.392
1243.323370282054,0.544,0.4
1243.3236222326755,0.544,0.392
1243.3238741832972,0.504,0.40800000000000003
1243.3241261339188,0.504,0.4
1243.3243780845403,0.536,0.392
1243.324630035162,0.528,0.392
1243.3248819857836,0.544,0.40800000000000003
1243.325133936405,0.52,0.392
1243.3253858870269,0.536,0.40800000000000003
1243.3256378376484,0.528,0.392
1243.32588978827,0.536,0.4
1243.3261417388917,0.504,0.392
1243.3263936895132,0.536,0.424
1243.3266456401348,0.528,0.41600000000000004
1243.3268975907565,0.544,0.392
1243.327149541378,0.544,0.392
1243.3274014919996,0.512,0.40800000000000003
1243.3276534426213,0.528,0.392
1243.3279053932429,0.544,0.40800000000000003
1243.3281573438644,0.528,0.392
1243.328409294486,0.544,0.40800000000000003
1243.3286612451077,0.504,0.392
1243.3289131957292,0.552,0.4
1243.3291651463508,0.552,0.392
1243.3294170969725,0.536,0.4
1243.329669047594,0.544,0.392
1243.3299209982156,0.552,0.40800000000000003
1243.3301729488373,0.56,0.392
1243.3304248994589,0.536,0.4
1243.3306768500804,0.536,0.392
1243.3309288007022,0.552,0.40800000000000003
1243.3311807513237,0.552,0.4
1243.3314327019452,0.536,0.40800000000000003
1243.331684652567,0.544,0.4
1243.3319366031885,0.56,0.41600000000000004
1243.33218855381,0.544,0.4
1243.3324405044318,0.56,0.41600000000000004
1243.3326924550533,0.544,0.41600000000000004
1243.3329444056749,0.552,0.44
1243.3331963562966,0.544,0.40800000000000003
1243.3334483069182,0.552,0.424
1243.3337002575397,0.536,0.44
1243.3339522081615,0.552,0.40800000000000003
1243.334204158783,0.544,0.40800000000000003
1243.3344561094045,0.56,0.4
1243.334708060026,0.544,0.40800000000000003
1243.3349600106478,0.56,0.392
1243.3352119612694,0.544,0.4
1243.3354639118909,0.56,0.41600000000000004
1243.3357158625126,0.544,0.40800000000000003
1243.3359678131342,0.56,0.424
1243.3362197637557,0.544,0.40800000000000003
1243.3364717143775,0.56,0.424
1243.336723664999,0.544,0.40800000000000003
1243.3369756156205,0.56,0.448
1243.3372275662423,0.544,0.448
1243.3374795168638,0.56,0.4
1243.3377314674854,0.544,0.392
1243.3379834181071,0.56,0.40800000000000003
1243.3382353687286,0.552,0.392
1243.3384873193502,0.544,0.40800000000000003
1243.338739269972,0.544,0.392
1243.3389912205935,0.56,0.4
1243.339243171215,0.544,0.392
1243.3394951218368,0.56,0.4
1243.3397470724583,0.544,0.392
1243.3399990230798,0.56,0.4
1243.3402509737016,0.544,0.392
1243.3405029243231,0.56,0.4
1243.3407548749447,0.552,0.392
1243.3410068255662,0.544,0.4
1243.341258776188,0.544,0.392
1243.3415107268095,0.56,0.40800000000000003
1243.341762677431,0.544,0.392
1243.3420146280528,0.56,0.4
1243.3422665786743,0.544,0.392
1243.3425185292958,0.56,0.4
1243.3427704799176,0.544,0.392
1243.3430224305391,0.56,0.4
1243.3432743811607,0.544,0.392
1243.3435263317824,0.56,0.40800000000000003
1243.343778282404,0.544,0.4
1243.3440302330255,0.56,0.41600000000000004
1243.3442821836472,0.56,0.41600000000000004
1243.3445341342688,0.544,0.4
1243.3447860848903,0.544,0.4
1243.345038035512,0.56,0.432
1243.3452899861336,0.544,0.424
1243.3455419367551,0.56,0.4
1243.3457938873769,0.544,0.41600000000000004
1243.3460458379984,0.56,0.4
1243.34629778862,0.544,0.4
1243.3465497392417,0.56,0.41600000000000004
1243.3468016898632,0.544,0.424
1243.3470536404848,0.56,0.4
1243.3473055911063,0.56,0.40800000000000003
1243.347557541728,0.544,0.44
1243.3478094923496,0.544,0.40800000000000003
1243.3480614429711,0.56,0.392
1243.348313393593,0.544,0.40800000000000003
1243.3485653442144,0.56,0.392
1243.348817294836,0.536,0.392
1243.3490692454577,0.56,0.40800000000000003
1243.3493211960792,0.56,0.40800000000000003
1243.3495731467008,0.544,0.392
1243.3498250973225,0.544,0.4
1243.350077047944,0.56,0.392
1243.3503289985656,0.544,0.392
1243.3505809491874,0.56,0.40800000000000003
1243.350832899809,0.56,0.392
1243.3510848504304,0.544,0.4
1243.3513368010522,0.544,0.4
1243.3515887516737,0.552,0.392
1243.3518407022952,0.544,0.392
1243.352092652917,0.56,0.4
1243.3523446035385,0.544,0.392
1243.35259655416,0.56,0.4
1243.3528485047818,0.56,0.4
1243.3531004554034,0.544,0.40800000000000003
1243.353352406025,0.544,0.40800000000000003
1243.3536043566464,0.56,0.448
1243.3538563072682,0.536,0.41600000000000004
1243.3541082578897,0.56,0.4
1243.3543602085113,0.56,0.392
1243.354612159133,0.544,0.424
1243.3548641097545,0.56,0.448
1243.355116060376,0.544,0.40800000000000003
1243.3553680109978,0.544,0.424
1243.3556199616194,0.56,0.4
1243.355871912241,0.56,0.4
1243.3561238628627,0.544,0.4
1243.3563758134842,0.544,0.4
1243.3566277641057,0.56,0.40800000000000003
1243.3568797147275,0.544,0.392
1243.357131665349,0.56,0.40800000000000003
1243.3573836159705,0.544,0.40800000000000003
1243.3576355665923,0.56,0.456
1243.3578875172138,0.56,0.424
1243.3581394678354,0.544,0.4
1243.3583914184571,0.544,0.392
1243.3586433690787,0.56,0.424
1243.3588953197002,0.544,0.432
1243.359147270322,0.56,0.4
1243.3593992209435,0.544,0.40800000000000003
1243.359651171565,0.56,0.432
1243.3599031221866,0.544,0.41600000000000004
1243.3601550728083,0.528,0.4
1243.3604070234298,0.552,0.392
1243.3606589740514,0.528,0.40800000000000003
1243.3609109246731,0.536,0.392
1243.3611628752947,0.52,0.4
1243.3614148259162,0.512,0.392
1243.361666776538,0.544,0.4
1243.3619187271595,0.544,0.392
1243.362170677781,0.52,0.40800000000000003
1243.3624226284028,0.504,0.392
1243.3626745790243,0.544,0.4
1243.3629265296458,0.544,0.392
1243.3631784802676,0.56,0.40800000000000003
1243.3634304308891,0.544,0.40800000000000003
1243.3636823815107,0.56,0.392
1243.3639343321324,0.536,0.4
1243.364186282754,0.56,0.41600000000000004
1243.3644382333755,0.544,0.41600000000000004
1243.3646901839973,0.56,0.448
1243.3649421346188,0.544,0.41600000000000004
1243.3651940852403,0.56,0.4
1243.365446035862,0.544,0.40800000000000003
1243.3656979864836,0.56,0.392
1243.3659499371051,0.544,0.40800000000000003
1243.3662018877267,0.552,0.392
1243.3664538383484,0.544,0.40800000000000003
1243.36670578897,0.56,0.392
1243.3669577395915,0.544,0.40800000000000003
1243.3672096902133,0.56,0.448
1243.3674616408348,0.544,0.44
1243.3677135914563,0.56,0.40800000000000003
1243.367965542078,0.544,0.4
1243.3682174926996,0.56,0.424
1243.3684694433211,0.544,0.4
1243.368721393943,0.552,0.40800000000000003
1243.3689733445644,0.536,0.40800000000000003
1243.369225295186,0.56,0.456
1243.3694772458077,0.544,0.456
1243.3697291964293,0.552,0.424
1243.3699811470508,0.544,0.432
1243.3702330976726,0.552,0.40800000000000003
1243.370485048294,0.544,0.4
1243.3707369989156,0.56,0.41600000000000004
1243.3709889495374,0.544,0.40800000000000003
1243.371240900159,0.56,0.41600000000000004
1243.3714928507804,0.544,0.41600000000000004
1243.3717448014022,0.56,0.456
1243.3719967520237,0.544,0.41600000000000004
1243.3722487026453,0.56,0.40800000000000003
1243.3725006532668,0.544,0.4
1243.3727526038886,0.56,0.41600000000000004
1243.37300455451,0.544,0.40800000000000003
1243.3732565051316,0.56,0.44
1243.3735084557534,0.544,0.448
1243.373760406375,0.56,0.4
1243.3740123569964,0.536,0.4
1243.3742643076182,0.56,0.32
1243.3745162582397,0.544,0.312
1243.3747682088613,0.56,0.184
1243.375020159483,0.56,0.16
1243.3752721101046,0.544,0.056
1243.375524060726,0.544,0.048
1243.3757760113479,0.56,0.008
1243.3760279619694,0.544,0.008
1243.376279912591,0.56,-0.008
1243.3765318632127,0.544,0.0
1243.3767838138342,0.56,-0.008
1243.3770357644557,0.56,0.0
1243.3772877150775,0.544,-0.008
1243.377539665699,0.544,0.0
1243.3777916163206,0.56,-0.016
1243.3780435669423,0.56,-0.016
1243.3782955175639,0.544,0.0
1243.3785474681854,0.544,-0.016
1243.378799418807,0.56,0.0
1243.3790513694287,0.544,-0.016
1243.3793033200502,0.552,0.0
1243.3795552706717,0.544,0.0
1243.3798072212935,0.552,-0.016
1243.380059171915,0.544,0.0
1243.3803111225366,0.56,-0.016
1243.3805630731583,0.544,0.0
1243.3808150237799,0.56,-0.016
1243.3810669744014,0.544,-0.016
1243.3813189250232,0.56,0.0
1243.3815708756447,0.544,-0.016
1243.3818228262662,0.56,0.0
1243.382074776888,0.56,-0.016
1243.3823267275095,0.544,0.0
1243.382578678131,0.544,-0.016
1243.3828306287528,0.56,0.0
1243.3830825793743,0.544,-0.016
1243.3833345299959,0.56,0.0
1243.3835864806176,0.56,0.0
1243.3838384312392,0.544,-0.016
1243.3840903818607,0.536,0.0
1243.3843423324824,0.552,-0.016
1243.384594283104,0.544,0.0
1243.3848462337255,0.56,-0.016
1243.385098184347,0.544,0.0
1243.3853501349688,0.56,-0.016
1243.3856020855903,0.544,-0.016
1243.3858540362119,0.56,0.0
1243.3861059868336,0.544,-0.016
1243.3863579374552,0.56,0.0
1243.3866098880767,0.552,0.0
1243.3868618386985,0.536,-0.016
1243.38711378932,0.552,-0.008
1243.3873657399415,0.528,0.0
1243.3876176905633,0.536,0.0
1243.3878696411848,0.504,-0.016
1243.3881215918063,0.512,0.0
1243.388373542428,0.552,-0.016
1243.3886254930496,0.544,0.0
1243.3888774436712,0.528,-0.016
1243.389129394293,0.536,0.0
1243.3893813449145,0.504,-0.016
1243.389633295536,0.504,0.0
1243.3898852461577,0.544,-0.016
1243.3901371967793,0.528,0.0
1243.3903891474008,0.552,-0.016
1243.3906410980226,0.544,-0.016
1243.390893048644,0.52,0.0
1243.3911449992656,0.528,-0.016
1243.3913969498872,0.544,0.0
1243.391648900509,0.536,0.0
1243.3919008511305,0.52,-0.016
1243.392152801752,0.52,0.0
1243.3924047523737,0.544,-0.016
1243.3926567029953,0.544,-0.016
1243.3929086536168,0.504,0.0
1243.3931606042386,0.512,-0.016
1243.39341255486,0.552,0.0
1243.3936645054816,0.536,-0.016
1243.3939164561034,0.5680000000000001,0.0
1243.394168406725,0.544,-0.016
1243.3944203573465,0.56,0.0
1243.3946723079682,0.544,-0.016
1243.3949242585898,0.552,0.0
1243.3951762092113,0.544,-0.016
1243.395428159833,0.56,0.0
1243.3956801104546,0.544,-0.016
1243.395932061076,0.552,0.0
1243.3961840116979,0.544,0.0
1243.3964359623194,0.56,-0.016
1243.396687912941,0.544,-0.016
1243.3969398635627,0.56,0.0
1243.3971918141842,0.56,-0.016
1243.3974437648058,0.544,0.0
1243.3976957154273,0.544,0.0
1243.397947666049,0.56,-0.016
1243.3981996166706,0.56,0.0
1243.398451567292,0.536,-0.016
1243.3987035179139,0.552,-0.016
1243.3989554685354,0.528,0.0
1243.399207419157,0.528,-0.016
1243.3994593697787,0.552,0.0
1243.3997113204002,0.536,-0.016
1243.3999632710218,0.552,0.0
1243.4002152216435,0.536,-0.016
1243.400467172265,0.552,0.0
1243.4007191228866,0.544,0.0
1243.4009710735083,0.528,-0.016
1243.4012230241299,0.536,-0.016
1243.4014749747514,0.504,0.0
1243.4017269253732,0.52,0.0
1243.4019788759947,0.552,-0.016
1243.4022308266162,0.536,-0.008
1243.402482777238,0.504,-0.016
1243.4027347278595,0.512,0.0
1243.402986678481,0.544,-0.016
1243.4032386291028,0.544,-0.016
1243.4034905797243,0.528,0.0
1243.4037425303459,0.528,-0.016
1243.4039944809674,0.544,0.0
1243.4042464315892,0.52,-0.016
1243.4044983822107,0.536,0.0
1243.4047503328322,0.512,-0.016
1243.405002283454,0.536,0.0
1243.4052542340755,0.528,-0.016
1243.405506184697,0.544,0.0
1243.4057581353188,0.528,-0.016
1243.4060100859404,0.544,0.0
1243.4062620365619,0.552,0.0
1243.4065139871836,0.528,-0.016
1243.4067659378052,0.536,-0.016
1243.4070178884267,0.528,0.0
1243.4072698390485,0.536,-0.016
1243.40752178967,0.504,0.0
1243.4077737402915,0.504,-0.016
1243.4080256909133,0.544,0.0
1243.4082776415348,0.544,0.0
1243.4085295921564,0.52,-0.016
1243.4087815427781,0.52,-0.016
1243.4090334933996,0.552,0.0
1243.4092854440212,0.536,-0.016
1243.409537394643,0.56,0.0
1243.4097893452645,0.544,-0.016
1243.410041295886,0.552,0.0
1243.4102932465075,0.544,-0.016
1243.4105451971293,0.528,0.0
1243.4107971477508,0.536,-0.016
1243.4110490983724,0.552,0.0
1243.4113010489941,0.528,-0.016
1243.4115529996157,0.544,0.0
1243.4118049502372,0.528,-0.016
1243.412056900859,0.544,0.0
1243.4123088514805,0.536,-0.016
1243.412560802102,0.52,0.0
1243.4128127527238,0.504,-0.008
1243.4130647033453,0.536,-0.016
1243.4133166539668,0.544,-0.016
1243.4135686045886,0.528,0.0
1243.4138205552101,0.544,-0.016
1243.4140725058317,0.52,0.0
1243.4143244564534,0.52,-0.016
1243.414576407075,0.536,0.0
1243.4148283576965,0.512,-0.016
1243.4150803083182,0.552,0.0
1243.4153322589398,0.536,-0.016
1243.4155842095613,0.504,0.0
1243.415836160183,0.512,-0.008
1243.4160881108046,0.544,-0.016
1243.4163400614261,0.528,-0.016
1243.4165920120477,0.544,0.0
1243.4168439626694,0.536,0.0
1243.417095913291,0.504,-0.016
1243.4173478639125,0.52,-0.016
1243.4175998145342,0.544,0.0
1243.4178517651558,0.536,-0.016
1243.4181037157773,0.52,0.0
1243.418355666399,0.528,-0.016
1243.4186076170206,0.544,-0.008
1243.4188595676421,0.52,-0.016
1243.419111518264,0.496,0.0
1243.4193634688854,0.496,-0.016
1243.419615419507,0.544,0.0
1243.4198673701287,0.528,0.0
1243.4201193207502,0.544,-0.016
1243.4203712713718,0.528,-0.016
1243.4206232219935,0.544,0.0
1243.420875172615,0.528,-0.016
1243.4211271232366,0.536,0.0
1243.4213790738584,0.536,-0.016
1243.42163102448,0.52,0.0
1243.4218829751014,0.528,-0.016
1243.4221349257232,0.504,0.0
1243.4223868763447,0.544,-0.016
1243.4226388269662,0.52,0.0
1243.4228907775878,0.536,-0.016
1243.4231427282095,0.504,0.0
1243.423394678831,0.544,0.0
1243.4236466294526,0.528,-0.016
1243.4238985800744,0.528,-0.016
1243.424150530696,0.544,-0.008
1243.4244024813174,0.544,-0.008
1243.4246544319392,0.52,-0.016
1243.4249063825607,0.504,-0.016
1243.4251583331823,0.528,0.0
1243.425410283804,0.52,-0.016
1243.4256622344255,0.544,0.0
1243.425914185047,0.536,-0.008
1243.4261661356688,0.512,-0.016
1243.4264180862904,0.496,-0.016
1243.426670036912,0.544,0.0
1243.4269219875337,0.544,-0.016
1243.4271739381552,0.528,0.0
1243.4274258887767,0.528,-0.016
1243.4276778393985,0.552,0.0
1243.42792979002,0.528,-0.016
1243.4281817406415,0.544,0.0
1243.4284336912633,0.544,0.0
1243.4286856418848,0.528,-0.016
1243.4289375925064,0.544,-0.016
1243.429189543128,0.504,0.0
1243.4294414937497,0.504,-0.016
1243.4296934443712,0.544,0.0
1243.4299453949927,0.544,0.0
1243.4301973456145,0.528,-0.016
1243.430449296236,0.536,-0.016
1243.4307012468576,0.528,0.0
1243.4309531974793,0.536,-0.008
1243.4312051481008,0.528,-0.016
1243.4314570987224,0.528,-0.016
1243.4317090493441,0.544,-0.008
1243.4319609999657,0.536,-0.016
1243.4322129505872,0.52,0.0
1243.432464901209,0.528,-0.016
1243.4327168518305,0.544,0.0
1243.432968802452,0.504,-0.016
1243.4332207530738,0.528,0.0
1243.4334727036953,0.528,-0.016
1243.4337246543168,0.544,0.0
1243.4339766049386,0.536,-0.016
1243.4342285555601,0.528,0.0
1243.4344805061817,0.536,-0.016
1243.4347324568034,0.504,0.0
1243.434984407425,0.504,-0.016
1243.4352363580465,0.536,0.0
1243.435488308668,0.496,-0.016
1243.4357402592898,0.528,0.0
1243.4359922099113,0.528,-0.016
1243.4362441605329,0.552,0.0
1243.4364961111546,0.56,-0.016
1243.4367480617761,0.536,0.0
1243.4370000123977,0.544,-0.008
1243.4372519630194,0.56,0.024
1243.437503913641,0.536,0.024
1243.4377558642625,0.552,0.128
1243.4380078148843,0.552,0.136
1243.4382597655058,0.536,0.28800000000000003
1243.4385117161273,0.544,0.28800000000000003
1243.438763666749,0.56,0.36
1243.4390156173706,0.544,0.36
1243.4392675679921,0.56,0.384
1243.439519518614,0.536,0.384
1243.4397714692354,0.56,0.4
1243.440023419857,0.552,0.4
1243.4402753704787,0.536,0.392
1243.4405273211003,0.552,0.392
1243.4407792717218,0.544,0.4
1243.4410312223436,0.544,0.392
1243.441283172965,0.56,0.4
1243.4415351235866,0.544,0.392
1243.4417870742082,0.56,0.4
1243.44203902483,0.544,0.392
1243.4422909754514,0.56,0.4
1243.442542926073,0.544,0.392
1243.4427948766947,0.56,0.4
1243.4430468273163,0.544,0.392
1243.4432987779378,0.56,0.4
1243.4435507285596,0.544,0.392
1243.443802679181,0.56,0.4
1243.4440546298026,0.544,0.392
1243.4443065804244,0.56,0.392
1243.444558531046,0.536,0.392
1243.4448104816674,0.56,0.4
1243.4450624322892,0.544,0.392
1243.4453143829107,0.56,0.40800000000000003
1243.4455663335323,0.544,0.392
1243.445818284154,0.56,0.4
1243.4460702347756,0.544,0.392
1243.446322185397,0.56,0.40800000000000003
1243.4465741360189,0.552,0.392
1243.4468260866404,0.544,0.4
1243.447078037262,0.544,0.392
1243.4473299878837,0.56,0.4
1243.4475819385052,0.544,0.392
1243.4478338891267,0.56,0.4
1243.4480858397483,0.544,0.392
1243.44833779037,0.56,0.4
1243.4485897409916,0.544,0.4
1243.448841691613,0.56,0.392
1243.4490936422349,0.544,0.4
1243.4493455928564,0.56,0.392
1243.449597543478,0.536,0.392
1243.4498494940997,0.56,0.40800000000000003
1243.4501014447212,0.544,0.4
1243.4503533953427,0.56,0.392
1243.4506053459645,0.544,0.392
1243.450857296586,0.56,0.4
1243.4511092472076,0.544,0.392
1243.4513611978293,0.56,0.392
1243.4516131484509,0.544,0.392
1243.4518650990724,0.56,0.4
1243.4521170496942,0.544,0.4
1243.4523690003157,0.56,0.392
1243.4526209509372,0.544,0.392
1243.452872901559,0.56,0.4
1243.4531248521805,0.544,0.392
1243.453376802802,0.56,0.4
1243.4536287534238,0.544,0.392
1243.4538807040453,0.56,0.4
1243.4541326546669,0.544,0.392
1243.4543846052884,0.56,0.4
1243.4546365559102,0.544,0.4
1243.4548885065317,0.56,0.392
1243.4551404571532,0.544,0.4
1243.455392407775,0.56,0.392
1243.4556443583965,0.544,0.4
1243.455896309018,0.56,0.392
1243.4561482596398,0.544,0.392
1243.4564002102613,0.552,0.4
1243.4566521608829,0.544,0.392
1243.4569041115046,0.552,0.4
1243.4571560621262,0.544,0.392
1243.4574080127477,0.56,0.4
1243.4576599633695,0.552,0.392
1243.457911913991,0.536,0.392
1243.4581638646125,0.544,0.392
1243.4584158152343,0.536,0.4
1243.4586677658558,0.544,0.392
1243.4589197164773,0.528,0.392
1243.459171667099,0.544,0.392
1243.4594236177206,0.52,0.392
1243.4596755683422,0.504,0.392
1243.459927518964,0.536,0.4
1243.4601794695855,0.544,0.392
1243.460431420207,0.52,0.4
1243.4606833708285,0.504,0.392
1243.4609353214503,0.52,0.392
1243.4611872720718,0.504,0.392
1243.4614392226933,0.552,0.4
1243.461691173315,0.552,0.4
1243.4619431239366,0.528,0.392
1243.4621950745582,0.536,0.392
1243.46244702518,0.52,0.392
1243.4626989758015,0.504,0.4
1243.462950926423,0.528,0.392
1243.4632028770448,0.528,0.4
1243.4634548276663,0.544,0.392
1243.4637067782878,0.512,0.392
1243.4639587289096,0.544,0.4
1243.464210679531,0.544,0.392
1243.4644626301526,0.512,0.4
1243.4647145807744,0.504,0.392
1243.464966531396,0.536,0.392
1243.4652184820175,0.528,0.392
1243.4654704326392,0.544,0.4
1243.4657223832608,0.528,0.392
1243.4659743338823,0.544,0.4
1243.466226284504,0.528,0.392
1243.4664782351256,0.544,0.4
1243.466730185747,0.528,0.392
1243.4669821363686,0.544,0.4
1243.4672340869904,0.544,0.392
1243.467486037612,0.512,0.4
1243.4677379882335,0.544,0.392
1243.4679899388552,0.528,0.4
1243.4682418894768,0.544,0.4
1243.4684938400983,0.528,0.392
1243.46874579072,0.528,0.4
1243.4689977413416,0.552,0.448
1243.4692496919631,0.552,0.448
1243.4695016425849,0.528,0.464
1243.4697535932064,0.536,0.456
1243.470005543828,0.504,0.40800000000000003
1243.4702574944497,0.512,0.40800000000000003
1243.4705094450712,0.544,0.41600000000000004
1243.4707613956928,0.552,0.41600000000000004
1243.4710133463145,0.512,0.456
1243.471265296936,0.504,0.448
1243.4715172475576,0.536,0.4
1243.4717691981793,0.552,0.40800000000000003
1243.4720211488009,0.52,0.392
1243.4722730994224,0.504,0.4
1243.4725250500442,0.544,0.392
1243.4727770006657,0.528,0.4
1243.4730289512872,0.544,0.41600000000000004
1243.4732809019088,0.536,0.4
1243.4735328525305,0.512,0.41600000000000004
1243.473784803152,0.504,0.392
1243.4740367537736,0.536,0.40800000000000003
1243.4742887043953,0.528,0.40800000000000003
1243.4745406550169,0.504,0.392
1243.4747926056384,0.512,0.4
1243.4750445562602,0.536,0.40800000000000003
1243.4752965068817,0.528,0.40800000000000003
1243.4755484575032,0.496,0.448
1243.475800408125,0.504,0.44
1243.4760523587465,0.528,0.4
1243.476304309368,0.544,0.4
1243.4765562599898,0.496,0.40800000000000003
1243.4768082106114,0.504,0.4
1243.4770601612329,0.536,0.40800000000000003
1243.4773121118546,0.528,0.41600000000000004
1243.4775640624762,0.544,0.4
1243.4778160130977,0.536,0.4
1243.4780679637195,0.504,0.424
1243.478319914341,0.52,0.424
1243.4785718649625,0.544,0.456
1243.4788238155843,0.528,0.44
1243.4790757662058,0.504,0.464
1243.4793277168274,0.52,0.44
1243.479579667449,0.56,0.4
1243.4798316180706,0.536,0.4
1243.4800835686922,0.552,0.392
1243.4803355193137,0.552,0.392
1243.4805874699355,0.536,0.432
1243.480839420557,0.544,0.448
1243.4810913711785,0.56,0.41600000000000004
1243.4813433218003,0.552,0.424
1243.4815952724218,0.536,0.4
1243.4818472230434,0.544,0.40800000000000003
1243.4820991736651,0.56,0.4
1243.4823511242867,0.544,0.4
1243.4826030749082,0.56,0.392
1243.48285502553,0.536,0.4
1243.4831069761515,0.56,0.41600000000000004
1243.483358926773,0.56,0.4
1243.4836108773948,0.544,0.392
1243.4838628280163,0.544,0.4
1243.4841147786378,0.552,0.40800000000000003
1243.4843667292596,0.544,0.4
1243.4846186798811,0.552,0.40800000000000003
1243.4848706305027,0.536,0.41600000000000004
1243.4851225811244,0.552,0.456
1243.485374531746,0.544,0.432
1243.4856264823675,0.56,0.4
1243.485878432989,0.544,0.4
1243.4861303836108,0.56,0.41600000000000004
1243.4863823342323,0.544,0.392
1243.4866342848538,0.56,0.4
1243.4868862354756,0.544,0.4
1243.4871381860971,0.56,0.424
1243.4873901367187,0.544,0.424
1243.4876420873404,0.56,0.456
1243.487894037962,0.544,0.424
1243.4881459885835,0.552,0.40800000000000003
1243.4883979392052,0.544,0.40800000000000003
1243.4886498898268,0.56,0.392
1243.4889018404483,0.544,0.4
1243.48915379107,0.552,0.41600000000000004
1243.4894057416916,0.544,0.41600000000000004
1243.4896576923131,0.56,0.456
1243.489909642935,0.536,0.424
1243.4901615935564,0.56,0.4
1243.490413544178,0.544,0.4
1243.4906654947997,0.56,0.40800000000000003
1243.4909174454212,0.552,0.4
1243.4911693960428,0.528,0.41600000000000004
1243.4914213466645,0.544,0.4
1243.491673297286,0.504,0.448
1243.4919252479076,0.504,0.456
1243.4921771985291,0.536,0.424
1243.492429149151,0.528,0.424
1243.4926810997724,0.544,0.40800000000000003
1243.492933050394,0.528,0.41600000000000004
1243.4931850010157,0.544,0.456
1243.4934369516372,0.544,0.464
1243.4936889022588,0.512,0.40800000000000003
1243.4939408528805,0.528,0.40800000000000003
1243.494192803502,0.544,0.392
1243.4944447541236,0.544,0.392
1243.4946967047454,0.528,0.40800000000000003
1243.494948655367,0.52,0.4
1243.4952006059884,0.544,0.40800000000000003
1243.4954525566102,0.528,0.40800000000000003
1243.4957045072317,0.544,0.4
1243.4959564578533,0.544,0.392
1243.496208408475,0.528,0.41600000000000004
1243.4964603590965,0.528,0.40800000000000003
1243.496712309718,0.552,0.448
1243.4969642603398,0.544,0.448
1243.4972162109614,0.528,0.432
1243.497468161583,0.544,0.424
1243.4977201122047,0.528,0.4
1243.4979720628262,0.528,0.40800000000000003
1243.4982240134477,0.552,0.4
1243.4984759640693,0.536,0.4
1243.498727914691,0.544,0.41600000000000004
1243.4989798653125,0.544,0.4
1243.499231815934,0.52,0.424
1243.4994837665558,0.52,0.40800000000000003
1243.4997357171774,0.552,0.44
1243.499987667799,0.536,0.44
1243.5002396184207,0.56,0.352
1243.5004915690422,0.544,0.34400000000000003
1243.5007435196637,0.552,0.176
1243.5009954702855,0.544,0.16
1243.501247420907,0.56,0.056
1243.5014993715286,0.544,0.048
1243.5017513221503,0.56,0.008
1243.5020032727718,0.56,0.008
1243.5022552233934,0.544,-0.008
1243.5025071740151,0.544,0.0
1243.5027591246367,0.56,-0.008
1243.5030110752582,0.544,0.0
1243.50326302588,0.56,-0.008
1243.5035149765015,0.544,-0.008
1243.503766927123,0.56,0.0
1243.5040188777448,0.544,0.0
1243.5042708283663,0.56,-0.008
1243.5045227789878,0.544,0.0
1243.5047747296094,0.56,-0.008
1243.5050266802311,0.56,0.0
1243.5052786308527,0.544,-0.016
1243.5055305814742,0.544,0.0
1243.505782532096,0.56,-0.016
1243.5060344827175,0.544,-0.016
1243.506286433339,0.56,0.0
1243.5065383839608,0.56,-0.008
1243.5067903345823,0.536,0.0
1243.5070422852039,0.544,-0.016
1243.5072942358256,0.56,0.0
1243.5075461864471,0.544,-0.008
1243.5077981370687,0.56,0.0
1243.5080500876904,0.544,0.0
1243.508302038312,0.56,-0.016
1243.5085539889335,0.544,0.0
1243.5088059395553,0.56,-0.008
1243.5090578901768,0.544,0.0
1243.5093098407983,0.56,-0.008
1243.50956179142,0.544,0.0
1243.5098137420416,0.552,-0.008
1243.5100656926631,0.544,0.0
1243.510317643285,0.552,-0.016
1243.5105695939064,0.544,-0.016
1243.510821544528,0.56,0.0
1243.5110734951495,0.544,-0.016
1243.5113254457713,0.56,0.0
1243.5115773963928,0.544,0.0
1243.5118293470143,0.552,-0.016
1243.512081297636,0.544,0.0
1243.5123332482576,0.552,-0.016
1243.5125851988792,0.544,-0.016
1243.512837149501,0.56,0.0
1243.5130891001224,0.544,-0.016
1243.513341050744,0.56,0.0
1243.5135930013657,0.544,0.0
1243.5138449519873,0.56,-0.016
1243.5140969026088,0.544,0.0
1243.5143488532306,0.56,-0.016
1243.514600803852,0.544,0.0
1243.5148527544736,0.56,-0.016
1243.5151047050954,0.544,0.0
1243.515356655717,0.56,-0.016
1243.5156086063384,0.544,0.0
1243.5158605569602,0.56,-0.016
1243.5161125075817,0.544,0.0
1243.5163644582033,0.56,-0.016
1243.516616408825,0.544,0.0
1243.5168683594466,0.56,-0.016
1243.517120310068,0.56,-0.016
1243.5173722606896,0.544,0.0
1243.5176242113114,0.544,0.0
1243.517876161933,0.552,-0.016
1243.5181281125545,0.56,-0.016
1243.5183800631762,0.544,0.0
1243.5186320137977,0.544,-0.016
1243.5188839644193,0.56,0.0
1243.519135915041,0.544,0.0
1243.5193878656626,0.56,-0.016
1243.519639816284,0.544,-0.016
1243.5198917669059,0.56,0.0
1243.5201437175274,0.544,-0.016
1243.520395668149,0.56,0.0
1243.5206476187707,0.56,-0.016
1243.5208995693922,0.544,0.0
1243.5211515200137,0.544,0.0
1243.5214034706355,0.56,-0.016
1243.521655421257,0.544,-0.016
1243.5219073718786,0.56,0.0
1243.5221593225003,0.544,-0.016
1243.5224112731219,0.56,0.0
1243.5226632237434,0.544,-0.016
1243.5229151743652,0.552,0.0
1243.5231671249867,0.544,-0.016
1243.5234190756082,0.56,0.0
1243.5236710262297,0.552,-0.016
1243.5239229768515,0.544,0.0
1243.524174927473,0.544,0.0
1243.5244268780946,0.56,-0.016
1243.5246788287163,0.544,-0.016
1243.5249307793379,0.56,0.0
1243.5251827299594,0.536,-0.016
1243.5254346805812,0.552,0.0
1243.5256866312027,0.544,0.0
1243.5259385818242,0.56,-0.016
1243.526190532446,0.544,-0.016
1243.5264424830675,0.552,0.0
1243.526694433689,0.544,-0.016
1243.5269463843108,0.56,0.0
1243.5271983349323,0.544,-0.016
1243.5274502855539,0.56,0.0
1243.5277022361756,0.544,0.0
1243.5279541867972,0.56,-0.016
1243.5282061374187,0.544,-0.016
1243.5284580880405,0.56,0.0
1243.528710038662,0.544,-0.016
1243.5289619892835,0.56,0.0
1243.5292139399053,0.544,0.0
1243.5294658905268,0.56,-0.016
1243.5297178411483,0.544,-0.016
1243.5299697917699,0.56,0.0
1243.5302217423916,0.56,0.0
1243.5304736930132,0.544,-0.016
1243.5307256436347,0.544,-0.016
1243.5309775942565,0.56,0.0
1243.531229544878,0.544,0.0
1243.5314814954995,0.56,-0.016
1243.5317334461213,0.544,-0.016
1243.5319853967428,0.56,0.0
1243.5322373473643,0.544,-0.016
1243.532489297986,0.56,0.0
1243.5327412486076,0.544,-0.016
1243.5329931992292,0.56,0.0
1243.533245149851,0.544,-0.016
1243.5334971004725,0.56,0.0
1243.533749051094,0.56,-0.016
1243.5340010017158,0.544,0.0
1243.5342529523373,0.56,0.0
1243.5345049029588,0.544,-0.016
1243.5347568535806,0.544,-0.016
1243.535008804202,0.56,0.0
1243.5352607548236,0.536,0.0
1243.5355127054454,0.552,-0.016
1243.535764656067,0.544,-0.016
1243.5360166066885,0.552,-0.008
1243.53626855731,0.552,-0.016
1243.5365205079318,0.544,-0.008
1243.5367724585533,0.544,-0.016
1243.5370244091748,0.56,0.0
1243.5372763597966,0.544,-0.016
1243.537528310418,0.552,0.0
1243.5377802610396,0.544,-0.016
1243.5380322116614,0.56,0.0
1243.538284162283,0.544,-0.016
1243.5385361129045,0.56,0.0
1243.5387880635262,0.544,-0.016
1243.5390400141478,0.56,0.0
1243.5392919647693,0.56,-0.016
1243.539543915391,0.544,0.0
1243.5397958660126,0.56,-0.016
1243.5400478166341,0.544,0.0
1243.5402997672559,0.544,-0.016
1243.5405517178774,0.56,0.0
1243.540803668499,0.544,0.0
1243.5410556191207,0.56,-0.016
1243.5413075697422,0.544,-0.016
1243.5415595203638,0.56,0.0
1243.5418114709855,0.56,-0.016
1243.542063421607,0.544,0.0
1243.5423153722286,0.544,-0.016
1243.5425673228501,0.56,0.0
1243.5428192734719,0.544,-0.016
1243.5430712240934,0.56,0.0
1243.543323174715,0.544,-0.016
1243.5435751253367,0.56,0.0
1243.5438270759582,0.544,-0.016
1243.5440790265798,0.56,0.0
1243.5443309772015,0.544,-0.016
1243.544582927823,0.56,0.0
1243.5448348784446,0.544,-0.016
1243.5450868290663,0.56,0.0
1243.5453387796879,0.536,-0.016
1243.5455907303094,0.56,0.0
1243.5458426809312,0.544,-0.016
1243.5460946315527,0.56,0.0
1243.5463465821742,0.56,-0.016
1243.546598532796,0.536,0.0
1243.5468504834175,0.552,-0.016
1243.547102434039,0.528,0.0
1243.5473543846608,0.536,0.0
1243.5476063352824,0.552,-0.016
1243.5478582859039,0.536,-0.016
1243.5481102365256,0.552,0.0
1243.5483621871472,0.536,-0.016
1243.5486141377687,0.544,0.0
1243.5488660883902,0.528,-0.016
1243.549118039012,0.552,0.0
1243.5493699896335,0.536,-0.016
1243.549621940255,0.512,0.0
1243.5498738908768,0.52,-0.016
1243.5501258414984,0.544,0.0
1243.55037779212,0.528,-0.016
1243.5506297427416,0.544,0.0
1243.5508816933632,0.544,0.0
1243.5511336439847,0.528,-0.016
1243.5513855946065,0.544,0.0
1243.551637545228,0.528,-0.016
1243.5518894958495,0.504,-0.016
1243.5521414464713,0.528,0.0
1243.5523933970928,0.528,-0.016
1243.5526453477144,0.544,0.0
1243.5528972983361,0.544,-0.016
1243.5531492489577,0.512,0.0
1243.5534011995792,0.504,-0.016
1243.553653150201,0.544,0.0
1243.5539051008225,0.544,-0.016
1243.554157051444,0.528,-0.008
1243.5544090020658,0.536,-0.008
1243.5546609526873,0.52,-0.016
1243.5549129033088,0.512,-0.016
1243.5551648539304,0.536,0.0
1243.5554168045521,0.528,-0.016
1243.5556687551737,0.536,-0.008
1243.5559207057952,0.512,0.0
1243.556172656417,0.536,-0.016
1243.5564246070385,0.544,-0.008
1243.55667655766,0.528,-0.016
1243.5569285082818,0.536,0.0
1243.5571804589033,0.544,-0.016
1243.5574324095248,0.528,-0.016
1243.5576843601466,0.544,0.0
1243.5579363107681,0.528,-0.016
1243.5581882613897,0.552,0.0
1243.5584402120114,0.552,-0.016
1243.558692162633,0.528,0.0
1243.5589441132545,0.528,-0.016
1243.5591960638762,0.504,0.0
1243.5594480144978,0.52,-0.016
1243.5596999651193,0.544,0.0
1243.559951915741,0.528,-0.016
1243.5602038663626,0.544,0.0
1243.5604558169841,0.544,-0.016
1243.560707767606,0.512,0.0
1243.5609597182274,0.512,-0.016
1243.561211668849,0.544,0.0
1243.5614636194705,0.544,-0.016
1243.5617155700922,0.528,0.0
1243.5619675207138,0.544,-0.016
1243.5622194713353,0.528,0.0
1243.562471421957,0.528,-0.016
1243.5627233725786,0.544,0.0
1243.5629753232001,0.528,-0.008
1243.563227273822,0.544,0.024
1243.5634792244434,0.544,0.024
1243.563731175065,0.528,0.128
1243.5639831256867,0.528,0.136
1243.5642350763083,0.544,0.28800000000000003
1243.5644870269298,0.536,0.28
1243.5647389775515,0.504,0.36
1243.564990928173,0.504,0.36
1243.5652428787946,0.536,0.392
1243.5654948294164,0.528,0.384
1243.565746780038,0.544,0.392
1243.5659987306594,0.544,0.392
1243.5662506812812,0.52,0.392
1243.5665026319027,0.528,0.392
1243.5667545825243,0.552,0.4
1243.567006533146,0.544,0.392
1243.5672584837675,0.528,0.4
1243.567510434389,0.528,0.4
1243.5677623850106,0.544,0.40800000000000003
1243.5680143356324,0.536,0.40800000000000003
1243.568266286254,0.552,0.432
1243.5685182368754,0.528,0.44
1243.5687701874972,0.544,0.4
1243.5690221381187,0.528,0.40800000000000003
1243.5692740887403,0.544,0.392
1243.569526039362,0.536,0.40800000000000003
1243.5697779899835,0.504,0.392
1243.570029940605,0.512,0.392
1243.5702818912268,0.552,0.40800000000000003
1243.5705338418484,0.536,0.4
1243.57078579247,0.56,0.41600000000000004
1243.5710377430917,0.544,0.4
1243.5712896937132,0.552,0.41600000000000004
1243.5715416443347,0.536,0.40800000000000003
1243.5717935949565,0.56,0.456
1243.572045545578,0.544,0.448
1243.5722974961996,0.56,0.4
1243.5725494468213,0.544,0.4
1243.5728013974428,0.56,0.392
1243.5730533480644,0.544,0.392
1243.5733052986861,0.56,0.40800000000000003
1243.5735572493077,0.552,0.4
1243.5738091999292,0.536,0.392
1243.5740611505507,0.552,0.392
1243.5743131011725,0.528,0.40800000000000003
1243.574565051794,0.544,0.40800000000000003
1243.5748170024156,0.512,0.392
1243.5750689530373,0.504,0.4
1243.5753209036588,0.544,0.448
1243.5755728542804,0.528,0.432
1243.5758248049021,0.552,0.4
1243.5760767555237,0.528,0.40800000000000003
1243.5763287061452,0.536,0.4
1243.576580656767,0.528,0.40800000000000003
1243.5768326073885,0.544,0.392
1243.57708455801,0.512,0.40800000000000003
1243.5773365086318,0.536,0.392
1243.5775884592533,0.528,0.392
1243.5778404098749,0.544,0.4
1243.5780923604966,0.544,0.4
1243.5783443111181,0.52,0.432
1243.5785962617397,0.504,0.41600000000000004
1243.5788482123614,0.536,0.432
1243.579100162983,0.528,0.40800000000000003
1243.5793521136045,0.544,0.432
1243.5796040642263,0.536,0.424
1243.5798560148478,0.504,0.4
1243.5801079654693,0.504,0.41600000000000004
1243.5803599160909,0.528,0.4
1243.5806118667126,0.512,0.41600000000000004
1243.5808638173341,0.536,0.4
1243.5811157679557,0.528,0.41600000000000004
1243.5813677185774,0.544,0.448
1243.581619669199,0.544,0.456
1243.5818716198205,0.512,0.40800000000000003
1243.5821235704423,0.512,0.4
1243.5823755210638,0.536,0.41600000000000004
1243.5826274716853,0.528,0.40800000000000003
1243.582879422307,0.544,0.448
1243.5831313729286,0.528,0.44
1243.5833833235502,0.536,0.4
1243.583635274172,0.528,0.392
1243.5838872247934,0.544,0.40800000000000003
1243.584139175415,0.544,0.4
1243.5843911260367,0.512,0.392
1243.5846430766583,0.52,0.392
1243.5848950272798,0.552,0.4
1243.5851469779016,0.544,0.392
1243.585398928523,0.56,0.40800000000000003
1243.5856508791446,0.536,0.392
1243.5859028297664,0.552,0.40800000000000003
1243.586154780388,0.536,0.392
1243.5864067310094,0.56,0.4
1243.586658681631,0.56,0.392
1243.5869106322527,0.544,0.40800000000000003
1243.5871625828743,0.552,0.4
1243.5874145334958,0.528,0.392
1243.5876664841176,0.544,0.392
1243.587918434739,0.528,0.392
1243.5881703853606,0.536,0.392
1243.5884223359824,0.52,0.4
1243.588674286604,0.504,0.392
1243.5889262372255,0.544,0.4
1243.5891781878472,0.536,0.4
1243.5894301384687,0.552,0.392
1243.5896820890903,0.544,0.392
1243.589934039712,0.552,0.4
1243.5901859903336,0.544,0.392
1243.590437940955,0.56,0.4
1243.5906898915769,0.536,0.392
1243.5909418421984,0.56,0.4
1243.59119379282,0.544,0.4
1243.5914457434417,0.56,0.392
1243.5916976940632,0.544,0.392
1243.5919496446847,0.56,0.4
1243.5922015953065,0.544,0.392
1243.592453545928,0.56,0.40800000000000003
1243.5927054965496,0.544,0.392
1243.592957447171,0.552,0.4
1243.5932093977929,0.552,0.392
1243.5934613484144,0.536,0.40800000000000003
1243.593713299036,0.552,0.4
1243.5939652496577,0.528,0.392
1243.5942172002792,0.536,0.392
1243.5944691509007,0.504,0.4
1243.5947211015225,0.528,0.392
1243.594973052144,0.552,0.4
1243.5952250027656,0.544,0.392
1243.5954769533873,0.528,0.392
1243.5957289040089,0.536,0.392
1243.5959808546304,0.504,0.4
1243.5962328052522,0.512,0.392
1243.5964847558737,0.56,0.4
1243.5967367064952,0.536,0.392
1243.596988657117,0.56,0.4
1243.5972406077385,0.536,0.392
1243.59749255836,0.56,0.392
1243.5977445089818,0.544,0.392
1243.5979964596033,0.56,0.4
1243.5982484102249,0.544,0.392
1243.5985003608466,0.56,0.4
1243.5987523114682,0.544,0.392
1243.5990042620897,0.552,0.40800000000000003
1243.5992562127112,0.552,0.4
1243.599508163333,0.544,0.392
1243.5997601139545,0.544,0.392
1243.600012064576,0.56,0.4
1243.6002640151978,0.56,0.392
1243.6005159658193,0.544,0.4
1243.6007679164409,0.536,0.392
1243.6010198670626,0.56,0.4
1243.6012718176842,0.544,0.392
1243.6015237683057,0.56,0.4
1243.6017757189275,0.544,0.392
1243.602027669549,0.552,0.40800000000000003
1243.6022796201705,0.544,0.392
1243.6025315707923,0.56,0.4
1243.6027835214138,0.544,0.392
1243.6030354720353,0.56,0.40800000000000003
1243.603287422657,0.544,0.392
1243.6035393732786,0.56,0.4
1243.6037913239002,0.544,0.4
1243.604043274522,0.56,0.392
1243.6042952251435,0.544,0.392
1243.604547175765,0.552,0.4
1243.6047991263868,0.544,0.392
1243.6050510770083,0.56,0.4
1243.6053030276298,0.544,0.392
1243.6055549782513,0.56,0.4
1243.605806928873,0.536,0.392
1243.6060588794946,0.56,0.4
1243.6063108301162,0.544,0.392
1243.606562780738,0.56,0.4
1243.6068147313595,0.544,0.392
1243.607066681981,0.56,0.4
1243.6073186326028,0.544,0.384
1243.6075705832243,0.56,0.4
1243.6078225338458,0.544,0.392
1243.6080744844676,0.56,0.40800000000000003
1243.6133561134338,0.56,-0.016
1243.6136058708032,0.544,0.0
1243.6138556281726,0.56,-0.016
1243.614105385542,0.544,0.0
1243.6143551429113,0.544,-0.016
1243.6146049002807,0.56,0.0
1243.61485465765,0.544,-0.016
1243.6151044150195,0.56,0.0
1243.6153541723886,0.544,-0.016
1243.615603929758,0.552,0.0
1243.6158536871274,0.544,0.0
1243.6161034444967,0.56,-0.016
1243.616353201866,0.536,-0.016
1243.6166029592355,0.56,0.0
1243.6168527166049,0.56,-0.016
1243.6171024739742,0.544,0.0
1243.6173522313436,0.544,-0.016
1243.617601988713,0.56,0.0
1243.6178517460824,0.544,-0.016
1243.6181015034517,0.56,0.0
1243.618351260821,0.56,-0.008
1243.6186010181905,0.544,0.016
1243.6188507755598,0.544,0.024
1243.619100532929,0.56,0.128
1243.6193502902984,0.544,0.128
1243.6196000476677,0.56,0.28
1243.6198498050371,0.544,0.272
1243.6200995624065,0.56,0.376
1243.6203493197759,0.544,0.40800000000000003
1243.6205990771452,0.56,0.376
1243.6208488345146,0.56,0.384
1243.621098591884,0.544,0.4
1243.6213483492534,0.56,0.40800000000000003
1243.6215981066227,0.544,0.4
1243.6218478639921,0.544,0.4
1243.6220976213615,0.56,0.384
1243.6223473787309,0.544,0.4
1243.6225971361002,0.56,0.392
1243.6228468934694,0.544,0.40800000000000003
1243.6230966508388,0.56,0.392
1243.6233464082081,0.544,0.392
1243.6235961655775,0.56,0.432
1243.6238459229469,0.544,0.44
1243.6240956803163,0.552,0.4
1243.6243454376856,0.544,0.4
1243.624595195055,0.552,0.384
1243.6248449524244,0.544,0.384
1243.6250947097938,0.56,0.392
1243.6253444671631,0.544,0.384
1243.6255942245325,0.56,0.392
1243.6258439819019,0.544,0.384
1243.6260937392713,0.56,0.392
1243.6263434966406,0.544,0.384
1243.6265932540098,0.56,0.4
1243.6268430113792,0.544,0.384
1243.6270927687485,0.56,0.392
1243.627342526118,0.544,0.392
1243.6275922834873,0.56,0.384
1243.6278420408566,0.544,0.384
1243.628091798226,0.56,0.4
1243.6283415555954,0.544,0.392
1243.6285913129648,0.56,0.384
1243.6288410703341,0.544,0.384
1243.6290908277035,0.56,0.4
1243.629340585073,0.544,0.384
1243.6295903424423,0.56,0.4
1243.6298400998116,0.544,0.384
1243.630089857181,0.56,0.392
1243.6303396145502,0.544,0.384
1243.6305893719195,0.56,0.392
1243.630839129289,0.544,0.384
1243.6310888866583,0.56,0.392
1243.6313386440277,0.544,0.384
1243.631588401397,0.56,0.392
1243.6318381587664,0.544,0.384
1243.6320879161358,0.552,0.4
1243.6323376735052,0.544,0.4
1243.6325874308745,0.552,0.384
1243.632837188244,0.544,0.384
1243.6330869456133,0.56,0.392
1243.6333367029827,0.56,0.384
1243.633586460352,0.544,0.4
1243.6338362177214,0.544,0.384
1243.6340859750906,0.56,0.392
1243.63433573246,0.544,0.384
1243.6345854898293,0.56,0.392
1243.6348352471987,0.544,0.384
1243.635085004568,0.56,0.392
1243.6353347619374,0.544,0.384
1243.6355845193068,0.56,0.4
1243.6358342766762,0.544,0.384
1243.6360840340456,0.56,0.392
1243.636333791415,0.544,0.384
1243.6365835487843,0.56,0.392
1243.6368333061537,0.56,0.384
1243.637083063523,0.544,0.392
1243.6373328208924,0.544,0.384
1243.6375825782618,0.552,0.392
1243.637832335631,0.56,0.384
1243.6380820930003,0.544,0.4
1243.6383318503697,0.544,0.392
1243.638581607739,0.56,0.40800000000000003
1243.6388313651084,0.544,0.40800000000000003
1243.6390811224778,0.56,0.392
1243.6393308798472,0.544,0.392
1243.6395806372166,0.56,0.40800000000000003
1243.639830394586,0.544,0.40800000000000003
1243.6400801519553,0.56,0.392
1243.6403299093247,0.544,0.40800000000000003
1243.640579666694,0.56,0.392
1243.6408294240634,0.544,0.392
1243.6410791814328,0.552,0.40800000000000003
1243.6413289388022,0.544,0.40800000000000003
1243.6415786961713,0.56,0.448
1243.6418284535407,0.544,0.44
1243.64207821091,0.56,0.40800000000000003
1243.6423279682795,0.544,0.40800000000000003
1243.6425777256488,0.56,0.392
1243.6428274830182,0.56,0.384
1243.6430772403876,0.544,0.40800000000000003
1243.643326997757,0.544,0.392
1243.6435767551263,0.56,0.41600000000000004
1243.6438265124957,0.544,0.432
1243.644076269865,0.56,0.392
1243.6443260272345,0.544,0.40800000000000003
1243.6445757846038,0.56,0.392
1243.6448255419732,0.544,0.4
1243.6450752993426,0.56,0.384
1243.6453250567117,0.544,0.392
1243.645574814081,0.56,0.424
1243.6458245714505,0.56,0.424
1243.6460743288199,0.536,0.392
1243.6463240861892,0.552,0.384
1243.6465738435586,0.528,0.4
1243.646823600928,0.536,0.392
1243.6470733582973,0.552,0.384
1243.6473231156667,0.544,0.384
1243.647572873036,0.52,0.4
1243.6478226304055,0.512,0.392
1243.6480723877748,0.544,0.384
1243.6483221451442,0.536,0.384
1243.6485719025136,0.552,0.392
1243.648821659883,0.544,0.384
1243.6490714172521,0.52,0.4
1243.6493211746215,0.536,0.40800000000000003
1243.6495709319909,0.504,0.384
1243.6498206893602,0.512,0.384
1243.6500704467296,0.496,0.40800000000000003
1243.650320204099,0.496,0.424
1243.6505699614684,0.512,0.392
1243.6508197188377,0.504,0.392
1243.651069476207,0.552,0.392
1243.6513192335765,0.552,0.392
1243.6515689909459,0.528,0.40800000000000003
1243.6518187483152,0.536,0.392
1243.6520685056846,0.52,0.44
1243.652318263054,0.504,0.448
1243.6525680204234,0.544,0.40800000000000003
1243.6528177777925,0.528,0.41600000000000004
1243.6530675351619,0.544,0.4
1243.6533172925313,0.544,0.392
1243.6535670499006,0.528,0.4
1243.65381680727,0.512,0.4
1243.6540665646394,0.544,0.384
1243.6543163220088,0.544,0.392
1243.6545660793781,0.528,0.4
1243.6548158367475,0.536,0.392
1243.6550655941169,0.528,0.4
1243.6553153514863,0.528,0.4
1243.6555651088556,0.504,0.392
1243.655814866225,0.52,0.384
1243.6560646235944,0.544,0.40800000000000003
1243.6563143809637,0.544,0.4
1243.656564138333,0.52,0.432
1243.6568138957023,0.52,0.44
1243.6570636530716,0.504,0.40800000000000003
1243.657313410441,0.504,0.40800000000000003
1243.6575631678104,0.512,0.392
1243.6578129251798,0.504,0.4
1243.6580626825491,0.544,0.432
1243.6583124399185,0.536,0.4
1243.658562197288,0.56,0.40800000000000003
1243.6588119546573,0.536,0.4
1243.6590617120266,0.552,0.432
1243.659311469396,0.536,0.40800000000000003
1243.6595612267654,0.552,0.384
1243.6598109841348,0.536,0.384
1243.6600607415041,0.56,0.392
1243.6603104988733,0.544,0.384
1243.6605602562427,0.552,0.392
1243.660810013612,0.536,0.384
1243.6610597709814,0.552,0.392
1243.6613095283508,0.552,0.384
1243.6615592857202,0.528,0.4
1243.6618090430895,0.528,0.384
1243.662058800459,0.552,0.392
1243.6623085578283,0.544,0.384
1243.6625583151977,0.528,0.4
1243.662808072567,0.536,0.384
1243.6630578299364,0.504,0.392
1243.6633075873058,0.504,0.384
1243.6635573446752,0.544,0.4
1243.6638071020445,0.536,0.384
1243.6640568594137,0.512,0.392
1243.664306616783,0.52,0.384
1243.6645563741524,0.496,0.392
1243.6648061315218,0.496,0.384
1243.6650558888912,0.544,0.392
1243.6653056462605,0.536,0.384
1243.66555540363,0.552,0.40800000000000003
1243.6658051609993,0.528,0.40800000000000003
1243.6660549183687,0.544,0.392
1243.666304675738,0.528,0.392
1243.6665544331074,0.544,0.432
1243.6668041904768,0.52,0.432
1243.6670539478462,0.544,0.456
1243.6673037052155,0.528,0.456
1243.667553462585,0.544,0.41600000000000004
1243.667803219954,0.528,0.41600000000000004
1243.6680529773234,0.536,0.4
1243.6683027346928,0.528,0.392
1243.6685524920622,0.544,0.40800000000000003
1243.6688022494316,0.528,0.40800000000000003
1243.669052006801,0.552,0.448
1243.6693017641703,0.552,0.424
1243.6695515215397,0.528,0.392
1243.669801278909,0.544,0.392
1243.6700510362784,0.528,0.384
1243.6703007936478,0.544,0.384
1243.6705505510172,0.528,0.4
1243.6708003083866,0.544,0.384
1243.671050065756,0.52,0.4
1243.6712998231253,0.528,0.384
1243.6715495804945,0.544,0.4
1243.6717993378638,0.528,0.384
1243.6720490952332,0.544,0.392
1243.6722988526026,0.528,0.384
1243.672548609972,0.544,0.392
1243.6727983673413,0.536,0.384
1243.6730481247107,0.52,0.392
1243.67329788208,0.544,0.384
1243.6735476394495,0.512,0.392
1243.6737973968188,0.512,0.384
1243.6740471541882,0.536,0.4
1243.6742969115576,0.528,0.384
1243.674546668927,0.544,0.4
1243.6747964262963,0.544,0.392
1243.6750461836657,0.528,0.384
1243.6752959410348,0.528,0.384
1243.6755456984042,0.544,0.392
1243.6757954557736,0.544,0.384
1243.676045213143,0.528,0.392
1243.6762949705123,0.52,0.384
1243.6765447278817,0.552,0.392
1243.676794485251,0.544,0.384
1243.6770442426205,0.52,0.392
1243.6772939999898,0.52,0.384
1243.6775437573592,0.504,0.4
1243.6777935147286,0.52,0.384
1243.678043272098,0.544,0.392
1243.6782930294673,0.536,0.384
1243.6785427868367,0.512,0.4
1243.678792544206,0.504,0.384
1243.6790423015752,0.52,0.4
1243.6792920589446,0.504,0.392
1243.679541816314,0.536,0.384
1243.6797915736834,0.528,0.384
1243.6800413310527,0.544,0.4
1243.680291088422,0.528,0.392
1243.6805408457915,0.544,0.376
1243.6807906031609,0.544,0.376
1243.6810403605302,0.52,0.32
1243.6812901178996,0.504,0.312
1243.681539875269,0.536,0.176
1243.6817896326384,0.528,0.168
1243.6820393900077,0.544,0.048
1243.682289147377,0.528,0.056
1243.6825389047465,0.544,0.016
1243.6827886621156,0.528,0.016
1243.683038419485,0.544,-0.008
1243.6832881768544,0.528,0.0
1243.6835379342238,0.552,-0.008
1243.6837876915931,0.544,-0.008
1243.6840374489625,0.52,0.0
1243.6842872063319,0.52,-0.008
1243.6845369637012,0.496,0.0
1243.6847867210706,0.512,0.0
1243.68503647844,0.544,-0.008
1243.6852862358094,0.544,-0.008
1243.6855359931787,0.52,0.0
1243.6857857505481,0.512,-0.008
1243.6860355079175,0.536,0.0
1243.6862852652869,0.544,-0.008
1243.686535022656,0.512,0.0
1243.6867847800254,0.52,0.0
1243.6870345373948,0.544,-0.016
1243.6872842947641,0.528,-0.008
1243.6875340521335,0.544,0.0
1243.687783809503,0.528,-0.016
1243.6880335668723,0.544,0.0
1243.6882833242416,0.544,0.0
1243.688533081611,0.504,-0.016
1243.6887828389804,0.504,-0.008
1243.6890325963498,0.544,0.0
1243.6892823537191,0.536,-0.016
1243.6895321110885,0.52,0.0
1243.6897818684579,0.528,-0.016
1243.6900316258273,0.544,0.0
1243.6902813831964,0.536,0.0
1243.6905311405658,0.512,-0.016
1243.6907808979352,0.504,0.0
1243.6910306553045,0.536,-0.016
1243.691280412674,0.528,0.0
1243.6915301700433,0.544,-0.008
1243.6917799274127,0.544,-0.008
1243.692029684782,0.52,0.0
1243.6922794421514,0.504,-0.008
1243.6925291995208,0.52,0.0
1243.6927789568902,0.496,0.0
1243.6930287142595,0.544,-0.016
1243.693278471629,0.528,-0.008
1243.6935282289983,0.536,0.0
1243.6937779863676,0.528,0.0
1243.6940277437368,0.536,-0.016
1243.6942775011062,0.528,-0.016
1243.6945272584755,0.544,0.0
1243.694777015845,0.528,0.0
1243.6950267732143,0.544,-0.008
1243.6952765305837,0.52,0.0
1243.695526287953,0.544,-0.008
1243.6957760453224,0.52,0.0
1243.6960258026918,0.544,-0.008
1243.6962755600612,0.52,-0.016
1243.6965253174305,0.544,0.0
1243.6967750748,0.528,-0.008
1243.6970248321693,0.544,0.0
1243.6972745895387,0.536,0.0
1243.697524346908,0.52,-0.016
1243.6977741042772,0.504,0.0
1243.6980238616466,0.552,-0.016
1243.698273619016,0.552,-0.016
1243.6985233763853,0.536,0.0
1243.6987731337547,0.536,0.0
1243.699022891124,0.552,-0.008
1243.6992726484934,0.56,0.0
1243.6995224058628,0.544,-0.016
1243.6997721632322,0.56,-0.016
1243.7000219206016,0.536,0.0
1243.700271677971,0.544,0.0
1243.7005214353403,0.56,-0.016
1243.7007711927097,0.544,-0.016
1243.701020950079,0.56,0.0
1243.7012707074484,0.56,0.0
1243.7015204648176,0.536,-0.016
1243.701770222187,0.544,0.0
1243.7020199795563,0.56,-0.016
1243.7022697369257,0.544,0.0
1243.702519494295,0.56,-0.016
1243.7027692516644,0.552,0.0
1243.7030190090338,0.536,-0.016
1243.7032687664032,0.536,0.0
1243.7035185237726,0.552,-0.016
1243.703768281142,0.552,-0.016
1243.7040180385113,0.536,0.0
1243.7042677958807,0.544,-0.016
1243.70451755325,0.56,0.0
1243.7047673106194,0.552,-0.016
1243.7050170679888,0.536,0.0
1243.705266825358,0.544,-0.016
1243.7055165827273,0.52,0.0
1243.7057663400967,0.504,0.0
1243.706016097466,0.544,-0.016
1243.7062658548355,0.536,-0.016
1243.7065156122048,0.56,0.0
1243.7067653695742,0.544,0.0
1243.7070151269436,0.552,-0.016
1243.707264884313,0.544,-0.016
1243.7075146416823,0.56,0.0
1243.7077643990517,0.544,0.0
1243.708014156421,0.552,-0.016
1243.7082639137905,0.544,0.0
1243.7085136711598,0.56,-0.016
1243.7087634285292,0.544,-0.016
1243.7090131858984,0.56,0.0
1243.7092629432677,0.544,-0.016
1243.709512700637,0.56,0.0
1243.7097624580065,0.544,0.0
1243.7100122153759,0.552,-0.016
1243.7102619727452,0.544,0.0
1243.7105117301146,0.56,-0.016
1243.710761487484,0.544,-0.016
1243.7110112448534,0.56,0.0
1243.7112610022227,0.536,-0.016
1243.711510759592,0.56,0.0
1243.7117605169615,0.544,-0.016
1243.7120102743309,0.56,0.0
1243.7122600317002,0.544,0.0
1243.7125097890696,0.56,-0.016
1243.7127595464387,0.544,0.0
1243.7130093038081,0.56,-0.016
1243.7132590611775,0.544,0.0
1243.7135088185469,0.56,-0.016
1243.7137585759162,0.544,-0.016
1243.7140083332856,0.56,0.0
1243.714258090655,0.56,0.0
1243.7145078480244,0.544,-0.016
1243.7147576053937,0.56,-0.016
1243.7150073627631,0.544,0.0
1243.7152571201325,0.544,-0.016
1243.7155068775019,0.56,0.0
1243.7157566348712,0.544,-0.016
1243.7160063922406,0.56,0.0
1243.71625614961,0.544,-0.016
1243.7165059069791,0.5680000000000001,0.0
1243.7167556643485,0.544,-0.016
1243.7170054217179,0.56,0.0
1243.7172551790873,0.544,-0.016
1243.7175049364566,0.56,0.0
1243.717754693826,0.544,-0.016
1243.7180044511954,0.56,0.0
1243.7182542085648,0.552,-0.016
1243.7185039659341,0.544,0.0
1243.7187537233035,0.544,-0.016
1243.7190034806729,0.56,0.0
1243.7192532380423,0.544,-0.016
1243.7195029954116,0.56,0.0
1243.719752752781,0.544,-0.016
1243.7200025101504,0.56,0.0
1243.7202522675195,0.544,-0.016
1243.720502024889,0.56,0.0
1243.7207517822583,0.56,-0.016
1243.7210015396277,0.544,0.0
1243.721251296997,0.544,-0.016
1243.7215010543664,0.5680000000000001,0.0
1243.7217508117358,0.544,0.0
1243.7220005691051,0.56,-0.016
1243.7222503264745,0.544,0.0
1243.722500083844,0.56,-0.016
1243.7227498412133,0.56,-0.016
1243.7229995985826,0.544,0.0
1243.723249355952,0.544,-0.016
1243.7234991133214,0.56,0.0
1243.7237488706908,0.544,-0.016
1243.72399862806,0.56,0.0
1243.7242483854293,0.544,0.0
1243.7244981427987,0.56,-0.016
1243.724747900168,0.544,0.0
1243.7249976575374,0.56,-0.016
1243.7252474149068,0.544,-0.016
1243.7254971722762,0.56,0.0
1243.7257469296455,0.544,-0.016
1243.725996687015,0.56,0.0
1243.7262464443843,0.544,0.0
1243.7264962017537,0.5680000000000001,-0.016
1243.726745959123,0.544,0.0
1243.7269957164924,0.56,-0.016
1243.7272454738618,0.544,-0.016
1243.7274952312312,0.56,0.0
1243.7277449886003,0.544,0.0
1243.7279947459697,0.56,-0.016
1243.728244503339,0.544,-0.016
1243.7284942607084,0.552,0.0
1243.7287440180778,0.544,-0.016
1243.7289937754472,0.552,0.0
1243.7292435328166,0.544,-0.016
1243.729493290186,0.56,0.0
1243.7297430475553,0.544,-0.016
1243.7299928049247,0.56,0.0
1243.730242562294,0.544,0.0
1243.7304923196634,0.552,-0.016
1243.7307420770328,0.544,-0.016
1243.7309918344022,0.552,0.0
1243.7312415917715,0.56,0.0
1243.7314913491407,0.536,-0.016
1243.73174110651,0.544,-0.016
1243.7319908638794,0.56,0.0
1243.7322406212488,0.544,-0.016
1243.7324903786182,0.56,0.0
1243.7327401359876,0.544,0.0
1243.732989893357,0.56,-0.016
1243.7332396507263,0.544,-0.016
1243.7334894080957,0.56,0.0
1243.733739165465,0.536,0.0
1243.7339889228344,0.552,-0.016
1243.7342386802038,0.552,0.0
1243.7344884375732,0.52,-0.016
1243.7347381949426,0.52,0.0
1243.734987952312,0.504,-0.016
1243.735237709681,0.528,-0.016
1243.7354874670505,0.56,0.0
1243.7357372244198,0.56,0.0
1243.7359869817892,0.544,-0.016
1243.7362367391586,0.544,-0.016
1243.736486496528,0.56,0.0
1243.7367362538973,0.544,-0.016
1243.7369860112667,0.56,0.0
1243.737235768636,0.544,0.0
1243.7374855260055,0.56,-0.016
1243.7377352833748,0.544,0.0
1243.7379850407442,0.56,-0.016
1243.7382347981136,0.544,-0.016
1243.738484555483,0.56,0.0
1243.7387343128523,0.544,-0.016
1243.7389840702215,0.56,0.0
1243.7392338275909,0.544,0.0
1243.7394835849602,0.56,-0.016
1243.7397333423296,0.544,0.0
1243.739983099699,0.56,-0.016
1243.7402328570683,0.544,0.0
1243.7404826144377,0.56,-0.016
1243.740732371807,0.544,-0.016
1243.7409821291765,0.56,0.0
1243.7412318865458,0.544,-0.016
1243.7414816439152,0.552,0.0
1243.7417314012846,0.544,0.0
1243.741981158654,0.56,-0.016
1243.7422309160233,0.544,-0.016
1243.7424806733927,0.56,0.0
1243.7427304307619,0.544,0.0
1243.7429801881312,0.56,-0.016
1243.7432299455006,0.544,-0.008
1243.74347970287,0.56,0.016
1243.7437294602394,0.544,0.016
1243.7439792176087,0.552,0.128
1243.7442289749781,0.544,0.136
1243.7444787323475,0.56,0.28
1243.7447284897169,0.544,0.272
1243.7449782470862,0.552,0.368
1243.7452280044556,0.544,0.368
1243.745477761825,0.56,0.424
1243.7457275191944,0.544,0.40800000000000003
1243.7459772765637,0.56,0.392
1243.746227033933,0.536,0.4
1243.7464767913023,0.56,0.432
1243.7467265486716,0.56,0.424
1243.746976306041,0.544,0.448
1243.7472260634104,0.544,0.424
1243.7474758207798,0.56,0.392
1243.7477255781491,0.544,0.392
1243.7479753355185,0.56,0.424
1243.7482250928879,0.544,0.424
1243.7484748502573,0.56,0.456
1243.7487246076266,0.56,0.424
1243.748974364996,0.544,0.4
1243.7492241223654,0.544,0.392
1243.7494738797348,0.56,0.40800000000000003
1243.7497236371041,0.544,0.392
1243.7499733944735,0.56,0.41600000000000004
1243.7502231518426,0.544,0.424
1243.750472909212,0.56,0.4
1243.7507226665814,0.544,0.41600000000000004
1243.7509724239508,0.552,0.392
1243.7512221813201,0.56,0.392
1243.7514719386895,0.536,0.424
1243.751721696059,0.544,0.432
1243.7519714534283,0.56,0.392
1243.7522212107976,0.552,0.4
1243.752470968167,0.528,0.384
1243.7527207255364,0.552,0.4
1243.7529704829058,0.528,0.384
1243.7532202402751,0.544,0.384
1243.7534699976445,0.504,0.4
1243.753719755014,0.52,0.384
1243.753969512383,0.552,0.392
1243.7542192697524,0.544,0.384
1243.7544690271218,0.552,0.392
1243.7547187844912,0.544,0.384
1243.7549685418605,0.552,0.392
1243.75521829923,0.544,0.384
1243.7554680565993,0.56,0.392
1243.7557178139687,0.544,0.384
1243.755967571338,0.56,0.392
1243.7562173287074,0.56,0.384
1243.7564670860768,0.536,0.4
1243.7567168434462,0.544,0.392
1243.7569666008155,0.56,0.40800000000000003
1243.757216358185,0.544,0.392
1243.7574661155543,0.56,0.392
1243.7577158729234,0.552,0.392
1243.7579656302928,0.544,0.41600000000000004
1243.7582153876622,0.544,0.456
1243.7584651450316,0.56,0.41600000000000004
1243.758714902401,0.544,0.41600000000000004
1243.7589646597703,0.552,0.384
1243.7592144171397,0.544,0.384
1243.759464174509,0.56,0.392
1243.7597139318784,0.544,0.384
1243.7599636892478,0.56,0.4
1243.7602134466172,0.56,0.384
1243.7604632039865,0.544,0.4
1243.760712961356,0.544,0.384
1243.7609627187253,0.56,0.392
1243.7612124760947,0.544,0.392
1243.7614622334638,0.56,0.384
1243.7617119908332,0.544,0.384
1243.7619617482026,0.56,0.4
1243.762211505572,0.544,0.384
1243.7624612629413,0.56,0.4
1243.7627110203107,0.544,0.384
1243.76296077768,0.56,0.4
1243.7632105350494,0.544,0.384
1243.7634602924188,0.56,0.392
1243.7637100497882,0.544,0.384
1243.7639598071576,0.56,0.392
1243.764209564527,0.544,0.384
1243.7644593218963,0.56,0.392
1243.7647090792657,0.544,0.384
1243.764958836635,0.56,0.384
1243.7652085940042,0.56,0.384
1243.7654583513736,0.544,0.4
1243.765708108743,0.544,0.392
1243.7659578661123,0.56,0.384
1243.7662076234817,0.56,0.384
1243.766457380851,0.536,0.392
1243.7667071382205,0.544,0.384
1243.7669568955898,0.56,0.4
1243.7672066529592,0.544,0.384
1243.7674564103286,0.56,0.4
1243.767706167698,0.56,0.384
1243.7679559250673,0.544,0.392
1243.7682056824367,0.544,0.384
1243.768455439806,0.56,0.4
1243.7687051971754,0.544,0.384
1243.7689549545446,0.56,0.392
1243.769204711914,0.544,0.384
1243.7694544692833,0.56,0.392
1243.7697042266527,0.544,0.384
1243.769953984022,0.56,0.392
1243.7702037413915,0.56,0.392
1243.7704534987608,0.544,0.384
1243.7707032561302,0.544,0.384
1243.7709530134996,0.56,0.392
1243.771202770869,0.544,0.384
1243.7714525282383,0.552,0.392
1243.7717022856077,0.544,0.384
1243.771952042977,0.552,0.392
1243.7722018003465,0.544,0.384
1243.7724515577158,0.56,0.392
1243.772701315085,0.544,0.384
1243.7729510724544,0.56,0.392
1243.7732008298237,0.544,0.384
1243.773450587193,0.56,0.4
1243.7737003445625,0.544,0.384
1243.7739501019319,0.56,0.4
1243.7741998593012,0.544,0.384
1243.7744496166706,0.56,0.4
1243.77469937404,0.544,0.384
1243.7749491314094,0.56,0.4
1243.7751988887787,0.544,0.384
1243.775448646148,0.56,0.4
1243.7756984035175,0.544,0.384
1243.7759481608869,0.56,0.392
1243.7761979182562,0.56,0.384
1243.7764476756254,0.544,0.392
1243.7766974329948,0.544,0.384
1243.7769471903641,0.56,0.392
1243.7771969477335,0.544,0.384
1243.7774467051029,0.56,0.4
1243.7776964624722,0.56,0.392
1243.7779462198416,0.536,0.384
1243.778195977211,0.536,0.384
1243.7784457345804,0.552,0.392
1243.7786954919497,0.552,0.384
1243.7789452493191,0.528,0.4
1243.7791950066885,0.528,0.392
1243.7794447640579,0.544,0.384
1243.7796945214272,0.504,0.384
1243.7799442787966,0.544,0.4
1243.7801940361658,0.544,0.384
1243.7804437935351,0.528,0.392
1243.7806935509045,0.536,0.384
1243.780943308274,0.552,0.392
1243.7811930656433,0.544,0.384
1243.7814428230126,0.52,0.4
1243.781692580382,0.528,0.384
1243.7819423377514,0.504,0.4
1243.7821920951208,0.512,0.384
1243.7824418524901,0.536,0.4
1243.7826916098595,0.544,0.384
1243.782941367229,0.528,0.392
1243.7831911245983,0.528,0.384
1243.7834408819676,0.544,0.392
1243.783690639337,0.536,0.384
1243.7839403967062,0.544,0.392
1243.7841901540755,0.528,0.384
1243.784439911445,0.544,0.4
1243.7846896688143,0.528,0.4
1243.7849394261837,0.504,0.384
1243.785189183553,0.52,0.384
1243.7854389409224,0.504,0.392
1243.7856886982918,0.504,0.384
1243.7859384556612,0.528,0.392
1243.7861882130305,0.504,0.384
1243.7864379704,0.536,0.392
1243.7866877277693,0.528,0.384
1243.7869374851387,0.544,0.392
1243.787187242508,0.536,0.392
1243.7874369998774,0.504,0.384
1243.7876867572465,0.504,0.392
1243.787936514616,0.536,0.384
1243.7881862719853,0.528,0.392
1243.7884360293547,0.544,0.384
1243.788685786724,0.528,0.384
1243.7889355440934,0.544,0.392
1243.7891853014628,0.536,0.384
1243.7894350588322,0.528,0.392
1243.7896848162015,0.504,0.384
1243.789934573571,0.544,0.392
1243.7901843309403,0.544,0.384
1243.7904340883097,0.528,0.392
1243.790683845679,0.544,0.392
1243.7909336030484,0.512,0.4
1243.7911833604178,0.496,0.392
1243.791433117787,0.544,0.40800000000000003
1243.7916828751563,0.528,0.392
1243.7919326325257,0.544,0.40800000000000003
1243.792182389895,0.52,0.4
1243.7924321472644,0.536,0.384
1243.7926819046338,0.52,0.392
1243.7929316620032,0.504,0.4
1243.7931814193726,0.504,0.392
1243.793431176742,0.536,0.4
1243.7936809341113,0.544,0.392
1243.7939306914807,0.528,0.4
1243.79418044885,0.536,0.392
1243.7944302062194,0.52,0.40800000000000003
1243.7946799635888,0.528,0.4
1243.7949297209582,0.544,0.41600000000000004
1243.7951794783273,0.536,0.40800000000000003
1243.7954292356967,0.504,0.432
1243.795678993066,0.504,0.424
1243.7959287504355,0.544,0.4
1243.7961785078048,0.528,0.392
1243.7964282651742,0.544,0.432
1243.7966780225436,0.536,0.432
1243.796927779913,0.528,0.392
1243.7971775372823,0.528,0.392
1243.7974272946517,0.544,0.41600000000000004
1243.797677052021,0.528,0.41600000000000004
1243.7979268093904,0.536,0.432
1243.7981765667598,0.528,0.44
1243.7984263241292,0.544,0.4
1243.7986760814986,0.528,0.392
1243.7989258388677,0.544,0.40800000000000003
1243.799175596237,0.544,0.392
1243.7994253536065,0.528,0.40800000000000003
1243.7996751109758,0.528,0.392
1243.7999248683452,0.544,0.41600000000000004
1243.8001746257146,0.528,0.44
1243.800424383084,0.496,0.4
1243.8006741404533,0.504,0.40800000000000003
1243.8009238978227,0.544,0.392
1243.801173655192,0.528,0.4
1243.8014234125615,0.544,0.424
1243.8016731699308,0.528,0.432
1243.8019229273002,0.544,0.4
1243.8021726846696,0.544,0.4
1243.802422442039,0.528,0.392
1243.802672199408,0.528,0.392
1243.8029219567775,0.544,0.40800000000000003
1243.8031717141469,0.528,0.40800000000000003
1243.8034214715162,0.544,0.44
1243.8036712288856,0.528,0.424
1243.803920986255,0.544,0.4
1243.8041707436244,0.528,0.4
1243.8044205009937,0.544,0.448
1243.804670258363,0.544,0.432
1243.8049200157325,0.504,0.4
1243.8051697731019,0.52,0.4
1243.8054195304712,0.544,0.376
1243.8056692878406,0.544,0.376
1243.80591904521,0.528,0.312
1243.8061688025794,0.528,0.304
1243.8064185599485,0.544,0.176
1243.8066683173179,0.528,0.16
1243.8069180746872,0.536,0.064
1243.8071678320566,0.504,0.056
1243.807417589426,0.528,0.008
1243.8076673467954,0.536,0.016
1243.8079171041647,0.52,0.0
1243.8081668615341,0.512,0.0
1243.8084166189035,0.544,-0.008
1243.8086663762729,0.544,-0.016
1243.8089161336422,0.512,0.008
1243.8091658910116,0.504,-0.016
1243.809415648381,0.536,0.0
1243.8096654057504,0.528,-0.016
1243.8099151631197,0.544,0.0
1243.810164920489,0.52,0.0
1243.8104146778583,0.504,-0.016
1243.8106644352276,0.504,0.0
1243.810914192597,0.536,-0.016
1243.8111639499664,0.52,0.0
1243.8114137073358,0.544,-0.008
1243.8116634647051,0.544,0.0
1243.8119132220745,0.528,-0.016
1243.8121629794439,0.536,0.0
1243.8124127368133,0.512,-0.008
1243.8126624941826,0.512,-0.008
1243.812912251552,0.544,0.0
1243.8131620089214,0.544,-0.008
1243.8134117662908,0.52,0.0
1243.8136615236601,0.512,0.0
1243.8139112810293,0.544,-0.016
1243.8141610383987,0.552,0.0
1243.814410795768,0.536,-0.016
1243.8146605531374,0.536,0.0
1243.8149103105068,0.544,-0.008
1243.8151600678761,0.536,0.0
1243.8154098252455,0.56,-0.016
1243.815659582615,0.544,0.0
1243.8159093399843,0.552,-0.008
1243.8161590973536,0.536,0.0
1243.816408854723,0.56,-0.008
1243.8166586120924,0.544,0.0
1243.8169083694618,0.552,-0.016
1243.8171581268311,0.544,-0.008
1243.8174078842005,0.56,0.0
1243.8176576415697,0.552,-0.008
1243.817907398939,0.536,0.0
1243.8181571563084,0.56,0.0
1243.8184069136778,0.544,-0.008
1243.8186566710472,0.544,0.0
1243.8189064284165,0.56,-0.016
1243.819156185786,0.544,-0.016
1243.8194059431553,0.56,0.0
1243.8196557005247,0.544,-0.008
1243.819905457894,0.552,0.0
1243.8201552152634,0.536,0.0
1243.8204049726328,0.56,-0.016
1243.8206547300022,0.56,0.0
1243.8209044873715,0.536,-0.016
1243.821154244741,0.544,-0.008
1243.82140400211,0.56,0.0
1243.8216537594794,0.544,0.0
1243.8219035168488,0.56,-0.016
1243.8221532742182,0.544,-0.016
1243.8224030315876,0.552,0.0
1243.822652788957,0.544,0.0
1243.8229025463263,0.56,-0.016
1243.8231523036957,0.544,0.0
1243.823402061065,0.56,-0.008
1243.8236518184344,0.536,-0.016
1243.8239015758038,0.56,0.0
1243.8241513331732,0.544,-0.016
1243.8244010905426,0.56,0.0
1243.824650847912,0.544,-0.016
1243.8249006052813,0.56,0.0
1243.8251503626504,0.544,0.0
1243.8254001200198,0.56,-0.016
1243.8256498773892,0.544,0.0
1243.8258996347586,0.552,-0.016
1243.826149392128,0.544,-0.016
1243.8263991494973,0.56,0.0
1243.8266489068667,0.544,-0.016
1243.826898664236,0.56,0.0
1243.8271484216054,0.544,0.0
1243.8273981789748,0.56,-0.016
1243.8276479363442,0.544,-0.016
1243.8278976937136,0.56,0.0
1243.828147451083,0.544,-0.016
1243.8283972084523,0.56,0.0
1243.8286469658217,0.544,0.0
1243.8288967231908,0.56,-0.016
1243.8291464805602,0.544,-0.016
1243.8293962379296,0.56,0.0
1243.829645995299,0.544,0.0
1243.8298957526683,0.56,-0.016
1243.8301455100377,0.544,0.0
1243.830395267407,0.56,-0.016
1243.8306450247765,0.56,-0.016
1243.8308947821458,0.544,0.0
1243.8311445395152,0.544,-0.016
1243.8313942968846,0.56,0.0
1243.831644054254,0.56,-0.016
1243.8318938116233,0.544,0.0
1243.8321435689927,0.544,-0.016
1243.832393326362,0.552,0.0
1243.8326430837312,0.544,0.0
1243.8328928411006,0.552,-0.016
1243.83314259847,0.544,-0.016
1243.8333923558394,0.552,0.0
1243.8336421132087,0.544,-0.016
1243.833891870578,0.56,0.0
1243.8341416279475,0.544,0.0
1243.8343913853168,0.56,-0.016
1243.8346411426862,0.544,0.0
1243.8348909000556,0.56,-0.016
1243.835140657425,0.544,-0.016
1243.8353904147943,0.56,0.0
1243.8356401721637,0.56,0.0
1243.835889929533,0.544,-0.016
1243.8361396869025,0.544,-0.016
1243.8363894442716,0.56,0.0
1243.836639201641,0.544,-0.016
1243.8368889590104,0.56,0.0
1243.8371387163797,0.544,-0.016
1243.8373884737491,0.56,0.0
1243.8376382311185,0.544,0.0
1243.8378879884879,0.56,-0.016
1243.8381377458572,0.56,-0.016
1243.8383875032266,0.544,0.0
1243.838637260596,0.544,-0.008
1243.8388870179654,0.56,0.0
1243.8391367753347,0.544,-0.016
1243.839386532704,0.56,0.0
1243.8396362900735,0.544,-0.016
1243.8398860474429,0.56,0.0
1243.840135804812,0.544,0.0
1243.8403855621814,0.552,-0.016
1243.8406353195508,0.544,0.0
1243.8408850769201,0.56,-0.016
1243.8411348342895,0.56,0.0
1243.8413845916589,0.536,-0.016
1243.8416343490283,0.544,-0.016
1243.8418841063976,0.56,0.0
1243.842133863767,0.544,-0.016
1243.8423836211364,0.56,0.0
1243.8426333785058,0.544,-0.016
1243.8428831358751,0.56,0.0
1243.8431328932445,0.552,-0.016
1243.8433826506139,0.536,0.0
1243.8436324079833,0.536,-0.016
1243.8438821653524,0.552,0.0
1243.8441319227218,0.552,-0.016
1243.8443816800911,0.528,0.0
1243.8446314374605,0.52,-0.016
1243.84488119483,0.544,0.0
1243.8451309521993,0.52,-0.016
1243.8453807095686,0.544,0.0
1243.845630466938,0.536,0.0
1243.8458802243074,0.552,-0.016
1243.8461299816768,0.544,-0.016
1243.8463797390461,0.52,0.0
1243.8466294964155,0.504,-0.016
1243.846879253785,0.544,0.0
1243.8471290111543,0.544,0.0
1243.8473787685236,0.528,-0.016
1243.8476285258928,0.544,0.0
1243.8478782832622,0.528,-0.016
1243.8481280406315,0.512,0.0
1243.848377798001,0.552,-0.016
1243.8486275553703,0.56,0.0
1243.8488773127397,0.536,-0.016
1243.849127070109,0.544,-0.016
1243.8493768274784,0.552,0.0
1243.8496265848478,0.544,0.0
1243.8498763422172,0.56,-0.016
1243.8501260995865,0.544,-0.016
1243.850375856956,0.56,0.0
1243.8506256143253,0.544,-0.016
1243.8508753716947,0.56,0.0
1243.851125129064,0.544,0.0
1243.8513748864332,0.5680000000000001,-0.016
1243.8516246438026,0.544,-0.016
1243.851874401172,0.56,0.0
1243.8521241585413,0.56,-0.016
1243.8523739159107,0.544,0.0
1243.85262367328,0.544,0.0
1243.8528734306494,0.56,-0.016
1243.8531231880188,0.544,-0.016
1243.8533729453882,0.56,0.0
1243.8536227027575,0.544,0.0
1243.853872460127,0.56,-0.016
1243.8541222174963,0.544,-0.016
1243.8543719748657,0.56,0.0
1243.854621732235,0.56,0.0
1243.8548714896044,0.544,-0.016
1243.8551212469736,0.544,-0.016
1243.855371004343,0.56,0.0
1243.8556207617123,0.544,-0.016
1243.8558705190817,0.56,0.0
1243.856120276451,0.544,0.0
1243.8563700338204,0.56,-0.016
1243.8566197911898,0.544,-0.016
1243.8568695485592,0.56,0.0
1243.8571193059286,0.544,0.0
1243.857369063298,0.56,-0.016
1243.8576188206673,0.544,0.0
1243.8578685780367,0.56,-0.016
1243.858118335406,0.544,-0.016
1243.8583680927754,0.552,0.0
1243.8586178501448,0.544,-0.016
1243.858867607514,0.552,0.0
1243.8591173648833,0.544,-0.016
1243.8593671222527,0.56,0.0
1243.859616879622,0.544,0.0
1243.8598666369915,0.56,-0.016
1243.8601163943608,0.544,-0.016
1243.8603661517302,0.56,0.0
1243.8606159090996,0.544,-0.016
1243.860865666469,0.552,0.0
1243.8611154238383,0.544,0.0
1243.8613651812077,0.56,-0.016
1243.861614938577,0.552,-0.016
1243.8618646959465,0.52,0.0
1243.8621144533158,0.504,0.0
1243.8623642106852,0.528,-0.016
1243.8626139680543,0.52,-0.016
1243.8628637254237,0.544,0.0
1243.863113482793,0.544,0.0
1243.8633632401625,0.528,-0.016
1243.8636129975318,0.528,-0.016
1243.8638627549012,0.544,0.0
1243.8641125122706,0.528,0.0
1243.86436226964,0.544,-0.016
1243.8646120270093,0.544,-0.016
1243.8648617843787,0.52,0.0
1243.865111541748,0.536,-0.016
1243.8653612991175,0.544,0.0
1243.8656110564868,0.528,0.0
1243.8658608138562,0.544,-0.016
1243.8661105712256,0.544,0.0
1243.8663603285947,0.52,-0.016
1243.866610085964,0.544,-0.016
1243.8668598433335,0.52,0.0
1243.8671096007029,0.528,0.0
1243.8673593580722,0.544,-0.016
1243.8676091154416,0.528,-0.016
1243.867858872811,0.536,0.0
1243.8681086301804,0.528,-0.008
1243.8683583875497,0.536,0.016
1243.868608144919,0.544,0.016
1243.8688579022885,0.504,0.12
1243.8691076596579,0.52,0.128
1243.8693574170272,0.552,0.28
1243.8696071743966,0.544,0.28
1243.869856931766,0.528,0.34400000000000003
1243.8701066891351,0.528,0.352
1243.8703564465045,0.544,0.392
1243.8706062038739,0.536,0.392
1243.8708559612433,0.52,0.44
1243.8711057186126,0.528,0.40800000000000003
1243.871355475982,0.504,0.384
1243.8716052333514,0.512,0.392
1243.8718549907207,0.544,0.384
1243.8721047480901,0.528,0.384
1243.8723545054595,0.544,0.392
1243.8726042628289,0.528,0.384
1243.8728540201982,0.544,0.4
1243.8731037775676,0.528,0.384
1243.873353534937,0.544,0.392
1243.8736032923064,0.544,0.384
1243.8738530496755,0.528,0.4
1243.874102807045,0.544,0.384
1243.8743525644143,0.528,0.392
1243.8746023217836,0.544,0.384
1243.874852079153,0.528,0.392
1243.8751018365224,0.536,0.384
1243.8753515938918,0.52,0.392
1243.8756013512611,0.528,0.384
1243.8758511086305,0.536,0.392
1243.876100866,0.528,0.384
1243.8763506233693,0.544,0.392
1243.8766003807386,0.536,0.384
1243.876850138108,0.52,0.4
1243.8770998954774,0.504,0.384
1243.8773496528468,0.528,0.4
1243.877599410216,0.52,0.392
1243.8778491675853,0.544,0.384
1243.8780989249547,0.544,0.384
1243.878348682324,0.528,0.392
1243.8785984396934,0.544,0.384
1243.8788481970628,0.512,0.4
1243.8790979544322,0.528,0.392
1243.8793477118015,0.544,0.40800000000000003
1243.879597469171,0.536,0.4
1243.8798472265403,0.496,0.432
1243.8800969839097,0.504,0.44
1243.880346741279,0.544,0.4
1243.8805964986484,0.536,0.40800000000000003
1243.8808462560178,0.56,0.384
1243.8810960133872,0.536,0.392
1243.8813457707563,0.552,0.432
1243.8815955281257,0.56,0.44
1243.881845285495,0.544,0.4
1243.8820950428644,0.544,0.40800000000000003
1243.8823448002338,0.56,0.392
1243.8825945576032,0.536,0.392
1243.8828443149725,0.56,0.4
1243.883094072342,0.552,0.392
1243.8833438297113,0.536,0.40800000000000003
1243.8835935870807,0.544,0.40800000000000003
1243.88384334445,0.56,0.448
1243.8840931018194,0.544,0.44
1243.8843428591888,0.552,0.4
1243.8845926165582,0.544,0.4
1243.8848423739275,0.56,0.384
1243.8850921312967,0.552,0.392
1243.885341888666,0.544,0.40800000000000003
1243.8855916460354,0.544,0.40800000000000003
1243.8858414034048,0.552,0.392
1243.8860911607742,0.544,0.4
1243.8863409181436,0.552,0.424
1243.886590675513,0.544,0.41600000000000004
1243.8868404328823,0.56,0.392
1243.8870901902517,0.56,0.392
1243.887339947621,0.544,0.4
1243.8875897049904,0.544,0.4
1243.8878394623598,0.552,0.392
1243.8880892197292,0.544,0.4
1243.8883389770986,0.56,0.384
1243.888588734468,0.56,0.384
1243.888838491837,0.544,0.4
1243.8890882492065,0.56,0.392
1243.8893380065758,0.544,0.4
1243.8895877639452,0.544,0.392
1243.8898375213146,0.56,0.432
1243.890087278684,0.56,0.432
1243.8903370360533,0.544,0.392
1243.8905867934227,0.544,0.4
1243.890836550792,0.56,0.384
1243.8910863081614,0.56,0.384
1243.8913360655308,0.536,0.4
1243.8915858229002,0.544,0.392
1243.8918355802696,0.56,0.384
1243.892085337639,0.544,0.384
1243.8923350950083,0.56,0.392
1243.8925848523775,0.544,0.384
1243.8928346097468,0.56,0.392
1243.8930843671162,0.552,0.384
1243.8933341244856,0.544,0.392
1243.893583881855,0.544,0.384
1243.8938336392243,0.552,0.4
1243.8940833965937,0.544,0.392
1243.894333153963,0.56,0.384
1243.8945829113325,0.544,0.384
1243.8948326687018,0.56,0.40800000000000003
1243.8950824260712,0.544,0.392
1243.8953321834406,0.56,0.40800000000000003
1243.89558194081,0.544,0.392
1243.8958316981793,0.56,0.392
1243.8960814555487,0.544,0.392
1243.8963312129179,0.56,0.4
1243.8965809702872,0.56,0.392
1243.8968307276566,0.544,0.41600000000000004
1243.897080485026,0.544,0.40800000000000003
1243.8973302423954,0.56,0.424
1243.8975799997647,0.544,0.40800000000000003
1243.897829757134,0.56,0.392
1243.8980795145035,0.544,0.384
1243.8983292718729,0.56,0.4
1243.8985790292422,0.544,0.384
1243.8988287866116,0.56,0.392
1243.899078543981,0.56,0.384
1243.8993283013504,0.544,0.392
1243.8995780587197,0.544,0.384
1243.899827816089,0.56,0.4
1243.9000775734582,0.544,0.384
1243.9003273308276,0.56,0.392
1243.900577088197,0.56,0.384
1243.9008268455664,0.544,0.392
1243.9010766029357,0.544,0.384
1243.9013263603051,0.56,0.392
1243.9015761176745,0.544,0.384
1243.9018258750439,0.56,0.392
1243.9020756324132,0.544,0.384
1243.9023253897826,0.552,0.392
1243.902575147152,0.544,0.392
1243.9028249045214,0.56,0.384
1243.9030746618907,0.544,0.384
1243.9033244192601,0.56,0.392
1243.9035741766295,0.544,0.384
1243.9038239339986,0.56,0.4
1243.904073691368,0.544,0.384
1243.9043234487374,0.56,0.392
1243.9045732061068,0.544,0.4
1243.9048229634761,0.56,0.384
1243.9050727208455,0.56,0.384
1243.9053224782149,0.536,0.4
1243.9055722355843,0.536,0.384
1243.9058219929536,0.544,0.392
1243.906071750323,0.528,0.4
1243.9063215076924,0.552,0.384
1243.9065712650618,0.528,0.384
1243.9068210224311,0.552,0.392
1243.9070707798005,0.552,0.384
1243.9073205371699,0.528,0.392
1243.907570294539,0.544,0.384
1243.9078200519084,0.504,0.4
1243.9080698092778,0.504,0.384
1243.9083195666472,0.528,0.4
1243.9085693240165,0.52,0.392
1243.908819081386,0.552,0.384
1243.9090688387553,0.528,0.384
1243.9093185961246,0.544,0.392
1243.909568353494,0.528,0.384
1243.9098181108634,0.544,0.392
1243.9100678682328,0.512,0.392
1243.9103176256021,0.552,0.40800000000000003
1243.9105673829715,0.528,0.40800000000000003
1243.910817140341,0.544,0.432
1243.9110668977103,0.528,0.448
1243.9113166550794,0.544,0.424
1243.9115664124488,0.512,0.424
1243.9118161698182,0.544,0.392
1243.9120659271875,0.536,0.392
1243.912315684557,0.56,0.4
1243.9125654419263,0.544,0.392
1243.9128151992957,0.56,0.41600000000000004
1243.9310574531555,0.536,-0.016
1243.9313097512722,0.552,0.0
1243.931562049389,0.56,-0.016
1243.9318143475057,0.536,0.0
1243.9320666456222,0.536,-0.016
1243.932318943739,0.552,0.0
1243.9325712418556,0.536,-0.016
1243.9328235399723,0.552,-0.008
1243.933075838089,0.552,-0.008
1243.9333281362058,0.536,-0.016
1243.9335804343223,0.536,-0.016
1243.933832732439,0.56,0.0
1243.9340850305557,0.552,-0.008
1243.9343373286724,0.536,-0.016
1243.9345896267891,0.536,-0.016
1243.9348419249059,0.552,0.0
1243.9350942230224,0.536,-0.016
1243.935346521139,0.56,0.0
1243.9355988192558,0.552,-0.016
1243.9358511173725,0.536,0.0
1243.9361034154892,0.536,-0.008
1243.936355713606,0.56,0.016
1243.9366080117225,0.544,0.024
1243.9368603098392,0.56,0.128
1243.937112607956,0.536,0.136
1243.9373649060726,0.552,0.28
1243.9376172041893,0.56,0.28
1243.937869502306,0.536,0.352
1243.9381218004228,0.536,0.352
1243.9383740985393,0.552,0.376
1243.938626396656,0.552,0.384
1243.9388786947727,0.536,0.392
1243.9391309928894,0.552,0.384
1243.9393832910062,0.536,0.40800000000000003
1243.9396355891229,0.544,0.41600000000000004
1243.9398878872394,0.552,0.448
1243.940140185356,0.552,0.432
1243.9403924834728,0.536,0.448
1243.9406447815895,0.536,0.432
1243.9408970797062,0.56,0.4
1243.941149377823,0.552,0.4
1243.9414016759395,0.536,0.384
1243.9416539740562,0.56,0.384
1243.941906272173,0.536,0.392
1243.9421585702896,0.536,0.384
1243.9424108684063,0.56,0.392
1243.942663166523,0.544,0.384
1243.9429154646396,0.56,0.392
1243.9431677627563,0.552,0.384
1243.943420060873,0.544,0.4
1243.9436723589897,0.536,0.384
1243.9439246571064,0.552,0.392
1243.9441769552232,0.536,0.384
1243.9444292533399,0.552,0.392
1243.9446815514564,0.544,0.392
1243.944933849573,0.552,0.424
1243.9451861476898,0.56,0.424
1243.9454384458065,0.536,0.44
1243.9456907439233,0.544,0.448
1243.94594304204,0.552,0.40800000000000003
1243.9461953401565,0.544,0.41600000000000004
1243.9464476382732,0.552,0.384
1243.94669993639,0.544,0.384
1243.9469522345066,0.56,0.4
1243.9472045326233,0.544,0.384
1243.94745683074,0.56,0.392
1243.9477091288566,0.552,0.384
1243.9479614269733,0.536,0.392
1243.94821372509,0.544,0.392
1243.9484660232067,0.56,0.376
1243.9487183213234,0.56,0.384
1243.9489706194402,0.536,0.392
1243.9492229175567,0.536,0.392
1243.9494752156734,0.552,0.424
1243.94972751379,0.544,0.424
1243.9499798119068,0.56,0.392
1243.9502321100235,0.56,0.4
1243.9504844081403,0.536,0.384
1243.950736706257,0.544,0.384
1243.9509890043735,0.56,0.4
1243.9512413024902,0.56,0.384
1243.951493600607,0.536,0.40800000000000003
1243.9517458987236,0.544,0.392
1243.9519981968403,0.552,0.424
1243.952250494957,0.544,0.424
1243.9525027930736,0.56,0.392
1243.9527550911903,0.544,0.392
1243.953007389307,0.56,0.41600000000000004
1243.9532596874237,0.544,0.432
1243.9535119855404,0.56,0.4
1243.9537642836572,0.536,0.4
1243.9540165817737,0.56,0.384
1243.9542688798904,0.544,0.384
1243.954521178007,0.56,0.4
1243.9547734761238,0.544,0.384
1243.9550257742405,0.56,0.44
1243.9552780723573,0.544,0.432
1243.9555303704738,0.56,0.392
1243.9557826685905,0.544,0.384
1243.9560349667072,0.56,0.4
1243.956287264824,0.544,0.384
1243.9565395629406,0.56,0.40800000000000003
1243.9567918610574,0.544,0.384
1243.957044159174,0.552,0.392
1243.9572964572906,0.56,0.376
1243.9575487554073,0.536,0.392
1243.957801053524,0.544,0.384
1243.9580533516407,0.56,0.41600000000000004
1243.9583056497574,0.544,0.41600000000000004
1243.9585579478742,0.56,0.44
1243.9588102459907,0.56,0.44
1243.9590625441074,0.536,0.392
1243.959314842224,0.544,0.392
1243.9595671403408,0.552,0.41600000000000004
1243.9598194384575,0.544,0.424
1243.9600717365743,0.56,0.392
1243.9603240346908,0.544,0.40800000000000003
1243.9605763328075,0.552,0.384
1243.9608286309242,0.544,0.384
1243.961080929041,0.56,0.4
1243.9613332271576,0.544,0.392
1243.9615855252744,0.56,0.44
1243.9618378233909,0.544,0.44
1243.9620901215076,0.56,0.392
1243.9623424196243,0.536,0.392
1243.962594717741,0.552,0.384
1243.9628470158577,0.536,0.384
1243.9630993139745,0.552,0.392
1243.9633516120912,0.544,0.4
1243.9636039102077,0.528,0.384
1243.9638562083244,0.528,0.384
1243.964108506441,0.544,0.392
1243.9643608045578,0.504,0.392
1243.9646131026745,0.544,0.448
1243.9648654007913,0.544,0.44
1243.9651176989078,0.528,0.456
1243.9653699970245,0.544,0.44
1243.9656222951412,0.512,0.4
1243.965874593258,0.504,0.4
1243.9661268913746,0.536,0.384
1243.9663791894914,0.528,0.384
1243.9666314876079,0.544,0.4
1243.9668837857246,0.544,0.4
1243.9671360838413,0.504,0.432
1243.967388381958,0.52,0.392
1243.9676406800747,0.56,0.384
1243.9678929781915,0.536,0.384
1243.968145276308,0.552,0.392
1243.9683975744247,0.552,0.384
1243.9686498725414,0.536,0.432
1243.968902170658,0.536,0.4
1243.9691544687748,0.56,0.384
1243.9694067668916,0.544,0.384
1243.9696590650083,0.536,0.4
1243.9699113631248,0.552,0.392
1243.9701636612415,0.536,0.424
1243.9704159593582,0.536,0.4
1243.970668257475,0.552,0.384
1243.9709205555916,0.544,0.384
1243.9711728537084,0.56,0.4
1243.9714251518249,0.552,0.392
1243.9716774499416,0.536,0.424
1243.9719297480583,0.552,0.424
1243.972182046175,0.536,0.384
1243.9724343442917,0.552,0.384
1243.9726866424085,0.528,0.40800000000000003
1243.972938940525,0.528,0.40800000000000003
1243.9731912386417,0.544,0.424
1243.9734435367584,0.536,0.40800000000000003
1243.9736958348751,0.512,0.392
1243.9739481329918,0.528,0.384
1243.9742004311086,0.496,0.392
1243.974452729225,0.512,0.392
1243.9747050273418,0.528,0.41600000000000004
1243.9749573254585,0.544,0.41600000000000004
1243.9752096235752,0.512,0.432
1243.975461921692,0.52,0.432
1243.9757142198087,0.504,0.392
1243.9759665179254,0.504,0.4
1243.9762188160419,0.544,0.384
1243.9764711141586,0.528,0.384
1243.9767234122753,0.544,0.376
1243.976975710392,0.536,0.392
1243.9772280085087,0.496,0.376
1243.9774803066255,0.496,0.376
1243.977732604742,0.536,0.392
1243.9779849028587,0.528,0.376
1243.9782372009754,0.544,0.384
1243.9784894990921,0.528,0.376
1243.9787417972088,0.544,0.392
1243.9789940953256,0.544,0.376
1243.979246393442,0.512,0.384
1243.9794986915588,0.504,0.376
1243.9797509896755,0.544,0.392
1243.9800032877922,0.552,0.376
1243.980255585909,0.536,0.392
1243.9805078840257,0.552,0.376
1243.9807601821421,0.536,0.392
1243.9810124802589,0.536,0.376
1243.9812647783756,0.552,0.392
1243.9815170764923,0.552,0.384
1243.981769374609,0.536,0.376
1243.9820216727258,0.544,0.376
1243.9822739708425,0.528,0.392
1243.982526268959,0.528,0.376
1243.9827785670757,0.544,0.392
1243.9830308651924,0.536,0.392
1243.9832831633091,0.504,0.376
1243.9835354614258,0.504,0.376
1243.9837877595426,0.544,0.384
1243.984040057659,0.544,0.376
1243.9842923557758,0.52,0.392
1243.9845446538925,0.528,0.376
1243.9847969520092,0.496,0.392
1243.985049250126,0.504,0.376
1243.9853015482427,0.544,0.392
1243.9855538463592,0.536,0.376
1243.9858061444759,0.52,0.392
1243.9860584425926,0.528,0.376
1243.9863107407093,0.496,0.392
1243.986563038826,0.504,0.376
1243.9868153369428,0.536,0.392
1243.9870676350592,0.536,0.392
1243.987319933176,0.528,0.376
1243.9875722312927,0.536,0.376
1243.9878245294094,0.528,0.392
1243.9880768275261,0.536,0.376
1243.9883291256428,0.52,0.384
1243.9885814237596,0.536,0.376
1243.988833721876,0.496,0.384
1243.9890860199928,0.504,0.376
1243.9893383181095,0.544,0.384
1243.9895906162262,0.544,0.376
1243.989842914343,0.512,0.392
1243.9900952124597,0.496,0.376
1243.9903475105762,0.528,0.384
1243.9905998086929,0.528,0.384
1243.9908521068096,0.536,0.376
1243.9911044049263,0.536,0.376
1243.991356703043,0.496,0.392
1243.9916090011598,0.496,0.376
1243.9918612992763,0.544,0.392
1243.992113597393,0.528,0.384
1243.9923658955097,0.544,0.376
1243.9926181936264,0.528,0.376
1243.9928704917431,0.544,0.392
1243.9931227898599,0.528,0.376
1243.9933750879763,0.544,0.384
1243.993627386093,0.528,0.376
1243.9938796842098,0.544,0.384
1243.9941319823265,0.536,0.376
1243.9943842804432,0.504,0.392
1243.99463657856,0.504,0.392
1243.9948888766767,0.528,0.384
1243.9951411747932,0.52,0.376
1243.9953934729099,0.544,0.392
1243.9956457710266,0.52,0.376
1243.9958980691433,0.544,0.384
1243.99615036726,0.536,0.376
1243.9964026653768,0.52,0.384
1243.9966549634933,0.536,0.376
1243.99690726161,0.496,0.384
1243.9971595597267,0.512,0.376
1243.9974118578434,0.536,0.392
1243.9976641559601,0.536,0.376
1243.9979164540769,0.528,0.384
1243.9981687521934,0.536,0.376
1243.99842105031,0.52,0.384
1243.9986733484268,0.528,0.384
1243.9989256465435,0.496,0.368
1243.9991779446602,0.504,0.36
1243.999430242777,0.544,0.296
1243.9996825408934,0.552,0.296
1243.9999348390102,0.536,0.16
1244.0001871371269,0.536,0.152
1244.0004394352436,0.552,0.048
1244.0006917333603,0.536,0.048
1244.000944031477,0.552,0.008
1244.0011963295938,0.536,0.008
1244.0014486277103,0.552,-0.008
1244.001700925827,0.536,-0.008
1244.0019532239437,0.552,0.0
1244.0022055220604,0.536,0.0
1244.0024578201771,0.552,-0.016
1244.0027101182939,0.536,0.0
1244.0029624164104,0.552,-0.016
1244.003214714527,0.536,0.0
1244.0034670126438,0.552,-0.016
1244.0037193107605,0.536,0.0
1244.0039716088772,0.552,-0.016
1244.004223906994,0.536,-0.016
1244.0044762051104,0.56,0.0
1244.0047285032272,0.552,0.0
1244.004980801344,0.536,-0.016
1244.0052330994606,0.536,-0.016
1244.0054853975773,0.552,0.0
1244.005737695694,0.536,-0.016
1244.0059899938105,0.552,0.0
1244.0062422919273,0.544,0.0
1244.006494590044,0.56,-0.016
1244.0067468881607,0.56,-0.008
1244.0069991862774,0.536,0.0
1244.0072514843941,0.536,0.0
1244.0075037825109,0.56,-0.016
1244.0077560806274,0.552,-0.016
1244.008008378744,0.536,0.0
1244.0082606768608,0.536,-0.016
1244.0085129749775,0.552,0.0
1244.0087652730942,0.536,0.0
1244.009017571211,0.56,-0.016
1244.0092698693275,0.552,0.0
1244.0095221674442,0.536,-0.016
1244.009774465561,0.56,-0.016
1244.0100267636776,0.536,0.0
1244.0102790617943,0.552,-0.016
1244.010531359911,0.536,0.0
1244.0107836580275,0.544,-0.016
1244.0110359561443,0.552,0.0
1244.011288254261,0.544,0.0
1244.0115405523777,0.56,-0.016
1244.0117928504944,0.552,0.0
1244.0120451486112,0.536,-0.016
1244.0122974467276,0.544,-0.016
1244.0125497448444,0.56,0.0
1244.012802042961,0.552,-0.016
1244.0130543410778,0.536,0.0
1244.0133066391945,0.536,-0.016
1244.0135589373112,0.56,0.0
1244.013811235428,0.536,-0.016
1244.0140635335445,0.552,0.0
1244.0143158316612,0.528,-0.016
1244.014568129778,0.552,0.0
1244.0148204278946,0.528,-0.016
1244.0150727260113,0.544,0.0
1244.015325024128,0.512,-0.016
1244.0155773222446,0.544,0.0
1244.0158296203613,0.544,-0.016
1244.016081918478,0.504,0.0
1244.0163342165947,0.512,-0.016
1244.0165865147114,0.544,0.0
1244.0168388128282,0.536,-0.016
1244.0170911109446,0.512,0.0
1244.0173434090614,0.504,-0.016
1244.017595707178,0.544,0.0
1244.0178480052948,0.544,-0.016
1244.0181003034115,0.528,0.0
1244.0183526015282,0.536,-0.016
1244.0186048996447,0.52,0.0
1244.0188571977615,0.528,0.0
1244.0191094958782,0.544,-0.016
1244.019361793995,0.528,-0.016
1244.0196140921116,0.544,0.0
1244.0198663902283,0.528,0.0
1244.020118688345,0.544,-0.016
1244.0203709864616,0.544,0.0
1244.0206232845783,0.512,-0.016
1244.020875582695,0.504,-0.008
1244.0211278808117,0.544,-0.016
1244.0213801789284,0.496,-0.016
1244.0216324770452,0.536,0.0
1244.0218847751617,0.544,-0.016
1244.0221370732784,0.52,0.0
1244.022389371395,0.528,-0.016
1244.0226416695118,0.544,0.0
1244.0228939676285,0.528,-0.016
1244.0231462657453,0.536,0.0
1244.0233985638617,0.536,-0.016
1244.0236508619785,0.512,0.0
1244.0239031600952,0.536,-0.016
1244.024155458212,0.544,0.0
1244.0244077563286,0.536,-0.016
1244.0246600544453,0.56,0.0
1244.0249123525618,0.552,-0.008
1244.0251646506786,0.536,-0.016
1244.0254169487953,0.536,0.0
1244.025669246912,0.552,-0.016
1244.0259215450287,0.536,-0.016
1244.0261738431454,0.56,-0.008
1244.0264261412622,0.552,-0.016
1244.0266784393787,0.536,0.0
1244.0269307374954,0.536,-0.016
1244.027183035612,0.552,0.0
1244.0274353337288,0.544,-0.016
1244.0276876318455,0.56,0.0
1244.0279399299623,0.552,-0.016
1244.0281922280788,0.536,0.0
1244.0284445261955,0.552,-0.016
1244.0286968243122,0.536,0.0
1244.028949122429,0.544,-0.016
1244.0292014205456,0.56,-0.008
1244.0294537186624,0.536,-0.016
1244.0297060167788,0.56,0.0
1244.0299583148956,0.552,-0.016
1244.0302106130123,0.544,0.0
1244.030462911129,0.552,-0.016
1244.0307152092457,0.536,0.0
1244.0309675073624,0.536,-0.016
1244.031219805479,0.56,0.0
1244.0314721035957,0.552,-0.016
1244.0317244017124,0.536,0.0
1244.031976699829,0.552,-0.016
1244.0322289979458,0.536,0.0
1244.0324812960625,0.544,-0.016
1244.0327335941793,0.56,0.0
1244.0329858922958,0.536,-0.016
1244.0332381904125,0.552,0.0
1244.0334904885292,0.552,-0.008
1244.033742786646,0.536,-0.016
1244.0339950847626,0.552,-0.016
1244.0342473828794,0.52,0.0
1244.0344996809959,0.504,-0.008
1244.0347519791126,0.544,-0.016
1244.0350042772293,0.528,-0.008
1244.035256575346,0.544,-0.016
1244.0355088734627,0.52,-0.016
1244.0357611715795,0.544,0.0
1244.036013469696,0.536,-0.016
1244.0362657678127,0.504,-0.008
1244.0365180659294,0.512,-0.008
1244.036770364046,0.544,-0.016
1244.0370226621628,0.528,-0.016
1244.0372749602795,0.544,0.0
1244.037527258396,0.544,-0.016
1244.0377795565128,0.528,0.0
1244.0380318546295,0.536,-0.016
1244.0382841527462,0.512,0.0
1244.038536450863,0.528,-0.008
1244.0387887489796,0.544,-0.016
1244.0390410470964,0.536,0.0
1244.0392933452129,0.552,-0.016
1244.0395456433296,0.552,-0.016
1244.0397979414463,0.536,0.0
1244.040050239563,0.536,-0.008
1244.0403025376797,0.552,-0.016
1244.0405548357965,0.552,-0.016
1244.040807133913,0.536,0.0
1244.0410594320297,0.552,-0.008
1244.0413117301464,0.536,-0.016
1244.041564028263,0.552,-0.016
1244.0418163263798,0.536,-0.008
1244.0420686244966,0.536,-0.016
1244.042320922613,0.552,0.0
1244.0425732207298,0.544,-0.016
1244.0428255188465,0.56,0.0
1244.0430778169632,0.544,-0.008
1244.04333011508,0.552,-0.016
1244.0435824131966,0.544,-0.016
1244.0438347113131,0.56,-0.008
1244.0440870094299,0.552,-0.016
1244.0443393075466,0.536,-0.008
1244.0445916056633,0.544,-0.016
1244.04484390378,0.56,-0.008
1244.0450962018967,0.56,-0.016
1244.0453485000135,0.536,-0.008
1244.04560079813,0.552,-0.008
1244.0458530962467,0.536,-0.016
1244.0461053943634,0.544,-0.008
1244.0463576924801,0.56,-0.016
1244.0466099905968,0.56,-0.008
1244.0468622887136,0.544,-0.016
1244.04711458683,0.552,-0.016
1244.0473668849468,0.544,0.0
1244.0476191830635,0.552,-0.008
1244.0478714811802,0.536,-0.016
1244.048123779297,0.536,-0.008
1244.0483760774136,0.552,-0.016
1244.0486283755301,0.552,-0.016
1244.0488806736469,0.544,0.0
1244.0491329717636,0.544,-0.016
1244.0493852698803,0.552,-0.008
1244.049637567997,0.56,-0.016
1244.0498898661137,0.536,-0.008
1244.0501421642302,0.552,-0.008
1244.050394462347,0.536,-0.016
1244.0506467604637,0.552,-0.016
1244.0508990585804,0.544,0.0
1244.0511513566971,0.544,-0.016
1244.0514036548138,0.56,0.0
1244.0516559529306,0.544,-0.016
1244.051908251047,0.56,0.0
1244.0521605491638,0.544,-0.016
1244.0524128472805,0.56,0.0
1244.0526651453972,0.544,-0.016
1244.052917443514,0.56,0.0
1244.0531697416307,0.544,-0.016
1244.0534220397471,0.56,-0.008
1244.0536743378639,0.544,-0.008
1244.0539266359806,0.56,-0.016
1244.0541789340973,0.536,-0.016
1244.054431232214,0.56,0.0
1244.0546835303307,0.544,-0.016
1244.0549358284472,0.56,-0.008
1244.055188126564,0.56,-0.008
1244.0554404246807,0.544,-0.016
1244.0556927227974,0.544,-0.016
1244.0559450209141,0.56,-0.008
1244.0561973190308,0.544,-0.016
1244.0564496171473,0.56,0.0
1244.056701915264,0.544,-0.016
1244.0569542133808,0.552,-0.008
1244.0572065114975,0.544,-0.016
1244.0574588096142,0.56,-0.008
1244.057711107731,0.56,-0.016
1244.0579634058477,0.536,0.0
1244.0582157039642,0.544,-0.016
1244.0584680020809,0.56,-0.008
1244.0587203001976,0.552,-0.008
1244.0589725983143,0.528,-0.016
1244.059224896431,0.528,-0.016
1244.0594771945478,0.544,0.0
1244.0597294926642,0.528,0.0
1244.059981790781,0.552,-0.016
1244.0602340888977,0.536,-0.016
1244.0604863870144,0.504,-0.008
1244.0607386851311,0.496,-0.008
1244.0609909832478,0.52,-0.016
1244.0612432813643,0.504,-0.016
1244.061495579481,0.544,0.0
1244.0617478775978,0.536,-0.016
1244.0620001757145,0.504,0.0
1244.0622524738312,0.496,-0.008
1244.062504771948,0.536,0.024
1244.0627570700644,0.52,0.024
1244.0630093681812,0.536,0.128
1244.0632616662979,0.528,0.136
1244.0635139644146,0.544,0.28800000000000003
1244.0637662625313,0.544,0.28800000000000003
1244.064018560648,0.52,0.392
1244.0642708587648,0.504,0.392
1244.0645231568813,0.536,0.432
1244.064775454998,0.528,0.44
1244.0650277531147,0.552,0.41600000000000004
1244.0652800512314,0.536,0.41600000000000004
1244.0655323493481,0.512,0.392
1244.0657846474649,0.512,0.40800000000000003
1244.0660369455813,0.536,0.384
1244.066289243698,0.528,0.384
1244.0665415418148,0.536,0.4
1244.0667938399315,0.528,0.384
1244.0670461380482,0.544,0.4
1244.067298436165,0.528,0.392
1244.0675507342814,0.544,0.432
1244.0678030323982,0.528,0.432
1244.0680553305149,0.544,0.4
1244.0683076286316,0.52,0.4
1244.0685599267483,0.544,0.392
1244.068812224865,0.504,0.4
1244.0690645229815,0.544,0.44
1244.0693168210983,0.536,0.40800000000000003
1244.069569119215,0.552,0.392
1244.0698214173317,0.536,0.392
1244.0700737154484,0.56,0.384
1244.0703260135651,0.536,0.392
1244.0705783116819,0.552,0.384
1244.0708306097983,0.56,0.384
1244.071082907915,0.536,0.41600000000000004
1244.0713352060318,0.544,0.41600000000000004
1244.0715875041485,0.528,0.384
1244.0718398022652,0.536,0.392
1244.072092100382,0.504,0.448
1244.0723443984984,0.512,0.432
1244.0725966966152,0.536,0.392
1244.0728489947319,0.536,0.384
1244.0731012928486,0.512,0.41600000000000004
1244.0733535909653,0.52,0.44
1244.073605889082,0.544,0.40800000000000003
1244.0738581871985,0.528,0.41600000000000004
1244.0741104853153,0.544,0.4
1244.074362783432,0.528,0.40800000000000003
1244.0746150815487,0.536,0.392
1244.0748673796654,0.536,0.392
1244.0751196777821,0.496,0.432
1244.0753719758986,0.504,0.41600000000000004
1244.0756242740154,0.52,0.392
1244.075876572132,0.504,0.4
1244.0761288702488,0.552,0.44
1244.0763811683655,0.536,0.432
1244.0766334664822,0.552,0.392
1244.076885764599,0.536,0.392
1244.0771380627154,0.552,0.384
1244.0773903608322,0.536,0.392
1244.077642658949,0.56,0.392
1244.0778949570656,0.552,0.392
1244.0781472551823,0.536,0.432
1244.078399553299,0.536,0.424
1244.0786518514155,0.552,0.4
1244.0789041495323,0.552,0.40800000000000003
1244.079156447649,0.536,0.392
1244.0794087457657,0.544,0.432
1244.0796610438824,0.552,0.392
1244.0799133419991,0.536,0.4
1244.0801656401156,0.552,0.384
1244.0804179382324,0.536,0.384
1244.080670236349,0.56,0.376
1244.0809225344658,0.552,0.376
1244.0811748325825,0.536,0.392
1244.0814271306992,0.536,0.376
1244.0816794288157,0.552,0.4
1244.0819317269325,0.544,0.4
1244.0821840250492,0.56,0.384
1244.082436323166,0.536,0.384
1244.0826886212826,0.552,0.392
1244.0829409193993,0.552,0.384
1244.083193217516,0.536,0.4
1244.0834455156325,0.552,0.392
1244.0836978137493,0.536,0.424
1244.083950111866,0.552,0.392
1244.0842024099827,0.536,0.384
1244.0844547080994,0.544,0.376
1244.0847070062161,0.552,0.392
1244.0849593043326,0.536,0.384
1244.0852116024494,0.56,0.4
1244.085463900566,0.56,0.384
1244.0857161986828,0.536,0.41600000000000004
1244.0859684967995,0.544,0.41600000000000004
1244.0862207949162,0.56,0.448
1244.0864730930327,0.552,0.448
1244.0867253911495,0.536,0.432
1244.0869776892662,0.536,0.4
1244.087229987383,0.552,0.432
1244.0874822854996,0.552,0.432
1244.0877345836163,0.536,0.392
1244.0879868817328,0.56,0.4
1244.0882391798496,0.536,0.376
1244.0884914779663,0.544,0.376
1244.088743776083,0.552,0.392
1244.0889960741997,0.552,0.376
1244.0892483723164,0.536,0.392
1244.0895006704332,0.552,0.392
1244.0897529685496,0.536,0.376
1244.0900052666664,0.544,0.376
1244.090257564783,0.56,0.392
1244.0905098628998,0.552,0.376
1244.0907621610165,0.536,0.392
1244.0910144591332,0.552,0.384
1244.0912667572497,0.536,0.376
1244.0915190553665,0.544,0.392
1244.0917713534832,0.528,0.376
1244.0920236516,0.536,0.376
1244.0922759497166,0.52,0.392
1244.0925282478333,0.528,0.376
1244.0927805459498,0.544,0.392
1244.0930328440666,0.536,0.376
1244.0932851421833,0.528,0.384
1244.0935374403,0.536,0.384
1244.0937897384167,0.504,0.376
1244.0940420365334,0.504,0.384
1244.09429433465,0.528,0.376
1244.0945466327667,0.528,0.392
1244.0947989308834,0.56,0.376
1244.095051229,0.536,0.376
1244.0953035271168,0.56,0.384
1244.0955558252335,0.552,0.376
1244.0958081233503,0.536,0.384
1244.0960604214667,0.536,0.376
1244.0963127195835,0.552,0.392
1244.0965650177002,0.536,0.376
1244.096817315817,0.552,0.392
1244.0970696139336,0.544,0.384
1244.0973219120503,0.552,0.376
1244.0975742101668,0.552,0.376
1244.0978265082836,0.536,0.392
1244.0980788064003,0.552,0.392
1244.098331104517,0.536,0.376
1244.0985834026337,0.56,0.384
1244.0988357007504,0.536,0.384
1244.099087998867,0.552,0.384
1244.0993402969837,0.536,0.392
1244.0995925951004,0.536,0.384
1244.099844893217,0.552,0.392
1244.1000971913338,0.536,0.384
1244.1003494894505,0.56,0.40800000000000003
1244.100601787567,0.56,0.432
1244.1008540856837,0.536,0.392
1244.1011063838005,0.536,0.392
1244.1013586819172,0.56,0.384
1244.101610980034,0.536,0.384
1244.1018632781506,0.56,0.392
1244.1021155762674,0.552,0.392
1244.1023678743838,0.536,0.41600000000000004
1244.1026201725006,0.544,0.4
1244.1028724706173,0.528,0.384
1244.103124768734,0.536,0.392
1244.1033770668507,0.528,0.432
1244.1036293649674,0.504,0.384
1244.103881663084,0.528,0.40800000000000003
1244.1041339612007,0.528,0.384
1244.1043862593174,0.544,0.40800000000000003
1244.104638557434,0.528,0.4
1244.1048908555508,0.536,0.44
1244.1051431536675,0.528,0.4
1244.105395451784,0.552,0.384
1244.1056477499008,0.544,0.376
1244.1059000480175,0.512,0.392
1244.1061523461342,0.504,0.384
1244.106404644251,0.536,0.376
1244.1066569423676,0.544,0.384
1244.1069092404841,0.512,0.4
1244.1071615386008,0.504,0.392
1244.1074138367176,0.544,0.384
1244.1076661348343,0.536,0.384
1244.107918432951,0.552,0.432
1244.1081707310677,0.552,0.44
1244.1084230291845,0.536,0.4
1244.108675327301,0.552,0.4
1244.1089276254177,0.536,0.384
1244.1091799235344,0.552,0.392
1244.109432221651,0.536,0.376
1244.1096845197678,0.544,0.384
1244.1099368178845,0.56,0.392
1244.110189116001,0.552,0.392
1244.1104414141178,0.536,0.384
1244.1106937122345,0.536,0.392
1244.1109460103512,0.552,0.432
1244.111198308468,0.536,0.41600000000000004
1244.1114506065846,0.56,0.392
1244.1117029047011,0.56,0.4
1244.1119552028179,0.536,0.384
1244.1122075009346,0.536,0.392
1244.1124597990513,0.552,0.424
1244.112712097168,0.56,0.44
1244.1129643952847,0.536,0.40800000000000003
1244.1132166934012,0.536,0.40800000000000003
1244.113468991518,0.56,0.384
1244.1137212896347,0.56,0.376
1244.1139735877514,0.536,0.392
1244.114225885868,0.56,0.376
1244.1144781839848,0.536,0.392
1244.1147304821015,0.536,0.376
1244.114982780218,0.56,0.392
1244.1152350783348,0.552,0.384
1244.1154873764515,0.536,0.392
1244.1157396745682,0.536,0.392
1244.115991972685,0.56,0.384
1244.1162442708016,0.544,0.384
1244.1164965689181,0.56,0.4
1244.1167488670349,0.544,0.384
1244.1170011651516,0.552,0.4
1244.1172534632683,0.536,0.4
1244.117505761385,0.56,0.432
1244.1177580595017,0.544,0.40800000000000003
1244.1180103576182,0.552,0.384
1244.118262655735,0.536,0.392
1244.1185149538517,0.56,0.376
1244.1187672519684,0.544,0.376
1244.119019550085,0.552,0.384
1244.1192718482018,0.544,0.376
1244.1195241463183,0.552,0.384
1244.119776444435,0.544,0.376
1244.1200287425518,0.56,0.384
1244.1202810406685,0.56,0.376
1244.1205333387852,0.536,0.392
1244.120785636902,0.536,0.384
1244.1210379350186,0.56,0.392
1244.1212902331351,0.552,0.384
1244.1215425312519,0.536,0.432
1244.1217948293686,0.536,0.432
1244.1220471274853,0.552,0.392
1244.122299425602,0.544,0.4
1244.1225517237187,0.552,0.424
1244.1228040218352,0.552,0.41600000000000004
1244.123056319952,0.536,0.384
1244.1233086180687,0.552,0.384
1244.1235609161854,0.536,0.4
1244.1238132143021,0.544,0.424
1244.1240655124188,0.56,0.392
1244.1243178105353,0.544,0.384
1244.124570108652,0.56,0.41600000000000004
1244.1248224067688,0.544,0.432
1244.1250747048855,0.552,0.376
1244.1253270030022,0.56,0.368
1244.125579301119,0.536,0.296
1244.1258315992354,0.544,0.296
1244.1260838973521,0.56,0.16
1244.1263361954689,0.56,0.152
1244.1265884935856,0.536,0.056
1244.1268407917023,0.56,0.048
1244.127093089819,0.536,0.0
1244.1273453879357,0.552,0.008
1244.1275976860522,0.528,-0.008
1244.127849984169,0.504,-0.008
1244.1281022822857,0.544,0.0
1244.1283545804024,0.552,-0.008
1244.1286068785191,0.536,0.0
1244.1288591766358,0.544,-0.016
1244.1291114747523,0.552,0.0
1244.129363772869,0.536,-0.016
1244.1296160709858,0.552,0.0
1244.1298683691025,0.56,0.0
1244.1301206672192,0.536,-0.016
1244.130372965336,0.536,0.0
1244.1306252634524,0.56,-0.016
1244.1308775615692,0.544,-0.016
1244.1311298596859,0.56,0.0
1244.1313821578026,0.56,-0.016
1244.1316344559193,0.544,0.0
1244.131886754036,0.552,0.0
1244.1321390521525,0.536,-0.016
1244.1323913502692,0.536,-0.016
1244.132643648386,0.56,0.0
1244.1328959465027,0.544,0.0
1244.1331482446194,0.56,-0.016
1244.1334005427361,0.544,0.0
1244.1336528408528,0.536,-0.016
1244.1339051389693,0.552,0.0
1244.134157437086,0.536,-0.016
1244.1344097352028,0.544,0.0
1244.1346620333195,0.56,-0.016
1244.1349143314362,0.544,0.0
1244.135166629553,0.552,-0.016
1244.1354189276694,0.536,0.0
1244.1356712257862,0.56,-0.016
1244.1359235239029,0.544,-0.016
1244.1361758220196,0.56,0.0
1244.1364281201363,0.552,0.0
1244.136680418253,0.544,-0.016
1244.1369327163695,0.536,-0.016
1244.1371850144862,0.56,0.0
1244.137437312603,0.536,0.0
1244.1376896107197,0.56,-0.016
1244.1379419088364,0.544,0.0
1244.1381942069531,0.552,-0.016
1244.1384465050696,0.552,0.0
1244.1386988031863,0.536,-0.016
1244.138951101303,0.544,-0.016
1244.1392033994198,0.528,0.0
1244.1394556975365,0.544,0.0
1244.1397079956532,0.528,-0.016
1244.13996029377,0.528,0.0
1244.1402125918864,0.544,-0.016
1244.1404648900032,0.528,-0.016
1244.1407171881199,0.552,0.0
1244.1409694862366,0.544,-0.016
1244.1412217843533,0.528,0.0
1244.14147408247,0.528,-0.016
1244.1417263805865,0.544,0.0
1244.1419786787033,0.544,-0.016
1244.14223097682,0.52,0.0
1244.1424832749367,0.504,-0.016
1244.1427355730534,0.536,0.0
1244.1429878711701,0.528,0.0
1244.1432401692866,0.544,-0.016
1244.1434924674033,0.544,0.0
1244.14374476552,0.528,-0.016
1244.1439970636368,0.528,-0.016
1244.1442493617535,0.544,0.0
1244.1445016598702,0.536,-0.016
1244.1447539579867,0.528,0.0
1244.1450062561034,0.528,0.0
1244.1452585542202,0.536,-0.016
1244.1455108523369,0.544,-0.016
1244.1457631504536,0.528,0.0
1244.1460154485703,0.528,0.0
1244.146267746687,0.544,-0.016
1244.1465200448035,0.544,-0.008
1244.1467723429203,0.504,-0.016
1244.147024641037,0.52,-0.016
1244.1472769391537,0.496,0.0
1244.1475292372704,0.512,-0.016
1244.1477815353871,0.544,0.0
1244.1480338335036,0.544,-0.016
1244.1482861316204,0.528,-0.008
1244.148538429737,0.528,0.0
1244.1487907278538,0.544,-0.016
1244.1490430259705,0.528,-0.016
1244.1492953240872,0.544,0.0
1244.1495476222037,0.528,-0.016
1244.1497999203204,0.52,0.0
1244.1500522184372,0.52,0.0
1244.150304516554,0.544,-0.016
1244.1505568146706,0.544,0.0
1244.1508091127873,0.528,-0.016
1244.1510614109038,0.544,-0.016
1244.1513137090205,0.52,0.0
1244.1515660071373,0.544,-0.008
1244.151818305254,0.52,-0.016
1244.1520706033707,0.544,-0.016
1244.1523229014874,0.52,0.0
1244.1525751996041,0.504,-0.008
1244.1528274977206,0.536,-0.016
1244.1530797958374,0.536,-0.016
1244.153332093954,0.552,0.0
1244.1535843920708,0.552,-0.008
1244.1538366901875,0.536,-0.016
1244.1540889883042,0.536,-0.016
1244.1543412864207,0.544,0.0
1244.1545935845375,0.536,0.0
1244.1548458826542,0.552,-0.016
1244.155098180771,0.536,-0.008
1244.1553504788876,0.552,-0.016
1244.1556027770043,0.552,0.0
1244.1558550751208,0.536,-0.016
1244.1561073732375,0.544,-0.016
1244.1563596713543,0.536,0.0
1244.156611969471,0.536,-0.016
1244.1568642675877,0.552,0.0
1244.1571165657044,0.552,-0.016
1244.157368863821,0.536,-0.008
1244.1576211619376,0.544,-0.008
1244.1578734600544,0.528,-0.016
1244.158125758171,0.528,0.0
1244.1583780562878,0.536,-0.016
1244.1586303544045,0.544,-0.016
1244.1588826525212,0.528,0.0
1244.1591349506377,0.528,-0.016
1244.1593872487545,0.504,0.0
1244.1596395468712,0.504,-0.008
1244.159891844988,0.528,-0.016
1244.1601441431046,0.528,-0.016
1244.1603964412213,0.544,0.0
1244.1606487393378,0.528,0.0
1244.1609010374546,0.544,-0.016
1244.1611533355713,0.528,-0.016
1244.161405633688,0.544,0.0
1244.1616579318047,0.544,-0.016
1244.1619102299214,0.52,-0.008
1244.162162528038,0.528,-0.016
1244.1624148261546,0.512,0.0
1244.1626671242714,0.528,-0.016
1244.162919422388,0.496,0.0
1244.1631717205048,0.504,-0.016
1244.1634240186215,0.552,-0.008
1244.163676316738,0.536,-0.008
1244.1639286148547,0.552,-0.016
1244.1641809129715,0.536,-0.016
1244.1644332110882,0.552,0.0
1244.164685509205,0.536,-0.016
1244.1649378073216,0.552,0.0
1244.1651901054383,0.552,-0.008
1244.1654424035548,0.536,-0.016
1244.1656947016716,0.536,0.0
1244.1659469997883,0.56,-0.016
1244.166199297905,0.536,-0.008
1244.1664515960217,0.552,-0.016
1244.1667038941384,0.552,0.0
1244.166956192255,0.536,-0.016
1244.1672084903716,0.536,-0.016
1244.1674607884884,0.552,0.0
1244.167713086605,0.56,-0.016
1244.1679653847218,0.536,0.0
1244.1682176828385,0.536,-0.016
1244.168469980955,0.552,-0.008
1244.1687222790717,0.552,-0.016
1244.1689745771885,0.536,0.0
1244.1692268753052,0.552,-0.008
1244.169479173422,0.536,-0.016
1244.1697314715386,0.552,0.0
1244.1699837696551,0.536,-0.016
1244.1702360677718,0.552,-0.008
1244.1704883658886,0.536,-0.016
1244.1707406640053,0.536,-0.016
1244.170992962122,0.552,-0.008
1244.1712452602387,0.552,-0.016
1244.1714975583554,0.536,0.0
1244.171749856472,0.552,-0.016
1244.1720021545887,0.536,0.0
1244.1722544527054,0.552,-0.008
1244.172506750822,0.528,-0.016
1244.1727590489388,0.544,-0.016
1244.1730113470555,0.528,-0.008
1244.173263645172,0.552,-0.016
1244.1735159432887,0.528,-0.008
1244.1737682414055,0.544,-0.016
1244.1740205395222,0.52,-0.008
1244.174272837639,0.528,-0.016
1244.1745251357556,0.544,0.0
1244.1747774338721,0.544,-0.016
1244.1750297319888,0.52,-0.008
1244.1752820301056,0.496,-0.008
1244.1755343282223,0.536,-0.016
1244.175786626339,0.528,-0.008
1244.1760389244557,0.544,-0.016
1244.1762912225722,0.544,-0.008
1244.176543520689,0.528,-0.016
1244.1767958188057,0.528,-0.016
1244.1770481169224,0.544,-0.008
1244.177300415039,0.528,-0.016
1244.1775527131558,0.504,-0.008
1244.1778050112725,0.528,-0.016
1244.178057309389,0.544,0.0
1244.1783096075058,0.528,-0.016
1244.1785619056225,0.544,-0.008
1244.1788142037392,0.536,-0.016
1244.179066501856,0.504,0.0
1244.1793187999726,0.496,-0.016
1244.1795710980891,0.528,-0.008
1244.1798233962058,0.52,-0.016
1244.1800756943226,0.536,-0.008
1244.1803279924393,0.536,-0.008
1244.180580290556,0.52,-0.016
1244.1808325886727,0.504,-0.008
1244.1810848867892,0.536,-0.016
1244.181337184906,0.52,-0.016
1244.1815894830227,0.544,0.0
1244.1818417811394,0.528,0.0
1244.182094079256,0.544,-0.016
1244.1823463773728,0.528,-0.016
1244.1825986754893,0.544,0.0
1244.182850973606,0.544,-0.016
1244.1831032717228,0.52,0.0
1244.1833555698395,0.544,-0.016
1244.1836078679562,0.528,-0.008
1244.183860166073,0.528,-0.016
1244.1841124641896,0.504,0.0
1244.1843647623061,0.504,-0.016
1244.1846170604229,0.544,0.0
1244.1848693585396,0.544,-0.016
1244.1851216566563,0.52,0.0
1244.185373954773,0.544,-0.008
1244.1856262528897,0.504,-0.016
1244.1858785510062,0.528,-0.016
1244.186130849123,0.504,0.0
1244.1863831472397,0.504,-0.016
1244.1866354453564,0.536,-0.008
1244.186887743473,0.536,-0.016
1244.1871400415898,0.528,0.0
1244.1873923397063,0.528,-0.016
1244.187644637823,0.544,0.0
1244.1878969359398,0.52,0.0
1244.1881492340565,0.544,-0.016
1244.1884015321732,0.536,-0.008
1244.18865383029,0.504,0.024
1244.1889061284064,0.504,0.024
1244.1891584265231,0.544,0.136
1244.1894107246399,0.528,0.14400000000000002
1244.1896630227566,0.544,0.28
1244.1899153208733,0.528,0.28
1244.19016761899,0.536,0.352
1244.1904199171067,0.528,0.352
1244.1906722152232,0.544,0.376
1244.19092451334,0.544,0.376
1244.1911768114567,0.512,0.40800000000000003
1244.1914291095734,0.528,0.41600000000000004
1244.19168140769,0.536,0.392
1244.1919337058068,0.528,0.392
1244.1921860039233,0.544,0.40800000000000003
1244.19243830204,0.528,0.40800000000000003
1244.1926906001568,0.536,0.384
1244.1929428982735,0.544,0.384
1244.1931951963902,0.528,0.392
1244.193447494507,0.536,0.392
1244.1936997926234,0.504,0.376
1244.1939520907401,0.504,0.384
1244.1942043888569,0.552,0.392
1244.1944566869736,0.552,0.384
1244.1947089850903,0.536,0.392
1244.194961283207,0.536,0.384
1244.1952135813235,0.552,0.4
1244.1954658794402,0.552,0.392
1244.195718177557,0.536,0.44
1244.1959704756737,0.536,0.44
1244.1962227737904,0.552,0.392
1244.1964750719071,0.552,0.384
1244.1967273700238,0.536,0.4
1244.1969796681403,0.552,0.384
1244.197231966257,0.536,0.432
1244.1974842643738,0.536,0.424
1244.1977365624905,0.552,0.384
1244.1979888606072,0.552,0.40800000000000003
1244.198241158724,0.536,0.392
1244.1984934568404,0.544,0.41600000000000004
1244.1987457549571,0.536,0.392
1244.1989980530739,0.536,0.392
1244.1992503511906,0.552,0.4
1244.1995026493073,0.536,0.392
1244.199754947424,0.56,0.41600000000000004
1244.2000072455405,0.56,0.41600000000000004
1244.2002595436572,0.536,0.448
1244.200511841774,0.552,0.448
1244.2007641398907,0.536,0.424
1244.2010164380074,0.536,0.40800000000000003
1244.2012687361241,0.56,0.384
1244.2015210342406,0.552,0.384
1244.2017733323573,0.536,0.4
1244.202025630474,0.536,0.376
1244.2022779285908,0.56,0.424
1244.2025302267075,0.536,0.424
1244.2027825248242,0.552,0.4
1244.203034822941,0.536,0.392
1244.2032871210574,0.56,0.41600000000000004
1244.2035394191741,0.552,0.384
1244.2037917172909,0.536,0.392
1244.2040440154076,0.56,0.384
1244.2042963135243,0.536,0.41600000000000004
1244.204548611641,0.552,0.44
1244.2048009097575,0.536,0.392
1244.2050532078742,0.536,0.392
1244.205305505991,0.56,0.424
1244.2055578041077,0.544,0.4
1244.2058101022244,0.56,0.384
1244.2060624003411,0.536,0.384
1244.2063146984576,0.56,0.392
1244.2065669965743,0.544,0.392
1244.206819294691,0.56,0.44
1244.2070715928078,0.552,0.424
1244.2073238909245,0.536,0.432
1244.2075761890412,0.552,0.432
1244.2078284871577,0.536,0.392
1244.2080807852744,0.536,0.392
1244.2083330833912,0.56,0.392
1244.2085853815079,0.544,0.392
1244.2088376796246,0.552,0.41600000000000004
1244.2090899777413,0.544,0.41600000000000004
1244.209342275858,0.552,0.384
1244.2095945739745,0.544,0.392
1244.2098468720912,0.552,0.376
1244.210099170208,0.536,0.376
1244.2103514683247,0.552,0.392
1244.2106037664414,0.536,0.392
1244.2108560645581,0.56,0.376
1244.2111083626746,0.552,0.376
1244.2113606607913,0.536,0.392
1244.211612958908,0.536,0.384
1244.2118652570248,0.56,0.376
1244.2121175551415,0.544,0.376
1244.2123698532582,0.56,0.392
1244.2126221513747,0.544,0.376
1244.2128744494914,0.552,0.392
1244.2131267476082,0.544,0.376
1244.2133790457249,0.56,0.384
1244.2136313438416,0.552,0.376
1244.2138836419583,0.544,0.392
1244.2141359400748,0.536,0.384
1244.2143882381915,0.56,0.376
1244.2146405363083,0.544,0.376
1244.214892834425,0.56,0.392
1244.2151451325417,0.544,0.384
1244.2153974306584,0.552,0.376
1244.2156497287751,0.544,0.376
1244.2159020268916,0.552,0.384
1244.2161543250083,0.56,0.376
1244.216406623125,0.536,0.392
1244.2166589212418,0.544,0.384
1244.2169112193585,0.56,0.40800000000000003
1244.2171635174752,0.544,0.424
1244.2174158155917,0.552,0.392
1244.2176681137084,0.552,0.392
1244.2179204118252,0.536,0.40800000000000003
1244.2181727099419,0.536,0.4
1244.2184250080586,0.552,0.44
1244.2186773061753,0.544,0.392
1244.2189296042918,0.56,0.4
1244.2191819024085,0.536,0.392
1244.2194342005253,0.56,0.432
1244.219686498642,0.544,0.44
1244.2199387967587,0.56,0.392
1244.2201910948754,0.56,0.4
1244.220443392992,0.536,0.384
1244.2206956911086,0.544,0.384
1244.2209479892254,0.552,0.392
1244.221200287342,0.56,0.384
1244.2214525854588,0.536,0.392
1244.2217048835755,0.56,0.392
1244.2219571816922,0.536,0.384
1244.2222094798087,0.544,0.384
1244.2224617779254,0.552,0.4
1244.2227140760422,0.544,0.4
1244.222966374159,0.56,0.384
1244.2232186722756,0.536,0.392
1244.2234709703923,0.56,0.376
1244.2237232685088,0.56,0.384
1244.2239755666255,0.536,0.4
1244.2242278647423,0.552,0.392
1244.224480162859,0.544,0.4
1244.2247324609757,0.56,0.4
1244.2249847590924,0.536,0.384
1244.225237057209,0.536,0.4
1244.2254893553256,0.56,0.384
1244.2257416534424,0.544,0.384
1244.225993951559,0.56,0.392
1244.2262462496758,0.56,0.384
1244.2264985477925,0.536,0.41600000000000004
1244.226750845909,0.552,0.41600000000000004
1244.2270031440257,0.536,0.392
1244.2272554421425,0.544,0.4
1244.2275077402592,0.552,0.384
1244.227760038376,0.552,0.392
1244.2280123364926,0.536,0.44
1244.2282646346093,0.544,0.392
1244.2285169327258,0.56,0.384
1244.2287692308425,0.544,0.384
1244.2290215289593,0.56,0.4
1244.229273827076,0.544,0.392
1244.2295261251927,0.56,0.40800000000000003
1244.2297784233094,0.56,0.41600000000000004
1244.230030721426,0.544,0.392
1244.2302830195426,0.544,0.384
1244.2305353176594,0.56,0.392
1244.230787615776,0.544,0.392
1244.2310399138928,0.56,0.376
1244.2312922120095,0.56,0.392
1244.231544510126,0.536,0.376
1244.2317968082427,0.544,0.384
1244.2320491063595,0.56,0.376
1244.2323014044762,0.544,0.384
1244.232553702593,0.56,0.376
1244.2328060007096,0.56,0.376
1244.233058298826,0.544,0.384
1244.2333105969428,0.544,0.392
1244.2335628950595,0.552,0.376
1244.2398476600647,0.536,0.0
1244.2401190942526,0.552,-0.016
1244.2403905284405,0.536,0.0
1244.2406619626283,0.552,-0.016
1244.2409333968162,0.536,-0.016
1244.241204831004,0.552,0.0
1244.241476265192,0.536,0.0
1244.2417476993799,0.552,-0.016
1244.2420191335677,0.536,0.0
1244.2422905677556,0.552,-0.016
1244.2425620019435,0.536,0.0
1244.2428334361314,0.552,-0.016
1244.2431048703193,0.552,0.0
1244.2433763045074,0.536,-0.016
1244.2436477386952,0.536,0.0
1244.2439191728831,0.552,-0.016
1244.244190607071,0.536,-0.016
1244.2444620412589,0.552,0.0
1244.2447334754468,0.536,0.0
1244.2450049096346,0.552,-0.008
1244.2452763438225,0.544,-0.008
1244.2455477780104,0.512,0.024
1244.2458192121983,0.528,0.024
1244.2460906463862,0.544,0.136
1244.246362080574,0.512,0.14400000000000002
1244.246633514762,0.536,0.296
1244.2469049489498,0.536,0.304
1244.2471763831377,0.512,0.384
1244.2474478173256,0.496,0.376
1244.2477192515134,0.528,0.4
1244.2479906857013,0.52,0.4
1244.2482621198892,0.544,0.448
1244.248533554077,0.528,0.40800000000000003
1244.248804988265,0.544,0.384
1244.2490764224528,0.528,0.384
1244.2493478566407,0.544,0.392
1244.2496192908286,0.528,0.384
1244.2498907250165,0.536,0.4
1244.2501621592046,0.528,0.4
1244.2504335933925,0.544,0.384
1244.2507050275804,0.52,0.4
1244.2509764617682,0.544,0.384
1244.251247895956,0.52,0.384
1244.251519330144,0.536,0.4
1244.2517907643319,0.544,0.392
1244.2520621985198,0.512,0.384
1244.2523336327076,0.496,0.384
1244.2526050668955,0.528,0.4
1244.2528765010834,0.528,0.392
1244.2531479352713,0.552,0.384
1244.2534193694592,0.536,0.392
1244.253690803647,0.552,0.392
1244.253962237835,0.536,0.4
1244.2542336720228,0.552,0.384
1244.2545051062107,0.536,0.4
1244.2547765403986,0.552,0.384
1244.2550479745864,0.536,0.392
1244.2553194087743,0.552,0.384
1244.2555908429622,0.536,0.392
1244.25586227715,0.552,0.4
1244.256133711338,0.536,0.384
1244.2564051455258,0.552,0.4
1244.2566765797137,0.552,0.4
1244.2569480139018,0.536,0.384
1244.2572194480897,0.536,0.384
1244.2574908822776,0.552,0.4
1244.2577623164655,0.536,0.384
1244.2580337506533,0.552,0.4
1244.2583051848412,0.536,0.384
1244.258576619029,0.552,0.4
1244.258848053217,0.536,0.384
1244.2591194874049,0.552,0.4
1244.2593909215927,0.536,0.384
1244.2596623557806,0.56,0.4
1244.2599337899685,0.536,0.4
1244.2602052241564,0.552,0.384
1244.2604766583443,0.552,0.384
1244.2607480925321,0.536,0.4
1244.26101952672,0.536,0.4
1244.261290960908,0.552,0.384
1244.2615623950958,0.536,0.384
1244.2618338292837,0.552,0.4
1244.2621052634715,0.536,0.384
1244.2623766976594,0.552,0.4
1244.2626481318473,0.552,0.384
1244.2629195660352,0.536,0.392
1244.263191000223,0.552,0.392
1244.263462434411,0.536,0.384
1244.263733868599,0.536,0.384
1244.264005302787,0.552,0.392
1244.2642767369748,0.536,0.384
1244.2645481711627,0.552,0.4
1244.2648196053506,0.536,0.4
1244.2650910395384,0.552,0.384
1244.2653624737263,0.536,0.384
1244.2656339079142,0.552,0.392
1244.265905342102,0.536,0.392
1244.26617677629,0.56,0.4
1244.2664482104778,0.552,0.4
1244.2667196446657,0.536,0.384
1244.2669910788536,0.552,0.384
1244.2672625130415,0.536,0.4
1244.2675339472294,0.536,0.384
1244.2678053814172,0.552,0.392
1244.2680768156051,0.536,0.384
1244.268348249793,0.552,0.4
1244.268619683981,0.536,0.392
1244.2688911181688,0.552,0.384
1244.2691625523566,0.536,0.392
1244.2694339865445,0.552,0.4
1244.2697054207324,0.536,0.4
1244.2699768549203,0.552,0.384
1244.2702482891082,0.536,0.384
1244.2705197232963,0.56,0.4
1244.2707911574842,0.56,0.392
1244.271062591672,0.536,0.4
1244.27133402586,0.536,0.384
1244.2716054600478,0.552,0.392
1244.2718768942357,0.552,0.392
1244.2721483284236,0.536,0.384
1244.2724197626114,0.544,0.4
1244.2726911967993,0.56,0.384
1244.2729626309872,0.536,0.4
1244.273234065175,0.552,0.384
1244.273505499363,0.536,0.392
1244.2737769335508,0.552,0.384
1244.2740483677387,0.552,0.384
1244.2743198019266,0.536,0.4
1244.2745912361145,0.536,0.392
1244.2748626703024,0.552,0.384
1244.2751341044902,0.536,0.4
1244.2754055386781,0.544,0.384
1244.275676972866,0.536,0.384
1244.2759484070539,0.552,0.4
1244.2762198412418,0.544,0.384
1244.2764912754296,0.56,0.4
1244.2767627096175,0.536,0.4
1244.2770341438054,0.552,0.384
1244.2773055779935,0.536,0.384
1244.2775770121814,0.56,0.4
1244.2778484463693,0.536,0.4
1244.2781198805571,0.552,0.384
1244.278391314745,0.552,0.384
1244.278662748933,0.528,0.4
1244.2789341831208,0.544,0.384
1244.2792056173087,0.52,0.4
1244.2794770514965,0.536,0.384
1244.2797484856844,0.504,0.4
1244.2800199198723,0.52,0.384
1244.2802913540602,0.544,0.392
1244.280562788248,0.544,0.392
1244.280834222436,0.512,0.384
1244.2811056566238,0.496,0.384
1244.2813770908117,0.528,0.392
1244.2816485249996,0.504,0.384
1244.2819199591875,0.52,0.4
1244.2821913933753,0.496,0.4
1244.2824628275632,0.544,0.384
1244.282734261751,0.504,0.4
1244.283005695939,0.536,0.384
1244.2832771301269,0.536,0.4
1244.2835485643147,0.496,0.384
1244.2838199985026,0.52,0.384
1244.2840914326907,0.496,0.4
1244.2843628668786,0.52,0.384
1244.2846343010665,0.536,0.4
1244.2849057352544,0.512,0.384
1244.2851771694422,0.504,0.4
1244.2854486036301,0.496,0.392
1244.285720037818,0.528,0.384
1244.285991472006,0.536,0.384
1244.2862629061938,0.52,0.4
1244.2865343403816,0.52,0.4
1244.2868057745695,0.496,0.384
1244.2870772087574,0.496,0.4
1244.2873486429453,0.552,0.384
1244.2876200771332,0.544,0.384
1244.287891511321,0.536,0.4
1244.288162945509,0.536,0.384
1244.2884343796968,0.552,0.4
1244.2887058138847,0.536,0.384
1244.2889772480726,0.552,0.4
1244.2892486822604,0.536,0.384
1244.2895201164483,0.552,0.4
1244.2897915506362,0.536,0.4
1244.290062984824,0.552,0.384
1244.290334419012,0.536,0.384
1244.2906058531998,0.552,0.392
1244.290877287388,0.536,0.392
1244.2911487215758,0.552,0.384
1244.2914201557637,0.536,0.384
1244.2916915899516,0.544,0.392
1244.2919630241395,0.536,0.384
1244.2922344583274,0.552,0.4
1244.2925058925152,0.536,0.384
1244.2927773267031,0.552,0.392
1244.293048760891,0.536,0.392
1244.2933201950789,0.552,0.384
1244.2935916292668,0.536,0.392
1244.2938630634546,0.552,0.384
1244.2941344976425,0.536,0.384
1244.2944059318304,0.552,0.4
1244.2946773660183,0.536,0.384
1244.2949488002062,0.544,0.4
1244.295220234394,0.536,0.392
1244.295491668582,0.552,0.384
1244.2957631027698,0.536,0.4
1244.2960345369577,0.552,0.384
1244.2963059711456,0.536,0.392
1244.2965774053334,0.552,0.384
1244.2968488395213,0.552,0.384
1244.2971202737092,0.536,0.4
1244.297391707897,0.536,0.384
1244.2976631420852,0.552,0.4
1244.297934576273,0.536,0.384
1244.298206010461,0.552,0.4
1244.2984774446488,0.536,0.384
1244.2987488788367,0.552,0.4
1244.2990203130246,0.536,0.392
1244.2992917472125,0.552,0.384
1244.2995631814003,0.552,0.384
1244.2998346155882,0.528,0.392
1244.300106049776,0.528,0.384
1244.300377483964,0.544,0.4
1244.3006489181519,0.544,0.384
1244.3009203523397,0.504,0.4
1244.3011917865276,0.496,0.384
1244.3014632207155,0.544,0.392
1244.3017346549034,0.528,0.384
1244.3020060890913,0.544,0.4
1244.3022775232791,0.536,0.384
1244.302548957467,0.52,0.4
1244.302820391655,0.504,0.4
1244.3030918258428,0.552,0.384
1244.3033632600307,0.536,0.392
1244.3036346942185,0.552,0.4
1244.3039061284064,0.536,0.392
1244.3041775625943,0.552,0.384
1244.3044489967824,0.536,0.392
1244.3047204309703,0.544,0.4
1244.3049918651582,0.536,0.384
1244.305263299346,0.544,0.4
1244.305534733534,0.536,0.384
1244.3058061677218,0.552,0.4
1244.3060776019097,0.536,0.384
1244.3063490360976,0.552,0.4
1244.3066204702855,0.536,0.384
1244.3068919044733,0.552,0.4
1244.3071633386612,0.536,0.4
1244.307434772849,0.552,0.384
1244.307706207037,0.536,0.384
1244.3079776412249,0.552,0.4
1244.3082490754127,0.552,0.384
1244.3085205096006,0.536,0.392
1244.3087919437885,0.536,0.392
1244.3090633779764,0.544,0.384
1244.3093348121643,0.536,0.384
1244.3096062463521,0.552,0.4
1244.30987768054,0.536,0.384
1244.310149114728,0.544,0.4
1244.3104205489158,0.528,0.4
1244.3106919831037,0.544,0.384
1244.3109634172915,0.52,0.384
1244.3112348514796,0.544,0.4
1244.3115062856675,0.536,0.384
1244.3117777198554,0.52,0.4
1244.3120491540433,0.504,0.4
1244.3123205882312,0.544,0.384
1244.312592022419,0.544,0.384
1244.312863456607,0.52,0.376
1244.3131348907948,0.536,0.368
1244.3134063249827,0.52,0.304
1244.3136777591706,0.504,0.296
1244.3139491933584,0.544,0.16
1244.3142206275463,0.536,0.14400000000000002
1244.3144920617342,0.552,0.056
1244.314763495922,0.536,0.048
1244.31503493011,0.552,0.008
1244.3153063642978,0.536,0.008
1244.3155777984857,0.552,-0.008
1244.3158492326736,0.536,0.0
1244.3161206668615,0.544,-0.008
1244.3163921010494,0.536,0.0
1244.3166635352372,0.552,-0.008
1244.3169349694251,0.536,-0.008
1244.317206403613,0.552,0.0
1244.3174778378009,0.536,0.0
1244.3177492719888,0.56,-0.008
1244.3180207061769,0.536,0.0
1244.3182921403647,0.552,-0.008
1244.3185635745526,0.536,-0.008
1244.3188350087405,0.552,0.0
1244.3191064429284,0.536,-0.008
1244.3193778771163,0.552,0.0
1244.3196493113041,0.536,0.0
1244.319920745492,0.552,-0.008
1244.32019217968,0.536,0.0
1244.3204636138678,0.552,-0.008
1244.3207350480557,0.552,0.0
1244.3210064822435,0.536,-0.008
1244.3212779164314,0.536,-0.008
1244.3215493506193,0.552,0.0
1244.3218207848072,0.544,0.0
1244.322092218995,0.536,-0.016
1244.322363653183,0.536,0.0
1244.3226350873708,0.552,-0.016
1244.3229065215587,0.536,0.0
1244.3231779557466,0.552,-0.016
1244.3234493899345,0.536,0.0
1244.3237208241223,0.552,-0.008
1244.3239922583102,0.536,-0.008
1244.324263692498,0.56,0.0
1244.324535126686,0.536,-0.008
1244.324806560874,0.552,0.0
1244.325077995062,0.536,0.0
1244.3253494292499,0.552,-0.008
1244.3256208634377,0.536,0.0
1244.3258922976256,0.552,-0.008
1244.3261637318135,0.536,-0.008
1244.3264351660014,0.552,0.0
1244.3267066001893,0.536,-0.008
1244.3269780343771,0.552,0.0
1244.327249468565,0.536,0.0
1244.327520902753,0.552,-0.008
1244.3277923369408,0.552,-0.008
1244.3280637711287,0.536,0.0
1244.3283352053165,0.536,0.0
1244.3286066395044,0.552,-0.008
1244.3288780736923,0.536,0.0
1244.3291495078802,0.552,-0.008
1244.329420942068,0.536,0.0
1244.329692376256,0.552,-0.008
1244.3299638104438,0.536,0.0
1244.3302352446317,0.552,-0.008
1244.3305066788196,0.536,-0.008
1244.3307781130075,0.552,0.0
1244.3310495471953,0.56,0.0
1244.3313209813832,0.536,-0.008
1244.3315924155713,0.544,0.0
1244.3318638497592,0.528,-0.008
1244.332135283947,0.528,0.0
1244.332406718135,0.544,-0.016
1244.3326781523228,0.528,0.0
1244.3329495865107,0.536,-0.008
1244.3332210206986,0.528,-0.008
1244.3334924548865,0.536,0.0
1244.3337638890744,0.536,0.0
1244.3340353232622,0.496,-0.016
1244.3343067574501,0.504,0.0
1244.334578191638,0.536,-0.008
1244.3348496258259,0.536,-0.008
1244.3351210600138,0.52,0.0
1244.3353924942016,0.536,0.0
1244.3356639283895,0.52,-0.016
1244.3359353625774,0.528,0.0
1244.3362067967653,0.544,-0.016
1244.3364782309532,0.528,0.0
1244.336749665141,0.536,-0.008
1244.337021099329,0.52,-0.008
1244.3372925335168,0.496,0.0
1244.3375639677047,0.512,0.0
1244.3378354018926,0.536,-0.016
1244.3381068360804,0.528,0.0
1244.3383782702685,0.496,-0.008
1244.3386497044564,0.496,-0.008
1244.3389211386443,0.536,0.0
1244.3391925728322,0.512,-0.016
1244.33946400702,0.552,0.0
1244.339735441208,0.544,0.0
1244.3400068753958,0.528,-0.016
1244.3402783095837,0.536,-0.008
1244.3405497437716,0.52,0.0
1244.3408211779595,0.528,0.0
1244.3410926121473,0.504,-0.008
1244.3413640463352,0.504,0.0
1244.341635480523,0.552,-0.008
1244.341906914711,0.536,0.0
1244.3421783488989,0.552,-0.016
1244.3424497830867,0.544,0.0
1244.3427212172746,0.536,-0.008
1244.3429926514625,0.536,0.0
1244.3432640856504,0.552,-0.016
1244.3435355198383,0.552,0.0
1244.3438069540261,0.536,-0.008
1244.344078388214,0.536,-0.008
1244.344349822402,0.552,0.0
1244.3446212565898,0.536,0.0
1244.3448926907777,0.552,-0.016
1244.3451641249658,0.552,0.0
1244.3454355591537,0.536,-0.016
1244.3457069933415,0.536,-0.008
1244.3459784275294,0.552,0.0
1244.3462498617173,0.536,-0.008
1244.3465212959052,0.552,0.0
1244.346792730093,0.536,-0.016
1244.347064164281,0.56,0.0
1244.3473355984688,0.536,-0.008
1244.3476070326567,0.552,0.0
1244.3478784668446,0.536,0.0
1244.3481499010325,0.552,-0.016
1244.3484213352203,0.536,0.0
1244.3486927694082,0.552,-0.016
1244.348964203596,0.536,-0.008
1244.349235637784,0.544,0.0
1244.3495070719719,0.536,0.0
1244.3497785061597,0.552,-0.016
1244.3500499403476,0.536,0.0
1244.3503213745355,0.552,-0.016
1244.3505928087234,0.536,-0.016
1244.3508642429113,0.552,0.0
1244.3511356770991,0.536,0.0
1244.351407111287,0.552,-0.016
1244.351678545475,0.536,-0.008
1244.351949979663,0.56,0.0
1244.3522214138509,0.536,0.0
1244.3524928480388,0.552,-0.008
1244.3527642822266,0.536,0.0
1244.3530357164145,0.552,-0.016
1244.3533071506024,0.536,0.0
1244.3535785847903,0.552,-0.016
1244.3538500189782,0.544,0.0
1244.354121453166,0.536,-0.016
1244.354392887354,0.544,0.0
1244.3546643215418,0.528,-0.008
1244.3549357557297,0.528,0.0
1244.3552071899176,0.544,-0.008
1244.3554786241054,0.544,0.0
1244.3557500582933,0.52,-0.016
1244.3560214924812,0.52,-0.008
1244.356292926669,0.504,0.0
1244.356564360857,0.496,0.0
1244.3568357950448,0.52,-0.016
1244.3571072292327,0.52,-0.008
1244.3573786634206,0.544,0.0
1244.3576500976085,0.52,0.0
1244.3579215317964,0.544,-0.008
1244.3581929659842,0.528,-0.008
1244.3584644001721,0.544,0.0
1244.3587358343602,0.52,-0.008
1244.359007268548,0.544,0.0
1244.359278702736,0.528,0.0
1244.3595501369239,0.504,-0.008
1244.3598215711118,0.52,0.0
1244.3600930052996,0.536,-0.016
1244.3603644394875,0.528,-0.008
1244.3606358736754,0.504,0.0
1244.3609073078633,0.528,0.0
1244.3611787420512,0.496,-0.016
1244.361450176239,0.512,0.0
1244.361721610427,0.544,-0.008
1244.3619930446148,0.536,0.0
1244.3622644788027,0.52,-0.016
1244.3625359129906,0.528,-0.016
1244.3628073471784,0.496,0.0
1244.3630787813663,0.496,0.0
1244.3633502155542,0.536,-0.016
1244.363621649742,0.512,0.0
1244.36389308393,0.536,-0.016
1244.3641645181178,0.528,-0.008
1244.3644359523057,0.52,0.0
1244.3647073864936,0.528,0.0
1244.3649788206815,0.544,-0.016
1244.3652502548694,0.536,-0.016
1244.3655216890575,0.52,0.0
1244.3657931232453,0.52,0.0
1244.3660645574332,0.544,-0.008
1244.366335991621,0.528,-0.016
1244.366607425809,0.544,0.0
1244.3668788599969,0.544,0.0
1244.3671502941847,0.528,-0.016
1244.3674217283726,0.528,-0.016
1244.3676931625605,0.544,0.0
1244.3679645967484,0.544,0.0
1244.3682360309363,0.52,-0.008
1244.3685074651241,0.528,-0.008
1244.368778899312,0.52,0.0
1244.3690503335,0.528,0.0
1244.3693217676878,0.496,-0.016
1244.3695932018757,0.512,0.0
1244.3698646360635,0.536,-0.008
1244.3701360702514,0.544,-0.016
1244.3704075044393,0.52,0.0
1244.3706789386272,0.528,0.0
1244.370950372815,0.536,-0.016
1244.371221807003,0.528,-0.016
1244.3714932411908,0.544,0.0
1244.3717646753787,0.536,0.0
1244.3720361095666,0.52,-0.016
1244.3723075437547,0.528,-0.016
1244.3725789779426,0.536,0.0
1244.3728504121304,0.52,0.0
1244.3731218463183,0.536,-0.016
1244.3733932805062,0.528,0.0
1244.373664714694,0.544,-0.008
1244.373936148882,0.528,-0.016
1244.3742075830698,0.536,0.0
1244.3744790172577,0.528,-0.016
1244.3747504514456,0.544,0.0
1244.3750218856335,0.536,0.0
1244.3752933198214,0.512,-0.008
1244.3755647540092,0.496,0.0
1244.3758361881971,0.544,-0.016
1244.376107622385,0.544,-0.016
1244.376379056573,0.528,0.0
1244.3766504907608,0.52,-0.016
1244.3769219249486,0.536,0.0
1244.3771933591365,0.528,0.0
1244.3774647933244,0.536,-0.016
1244.3777362275123,0.528,-0.008
1244.3780076617002,0.536,0.0
1244.378279095888,0.504,0.0
1244.378550530076,0.544,-0.016
1244.3788219642638,0.552,0.0
1244.379093398452,0.528,-0.008
1244.3793648326398,0.536,0.0
1244.3796362668277,0.552,-0.016
1244.3799077010156,0.536,-0.016
1244.3801791352034,0.552,0.0
1244.3804505693913,0.536,-0.016
1244.3807220035792,0.544,0.0
1244.380993437767,0.536,-0.008
1244.381264871955,0.552,0.024
1244.3815363061428,0.536,0.024
1244.3818077403307,0.544,0.136
1244.3820791745186,0.536,0.14400000000000002
1244.3823506087065,0.552,0.28
1244.3826220428944,0.536,0.28
1244.3828934770822,0.552,0.352
1244.3831649112701,0.536,0.352
1244.383436345458,0.552,0.376
1244.3837077796459,0.536,0.376
1244.3839792138338,0.552,0.384
1244.3842506480216,0.536,0.392
1244.3845220822095,0.552,0.384
1244.3847935163974,0.552,0.384
1244.3850649505853,0.536,0.392
1244.3853363847732,0.536,0.384
1244.385607818961,0.56,0.392
1244.3858792531491,0.552,0.384
1244.386150687337,0.536,0.4
1244.386422121525,0.552,0.4
1244.3866935557128,0.536,0.384
1244.3869649899007,0.536,0.384
1244.3872364240885,0.552,0.4
1244.3875078582764,0.536,0.4
1244.3877792924643,0.544,0.384
1244.3880507266522,0.536,0.384
1244.38832216084,0.544,0.4
1244.388593595028,0.536,0.384
1244.3888650292158,0.544,0.4
1244.3891364634037,0.536,0.384
1244.3894078975916,0.552,0.392
1244.3896793317795,0.552,0.384
1244.3899507659673,0.536,0.4
1244.3902222001552,0.536,0.392
1244.390493634343,0.552,0.384
1244.390765068531,0.536,0.384
1244.3910365027189,0.552,0.4
1244.3913079369067,0.536,0.392
1244.3915793710946,0.552,0.4
1244.3918508052825,0.536,0.4
1244.3921222394704,0.552,0.384
1244.3923936736583,0.536,0.384
1244.3926651078464,0.552,0.4
1244.3929365420342,0.536,0.384
1244.3932079762221,0.52,0.392
1244.39347941041,0.504,0.384
1244.393750844598,0.544,0.4
1244.3940222787858,0.528,0.392
1244.3942937129736,0.544,0.384
1244.3945651471615,0.544,0.384
1244.3948365813494,0.528,0.4
1244.3951080155373,0.544,0.384
1244.3953794497252,0.504,0.4
1244.395650883913,0.504,0.384
1244.395922318101,0.552,0.4
1244.3961937522888,0.544,0.384
1244.3964651864767,0.528,0.4
1244.3967366206646,0.528,0.392
1244.3970080548524,0.544,0.384
1244.3972794890403,0.536,0.384
1244.3975509232282,0.52,0.4
1244.397822357416,0.544,0.384
1244.398093791604,0.52,0.4
1244.3983652257918,0.504,0.384
1244.3986366599797,0.52,0.4
1244.3989080941676,0.504,0.384
1244.3991795283555,0.544,0.392
1244.3994509625436,0.528,0.384
1244.3997223967315,0.544,0.4
1244.3999938309194,0.536,0.384
1244.4002652651072,0.504,0.4
1244.4005366992951,0.496,0.384
1244.400808133483,0.544,0.4
1244.4010795676709,0.536,0.384
1244.4013510018588,0.552,0.4
1244.4016224360466,0.536,0.384
1244.4018938702345,0.544,0.4
1244.4021653044224,0.536,0.392
1244.4024367386103,0.552,0.384
1244.4027081727982,0.536,0.384
1244.402979606986,0.552,0.4
1244.403251041174,0.536,0.384
1244.4035224753618,0.552,0.4
1244.4037939095497,0.536,0.392
1244.4040653437376,0.544,0.392
1244.4043367779254,0.536,0.392
1244.4046082121133,0.552,0.40800000000000003
1244.4048796463012,0.536,0.432
1244.405151080489,0.552,0.4
1244.405422514677,0.536,0.40800000000000003
1244.4056939488648,0.552,0.384
1244.4059653830527,0.552,0.384
1244.4062368172408,0.528,0.392
1244.4065082514287,0.536,0.384
1244.4067796856166,0.544,0.392
1244.4070511198045,0.536,0.384
1244.4073225539923,0.552,0.4
1244.4075939881802,0.536,0.4
1244.407865422368,0.552,0.384
1244.408136856556,0.536,0.384
1244.4084082907439,0.552,0.392
1244.4086797249317,0.536,0.384
1244.4089511591196,0.552,0.4
1244.4092225933075,0.536,0.384
1244.4094940274954,0.552,0.392
1244.4097654616833,0.536,0.384
1244.4100368958711,0.56,0.4
1244.410308330059,0.536,0.384
1244.410579764247,0.552,0.4
1244.4108511984348,0.536,0.4
1244.4111226326227,0.552,0.384
1244.4113940668105,0.536,0.384
1244.4116655009984,0.56,0.392
1244.4119369351863,0.552,0.384
1244.4122083693742,0.536,0.4
1244.412479803562,0.536,0.392
1244.41275123775,0.552,0.384
1244.413022671938,0.536,0.392
1244.413294106126,0.552,0.384
1244.4135655403138,0.536,0.392
1244.4138369745017,0.552,0.424
1244.4141084086896,0.552,0.40800000000000003
1244.4143798428775,0.536,0.392
1244.4146512770653,0.536,0.424
1244.4149227112532,0.56,0.392
1244.415194145441,0.536,0.392
1244.415465579629,0.552,0.40800000000000003
1244.4157370138169,0.552,0.40800000000000003
1244.4160084480047,0.536,0.448
1244.4162798821926,0.552,0.41600000000000004
1244.4165513163805,0.536,0.4
1244.4168227505684,0.536,0.4
1244.4170941847563,0.56,0.44
1244.4173656189441,0.536,0.448
1244.417637053132,0.552,0.424
1244.41790848732,0.536,0.41600000000000004
1244.4181799215078,0.544,0.40800000000000003
1244.4184513556957,0.536,0.432
1244.4187227898835,0.544,0.392
1244.4189942240714,0.536,0.4
1244.4192656582593,0.552,0.384
1244.4195370924472,0.536,0.384
1244.4198085266353,0.552,0.4
1244.4200799608232,0.536,0.384
1244.420351395011,0.56,0.4
1244.420622829199,0.536,0.392
1244.4208942633868,0.552,0.384
1244.4211656975747,0.536,0.392
1244.4214371317626,0.552,0.384
1244.4217085659504,0.544,0.392
1244.4219800001383,0.536,0.384
1244.4222514343262,0.536,0.384
1244.422522868514,0.56,0.4
1244.422794302702,0.536,0.4
1244.4230657368898,0.552,0.384
1244.4233371710777,0.536,0.384
1244.4236086052656,0.552,0.4
1244.4238800394535,0.536,0.384
1244.4241514736414,0.552,0.4
1244.4244229078292,0.552,0.392
1244.4246943420171,0.544,0.384
1244.424965776205,0.536,0.384
1244.4252372103929,0.552,0.4
1244.4255086445808,0.536,0.392
1244.4257800787686,0.552,0.384
1244.4260515129565,0.552,0.4
1244.4263229471444,0.536,0.384
1244.4265943813325,0.552,0.4
1244.4268658155204,0.536,0.384
1244.4271372497083,0.536,0.384
1244.4274086838961,0.552,0.4
1244.427680118084,0.536,0.384
1244.427951552272,0.552,0.4
1244.4282229864598,0.536,0.384
1244.4284944206477,0.552,0.392
1244.4287658548355,0.536,0.384
1244.4290372890234,0.552,0.392
1244.4293087232113,0.552,0.4
1244.4295801573992,0.536,0.384
1244.429851591587,0.536,0.4
1244.430123025775,0.552,0.384
1244.4303944599628,0.552,0.384
1244.4306658941507,0.536,0.4
1244.4309373283386,0.536,0.384
1244.4312087625265,0.56,0.4
1244.4314801967143,0.536,0.392
1244.4317516309022,0.552,0.384
1244.43202306509,0.536,0.384
1244.432294499278,0.552,0.392
1244.4325659334659,0.536,0.392
1244.4328373676537,0.552,0.4
1244.4331088018416,0.552,0.4
1244.4333802360297,0.536,0.432
1244.4336516702176,0.536,0.40800000000000003
1244.4339231044055,0.552,0.392
1244.4341945385934,0.552,0.4
1244.4344659727813,0.536,0.448
1244.4347374069691,0.536,0.424
1244.435008841157,0.552,0.392
1244.435280275345,0.536,0.384
1244.4355517095328,0.56,0.4
1244.4358231437207,0.536,0.384
1244.4360945779085,0.552,0.392
1244.4363660120964,0.536,0.384
1244.4366374462843,0.552,0.4
1244.4369088804722,0.56,0.4
1244.43718031466,0.528,0.384
1244.437451748848,0.528,0.392
1244.4377231830358,0.544,0.384
1244.4379946172237,0.536,0.384
1244.4382660514116,0.528,0.4
1244.4385374855995,0.536,0.384
1244.4388089197873,0.504,0.4
1244.4390803539752,0.528,0.384
1244.439351788163,0.56,0.392
1244.439623222351,0.536,0.384
1244.4398946565389,0.552,0.4
1244.440166090727,0.536,0.384
1244.4404375249148,0.56,0.392
1244.4407089591027,0.552,0.384
1244.4409803932906,0.536,0.4
1244.4412518274785,0.536,0.384
1244.4415232616664,0.56,0.4
1244.4417946958542,0.536,0.384
1244.4420661300421,0.552,0.392
1244.44233756423,0.536,0.392
1244.4426089984179,0.552,0.384
1244.4428804326058,0.56,0.4
1244.4431518667936,0.536,0.384
1244.4434233009815,0.552,0.392
1244.4436947351694,0.536,0.4
1244.4439661693573,0.536,0.44
1244.4442376035452,0.56,0.392
1244.444509037733,0.536,0.40800000000000003
1244.444780471921,0.552,0.384
1244.4450519061088,0.552,0.384
1244.4453233402967,0.536,0.4
1244.4455947744846,0.536,0.392
1244.4458662086724,0.552,0.384
1244.4461376428603,0.536,0.384
1244.4464090770482,0.544,0.4
1244.446680511236,0.536,0.384
1244.4469519454242,0.552,0.4
1244.447223379612,0.536,0.384
1244.4474948138,0.552,0.4
1244.4477662479878,0.536,0.384
1244.4480376821757,0.544,0.4
1244.4483091163636,0.552,0.384
1244.4485805505515,0.536,0.368
1244.4488519847393,0.536,0.368
1244.4491234189272,0.552,0.304
1244.449394853115,0.552,0.296
1244.449666287303,0.536,0.152
1244.4499377214909,0.536,0.14400000000000002
1244.4502091556787,0.552,0.056
1244.4504805898666,0.552,0.048
1244.4507520240545,0.536,0.008
1244.4510234582424,0.544,0.016
1244.4512948924303,0.552,-0.008
1244.4515663266181,0.552,0.0
1244.451837760806,0.536,-0.008
1244.452109194994,0.536,0.0
1244.4523806291818,0.552,-0.008
1244.4526520633697,0.528,-0.008
1244.4529234975575,0.544,0.0
1244.4531949317454,0.544,-0.008
1244.4534663659333,0.512,0.0
1244.4537378001214,0.512,0.0
1244.4540092343093,0.536,-0.008
1244.4542806684972,0.504,-0.008
1244.454552102685,0.544,0.0
1244.454823536873,0.528,-0.008
1244.4550949710608,0.544,0.0
1244.4553664052487,0.528,0.0
1244.4556378394366,0.544,-0.008
1244.4559092736245,0.528,-0.008
1244.4561807078123,0.536,0.0
1244.4564521420002,0.528,-0.008
1244.456723576188,0.544,0.0
1244.456995010376,0.528,0.0
1244.4572664445639,0.544,-0.008
1244.4575378787517,0.528,0.0
1244.4578093129396,0.544,-0.008
1244.4580807471275,0.528,-0.008
1244.4583521813154,0.544,0.0
1244.4586236155033,0.52,-0.008
1244.4588950496911,0.544,0.0
1244.459166483879,0.536,0.0
1244.459437918067,0.52,-0.008
1244.4597093522548,0.504,0.0
1244.4599807864427,0.544,-0.008
1244.4602522206305,0.52,0.0
1244.4605236548186,0.544,-0.008
1244.4607950890065,0.528,-0.008
1244.4610665231944,0.544,0.0
1244.4613379573823,0.544,0.0
1244.4616093915702,0.52,-0.008
1244.461880825758,0.52,-0.008
1244.462152259946,0.536,0.0
1244.4624236941338,0.528,0.0
1244.4626951283217,0.504,-0.016
1244.4629665625096,0.512,-0.008
1244.4632379966974,0.536,0.0
1244.4635094308853,0.528,0.0
1244.4637808650732,0.536,-0.008
1244.464052299261,0.536,0.0
1244.464323733449,0.504,-0.016
1244.4645951676368,0.504,0.0
1244.4648666018247,0.544,-0.008
1244.4651380360126,0.544,-0.008
1244.4654094702005,0.52,0.0
1244.4656809043884,0.504,0.0
1244.4659523385762,0.552,-0.008
1244.4662237727641,0.536,0.0
1244.466495206952,0.552,-0.008
1244.4667666411399,0.536,0.0
1244.4670380753278,0.544,-0.008
1244.4673095095159,0.536,-0.008
1244.4675809437038,0.552,0.0
1244.4678523778916,0.536,0.0
1244.4681238120795,0.552,-0.008
1244.4683952462674,0.536,0.0
1244.4686666804553,0.552,-0.016
1244.4689381146432,0.552,0.0
1244.469209548831,0.536,-0.008
1244.469480983019,0.536,-0.008
1244.4697524172068,0.552,0.0
1244.4700238513947,0.536,-0.008
1244.4702952855826,0.552,0.0
1244.4705667197704,0.536,-0.008
1244.4708381539583,0.552,0.0
1244.4711095881462,0.536,0.0
1244.471381022334,0.56,-0.016
1244.471652456522,0.536,-0.008
1244.4719238907098,0.552,0.0
1244.4721953248977,0.552,0.0
1244.4724667590856,0.536,-0.016
1244.4727381932735,0.536,0.0
1244.4730096274614,0.552,-0.008
1244.4732810616492,0.536,0.0
1244.473552495837,0.544,-0.008
1244.473823930025,0.544,0.0
1244.474095364213,0.528,-0.016
1244.474366798401,0.528,-0.008
1244.4746382325889,0.544,0.0
1244.4749096667767,0.528,0.0
1244.4751811009646,0.544,-0.008
1244.4754525351525,0.52,0.0
1244.4757239693404,0.536,-0.016
1244.4759954035283,0.536,-0.008
1244.4762668377161,0.52,0.0
1244.476538271904,0.504,0.0
1244.476809706092,0.536,-0.008
1244.4770811402798,0.52,-0.008
1244.4773525744677,0.496,0.0
1244.4776240086555,0.512,0.0
1244.4778954428434,0.552,-0.008
1244.4781668770313,0.536,-0.016
1244.4784383112192,0.552,0.0
1244.478709745407,0.536,0.0
1244.478981179595,0.544,-0.016
1244.4792526137828,0.536,-0.008
1244.4795240479707,0.552,0.0
1244.4797954821586,0.536,-0.008
1244.4800669163465,0.552,0.0
1244.4803383505343,0.536,0.0
1244.4806097847222,0.552,-0.008
1244.4808812189103,0.536,-0.008
1244.4811526530982,0.552,0.0
1244.481424087286,0.544,0.0
1244.481695521474,0.536,-0.008
1244.4819669556618,0.536,0.0
1244.4822383898497,0.56,-0.008
1244.4825098240376,0.552,-0.008
1244.4827812582255,0.536,0.0
1244.4830526924134,0.536,0.0
1244.4833241266012,0.552,-0.016
1244.4835955607891,0.536,-0.008
1244.483866994977,0.544,0.0
1244.484138429165,0.536,0.0
1244.4844098633528,0.552,-0.016
1244.4846812975406,0.536,-0.016
1244.4849527317285,0.552,0.0
1244.4852241659164,0.536,0.0
1244.4854956001043,0.552,-0.008
1244.4857670342922,0.536,0.0
1244.48603846848,0.552,-0.016
1244.486309902668,0.552,0.0
1244.4865813368558,0.536,-0.008
1244.4868527710437,0.536,0.0
1244.4871242052316,0.544,-0.016
1244.4873956394194,0.536,0.0
1244.4876670736076,0.56,-0.016
1244.4879385077954,0.552,0.0
1244.4882099419833,0.536,-0.008
1244.4884813761712,0.536,0.0
1244.488752810359,0.552,-0.016
1244.489024244547,0.552,0.0
1244.4892956787348,0.536,-0.016
1244.4895671129227,0.552,-0.016
1244.4898385471106,0.544,0.0
1244.4901099812985,0.536,-0.008
1244.4903814154864,0.552,0.0
1244.4906528496742,0.536,0.0
1244.4909242838621,0.552,-0.008
1244.49119571805,0.536,0.0
1244.4914671522379,0.544,-0.016
1244.4917385864258,0.552,0.0
1244.4920100206136,0.536,-0.016
1244.4922814548015,0.536,0.0
1244.4925528889894,0.552,-0.016
1244.4928243231773,0.552,0.0
1244.4930957573652,0.536,-0.016
1244.493367191553,0.536,0.0
1244.493638625741,0.552,-0.016
1244.4939100599288,0.536,0.0
1244.4941814941167,0.552,-0.016
1244.4944529283048,0.552,0.0
1244.4947243624927,0.536,-0.016
1244.4949957966805,0.552,0.0
1244.4952672308684,0.536,-0.016
1244.4955386650563,0.544,0.0
1244.4958100992442,0.528,-0.008
1244.496081533432,0.528,0.0
1244.49635296762,0.536,-0.008
1244.4966244018078,0.544,0.0
1244.4968958359957,0.52,-0.016
1244.4971672701836,0.528,-0.008
1244.4974387043715,0.504,0.0
1244.4977101385593,0.544,0.0
1244.4979815727472,0.528,-0.016
1244.498253006935,0.528,-0.008
1244.498524441123,0.504,0.0
1244.4987958753109,0.512,0.0
1244.4990673094987,0.544,-0.008
1244.4993387436866,0.528,0.0
1244.4996101778745,0.544,-0.016
1244.4998816120624,0.528,0.0
1244.5001530462503,0.544,-0.016
1244.5004244804381,0.528,0.0
1244.500695914626,0.536,-0.016
1244.500967348814,0.528,0.0
1244.501238783002,0.536,-0.008
1244.50151021719,0.528,0.0
1244.5017816513778,0.536,-0.016
1244.5020530855656,0.52,0.0
1244.5023245197535,0.544,-0.016
1244.5025959539414,0.528,0.0
1244.5028673881293,0.504,-0.016
1244.5031388223172,0.528,0.0
1244.503410256505,0.536,-0.016
1244.503681690693,0.536,0.0
1244.5039531248808,0.504,-0.016
1244.5042245590687,0.544,0.0
1244.5044959932566,0.512,-0.016
1244.5047674274444,0.496,0.0
1244.5050388616323,0.536,-0.008
1244.5053102958202,0.536,0.0
1244.505581730008,0.52,-0.016
1244.505853164196,0.52,0.0
1244.5061245983838,0.536,-0.016
1244.5063960325717,0.536,0.0
1244.5066674667596,0.504,-0.016
1244.5069389009475,0.52,0.0
1244.5072103351354,0.544,-0.016
1244.5074817693232,0.528,-0.016
1244.5077532035111,0.544,0.0
1244.5080246376992,0.536,0.0
1244.5082960718871,0.52,-0.016
1244.508567506075,0.496,0.0
1244.5088389402629,0.552,-0.016
1244.5091103744508,0.536,0.0
1244.5093818086386,0.544,-0.016
1244.5096532428265,0.536,0.0
1244.5099246770144,0.544,-0.016
1244.5101961112023,0.536,0.0
1244.5104675453902,0.552,-0.016
1244.510738979578,0.552,0.0
1244.511010413766,0.536,-0.008
1244.5112818479538,0.536,0.0
1244.5115532821417,0.552,-0.016
1244.5118247163296,0.536,0.0
1244.5120961505174,0.552,-0.016
1244.5123675847053,0.536,0.0
1244.5126390188932,0.552,-0.016
1244.512910453081,0.536,0.0
1244.513181887269,0.552,-0.016
1244.5134533214568,0.536,0.0
1244.5137247556447,0.552,-0.016
1244.5139961898326,0.536,0.0
1244.5142676240205,0.552,-0.016
1244.5145390582084,0.536,-0.016
1244.5148104923965,0.56,0.0
1244.5150819265843,0.536,0.0
1244.5153533607722,0.552,-0.016
1244.51562479496,0.536,0.0
1244.515896229148,0.552,-0.016
1244.5161676633359,0.536,0.0
1244.5164390975237,0.552,-0.008
1244.5167105317116,0.536,-0.008
1244.5169819658995,0.552,0.016
1244.5172534000874,0.536,0.024
1244.5175248342753,0.552,0.136
1244.5177962684631,0.552,0.14400000000000002
1244.518067702651,0.536,0.28
1244.518339136839,0.536,0.28800000000000003
1244.5186105710268,0.552,0.352
1244.5188820052147,0.536,0.352
1244.5191534394025,0.552,0.376
1244.5194248735904,0.552,0.376
1244.5196963077783,0.536,0.384
1244.5199677419662,0.536,0.384
1244.520239176154,0.552,0.392
1244.520510610342,0.536,0.384
1244.5207820445298,0.552,0.392
1244.5210534787177,0.536,0.384
1244.5213249129056,0.544,0.392
1244.5215963470937,0.552,0.384
1244.5218677812816,0.536,0.41600000000000004
1244.5221392154695,0.536,0.424
1244.5224106496573,0.552,0.448
1244.5226820838452,0.536,0.432
1244.522953518033,0.552,0.4
1244.523224952221,0.552,0.4
1244.5234963864089,0.536,0.41600000000000004
1244.5237678205967,0.536,0.4
1244.5240392547846,0.552,0.44
1244.5243106889725,0.552,0.448
1244.5245821231604,0.544,0.40800000000000003
1244.5248535573483,0.536,0.40800000000000003
1244.5251249915361,0.552,0.4
1244.525396425724,0.536,0.392
1244.525667859912,0.552,0.4
1244.5259392940998,0.536,0.4
1244.5262107282877,0.552,0.448
1244.5264821624755,0.536,0.44
1244.5267535966634,0.552,0.392
1244.5270250308513,0.536,0.40800000000000003
1244.5272964650392,0.552,0.384
1244.527567899227,0.552,0.392
1244.527839333415,0.536,0.4
1244.5281107676028,0.544,0.392
1244.528382201791,0.528,0.432
1244.5286536359788,0.536,0.424
1244.5289250701667,0.504,0.4
1244.5291965043546,0.512,0.40800000000000003
1244.5294679385424,0.544,0.392
1244.5297393727303,0.528,0.4
1244.5300108069182,0.544,0.44
1244.530282241106,0.528,0.448
1244.530553675294,0.544,0.4
1244.5308251094818,0.528,0.4
1244.5310965436697,0.544,0.384
1244.5313679778576,0.528,0.384
1244.5316394120455,0.544,0.4
1244.5319108462334,0.528,0.4
1244.5321822804212,0.544,0.384
1244.5324537146091,0.528,0.384
1244.532725148797,0.504,0.4
1244.5329965829849,0.512,0.384
1244.5332680171728,0.544,0.4
1244.5335394513606,0.528,0.384
1244.5338108855485,0.536,0.4
1244.5340823197364,0.528,0.384
1244.5343537539243,0.544,0.4
1244.5346251881122,0.544,0.392
1244.5348966223,0.496,0.384
1244.5351680564881,0.512,0.392
1244.535439490676,0.536,0.384
1244.535710924864,0.544,0.4
1244.5359823590518,0.528,0.384
1244.5362537932397,0.528,0.384
1244.5365252274275,0.536,0.4
1244.5367966616154,0.52,0.384
1244.5370680958033,0.544,0.4
1244.5373395299912,0.544,0.384
1244.537610964179,0.52,0.392
1244.537882398367,0.528,0.392
1244.5381538325548,0.544,0.4
1244.5384252667427,0.536,0.392
1244.5386967009306,0.52,0.4
1244.5389681351185,0.504,0.384
1244.5392395693063,0.52,0.4
1244.5395110034942,0.52,0.392
1244.539782437682,0.536,0.384
1244.54005387187,0.528,0.392
1244.5403253060579,0.544,0.40800000000000003
1244.5405967402457,0.536,0.392
1244.5408681744336,0.512,0.432
1244.5411396086215,0.504,0.44
1244.5414110428094,0.528,0.392
1244.5416824769973,0.528,0.392
1244.5419539111854,0.544,0.4
1244.5422253453733,0.52,0.384
1244.5424967795611,0.536,0.4
1244.542768213749,0.544,0.4
1244.543039647937,0.528,0.384
1244.5433110821248,0.544,0.384
1244.5435825163127,0.52,0.4
1244.5438539505005,0.504,0.384
1244.5441253846884,0.552,0.4
1244.5443968188763,0.552,0.384
1244.5446682530642,0.536,0.392
1244.544939687252,0.536,0.384
1244.54521112144,0.552,0.392
1244.5454825556278,0.552,0.384
1244.5457539898157,0.536,0.392
1244.5460254240036,0.536,0.384
1244.5462968581915,0.552,0.4
1244.5465682923793,0.536,0.392
1244.5468397265672,0.552,0.384
1244.547111160755,0.552,0.384
1244.547382594943,0.528,0.392
1244.5476540291309,0.536,0.384
1244.5479254633187,0.552,0.4
1244.5481968975066,0.528,0.384
1244.5484683316945,0.536,0.4
1244.5487397658826,0.536,0.4
1244.5490112000705,0.512,0.384
1244.5492826342584,0.504,0.392
1244.5495540684462,0.544,0.384
1244.5498255026341,0.536,0.384
1244.550096936822,0.552,0.4
1244.5503683710099,0.536,0.392
1244.5506398051978,0.552,0.384
1244.5509112393856,0.536,0.384
1244.5511826735735,0.552,0.4
1244.5514541077614,0.536,0.384
1244.5517255419493,0.552,0.4
1244.5519969761372,0.536,0.384
1244.552268410325,0.552,0.4
1244.552539844513,0.536,0.384
1244.5528112787008,0.552,0.4
1244.5530827128887,0.536,0.384
1244.5533541470766,0.552,0.392
1244.5536255812644,0.536,0.384
1244.5538970154523,0.552,0.392
1244.5541684496402,0.528,0.392
1244.554439883828,0.544,0.40800000000000003
1244.554711318016,0.544,0.4
1244.5549827522038,0.504,0.392
1244.5552541863917,0.496,0.392
1244.5555256205798,0.544,0.44
1244.5557970547677,0.52,0.40800000000000003
1244.5560684889556,0.544,0.392
1244.5563399231435,0.536,0.392
1244.5566113573313,0.496,0.4
1244.5568827915192,0.496,0.392
1244.557154225707,0.528,0.4
1244.557425659895,0.52,0.392
1244.5576970940829,0.544,0.4
1244.5579685282707,0.536,0.392
1244.5582399624586,0.496,0.40800000000000003
1244.5585113966465,0.496,0.392
1244.5587828308344,0.512,0.4
1244.5590542650223,0.504,0.392
1244.5593256992101,0.536,0.4
1244.559597133398,0.52,0.392
1244.559868567586,0.536,0.40800000000000003
1244.5601400017738,0.544,0.392
1244.5604114359617,0.52,0.424
1244.5606828701495,0.528,0.432
1244.5609543043374,0.496,0.4
1244.5612257385253,0.504,0.4
1244.5614971727132,0.496,0.432
1244.561768606901,0.496,0.432
1244.562040041089,0.536,0.4
1244.562311475277,0.536,0.4
1244.562582909465,0.52,0.44
1244.5628543436528,0.536,0.44
1244.5631257778407,0.52,0.4
1244.5633972120286,0.504,0.392
1244.5636686462165,0.552,0.40800000000000003
1244.5639400804043,0.528,0.392
1244.5642115145922,0.544,0.4
1244.56448294878,0.536,0.392
1244.564754382968,0.552,0.40800000000000003
1244.5650258171559,0.536,0.4
1244.5652972513437,0.552,0.424
