Time,Channel 1,Channel 2
21147.751721143723,0.552,0.0
21147.751978330612,0.536,-0.016
21147.752235517502,0.552,0.0
21147.752492704392,0.536,-0.016
21147.752749891282,0.536,0.0
21147.753007078172,0.56,-0.016
21147.753264265062,0.544,-0.016
21147.75352145195,0.56,0.0
21147.75377863884,0.56,-0.016
21147.75403582573,0.536,0.0
21147.75429301262,0.544,0.0
21147.75455019951,0.56,-0.016
21147.754807386398,0.56,-0.016
21147.755064573288,0.544,0.0
21147.755321760178,0.544,-0.016
21147.755578947068,0.56,0.0
21147.755836133958,0.544,0.0
21147.756093320848,0.56,-0.016
21147.756350507738,0.544,-0.016
21147.756607694624,0.552,0.0
21147.756864881514,0.544,-0.008
21147.757122068404,0.56,0.016
21147.757379255294,0.544,0.008
21147.757636442184,0.56,0.096
21147.757893629074,0.56,0.10400000000000001
21147.758150815964,0.536,0.248
21147.758408002854,0.544,0.256
21147.758665189744,0.56,0.328
21147.758922376634,0.544,0.328
21147.759179563524,0.56,0.368
21147.759436750413,0.56,0.368
21147.759693937303,0.544,0.376
21147.75995112419,0.544,0.376
21147.76020831108,0.56,0.376
21147.76046549797,0.544,0.376
21147.76072268486,0.56,0.384
21147.76097987175,0.544,0.376
21147.76123705864,0.56,0.376
21147.76149424553,0.544,0.376
21147.76175143242,0.56,0.376
21147.76200861931,0.56,0.376
21147.7622658062,0.544,0.384
21147.76252299309,0.56,0.376
21147.76278017998,0.544,0.376
21147.763037366865,0.544,0.376
21147.763294553755,0.56,0.384
21147.763551740645,0.544,0.376
21147.763808927535,0.56,0.384
21147.764066114425,0.544,0.376
21147.764323301315,0.56,0.384
21147.764580488205,0.544,0.376
21147.764837675095,0.5680000000000001,0.376
21147.765094861985,0.544,0.376
21147.765352048875,0.552,0.392
21147.765609235765,0.544,0.392
21147.765866422655,0.56,0.376
21147.766123609545,0.544,0.376
21147.76638079643,0.56,0.384
21147.76663798332,0.544,0.376
21147.76689517021,0.56,0.392
21147.7671523571,0.544,0.376
21147.76740954399,0.56,0.392
21147.76766673088,0.544,0.376
21147.76792391777,0.56,0.384
21147.76818110466,0.544,0.376
21147.76843829155,0.56,0.384
21147.76869547844,0.56,0.376
21147.76895266533,0.544,0.376
21147.76920985222,0.544,0.376
21147.769467039107,0.56,0.384
21147.769724225996,0.544,0.376
21147.769981412886,0.56,0.376
21147.770238599776,0.544,0.376
21147.770495786666,0.56,0.376
21147.770752973556,0.544,0.376
21147.771010160446,0.56,0.376
21147.771267347336,0.544,0.376
21147.771524534226,0.56,0.376
21147.771781721116,0.56,0.376
21147.772038908006,0.544,0.384
21147.772296094896,0.544,0.376
21147.772553281786,0.56,0.384
21147.772810468672,0.544,0.376
21147.773067655562,0.56,0.384
21147.773324842452,0.56,0.376
21147.773582029342,0.544,0.376
21147.773839216232,0.552,0.376
21147.77409640312,0.544,0.384
21147.77435359001,0.544,0.376
21147.7746107769,0.56,0.376
21147.77486796379,0.56,0.376
21147.77512515068,0.544,0.384
21147.77538233757,0.56,0.376
21147.77563952446,0.544,0.384
21147.775896711348,0.544,0.376
21147.776153898238,0.56,0.376
21147.776411085128,0.544,0.376
21147.776668272018,0.56,0.384
21147.776925458907,0.56,0.376
21147.777182645797,0.544,0.376
21147.777439832687,0.544,0.376
21147.777697019577,0.56,0.376
21147.777954206467,0.544,0.376
21147.778211393357,0.56,0.376
21147.778468580247,0.5680000000000001,0.376
21147.778725767137,0.544,0.384
21147.778982954027,0.544,0.376
21147.779240140913,0.56,0.376
21147.779497327803,0.56,0.376
21147.779754514693,0.544,0.384
21147.780011701583,0.544,0.376
21147.780268888473,0.56,0.376
21147.780526075363,0.544,0.376
21147.780783262253,0.56,0.384
21147.781040449143,0.544,0.376
21147.781297636033,0.56,0.392
21147.781554822923,0.544,0.376
21147.781812009813,0.56,0.376
21147.782069196703,0.544,0.376
21147.78232638359,0.56,0.384
21147.78258357048,0.544,0.376
21147.78284075737,0.56,0.376
21147.78309794426,0.544,0.376
21147.78335513115,0.56,0.384
21147.78361231804,0.5680000000000001,0.376
21147.78386950493,0.544,0.384
21147.78412669182,0.56,0.376
21147.78438387871,0.544,0.376
21147.7846410656,0.56,0.376
21147.78489825249,0.544,0.384
21147.78515543938,0.544,0.376
21147.78541262627,0.5680000000000001,0.376
21147.785669813155,0.544,0.376
21147.785927000044,0.56,0.376
21147.786184186934,0.544,0.376
21147.786441373824,0.56,0.384
21147.786698560714,0.544,0.376
21147.786955747604,0.56,0.384
21147.787212934494,0.544,0.376
21147.787470121384,0.56,0.376
21147.787727308274,0.544,0.376
21147.787984495164,0.56,0.376
21147.788241682054,0.56,0.376
21147.788498868944,0.544,0.384
21147.78875605583,0.5680000000000001,0.376
21147.78901324272,0.544,0.376
21147.78927042961,0.544,0.376
21147.7895276165,0.56,0.384
21147.78978480339,0.56,0.376
21147.79004199028,0.544,0.384
21147.79029917717,0.56,0.376
21147.79055636406,0.544,0.384
21147.79081355095,0.544,0.376
21147.79107073784,0.56,0.376
21147.79132792473,0.5680000000000001,0.376
21147.79158511162,0.544,0.384
21147.79184229851,0.544,0.376
21147.792099485396,0.552,0.384
21147.792356672286,0.544,0.376
21147.792613859176,0.56,0.384
21147.792871046066,0.544,0.376
21147.793128232955,0.56,0.384
21147.793385419845,0.544,0.376
21147.793642606735,0.56,0.384
21147.793899793625,0.544,0.376
21147.794156980515,0.5680000000000001,0.384
21147.794414167405,0.544,0.376
21147.794671354295,0.56,0.384
21147.794928541185,0.56,0.376
21147.79518572807,0.544,0.392
21147.79544291496,0.544,0.376
21147.79570010185,0.56,0.376
21147.79595728874,0.552,0.376
21147.79621447563,0.544,0.376
21147.79647166252,0.544,0.376
21147.79672884941,0.56,0.384
21147.7969860363,0.56,0.376
21147.79724322319,0.544,0.376
21147.79750041008,0.544,0.376
21147.79775759697,0.56,0.376
21147.79801478386,0.56,0.376
21147.79827197075,0.544,0.376
21147.798529157637,0.544,0.376
21147.798786344527,0.56,0.384
21147.799043531417,0.544,0.376
21147.799300718307,0.5680000000000001,0.384
21147.799557905197,0.56,0.376
21147.799815092087,0.544,0.376
21147.800072278977,0.544,0.376
21147.800329465867,0.56,0.384
21147.800586652756,0.5680000000000001,0.376
21147.800843839646,0.544,0.376
21147.801101026536,0.56,0.376
21147.801358213426,0.544,0.376
21147.801615400313,0.56,0.376
21147.801872587203,0.544,0.392
21147.802129774092,0.544,0.376
21147.802386960982,0.56,0.376
21147.802644147872,0.544,0.376
21147.802901334762,0.56,0.384
21147.803158521652,0.544,0.376
21147.803415708542,0.56,0.376
21147.803672895432,0.544,0.376
21147.803930082322,0.56,0.376
21147.804187269212,0.56,0.376
21147.804444456102,0.544,0.376
21147.804701642992,0.56,0.376
21147.804958829878,0.544,0.384
21147.805216016768,0.56,0.376
21147.805473203658,0.544,0.376
21147.805730390548,0.5680000000000001,0.376
21147.805987577438,0.544,0.376
21147.806244764328,0.544,0.384
21147.806501951218,0.56,0.376
21147.806759138108,0.552,0.376
21147.807016324998,0.56,0.384
21147.807273511888,0.56,0.376
21147.807530698778,0.544,0.384
21147.807787885667,0.56,0.384
21147.808045072554,0.544,0.376
21147.808302259444,0.544,0.376
21147.808559446334,0.56,0.384
21147.808816633224,0.544,0.376
21147.809073820114,0.5680000000000001,0.376
21147.809331007003,0.5680000000000001,0.376
21147.809588193893,0.544,0.384
21147.809845380783,0.56,0.376
21147.810102567673,0.544,0.384
21147.810359754563,0.544,0.376
21147.810616941453,0.56,0.376
21147.810874128343,0.544,0.376
21147.811131315233,0.56,0.384
21147.81138850212,0.552,0.376
21147.81164568901,0.56,0.376
21147.8119028759,0.56,0.376
21147.81216006279,0.544,0.376
21147.81241724968,0.544,0.376
21147.81267443657,0.56,0.376
21147.81293162346,0.552,0.376
21147.81318881035,0.5680000000000001,0.384
21147.81344599724,0.56,0.376
21147.81370318413,0.544,0.376
21147.81396037102,0.56,0.376
21147.81421755791,0.544,0.376
21147.814474744795,0.56,0.376
21147.814731931685,0.544,0.384
21147.814989118575,0.544,0.376
21147.815246305465,0.56,0.376
21147.815503492355,0.552,0.376
21147.815760679245,0.56,0.384
21147.816017866135,0.56,0.376
21147.816275053025,0.544,0.384
21147.816532239915,0.56,0.384
21147.816789426804,0.544,0.376
21147.817046613694,0.544,0.376
21147.817303800584,0.5680000000000001,0.376
21147.817560987474,0.544,0.376
21147.81781817436,0.56,0.384
21147.81807536125,0.544,0.376
21147.81833254814,0.56,0.384
21147.81858973503,0.544,0.376
21147.81884692192,0.56,0.384
21147.81910410881,0.544,0.384
21147.8193612957,0.56,0.376
21147.81961848259,0.56,0.376
21147.81987566948,0.544,0.384
21147.82013285637,0.544,0.376
21147.82039004326,0.552,0.384
21147.82064723015,0.552,0.376
21147.820904417036,0.56,0.368
21147.821161603926,0.544,0.368
21147.821418790816,0.56,0.32
21147.821675977706,0.544,0.312
21147.821933164596,0.56,0.176
21147.822190351486,0.544,0.168
21147.822447538376,0.552,0.064
21147.822704725266,0.544,0.056
21147.822961912156,0.56,0.008
21147.823219099046,0.5680000000000001,0.016
21147.823476285936,0.544,-0.008
21147.823733472826,0.56,0.0
21147.823990659715,0.544,-0.008
21147.8242478466,0.544,-0.008
21147.82450503349,0.56,0.0
21147.82476222038,0.544,0.0
21147.82501940727,0.5680000000000001,-0.016
21147.82527659416,0.544,-0.008
21147.82553378105,0.56,0.0
21147.82579096794,0.56,-0.016
21147.82604815483,0.544,0.0
21147.82630534172,0.56,0.0
21147.82656252861,0.544,-0.016
21147.8268197155,0.544,-0.016
21147.82707690239,0.56,0.0
21147.827334089277,0.544,0.0
21147.827591276167,0.56,-0.016
21147.827848463057,0.56,-0.016
21147.828105649947,0.544,0.0
21147.828362836837,0.544,0.0
21147.828620023727,0.56,-0.016
21147.828877210617,0.544,0.0
21147.829134397507,0.56,-0.016
21147.829391584397,0.56,0.0
21147.829648771287,0.544,-0.016
21147.829905958177,0.544,0.0
21147.830163145067,0.56,-0.016
21147.830420331957,0.544,0.0
21147.830677518843,0.56,-0.016
21147.830934705733,0.544,-0.016
21147.831191892623,0.56,0.0
21147.831449079513,0.544,0.0
21147.831706266403,0.56,-0.016
21147.831963453293,0.56,0.0
21147.832220640183,0.544,-0.016
21147.832477827073,0.56,0.0
21147.832735013963,0.544,-0.016
21147.832992200852,0.56,0.0
21147.833249387742,0.544,-0.016
21147.833506574632,0.544,-0.016
21147.83376376152,0.56,0.0
21147.83402094841,0.544,0.0
21147.8342781353,0.56,-0.016
21147.83453532219,0.544,0.0
21147.83479250908,0.56,-0.016
21147.83504969597,0.56,0.0
21147.83530688286,0.544,-0.016
21147.83556406975,0.56,0.0
21147.835821256638,0.544,-0.016
21147.836078443528,0.544,-0.016
21147.836335630418,0.56,0.0
21147.836592817308,0.544,-0.016
21147.836850004198,0.56,0.0
21147.837107191084,0.552,0.0
21147.837364377974,0.544,-0.016
21147.837621564864,0.552,-0.016
21147.837878751754,0.5680000000000001,0.0
21147.838135938644,0.56,-0.016
21147.838393125534,0.544,0.0
21147.838650312424,0.56,-0.016
21147.838907499314,0.544,0.0
21147.839164686204,0.56,-0.016
21147.839421873094,0.544,0.0
21147.839679059984,0.544,0.0
21147.839936246874,0.5680000000000001,-0.016
21147.84019343376,0.56,-0.008
21147.84045062065,0.544,0.0
21147.84070780754,0.544,0.0
21147.84096499443,0.5680000000000001,-0.016
21147.84122218132,0.544,-0.016
21147.84147936821,0.56,0.0
21147.8417365551,0.56,-0.016
21147.84199374199,0.544,0.0
21147.84225092888,0.544,-0.016
21147.84250811577,0.56,0.0
21147.84276530266,0.56,0.0
21147.84302248955,0.544,-0.016
21147.84327967644,0.544,-0.016
21147.843536863325,0.56,0.0
21147.843794050215,0.56,0.0
21147.844051237105,0.544,-0.016
21147.844308423995,0.544,0.0
21147.844565610885,0.56,-0.016
21147.844822797775,0.544,-0.016
21147.845079984665,0.56,0.0
21147.845337171555,0.544,0.0
21147.845594358445,0.56,-0.016
21147.845851545335,0.56,-0.016
21147.846108732225,0.544,0.0
21147.846365919115,0.544,0.0
21147.846623106,0.552,-0.016
21147.84688029289,0.552,0.0
21147.84713747978,0.544,-0.016
21147.84739466667,0.56,0.0
21147.84765185356,0.544,-0.016
21147.84790904045,0.552,-0.016
21147.84816622734,0.56,0.0
21147.84842341423,0.544,-0.016
21147.84868060112,0.56,0.0
21147.84893778801,0.544,-0.016
21147.8491949749,0.56,0.0
21147.84945216179,0.544,-0.016
21147.84970934868,0.56,0.0
21147.849966535567,0.56,-0.016
21147.850223722457,0.544,0.0
21147.850480909347,0.56,-0.016
21147.850738096236,0.544,0.0
21147.850995283126,0.544,-0.016
21147.851252470016,0.56,0.0
21147.851509656906,0.56,-0.016
21147.851766843796,0.544,0.0
21147.852024030686,0.56,0.0
21147.852281217576,0.544,-0.016
21147.852538404466,0.544,-0.016
21147.852795591356,0.5680000000000001,0.0
21147.853052778242,0.544,-0.016
21147.853309965132,0.56,0.0
21147.853567152022,0.544,0.0
21147.853824338912,0.56,-0.016
21147.854081525802,0.56,-0.016
21147.854338712692,0.544,0.0
21147.854595899582,0.544,-0.008
21147.854853086472,0.56,-0.016
21147.85511027336,0.544,-0.016
21147.85536746025,0.56,0.0
21147.85562464714,0.536,-0.016
21147.85588183403,0.56,0.0
21147.85613902092,0.544,-0.016
21147.856396207808,0.52,0.0
21147.856653394698,0.544,-0.016
21147.856910581588,0.528,0.0
21147.857167768478,0.536,-0.016
21147.857424955368,0.512,0.0
21147.857682142258,0.512,-0.008
21147.857939329147,0.56,-0.016
21147.858196516037,0.56,-0.016
21147.858453702927,0.544,0.0
21147.858710889817,0.56,-0.016
21147.858968076707,0.52,0.0
21147.859225263597,0.512,-0.016
21147.859482450483,0.528,0.0
21147.859739637373,0.52,-0.016
21147.859996824263,0.504,0.0
21147.860254011153,0.504,-0.016
21147.860511198043,0.512,0.0
21147.860768384933,0.52,0.0
21147.861025571823,0.496,-0.016
21147.861282758713,0.52,0.0
21147.861539945603,0.504,-0.016
21147.861797132493,0.512,-0.016
21147.862054319383,0.496,0.0
21147.862311506273,0.496,-0.016
21147.862568693163,0.512,0.0
21147.86282588005,0.496,-0.016
21147.86308306694,0.512,0.0
21147.86334025383,0.496,-0.016
21147.86359744072,0.512,-0.008
21147.86385462761,0.496,-0.016
21147.8641118145,0.512,0.0
21147.86436900139,0.496,-0.016
21147.86462618828,0.504,0.0
21147.86488337517,0.496,-0.016
21147.86514056206,0.504,0.0
21147.86539774895,0.496,-0.016
21147.86565493584,0.512,0.0
21147.865912122725,0.496,-0.016
21147.866169309615,0.512,0.0
21147.866426496505,0.496,-0.016
21147.866683683395,0.52,0.0
21147.866940870284,0.496,-0.016
21147.867198057174,0.512,0.0
21147.867455244064,0.504,-0.016
21147.867712430954,0.52,0.0
21147.867969617844,0.496,-0.016
21147.868226804734,0.512,0.0
21147.868483991624,0.496,-0.016
21147.868741178514,0.504,0.0
21147.868998365404,0.496,-0.016
21147.86925555229,0.512,0.0
21147.86951273918,0.496,-0.016
21147.86976992607,0.512,0.0
21147.87002711296,0.512,-0.016
21147.87028429985,0.496,-0.008
21147.87054148674,0.496,-0.016
21147.87079867363,0.52,0.0
21147.87105586052,0.496,-0.016
21147.87131304741,0.52,0.0
21147.8715702343,0.512,-0.016
21147.87182742119,0.496,0.0
21147.87208460808,0.496,0.0
21147.872341794966,0.512,-0.016
21147.872598981856,0.496,-0.016
21147.872856168746,0.504,0.0
21147.873113355636,0.496,-0.016
21147.873370542526,0.504,0.0
21147.873627729416,0.496,-0.016
21147.873884916306,0.504,0.0
21147.874142103195,0.496,-0.016
21147.874399290085,0.504,0.0
21147.874656476975,0.504,0.0
21147.874913663865,0.496,-0.016
21147.875170850755,0.496,0.0
21147.875428037645,0.504,-0.016
21147.87568522453,0.496,-0.008
21147.87594241142,0.512,-0.016
21147.87619959831,0.496,-0.016
21147.8764567852,0.52,0.0
21147.87671397209,0.496,-0.016
21147.87697115898,0.512,0.0
21147.87722834587,0.504,-0.016
21147.87748553276,0.544,-0.008
21147.87774271965,0.536,-0.016
21147.87799990654,0.52,0.0
21147.87825709343,0.512,0.0
21147.87851428032,0.528,-0.016
21147.878771467207,0.512,0.0
21147.879028654097,0.496,-0.016
21147.879285840987,0.512,-0.016
21147.879543027877,0.496,0.0
21147.879800214767,0.496,-0.016
21147.880057401657,0.504,0.0
21147.880314588547,0.52,-0.016
21147.880571775437,0.496,0.0
21147.880828962327,0.496,-0.016
21147.881086149217,0.504,-0.008
21147.881343336107,0.512,-0.016
21147.881600522996,0.496,0.0
21147.881857709886,0.496,-0.016
21147.882114896773,0.504,0.0
21147.882372083663,0.496,-0.016
21147.882629270553,0.52,0.0
21147.882886457443,0.512,0.0
21147.883143644332,0.536,-0.016
21147.883400831222,0.504,-0.008
21147.883658018112,0.544,-0.016
21147.883915205002,0.536,0.0
21147.884172391892,0.552,-0.016
21147.884429578782,0.536,-0.016
21147.884686765672,0.552,0.0
21147.884943952562,0.552,-0.016
21147.88520113945,0.536,0.0
21147.88545832634,0.56,-0.008
21147.88571551323,0.536,0.008
21147.885972700118,0.536,0.016
21147.886229887008,0.552,0.112
21147.886487073898,0.552,0.12
21147.886744260788,0.536,0.296
21147.887001447678,0.552,0.296
21147.887258634568,0.536,0.384
21147.887515821458,0.552,0.384
21147.887773008348,0.536,0.432
21147.888030195238,0.544,0.432
21147.888287382128,0.56,0.41600000000000004
21147.888544569014,0.544,0.424
21147.888801755904,0.552,0.44
21147.889058942794,0.544,0.424
21147.889316129684,0.56,0.448
21147.889573316574,0.544,0.432
21147.889830503464,0.552,0.424
21147.890087690354,0.552,0.432
21147.890344877243,0.536,0.448
21147.890602064133,0.544,0.432
21147.890859251023,0.56,0.448
21147.891116437913,0.544,0.44
21147.891373624803,0.56,0.424
21147.89163081169,0.56,0.424
21147.89188799858,0.536,0.448
21147.89214518547,0.552,0.424
21147.89240237236,0.528,0.432
21147.89265955925,0.528,0.432
21147.89291674614,0.552,0.44
21147.89317393303,0.536,0.432
21147.89343111992,0.512,0.44
21147.89368830681,0.536,0.44
21147.8939454937,0.56,0.424
21147.89420268059,0.544,0.44
21147.89445986748,0.56,0.424
21147.89471705437,0.544,0.44
21147.894974241255,0.56,0.40800000000000003
21147.895231428145,0.544,0.424
21147.895488615035,0.552,0.44
21147.895745801925,0.544,0.424
21147.896002988815,0.56,0.44
21147.896260175705,0.544,0.432
21147.896517362595,0.56,0.44
21147.896774549485,0.536,0.424
21147.897031736375,0.56,0.44
21147.897288923265,0.56,0.44
21147.897546110155,0.544,0.424
21147.897803297044,0.56,0.432
21147.89806048393,0.544,0.40800000000000003
21147.89831767082,0.544,0.41600000000000004
21147.89857485771,0.56,0.44
21147.8988320446,0.552,0.432
21147.89908923149,0.544,0.4
21147.89934641838,0.544,0.40800000000000003
21147.89960360527,0.552,0.44
21147.89986079216,0.544,0.40800000000000003
21147.90011797905,0.552,0.424
21147.90037516594,0.544,0.432
21147.90063235283,0.56,0.41600000000000004
21147.90088953972,0.544,0.424
21147.90114672661,0.56,0.44
21147.901403913496,0.544,0.432
21147.901661100386,0.56,0.448
21147.901918287276,0.544,0.432
21147.902175474166,0.56,0.448
21147.902432661056,0.544,0.44
21147.902689847946,0.56,0.424
21147.902947034836,0.552,0.432
21147.903204221726,0.544,0.41600000000000004
21147.903461408616,0.544,0.41600000000000004
21147.903718595506,0.56,0.44
21147.903975782396,0.544,0.44
21147.904232969286,0.56,0.384
21147.904490156172,0.544,0.384
21147.904747343062,0.56,0.4
21147.905004529952,0.544,0.4
21147.90526171684,0.56,0.424
21147.90551890373,0.56,0.41600000000000004
21147.90577609062,0.544,0.44
21147.90603327751,0.544,0.41600000000000004
21147.9062904644,0.56,0.44
21147.90654765129,0.544,0.424
21147.90680483818,0.56,0.44
21147.90706202507,0.544,0.432
21147.90731921196,0.5680000000000001,0.40800000000000003
21147.90757639885,0.544,0.424
21147.907833585738,0.56,0.392
21147.908090772627,0.544,0.384
21147.908347959517,0.56,0.4
21147.908605146407,0.544,0.392
21147.908862333297,0.56,0.376
21147.909119520187,0.544,0.376
21147.909376707077,0.56,0.384
21147.909633893967,0.544,0.376
21147.909891080857,0.56,0.368
21147.910148267747,0.544,0.376
21147.910405454637,0.56,0.384
21147.910662641527,0.56,0.376
21147.910919828413,0.544,0.376
21147.911177015303,0.56,0.376
21147.911434202193,0.544,0.384
21147.911691389083,0.544,0.376
21147.911948575973,0.56,0.384
21147.912205762863,0.56,0.376
21147.912462949753,0.544,0.376
21147.912720136643,0.544,0.376
21147.912977323533,0.56,0.376
21147.913234510423,0.56,0.376
21147.913491697313,0.544,0.384
21147.913748884203,0.544,0.376
21147.914006071092,0.56,0.384
21147.91426325798,0.544,0.376
21147.91452044487,0.56,0.384
21147.91477763176,0.544,0.376
21147.91503481865,0.56,0.384
21147.91529200554,0.544,0.376
21147.91554919243,0.56,0.384
21147.91580637932,0.56,0.376
21147.91606356621,0.544,0.376
21147.9163207531,0.544,0.376
21147.91657793999,0.5680000000000001,0.384
21147.916835126878,0.552,0.376
21147.917092313768,0.544,0.376
21147.917349500654,0.544,0.376
21147.917606687544,0.5680000000000001,0.384
21147.917863874434,0.544,0.376
21147.918121061324,0.56,0.384
21147.918378248214,0.544,0.376
21147.918635435104,0.56,0.376
21147.918892621994,0.544,0.376
21147.919149808884,0.56,0.376
21147.919406995774,0.544,0.376
21147.919664182664,0.56,0.376
21147.919921369554,0.56,0.376
21147.920178556444,0.544,0.368
21147.920435743334,0.544,0.376
21147.92069293022,0.56,0.384
21147.92095011711,0.544,0.376
21147.921207304,0.56,0.376
21147.92146449089,0.56,0.376
21147.92172167778,0.544,0.384
21147.92197886467,0.56,0.376
21147.92223605156,0.544,0.376
21147.92249323845,0.56,0.376
21147.92275042534,0.544,0.384
21147.92300761223,0.544,0.376
21147.92326479912,0.5680000000000001,0.376
21147.92352198601,0.544,0.376
21147.923779172896,0.56,0.384
21147.924036359786,0.544,0.376
21147.924293546675,0.56,0.384
21147.924550733565,0.56,0.376
21147.924807920455,0.544,0.376
21147.925065107345,0.544,0.384
21147.925322294235,0.56,0.376
21147.925579481125,0.544,0.376
21147.925836668015,0.56,0.384
21147.926093854905,0.56,0.376
21147.926351041795,0.544,0.384
21147.926608228685,0.544,0.376
21147.926865415575,0.56,0.376
21147.92712260246,0.552,0.384
21147.92737978935,0.544,0.376
21147.92763697624,0.544,0.376
21147.92789416313,0.56,0.384
21147.92815135002,0.544,0.384
21147.92840853691,0.56,0.376
21147.9286657238,0.544,0.376
21147.92892291069,0.56,0.376
21147.92918009758,0.544,0.376
21147.92943728447,0.56,0.384
21147.92969447136,0.544,0.376
21147.92995165825,0.56,0.376
21147.930208845137,0.56,0.376
21147.930466032027,0.544,0.384
21147.930723218917,0.544,0.376
21147.930980405807,0.5680000000000001,0.376
21147.931237592697,0.544,0.376
21147.931494779587,0.56,0.376
21147.931751966476,0.544,0.376
21147.932009153366,0.56,0.376
21147.932266340256,0.56,0.384
21147.932523527146,0.544,0.376
21147.932780714036,0.544,0.376
21147.933037900926,0.5680000000000001,0.376
21147.933295087816,0.544,0.376
21147.933552274702,0.56,0.392
21147.933809461592,0.56,0.376
21147.934066648482,0.544,0.384
21147.934323835372,0.544,0.376
21147.934581022262,0.56,0.376
21147.934838209152,0.544,0.376
21147.935095396042,0.56,0.376
21147.935352582932,0.544,0.376
21147.935609769822,0.552,0.384
21147.935866956712,0.544,0.376
21147.9361241436,0.5680000000000001,0.376
21147.93638133049,0.544,0.376
21147.936638517378,0.56,0.384
21147.936895704268,0.544,0.376
21147.937152891158,0.56,0.384
21147.937410078048,0.56,0.376
21147.937667264938,0.544,0.376
21147.937924451828,0.544,0.376
21147.938181638718,0.5680000000000001,0.384
21147.938438825608,0.552,0.376
21147.938696012498,0.536,0.384
21147.938953199387,0.552,0.376
21147.939210386277,0.528,0.376
21147.939467573167,0.536,0.376
21147.939724760057,0.552,0.384
21147.939981946944,0.536,0.376
21147.940239133834,0.552,0.384
21147.940496320723,0.536,0.376
21147.940753507613,0.504,0.384
21147.941010694503,0.504,0.376
21147.941267881393,0.528,0.384
21147.941525068283,0.512,0.376
21147.941782255173,0.536,0.384
21147.942039442063,0.536,0.376
21147.942296628953,0.504,0.376
21147.942553815843,0.504,0.376
21147.942811002733,0.52,0.384
21147.94306818962,0.512,0.384
21147.94332537651,0.496,0.376
21147.9435825634,0.504,0.376
21147.94383975029,0.52,0.384
21147.94409693718,0.512,0.376
21147.94435412407,0.496,0.384
21147.94461131096,0.496,0.384
21147.94486849785,0.512,0.376
21147.94512568474,0.504,0.376
21147.94538287163,0.52,0.376
21147.94564005852,0.512,0.376
21147.94589724541,0.496,0.384
21147.9461544323,0.496,0.376
21147.946411619185,0.512,0.376
21147.946668806075,0.496,0.376
21147.946925992965,0.504,0.384
21147.947183179855,0.496,0.376
21147.947440366745,0.512,0.376
21147.947697553634,0.504,0.376
21147.947954740524,0.496,0.376
21147.948211927414,0.488,0.384
21147.948469114304,0.512,0.368
21147.948726301194,0.512,0.376
21147.948983488084,0.496,0.384
21147.949240674974,0.496,0.384
21147.94949786186,0.512,0.368
21147.94975504875,0.496,0.368
21147.95001223564,0.528,0.312
21147.95026942253,0.544,0.312
21147.95052660942,0.52,0.184
21147.95078379631,0.536,0.176
21147.9510409832,0.504,0.064
21147.95129817009,0.504,0.056
21147.95155535698,0.52,0.016
21147.95181254387,0.512,0.016
21147.95206973076,0.496,-0.008
21147.95232691765,0.52,0.0
21147.95258410454,0.496,-0.008
21147.952841291426,0.496,-0.008
21147.953098478316,0.512,0.0
21147.953355665206,0.504,0.0
21147.953612852096,0.536,-0.016
21147.953870038986,0.536,0.0
21147.954127225876,0.52,-0.016
21147.954384412766,0.536,0.0
21147.954641599656,0.512,-0.008
21147.954898786546,0.512,0.0
21147.955155973435,0.496,-0.008
21147.955413160325,0.496,-0.016
21147.955670347215,0.512,0.0
21147.9559275341,0.496,0.0
21147.95618472099,0.512,-0.016
21147.95644190788,0.496,0.0
21147.95669909477,0.512,-0.016
21147.95695628166,0.496,0.0
21147.95721346855,0.504,-0.016
21147.95747065544,0.496,-0.016
21147.95772784233,0.504,0.0
21147.95798502922,0.512,0.0
21147.95824221611,0.496,-0.016
21147.958499403,0.496,0.0
21147.95875658989,0.512,-0.008
21147.95901377678,0.496,0.0
21147.959270963667,0.504,-0.016
21147.959528150557,0.504,0.0
21147.959785337447,0.544,-0.016
21147.960042524337,0.536,0.0
21147.960299711227,0.52,-0.016
21147.960556898117,0.52,0.0
21147.960814085007,0.496,-0.016
21147.961071271897,0.496,0.0
21147.961328458787,0.512,-0.016
21147.961585645677,0.496,0.0
21147.961842832567,0.512,-0.016
21147.962100019457,0.496,0.0
21147.962357206343,0.504,-0.016
21147.962614393233,0.496,0.0
21147.962871580123,0.52,-0.016
21147.963128767013,0.512,0.0
21147.963385953903,0.496,-0.016
21147.963643140793,0.496,-0.016
21147.963900327682,0.504,0.0
21147.964157514572,0.496,0.0
21147.964414701462,0.512,-0.016
21147.964671888352,0.504,0.0
21147.964929075242,0.552,-0.016
21147.965186262132,0.536,-0.016
21147.965443449022,0.552,0.0
21147.96570063591,0.536,-0.016
21147.9659578228,0.552,0.0
21147.96621500969,0.536,0.0
21147.96647219658,0.552,-0.016
21147.96672938347,0.536,-0.016
21147.966986570358,0.544,0.0
21147.967243757248,0.536,-0.016
21147.967500944138,0.56,0.0
21147.967758131028,0.552,0.0
21147.968015317918,0.536,-0.016
21147.968272504808,0.536,0.0
21147.968529691698,0.552,-0.016
21147.968786878584,0.536,-0.016
21147.969044065474,0.56,0.0
21147.969301252364,0.536,0.0
21147.969558439254,0.552,-0.016
21147.969815626144,0.544,0.0
21147.970072813034,0.56,-0.016
21147.970329999924,0.544,0.0
21147.970587186814,0.56,-0.016
21147.970844373704,0.544,-0.016
21147.971101560594,0.56,0.0
21147.971358747483,0.544,0.0
21147.971615934373,0.56,-0.016
21147.971873121263,0.544,0.0
21147.97213030815,0.56,-0.016
21147.97238749504,0.544,0.0
21147.97264468193,0.56,-0.016
21147.97290186882,0.544,-0.016
21147.97315905571,0.552,0.0
21147.9734162426,0.544,-0.016
21147.97367342949,0.56,0.0
21147.97393061638,0.544,-0.008
21147.97418780327,0.56,-0.016
21147.97444499016,0.544,-0.016
21147.97470217705,0.56,0.0
21147.97495936394,0.544,-0.016
21147.975216550825,0.56,0.0
21147.975473737715,0.544,0.0
21147.975730924605,0.56,-0.016
21147.975988111495,0.544,0.0
21147.976245298385,0.56,-0.016
21147.976502485275,0.544,0.0
21147.976759672165,0.56,-0.016
21147.977016859055,0.544,0.0
21147.977274045945,0.56,-0.016
21147.977531232835,0.544,0.0
21147.977788419725,0.56,-0.016
21147.978045606615,0.56,-0.016
21147.978302793505,0.544,0.0
21147.97855998039,0.544,-0.016
21147.97881716728,0.56,0.0
21147.97907435417,0.5680000000000001,-0.016
21147.97933154106,0.544,0.0
21147.97958872795,0.544,0.0
21147.97984591484,0.552,-0.016
21147.98010310173,0.544,0.0
21147.98036028862,0.552,-0.016
21147.98061747551,0.544,-0.016
21147.9808746624,0.56,0.0
21147.98113184929,0.544,-0.016
21147.98138903618,0.56,0.0
21147.981646223066,0.544,-0.016
21147.981903409956,0.56,0.0
21147.982160596846,0.544,-0.016
21147.982417783736,0.56,0.0
21147.982674970626,0.544,0.0
21147.982932157516,0.56,-0.016
21147.983189344406,0.56,-0.016
21147.983446531296,0.544,0.0
21147.983703718186,0.56,-0.016
21147.983960905076,0.536,0.0
21147.984218091966,0.536,-0.016
21147.984475278856,0.552,-0.008
21147.984732465746,0.544,-0.016
21147.984989652632,0.504,0.0
21147.985246839522,0.504,-0.016
21147.985504026412,0.52,0.0
21147.985761213302,0.504,-0.016
21147.986018400192,0.52,0.0
21147.98627558708,0.52,-0.016
21147.98653277397,0.496,0.0
21147.98678996086,0.504,0.0
21147.98704714775,0.536,-0.016
21147.98730433464,0.544,0.0
21147.98756152153,0.52,-0.016
21147.98781870842,0.52,-0.016
21147.988075895308,0.504,0.0
21147.988333082198,0.504,0.0
21147.988590269088,0.52,-0.016
21147.988847455978,0.512,-0.016
21147.989104642867,0.544,0.0
21147.989361829757,0.52,-0.016
21147.989619016647,0.544,0.0
21147.989876203537,0.544,-0.016
21147.990133390427,0.512,0.0
21147.990390577317,0.512,-0.016
21147.990647764207,0.504,0.0
21147.990904951097,0.504,0.0
21147.991162137987,0.528,-0.016
21147.991419324873,0.504,-0.016
21147.991676511763,0.52,0.0
21147.991933698653,0.512,-0.016
21147.992190885543,0.544,0.0
21147.992448072433,0.528,0.0
21147.992705259323,0.544,-0.016
21147.992962446213,0.544,-0.016
21147.993219633103,0.512,0.0
21147.993476819993,0.536,-0.008
21147.993734006883,0.56,-0.016
21147.993991193773,0.56,-0.016
21147.994248380663,0.544,0.0
21147.99450556755,0.56,-0.016
21147.99476275444,0.536,-0.008
21147.99501994133,0.544,0.0
21147.99527712822,0.56,-0.016
21147.99553431511,0.56,-0.016
21147.995791502,0.544,0.0
21147.99604868889,0.544,-0.016
21147.99630587578,0.56,0.0
21147.99656306267,0.544,0.0
21147.99682024956,0.56,-0.016
21147.99707743645,0.544,-0.016
21147.99733462334,0.552,0.0
21147.99759181023,0.544,0.0
21147.997848997114,0.56,-0.016
21147.998106184004,0.544,-0.016
21147.998363370894,0.56,0.0
21147.998620557784,0.544,-0.008
21147.998877744674,0.56,-0.016
21147.999134931564,0.56,0.0
21147.999392118454,0.544,-0.016
21147.999649305344,0.536,-0.016
21147.999906492234,0.56,0.0
21148.000163679124,0.56,0.0
21148.000420866014,0.544,-0.016
21148.000678052904,0.544,-0.016
21148.00093523979,0.56,0.0
21148.00119242668,0.544,0.0
21148.00144961357,0.56,-0.016
21148.00170680046,0.544,0.0
21148.00196398735,0.56,-0.016
21148.00222117424,0.544,0.0
21148.00247836113,0.56,-0.016
21148.00273554802,0.56,0.0
21148.00299273491,0.544,-0.016
21148.0032499218,0.544,-0.008
21148.00350710869,0.56,-0.016
21148.00376429558,0.544,0.0
21148.00402148247,0.56,-0.016
21148.004278669356,0.544,-0.016
21148.004535856246,0.56,0.0
21148.004793043136,0.56,-0.016
21148.005050230026,0.544,-0.008
21148.005307416915,0.544,-0.008
21148.005564603805,0.56,-0.016
21148.005821790695,0.544,-0.016
21148.006078977585,0.56,0.0
21148.006336164475,0.544,0.0
21148.006593351365,0.552,-0.016
21148.006850538255,0.544,-0.016
21148.007107725145,0.56,0.0
21148.00736491203,0.544,-0.016
21148.00762209892,0.56,0.0
21148.00787928581,0.544,-0.016
21148.0081364727,0.56,0.0
21148.00839365959,0.544,-0.016
21148.00865084648,0.56,0.0
21148.00890803337,0.544,-0.016
21148.00916522026,0.56,-0.008
21148.00942240715,0.544,-0.016
21148.00967959404,0.56,0.0
21148.00993678093,0.544,-0.016
21148.01019396782,0.5680000000000001,-0.008
21148.01045115471,0.544,-0.016
21148.010708341597,0.56,-0.008
21148.010965528487,0.544,-0.016
21148.011222715377,0.56,-0.008
21148.011479902267,0.56,0.0
21148.011737089157,0.544,-0.016
21148.011994276047,0.544,-0.016
21148.012251462937,0.56,0.0
21148.012508649826,0.544,-0.016
21148.012765836716,0.56,0.0
21148.013023023606,0.544,-0.016
21148.013280210496,0.56,0.0
21148.013537397386,0.544,-0.016
21148.013794584273,0.56,0.0
21148.014051771162,0.544,-0.008
21148.014308958052,0.56,0.008
21148.014566144942,0.56,0.016
21148.014823331832,0.544,0.096
21148.015080518722,0.544,0.10400000000000001
21148.015337705612,0.5680000000000001,0.24
21148.015594892502,0.56,0.248
21148.015852079392,0.544,0.336
21148.016109266282,0.552,0.336
21148.016366453172,0.536,0.368
21148.016623640062,0.536,0.368
21148.016880826952,0.52,0.376
21148.017138013838,0.52,0.376
21148.017395200728,0.56,0.384
21148.017652387618,0.544,0.376
21148.017909574508,0.56,0.376
21148.018166761398,0.544,0.376
21148.018423948288,0.56,0.376
21148.018681135178,0.544,0.376
21148.018938322068,0.56,0.376
21148.019195508958,0.544,0.376
21148.019452695848,0.56,0.384
21148.019709882738,0.56,0.376
21148.019967069627,0.528,0.376
21148.020224256514,0.536,0.376
21148.020481443404,0.512,0.384
21148.020738630294,0.528,0.376
21148.020995817184,0.504,0.376
21148.021253004074,0.52,0.376
21148.021510190963,0.504,0.384
21148.021767377853,0.504,0.376
21148.022024564743,0.52,0.384
21148.022281751633,0.496,0.376
21148.022538938523,0.512,0.376
21148.022796125413,0.512,0.376
21148.023053312303,0.544,0.384
21148.023310499193,0.504,0.376
21148.02356768608,0.544,0.376
21148.02382487297,0.544,0.376
21148.02408205986,0.552,0.384
21148.02433924675,0.544,0.376
21148.02459643364,0.56,0.384
21148.02485362053,0.544,0.376
21148.02511080742,0.56,0.376
21148.02536799431,0.536,0.384
21148.0256251812,0.56,0.376
21148.02588236809,0.544,0.376
21148.02613955498,0.56,0.376
21148.02639674187,0.544,0.376
21148.026653928755,0.56,0.376
21148.026911115645,0.544,0.376
21148.027168302535,0.56,0.376
21148.027425489425,0.56,0.376
21148.027682676315,0.544,0.392
21148.027939863205,0.544,0.392
21148.028197050095,0.56,0.432
21148.028454236985,0.544,0.44
21148.028711423874,0.56,0.4
21148.028968610764,0.544,0.4
21148.029225797654,0.56,0.376
21148.029482984544,0.544,0.376
21148.029740171434,0.56,0.376
21148.02999735832,0.544,0.376
21148.03025454521,0.56,0.384
21148.0305117321,0.56,0.376
21148.03076891899,0.544,0.384
21148.03102610588,0.544,0.376
21148.03128329277,0.56,0.384
21148.03154047966,0.544,0.376
21148.03179766655,0.56,0.376
21148.03205485344,0.544,0.376
21148.03231204033,0.56,0.384
21148.03256922722,0.544,0.376
21148.03282641411,0.56,0.384
21148.033083600996,0.544,0.376
21148.033340787886,0.56,0.384
21148.033597974776,0.544,0.376
21148.033855161666,0.56,0.376
21148.034112348556,0.544,0.376
21148.034369535446,0.56,0.384
21148.034626722336,0.544,0.376
21148.034883909226,0.552,0.384
21148.035141096116,0.544,0.376
21148.035398283006,0.56,0.384
21148.035655469896,0.544,0.384
21148.035912656786,0.56,0.376
21148.036169843675,0.56,0.376
21148.03642703056,0.544,0.376
21148.03668421745,0.552,0.376
21148.03694140434,0.544,0.384
21148.03719859123,0.544,0.376
21148.03745577812,0.56,0.376
21148.03771296501,0.56,0.376
21148.0379701519,0.544,0.376
21148.03822733879,0.56,0.376
21148.03848452568,0.544,0.384
21148.03874171257,0.544,0.376
21148.03899889946,0.56,0.384
21148.03925608635,0.56,0.376
21148.039513273237,0.544,0.384
21148.039770460127,0.544,0.376
21148.040027647017,0.56,0.384
21148.040284833907,0.5680000000000001,0.376
21148.040542020797,0.544,0.376
21148.040799207687,0.544,0.376
21148.041056394577,0.5680000000000001,0.384
21148.041313581467,0.56,0.384
21148.041570768357,0.544,0.384
21148.041827955247,0.544,0.384
21148.042085142137,0.56,0.392
21148.042342329027,0.56,0.392
21148.042599515917,0.544,0.41600000000000004
21148.042856702803,0.544,0.392
21148.043113889693,0.552,0.376
21148.043371076583,0.544,0.376
21148.043628263473,0.56,0.384
21148.043885450363,0.56,0.376
21148.044142637253,0.544,0.40800000000000003
21148.044399824143,0.544,0.4
21148.044657011033,0.56,0.432
21148.044914197922,0.544,0.424
21148.045171384812,0.56,0.44
21148.045428571702,0.544,0.448
21148.045685758592,0.56,0.424
21148.04594294548,0.5680000000000001,0.44
21148.04620013237,0.544,0.4
21148.04645731926,0.544,0.392
21148.04671450615,0.56,0.424
21148.04697169304,0.544,0.41600000000000004
21148.04722887993,0.56,0.44
21148.04748606682,0.544,0.432
21148.047743253708,0.56,0.448
21148.048000440598,0.544,0.424
21148.048257627488,0.56,0.448
21148.048514814378,0.56,0.44
21148.048772001268,0.544,0.424
21148.049029188158,0.56,0.44
21148.049286375044,0.544,0.424
21148.049543561934,0.544,0.432
21148.049800748824,0.56,0.44
21148.050057935714,0.56,0.448
21148.050315122604,0.544,0.424
21148.050572309494,0.544,0.448
21148.050829496384,0.56,0.40800000000000003
21148.051086683274,0.544,0.40800000000000003
21148.051343870164,0.5680000000000001,0.4
21148.051601057054,0.56,0.40800000000000003
21148.051858243944,0.544,0.44
21148.052115430834,0.544,0.424
21148.05237261772,0.56,0.432
21148.05262980461,0.56,0.44
21148.0528869915,0.544,0.392
21148.05314417839,0.56,0.392
21148.05340136528,0.544,0.40800000000000003
21148.05365855217,0.5680000000000001,0.384
21148.05391573906,0.544,0.424
21148.05417292595,0.544,0.41600000000000004
21148.05443011284,0.56,0.44
21148.05468729973,0.56,0.424
21148.05494448662,0.544,0.392
21148.05520167351,0.544,0.41600000000000004
21148.0554588604,0.56,0.392
21148.055716047285,0.544,0.392
21148.055973234175,0.56,0.376
21148.056230421065,0.544,0.376
21148.056487607955,0.56,0.384
21148.056744794845,0.56,0.376
21148.057001981735,0.544,0.384
21148.057259168625,0.56,0.376
21148.057516355515,0.544,0.384
21148.057773542405,0.56,0.376
21148.058030729295,0.544,0.376
21148.058287916185,0.544,0.376
21148.058545103075,0.56,0.384
21148.05880228996,0.544,0.376
21148.05905947685,0.56,0.384
21148.05931666374,0.56,0.376
21148.05957385063,0.544,0.384
21148.05983103752,0.56,0.376
21148.06008822441,0.544,0.376
21148.065373659134,0.56,0.0
21148.065622371236,0.544,-0.016
21148.065871083338,0.56,0.0
21148.066119795443,0.544,-0.016
21148.066368507545,0.544,-0.016
21148.066617219647,0.56,0.0
21148.06686593175,0.544,-0.016
21148.06711464385,0.56,0.0
21148.067363355953,0.544,-0.016
21148.06761206806,0.56,0.0
21148.06786078016,0.544,0.0
21148.068109492262,0.56,-0.016
21148.068358204364,0.544,-0.016
21148.068606916466,0.56,0.0
21148.06885562857,0.544,-0.016
21148.069104340673,0.5680000000000001,0.0
21148.069353052775,0.544,0.0
21148.069601764877,0.56,-0.016
21148.06985047698,0.544,0.0
21148.070099189084,0.56,-0.016
21148.070347901186,0.544,-0.008
21148.07059661329,0.56,0.016
21148.07084532539,0.56,0.016
21148.071094037492,0.544,0.088
21148.071342749594,0.544,0.096
21148.0715914617,0.5680000000000001,0.248
21148.0718401738,0.56,0.248
21148.072088885903,0.544,0.336
21148.072337598005,0.56,0.34400000000000003
21148.072586310107,0.544,0.376
21148.072835022213,0.56,0.376
21148.073083734314,0.544,0.384
21148.073332446416,0.5680000000000001,0.384
21148.07358115852,0.544,0.392
21148.07382987062,0.56,0.384
21148.074078582726,0.544,0.392
21148.074327294828,0.56,0.384
21148.07457600693,0.544,0.392
21148.07482471903,0.56,0.384
21148.075073431133,0.544,0.4
21148.075322143235,0.544,0.384
21148.07557085534,0.5680000000000001,0.4
21148.075819567443,0.544,0.384
21148.076068279544,0.56,0.392
21148.076316991646,0.544,0.384
21148.07656570375,0.5680000000000001,0.4
21148.076814415854,0.56,0.384
21148.077063127956,0.544,0.4
21148.077311840058,0.544,0.384
21148.07756055216,0.56,0.4
21148.07780926426,0.544,0.384
21148.078057976367,0.552,0.4
21148.07830668847,0.56,0.4
21148.07855540057,0.544,0.384
21148.078804112673,0.544,0.392
21148.079052824774,0.56,0.384
21148.079301536876,0.544,0.384
21148.079550248982,0.56,0.4
21148.079798961084,0.544,0.392
21148.080047673186,0.56,0.384
21148.080296385288,0.56,0.4
21148.08054509739,0.544,0.384
21148.080793809495,0.544,0.384
21148.081042521597,0.56,0.4
21148.0812912337,0.544,0.4
21148.0815399458,0.56,0.384
21148.081788657903,0.5680000000000001,0.384
21148.082037370008,0.536,0.4
21148.08228608211,0.544,0.392
21148.082534794212,0.528,0.384
21148.082783506314,0.52,0.392
21148.083032218416,0.552,0.384
21148.083280930518,0.552,0.384
21148.083529642623,0.528,0.4
21148.083778354725,0.536,0.392
21148.084027066827,0.552,0.384
21148.08427577893,0.544,0.384
21148.08452449103,0.504,0.4
21148.084773203136,0.52,0.4
21148.085021915238,0.504,0.384
21148.08527062734,0.504,0.384
21148.08551933944,0.52,0.4
21148.085768051544,0.504,0.392
21148.086016763646,0.52,0.384
21148.08626547575,0.504,0.384
21148.086514187853,0.52,0.4
21148.086762899955,0.512,0.384
21148.087011612057,0.496,0.4
21148.08726032416,0.512,0.384
21148.087509036264,0.496,0.4
21148.087757748366,0.504,0.4
21148.088006460468,0.52,0.384
21148.08825517257,0.528,0.384
21148.08850388467,0.496,0.4
21148.088752596777,0.504,0.384
21148.08900130888,0.512,0.4
21148.08925002098,0.512,0.384
21148.089498733083,0.544,0.4
21148.089747445185,0.536,0.384
21148.089996157287,0.512,0.4
21148.090244869392,0.504,0.392
21148.090493581494,0.52,0.4
21148.090742293596,0.512,0.4
21148.090991005698,0.496,0.44
21148.0912397178,0.496,0.448
21148.091488429905,0.512,0.432
21148.091737142007,0.504,0.432
21148.09198585411,0.528,0.4
21148.09223456621,0.536,0.392
21148.092483278313,0.512,0.41600000000000004
21148.09273199042,0.512,0.4
21148.09298070252,0.496,0.41600000000000004
21148.093229414622,0.504,0.40800000000000003
21148.093478126724,0.544,0.424
21148.093726838826,0.536,0.424
21148.093975550928,0.552,0.44
21148.094224263034,0.552,0.44
21148.094472975135,0.544,0.464
21148.094721687237,0.544,0.464
21148.09497039934,0.56,0.44
21148.09521911144,0.544,0.44
21148.095467823547,0.56,0.456
21148.09571653565,0.552,0.448
21148.09596524775,0.536,0.456
21148.096213959852,0.544,0.456
21148.096462671954,0.56,0.432
21148.09671138406,0.544,0.432
21148.09696009616,0.552,0.448
21148.097208808264,0.544,0.432
21148.097457520365,0.56,0.4
21148.097706232467,0.544,0.392
21148.09795494457,0.56,0.41600000000000004
21148.098203656675,0.544,0.41600000000000004
21148.098452368777,0.56,0.392
21148.09870108088,0.544,0.392
21148.09894979298,0.56,0.4
21148.099198505082,0.544,0.392
21148.099447217188,0.56,0.384
21148.09969592929,0.544,0.392
21148.09994464139,0.56,0.384
21148.100193353494,0.544,0.384
21148.100442065595,0.56,0.4
21148.1006907777,0.544,0.4
21148.100939489803,0.552,0.384
21148.101188201905,0.544,0.384
21148.101436914007,0.56,0.392
21148.10168562611,0.544,0.384
21148.10193433821,0.56,0.4
21148.102183050316,0.56,0.384
21148.102431762418,0.544,0.4
21148.10268047452,0.544,0.4
21148.10292918662,0.56,0.384
21148.103177898724,0.544,0.384
21148.10342661083,0.552,0.4
21148.10367532293,0.544,0.384
21148.103924035033,0.56,0.4
21148.104172747135,0.544,0.4
21148.104421459237,0.56,0.384
21148.10467017134,0.544,0.384
21148.104918883444,0.504,0.4
21148.105167595546,0.504,0.4
21148.105416307648,0.56,0.384
21148.10566501975,0.544,0.4
21148.10591373185,0.56,0.384
21148.106162443957,0.544,0.4
21148.10641115606,0.56,0.384
21148.10665986816,0.544,0.384
21148.106908580263,0.56,0.392
21148.107157292365,0.544,0.384
21148.10740600447,0.56,0.392
21148.107654716572,0.544,0.392
21148.107903428674,0.56,0.384
21148.108152140776,0.56,0.392
21148.108400852878,0.544,0.384
21148.10864956498,0.544,0.384
21148.108898277085,0.56,0.392
21148.109146989187,0.544,0.4
21148.10939570129,0.56,0.392
21148.10964441339,0.544,0.384
21148.109893125493,0.56,0.392
21148.1101418376,0.544,0.384
21148.1103905497,0.56,0.4
21148.110639261802,0.544,0.392
21148.110887973904,0.56,0.384
21148.111136686006,0.544,0.384
21148.11138539811,0.56,0.392
21148.111634110213,0.552,0.384
21148.111882822315,0.528,0.4
21148.112131534417,0.544,0.392
21148.11238024652,0.512,0.384
21148.11262895862,0.504,0.392
21148.112877670726,0.52,0.384
21148.11312638283,0.52,0.384
21148.11337509493,0.504,0.4
21148.113623807032,0.504,0.4
21148.113872519134,0.52,0.384
21148.11412123124,0.512,0.384
21148.11436994334,0.536,0.4
21148.114618655443,0.544,0.384
21148.114867367545,0.52,0.4
21148.115116079647,0.544,0.4
21148.115364791753,0.52,0.384
21148.115613503855,0.512,0.384
21148.115862215956,0.536,0.4
21148.11611092806,0.528,0.384
21148.11635964016,0.544,0.4
21148.116608352262,0.536,0.384
21148.116857064368,0.552,0.392
21148.11710577647,0.552,0.384
21148.11735448857,0.512,0.392
21148.117603200673,0.512,0.384
21148.117851912775,0.56,0.392
21148.11810062488,0.56,0.384
21148.118349336983,0.544,0.4
21148.118598049085,0.544,0.392
21148.118846761186,0.56,0.384
21148.11909547329,0.544,0.384
21148.119344185394,0.552,0.392
21148.119592897496,0.544,0.384
21148.119841609598,0.56,0.392
21148.1200903217,0.544,0.384
21148.1203390338,0.552,0.4
21148.120587745903,0.544,0.384
21148.12083645801,0.56,0.392
21148.12108517011,0.544,0.384
21148.121333882213,0.56,0.392
21148.121582594315,0.544,0.384
21148.121831306416,0.56,0.4
21148.122080018522,0.544,0.384
21148.122328730624,0.56,0.392
21148.122577442726,0.544,0.392
21148.122826154828,0.56,0.384
21148.12307486693,0.544,0.384
21148.12332357903,0.56,0.4
21148.123572291137,0.544,0.384
21148.12382100324,0.56,0.392
21148.12406971534,0.544,0.384
21148.124318427443,0.56,0.4
21148.124567139545,0.56,0.384
21148.12481585165,0.544,0.392
21148.125064563752,0.56,0.384
21148.125313275854,0.544,0.392
21148.125561987956,0.544,0.392
21148.125810700058,0.56,0.384
21148.126059412163,0.56,0.4
21148.126308124265,0.544,0.384
21148.126556836367,0.544,0.384
21148.12680554847,0.56,0.384
21148.12705426057,0.56,0.384
21148.127302972673,0.544,0.392
21148.127551684778,0.544,0.392
21148.12780039688,0.56,0.384
21148.128049108982,0.544,0.384
21148.128297821084,0.56,0.4
21148.128546533186,0.56,0.384
21148.12879524529,0.544,0.4
21148.129043957393,0.544,0.384
21148.129292669495,0.56,0.392
21148.129541381597,0.56,0.384
21148.1297900937,0.544,0.392
21148.130038805804,0.544,0.384
21148.130287517906,0.56,0.392
21148.130536230008,0.544,0.384
21148.13078494211,0.56,0.4
21148.131033654212,0.56,0.384
21148.131282366314,0.544,0.392
21148.13153107842,0.544,0.384
21148.13177979052,0.56,0.392
21148.132028502623,0.544,0.392
21148.132277214725,0.56,0.376
21148.132525926827,0.544,0.376
21148.132774638932,0.56,0.328
21148.133023351034,0.544,0.328
21148.133272063136,0.56,0.2
21148.133520775238,0.56,0.184
21148.13376948734,0.552,0.07200000000000001
21148.134018199446,0.544,0.07200000000000001
21148.134266911547,0.56,0.008
21148.13451562365,0.544,0.016
21148.13476433575,0.56,-0.008
21148.135013047853,0.544,0.0
21148.135261759955,0.56,-0.008
21148.13551047206,0.56,0.0
21148.135759184162,0.544,-0.016
21148.136007896264,0.544,0.0
21148.136256608366,0.56,-0.016
21148.136505320468,0.544,0.0
21148.136754032574,0.5680000000000001,-0.008
21148.137002744676,0.56,0.0
21148.137251456777,0.544,-0.016
21148.13750016888,0.544,0.0
21148.13774888098,0.56,-0.008
21148.137997593087,0.56,0.0
21148.13824630519,0.544,-0.016
21148.13849501729,0.544,-0.008
21148.138743729392,0.5680000000000001,0.0
21148.138992441494,0.544,0.0
21148.139241153596,0.56,-0.016
21148.1394898657,0.552,0.0
21148.139738577804,0.56,-0.008
21148.139987289906,0.56,0.0
21148.140236002007,0.544,-0.008
21148.14048471411,0.544,0.0
21148.140733426215,0.552,-0.008
21148.140982138317,0.552,-0.008
21148.14123085042,0.544,0.0
21148.14147956252,0.544,-0.008
21148.141728274622,0.56,0.0
21148.141976986724,0.544,0.0
21148.14222569883,0.5680000000000001,-0.008
21148.14247441093,0.544,-0.008
21148.142723123034,0.56,0.0
21148.142971835136,0.544,0.0
21148.143220547237,0.56,-0.016
21148.143469259343,0.56,-0.016
21148.143717971445,0.544,0.0
21148.143966683547,0.544,0.0
21148.14421539565,0.56,-0.008
21148.14446410775,0.56,-0.016
21148.144712819856,0.544,0.0
21148.144961531958,0.544,-0.008
21148.14521024406,0.56,0.0
21148.14545895616,0.552,-0.008
21148.145707668264,0.56,0.0
21148.145956380366,0.544,0.0
21148.14620509247,0.56,-0.016
21148.146453804573,0.544,0.0
21148.146702516675,0.56,-0.016
21148.146951228777,0.56,0.0
21148.14719994088,0.544,-0.016
21148.147448652984,0.544,0.0
21148.147697365086,0.56,-0.008
21148.147946077188,0.56,0.0
21148.14819478929,0.544,-0.008
21148.14844350139,0.544,0.0
21148.148692213497,0.56,-0.008
21148.1489409256,0.544,-0.016
21148.1491896377,0.56,0.0
21148.149438349803,0.544,-0.016
21148.149687061905,0.56,0.0
21148.149935774007,0.552,0.0
21148.150184486112,0.56,-0.016
21148.150433198214,0.544,-0.016
21148.150681910316,0.56,0.0
21148.150930622418,0.56,0.0
21148.15117933452,0.544,-0.008
21148.151428046625,0.544,0.0
21148.151676758727,0.5680000000000001,-0.016
21148.15192547083,0.56,0.0
21148.15217418293,0.544,-0.016
21148.152422895033,0.552,0.0
21148.15267160714,0.5680000000000001,-0.016
21148.15292031924,0.544,-0.016
21148.153169031342,0.56,0.0
21148.153417743444,0.552,-0.016
21148.153666455546,0.544,0.0
21148.153915167648,0.544,-0.016
21148.154163879753,0.56,0.0
21148.154412591855,0.544,-0.016
21148.154661303957,0.56,0.0
21148.15491001606,0.56,0.0
21148.15515872816,0.536,-0.016
21148.155407440267,0.536,0.0
21148.15565615237,0.512,-0.016
21148.15590486447,0.512,0.0
21148.156153576572,0.544,-0.016
21148.156402288674,0.544,0.0
21148.15665100078,0.504,-0.016
21148.15689971288,0.504,-0.008
21148.157148424983,0.512,0.0
21148.157397137085,0.512,0.0
21148.157645849187,0.496,-0.016
21148.15789456129,0.504,-0.016
21148.158143273395,0.544,0.0
21148.158391985497,0.536,-0.016
21148.1586406976,0.552,0.0
21148.1588894097,0.528,-0.016
21148.159138121802,0.552,0.0
21148.159386833908,0.536,0.0
21148.15963554601,0.552,-0.016
21148.15988425811,0.528,-0.016
21148.160132970213,0.504,0.0
21148.160381682315,0.52,0.0
21148.160630394417,0.544,-0.016
21148.160879106523,0.536,0.0
21148.161127818625,0.552,-0.016
21148.161376530727,0.544,-0.016
21148.16162524283,0.512,0.0
21148.16187395493,0.528,0.0
21148.162122667036,0.552,-0.016
21148.162371379138,0.536,-0.016
21148.16262009124,0.504,0.0
21148.16286880334,0.504,0.0
21148.163117515443,0.52,-0.016
21148.16336622755,0.504,0.0
21148.16361493965,0.544,-0.016
21148.163863651753,0.544,0.0
21148.164112363855,0.56,-0.016
21148.164361075957,0.56,-0.008
21148.16460978806,0.544,0.0
21148.164858500164,0.56,0.0
21148.165107212266,0.528,-0.016
21148.165355924368,0.536,0.0
21148.16560463647,0.504,-0.016
21148.16585334857,0.504,0.0
21148.166102060677,0.536,-0.016
21148.16635077278,0.528,0.0
21148.16659948488,0.544,-0.016
21148.166848196983,0.536,0.0
21148.167096909085,0.544,-0.016
21148.16734562119,0.552,0.0
21148.167594333292,0.512,-0.016
21148.167843045394,0.512,0.0
21148.168091757496,0.504,-0.016
21148.168340469598,0.504,-0.016
21148.1685891817,0.512,0.0
21148.168837893805,0.504,0.0
21148.169086605907,0.528,-0.016
21148.16933531801,0.512,0.0
21148.16958403011,0.544,-0.016
21148.169832742213,0.544,-0.008
21148.17008145432,0.528,-0.016
21148.17033016642,0.536,0.0
21148.170578878522,0.512,-0.016
21148.170827590624,0.528,0.0
21148.171076302726,0.512,-0.016
21148.17132501483,0.512,0.0
21148.171573726933,0.496,-0.016
21148.171822439035,0.504,-0.016
21148.172071151137,0.52,0.0
21148.17231986324,0.52,0.0
21148.17256857534,0.496,-0.016
21148.172817287446,0.512,-0.016
21148.17306599955,0.496,0.0
21148.17331471165,0.504,-0.016
21148.173563423752,0.52,0.0
21148.173812135854,0.52,-0.016
21148.17406084796,0.496,0.0
21148.17430956006,0.512,0.0
21148.174558272163,0.496,-0.016
21148.174806984265,0.496,0.0
21148.175055696367,0.512,-0.016
21148.175304408473,0.52,-0.016
21148.175553120574,0.496,0.0
21148.175801832676,0.512,-0.016
21148.17605054478,0.496,0.0
21148.17629925688,0.496,-0.016
21148.176547968982,0.512,0.0
21148.176796681088,0.52,-0.016
21148.17704539319,0.504,0.0
21148.17729410529,0.512,-0.016
21148.177542817393,0.544,0.0
21148.177791529495,0.528,-0.016
21148.1780402416,0.544,0.0
21148.178288953703,0.544,-0.016
21148.178537665804,0.52,0.0
21148.178786377906,0.52,0.0
21148.17903509001,0.504,-0.016
21148.17928380211,0.496,0.0
21148.179532514216,0.512,-0.016
21148.179781226318,0.496,-0.016
21148.18002993842,0.512,0.0
21148.18027865052,0.496,-0.016
21148.180527362623,0.52,0.0
21148.18077607473,0.52,-0.016
21148.18102478683,0.496,0.0
21148.181273498933,0.496,0.0
21148.181522211034,0.528,-0.016
21148.181770923136,0.536,-0.016
21148.182019635242,0.512,0.0
21148.182268347344,0.512,0.0
21148.182517059446,0.496,-0.016
21148.182765771548,0.496,-0.016
21148.18301448365,0.512,0.0
21148.18326319575,0.496,0.0
21148.183511907857,0.512,-0.016
21148.18376061996,0.512,0.0
21148.18400933206,0.552,-0.016
21148.184258044163,0.536,-0.016
21148.184506756264,0.552,0.0
21148.18475546837,0.544,0.0
21148.185004180472,0.552,-0.016
21148.185252892574,0.536,-0.016
21148.185501604676,0.56,0.0
21148.185750316778,0.544,0.0
21148.185999028883,0.56,-0.016
21148.186247740985,0.536,0.0
21148.186496453087,0.552,-0.016
21148.18674516519,0.544,-0.016
21148.18699387729,0.56,0.0
21148.187242589393,0.552,-0.016
21148.187491301498,0.536,0.0
21148.1877400136,0.544,0.0
21148.187988725702,0.56,-0.016
21148.188237437804,0.544,0.0
21148.188486149906,0.56,-0.016
21148.18873486201,0.552,-0.016
21148.188983574113,0.544,0.0
21148.189232286215,0.544,0.0
21148.189480998317,0.56,-0.016
21148.18972971042,0.56,0.0
21148.189978422524,0.544,-0.016
21148.190227134626,0.544,-0.016
21148.190475846728,0.56,0.0
21148.19072455883,0.56,-0.016
21148.190973270932,0.544,0.0
21148.191221983034,0.544,0.0
21148.19147069514,0.552,-0.016
21148.19171940724,0.544,0.0
21148.191968119343,0.552,-0.016
21148.192216831445,0.544,0.0
21148.192465543547,0.56,-0.016
21148.192714255652,0.544,0.0
21148.192962967754,0.56,-0.016
21148.193211679856,0.544,-0.016
21148.193460391958,0.56,0.0
21148.19370910406,0.544,-0.016
21148.193957816165,0.56,0.0
21148.194206528267,0.544,0.0
21148.19445524037,0.56,-0.016
21148.19470395247,0.56,-0.008
21148.194952664573,0.544,0.008
21148.195201376675,0.544,0.008
21148.19545008878,0.56,0.112
21148.195698800882,0.544,0.112
21148.195947512984,0.56,0.28
21148.196196225086,0.544,0.296
21148.196444937188,0.56,0.4
21148.196693649294,0.544,0.40800000000000003
21148.196942361395,0.552,0.44
21148.197191073497,0.56,0.448
21148.1974397856,0.544,0.432
21148.1976884977,0.544,0.44
21148.197937209803,0.56,0.456
21148.19818592191,0.544,0.456
21148.19843463401,0.56,0.44
21148.198683346112,0.544,0.44
21148.198932058214,0.56,0.456
21148.199180770316,0.544,0.44
21148.19942948242,0.56,0.456
21148.199678194524,0.56,0.456
21148.199926906625,0.544,0.40800000000000003
21148.200175618727,0.56,0.40800000000000003
21148.20042433083,0.544,0.392
21148.200673042935,0.544,0.392
21148.200921755037,0.5680000000000001,0.41600000000000004
21148.20117046714,0.56,0.41600000000000004
21148.20141917924,0.544,0.44
21148.201667891342,0.544,0.432
21148.201916603444,0.56,0.448
21148.20216531555,0.544,0.432
21148.20241402765,0.56,0.456
21148.202662739754,0.544,0.448
21148.202911451855,0.56,0.392
21148.203160163957,0.544,0.4
21148.203408876063,0.56,0.432
21148.203657588165,0.544,0.40800000000000003
21148.203906300267,0.56,0.456
21148.20415501237,0.544,0.44
21148.20440372447,0.56,0.464
21148.204652436576,0.56,0.456
21148.204901148678,0.544,0.40800000000000003
21148.20514986078,0.56,0.40800000000000003
21148.20539857288,0.544,0.4
21148.205647284984,0.56,0.41600000000000004
21148.205895997085,0.544,0.448
21148.20614470919,0.56,0.44
21148.206393421293,0.544,0.456
21148.206642133395,0.5680000000000001,0.456
21148.206890845497,0.552,0.424
21148.2071395576,0.544,0.448
21148.207388269704,0.56,0.432
21148.207636981806,0.56,0.456
21148.207885693908,0.544,0.41600000000000004
21148.20813440601,0.544,0.40800000000000003
21148.20838311811,0.56,0.392
21148.208631830217,0.544,0.392
21148.20888054232,0.56,0.432
21148.20912925442,0.544,0.424
21148.209377966523,0.56,0.448
21148.209626678625,0.56,0.432
21148.209875390727,0.544,0.392
21148.210124102832,0.56,0.392
21148.210372814934,0.544,0.41600000000000004
21148.210621527036,0.544,0.41600000000000004
21148.210870239138,0.56,0.392
21148.21111895124,0.5680000000000001,0.392
21148.211367663345,0.544,0.384
21148.211616375447,0.544,0.392
21148.21186508755,0.56,0.384
21148.21211379965,0.544,0.384
21148.212362511753,0.56,0.392
21148.21261122386,0.56,0.384
21148.21285993596,0.544,0.4
21148.213108648062,0.552,0.384
21148.213357360164,0.56,0.392
21148.213606072266,0.544,0.384
21148.213854784368,0.56,0.4
21148.214103496473,0.544,0.392
21148.214352208575,0.56,0.384
21148.214600920677,0.56,0.392
21148.21484963278,0.544,0.384
21148.21509834488,0.56,0.392
21148.215347056987,0.544,0.384
21148.21559576909,0.544,0.4
21148.21584448119,0.56,0.384
21148.216093193292,0.56,0.384
21148.216341905394,0.544,0.392
21148.216590617496,0.56,0.384
21148.2168393296,0.544,0.4
21148.217088041703,0.56,0.384
21148.217336753805,0.544,0.4
21148.217585465907,0.544,0.392
21148.21783417801,0.56,0.384
21148.218082890115,0.56,0.4
21148.218331602216,0.544,0.384
21148.21858031432,0.544,0.384
21148.21882902642,0.56,0.4
21148.219077738522,0.544,0.384
21148.219326450628,0.552,0.4
21148.21957516273,0.56,0.384
21148.21982387483,0.544,0.4
21148.220072586933,0.544,0.384
21148.220321299035,0.5680000000000001,0.4
21148.220570011137,0.56,0.384
21148.220818723243,0.544,0.392
21148.221067435345,0.56,0.384
21148.221316147446,0.544,0.392
21148.22156485955,0.544,0.392
21148.22181357165,0.56,0.384
21148.222062283756,0.5680000000000001,0.384
21148.222310995858,0.544,0.392
21148.22255970796,0.56,0.384
21148.22280842006,0.544,0.392
21148.223057132163,0.544,0.384
21148.22330584427,0.56,0.392
21148.22355455637,0.544,0.384
21148.223803268473,0.56,0.4
21148.224051980575,0.544,0.384
21148.224300692676,0.56,0.4
21148.22454940478,0.544,0.392
21148.224798116884,0.5680000000000001,0.384
21148.225046828986,0.56,0.392
21148.225295541088,0.544,0.384
21148.22554425319,0.544,0.384
21148.22579296529,0.56,0.392
21148.226041677397,0.544,0.384
21148.2262903895,0.56,0.392
21148.2265391016,0.56,0.4
21148.226787813703,0.544,0.384
21148.227036525805,0.544,0.4
21148.22728523791,0.56,0.384
21148.227533950012,0.544,0.384
21148.227782662114,0.56,0.392
21148.228031374216,0.552,0.4
21148.228280086318,0.56,0.384
21148.22852879842,0.544,0.384
21148.228777510525,0.56,0.392
21148.229026222627,0.544,0.384
21148.22927493473,0.56,0.4
21148.22952364683,0.56,0.384
21148.229772358933,0.544,0.4
21148.23002107104,0.544,0.392
21148.23026978314,0.56,0.384
21148.230518495242,0.544,0.384
21148.230767207344,0.5680000000000001,0.4
21148.231015919446,0.5680000000000001,0.384
21148.23126463155,0.544,0.392
21148.231513343653,0.552,0.4
21148.231762055755,0.56,0.384
21148.232010767857,0.544,0.392
21148.23225947996,0.56,0.384
21148.23250819206,0.56,0.384
21148.232756904166,0.544,0.392
21148.23300561627,0.544,0.384
21148.23325432837,0.56,0.4
21148.233503040472,0.56,0.392
21148.233751752574,0.544,0.384
21148.23400046468,0.552,0.384
21148.23424917678,0.544,0.392
21148.234497888883,0.56,0.392
21148.234746600985,0.544,0.384
21148.234995313087,0.544,0.392
21148.23524402519,0.5680000000000001,0.384
21148.235492737294,0.56,0.384
21148.235741449396,0.544,0.4
21148.2359901615,0.544,0.392
21148.2362388736,0.56,0.384
21148.236487585702,0.552,0.392
21148.236736297808,0.5680000000000001,0.384
21148.23698500991,0.56,0.392
21148.23723372201,0.544,0.384
21148.237482434113,0.56,0.384
21148.237731146215,0.544,0.4
21148.23797985832,0.56,0.4
21148.238228570423,0.544,0.384
21148.238477282524,0.544,0.384
21148.238725994626,0.56,0.4
21148.23897470673,0.5680000000000001,0.384
21148.23922341883,0.544,0.4
21148.239472130936,0.56,0.392
21148.239720843038,0.544,0.384
21148.23996955514,0.552,0.384
21148.24021826724,0.56,0.4
21148.240466979343,0.544,0.392
21148.24071569145,0.5680000000000001,0.384
21148.24096440355,0.544,0.4
21148.241213115652,0.56,0.384
21148.241461827754,0.544,0.392
21148.241710539856,0.56,0.384
21148.24195925196,0.544,0.4
21148.242207964064,0.56,0.384
21148.242456676166,0.56,0.384
21148.242705388267,0.544,0.4
21148.24295410037,0.5680000000000001,0.384
21148.24320281247,0.544,0.4
21148.243451524577,0.544,0.4
21148.24370023668,0.56,0.384
21148.24394894878,0.56,0.384
21148.244197660882,0.544,0.4
21148.244446372984,0.552,0.4
21148.24469508509,0.544,0.384
21148.24494379719,0.544,0.4
21148.245192509294,0.56,0.384
21148.245441221396,0.544,0.384
21148.245689933497,0.5680000000000001,0.4
21148.245938645603,0.5680000000000001,0.384
21148.246187357705,0.544,0.392
21148.246436069807,0.544,0.384
21148.24668478191,0.56,0.392
21148.24693349401,0.544,0.392
21148.247182206112,0.56,0.384
21148.247430918218,0.56,0.384
21148.24767963032,0.544,0.4
21148.24792834242,0.56,0.392
21148.248177054524,0.544,0.384
21148.248425766626,0.544,0.392
21148.24867447873,0.56,0.384
21148.248923190833,0.56,0.384
21148.249171902935,0.544,0.4
21148.249420615037,0.544,0.384
21148.24966932714,0.56,0.4
21148.249918039244,0.56,0.392
21148.250166751346,0.544,0.384
21148.250415463448,0.56,0.384
21148.25066417555,0.544,0.4
21148.25091288765,0.56,0.392
21148.251161599754,0.544,0.384
21148.25141031186,0.5680000000000001,0.392
21148.25165902396,0.544,0.384
21148.251907736063,0.552,0.384
21148.252156448165,0.544,0.4
21148.252405160267,0.56,0.392
21148.252653872372,0.544,0.384
21148.252902584474,0.56,0.384
21148.253151296576,0.536,0.4
21148.253400008678,0.544,0.384
21148.25364872078,0.504,0.4
21148.25389743288,0.512,0.384
21148.254146144987,0.552,0.392
21148.25439485709,0.544,0.392
21148.25464356919,0.512,0.384
21148.254892281293,0.504,0.384
21148.255140993395,0.528,0.4
21148.2553897055,0.504,0.4
21148.255638417602,0.52,0.384
21148.255887129704,0.504,0.392
21148.256135841806,0.536,0.384
21148.256384553908,0.52,0.392
21148.256633266014,0.504,0.384
21148.256881978115,0.504,0.384
21148.257130690217,0.52,0.328
21148.25737940232,0.512,0.328
21148.25762811442,0.536,0.2
21148.257876826523,0.544,0.192
21148.25812553863,0.52,0.07200000000000001
21148.25837425073,0.504,0.064
21148.258622962832,0.528,0.016
21148.258871674934,0.504,0.016
21148.259120387036,0.544,-0.008
21148.25936909914,0.536,-0.008
21148.259617811244,0.504,0.0
21148.259866523345,0.496,0.0
21148.260115235447,0.536,-0.008
21148.26036394755,0.536,0.0
21148.260612659655,0.552,-0.008
21148.260861371757,0.552,0.0
21148.26111008386,0.536,-0.008
21148.26135879596,0.544,-0.008
21148.261607508062,0.56,0.0
21148.261856220164,0.544,-0.008
21148.26210493227,0.56,0.0
21148.26235364437,0.544,0.0
21148.262602356474,0.56,-0.016
21148.262851068575,0.544,-0.008
21148.263099780677,0.56,0.0
21148.263348492783,0.544,0.0
21148.263597204885,0.56,-0.016
21148.263845916987,0.56,-0.008
21148.26409462909,0.544,0.0
21148.26434334119,0.544,0.0
21148.264592053296,0.56,-0.016
21148.264840765398,0.544,0.0
21148.2650894775,0.56,-0.016
21148.2653381896,0.544,0.0
21148.265586901704,0.56,-0.016
21148.265835613805,0.544,-0.016
21148.26608432591,0.56,0.0
21148.266333038013,0.56,-0.016
21148.266581750115,0.544,0.0
21148.266830462217,0.56,0.0
21148.26707917432,0.544,-0.016
21148.267327886424,0.544,0.0
21148.267576598526,0.56,-0.016
21148.267825310628,0.544,0.0
21148.26807402273,0.56,-0.016
21148.26832273483,0.544,0.0
21148.268571446937,0.56,-0.016
21148.26882015904,0.544,0.0
21148.26906887114,0.56,-0.008
21148.269317583243,0.544,0.0
21148.269566295345,0.56,-0.016
21148.269815007447,0.544,-0.008
21148.270063719552,0.552,0.0
21148.270312431654,0.544,-0.016
21148.270561143756,0.552,0.0
21148.270809855858,0.544,0.0
21148.27105856796,0.56,-0.008
21148.271307280065,0.544,0.0
21148.271555992167,0.56,-0.008
21148.27180470427,0.544,0.0
21148.27205341637,0.5680000000000001,-0.016
21148.272302128473,0.544,0.0
21148.272550840575,0.56,-0.008
21148.27279955268,0.544,0.0
21148.273048264782,0.56,-0.016
21148.273296976884,0.544,0.0
21148.273545688986,0.56,-0.016
21148.273794401088,0.544,-0.016
21148.274043113193,0.56,0.0
21148.274291825295,0.544,0.0
21148.274540537397,0.56,-0.016
21148.2747892495,0.544,-0.016
21148.2750379616,0.552,0.0
21148.275286673706,0.544,-0.016
21148.27553538581,0.56,0.0
21148.27578409791,0.56,0.0
21148.276032810012,0.544,-0.016
21148.276281522114,0.544,-0.008
21148.276530234216,0.56,0.0
21148.27677894632,0.544,0.0
21148.277027658423,0.5680000000000001,-0.016
21148.277276370525,0.56,0.0
21148.277525082627,0.544,-0.016
21148.27777379473,0.544,-0.008
21148.278022506835,0.56,0.0
21148.278271218936,0.56,0.0
21148.27851993104,0.544,-0.016
21148.27876864314,0.56,0.0
21148.279017355242,0.544,-0.016
21148.279266067348,0.544,0.0
21148.27951477945,0.56,-0.008
21148.27976349155,0.544,0.0
21148.280012203653,0.56,-0.016
21148.280260915755,0.56,0.0
21148.280509627857,0.544,-0.016
21148.280758339963,0.544,0.0
21148.281007052065,0.5680000000000001,-0.016
21148.281255764166,0.544,-0.016
21148.28150447627,0.56,0.0
21148.28175318837,0.544,0.0
21148.282001900476,0.56,-0.016
21148.282250612578,0.56,0.0
21148.28249932468,0.544,-0.016
21148.28274803678,0.544,0.0
21148.282996748883,0.56,-0.016
21148.28324546099,0.56,0.0
21148.28349417309,0.544,-0.016
21148.283742885193,0.544,0.0
21148.283991597295,0.56,-0.016
21148.284240309396,0.544,0.0
21148.2844890215,0.56,-0.016
21148.284737733604,0.56,0.0
21148.284986445706,0.544,-0.016
21148.285235157808,0.544,0.0
21148.28548386991,0.56,-0.016
21148.28573258201,0.56,-0.016
21148.285981294117,0.544,0.0
21148.28623000622,0.544,0.0
21148.28647871832,0.56,-0.016
21148.286727430423,0.56,0.0
21148.286976142525,0.544,-0.016
21148.28722485463,0.544,0.0
21148.287473566732,0.56,-0.016
21148.287722278834,0.56,-0.016
21148.287970990936,0.544,0.0
21148.288219703038,0.544,-0.016
21148.28846841514,0.56,0.0
21148.288717127245,0.56,0.0
21148.288965839347,0.544,-0.016
21148.28921455145,0.56,0.0
21148.28946326355,0.544,-0.016
21148.289711975653,0.544,0.0
21148.289960687758,0.56,-0.016
21148.29020939986,0.544,0.0
21148.290458111962,0.5680000000000001,-0.016
21148.290706824064,0.5680000000000001,0.0
21148.290955536166,0.544,-0.016
21148.291204248268,0.56,0.0
21148.291452960373,0.544,-0.016
21148.291701672475,0.56,-0.016
21148.291950384577,0.544,0.0
21148.29219909668,0.544,0.0
21148.29244780878,0.56,-0.016
21148.292696520886,0.544,-0.016
21148.292945232988,0.56,0.0
21148.29319394509,0.544,-0.016
21148.293442657192,0.56,0.0
21148.293691369294,0.544,0.0
21148.2939400814,0.56,-0.016
21148.2941887935,0.544,0.0
21148.294437505603,0.56,-0.016
21148.294686217705,0.56,-0.016
21148.294934929807,0.544,0.0
21148.29518364191,0.552,0.0
21148.295432354014,0.544,-0.016
21148.295681066116,0.544,-0.016
21148.295929778218,0.56,0.0
21148.29617849032,0.552,-0.016
21148.296427202422,0.544,0.0
21148.296675914527,0.56,0.0
21148.29692462663,0.544,-0.016
21148.29717333873,0.56,0.0
21148.297422050833,0.544,-0.016
21148.297670762935,0.544,0.0
21148.29791947504,0.56,-0.016
21148.298168187142,0.544,0.0
21148.298416899244,0.56,-0.016
21148.298665611346,0.56,-0.016
21148.298914323448,0.544,0.0
21148.29916303555,0.544,0.0
21148.299411747656,0.56,-0.016
21148.299660459757,0.544,0.0
21148.29990917186,0.56,-0.016
21148.30015788396,0.56,-0.016
21148.300406596063,0.544,0.0
21148.30065530817,0.544,-0.016
21148.30090402027,0.56,0.0
21148.301152732372,0.544,-0.016
21148.301401444474,0.56,0.0
21148.301650156576,0.544,-0.016
21148.30189886868,0.56,0.0
21148.302147580784,0.544,-0.016
21148.302396292886,0.56,0.0
21148.302645004987,0.56,-0.016
21148.30289371709,0.544,0.0
21148.30314242919,0.544,0.0
21148.303391141297,0.56,-0.016
21148.3036398534,0.544,0.0
21148.3038885655,0.56,-0.016
21148.304137277602,0.56,0.0
21148.304385989704,0.544,-0.016
21148.30463470181,0.544,0.0
21148.30488341391,0.56,-0.016
21148.305132126014,0.544,0.0
21148.305380838116,0.56,-0.016
21148.305629550217,0.544,-0.016
21148.305878262323,0.56,0.0
21148.306126974425,0.544,0.0
21148.306375686527,0.56,-0.016
21148.30662439863,0.56,-0.016
21148.30687311073,0.544,0.0
21148.307121822832,0.56,-0.016
21148.307370534938,0.544,0.0
21148.30761924704,0.544,0.0
21148.30786795914,0.5680000000000001,-0.016
21148.308116671244,0.544,0.0
21148.308365383346,0.56,-0.016
21148.30861409545,0.544,-0.016
21148.308862807553,0.56,0.0
21148.309111519655,0.544,0.0
21148.309360231757,0.56,-0.016
21148.30960894386,0.56,-0.016
21148.30985765596,0.544,0.0
21148.310106368066,0.56,0.0
21148.310355080168,0.544,-0.016
21148.31060379227,0.544,-0.016
21148.31085250437,0.56,0.0
21148.311101216474,0.56,-0.016
21148.31134992858,0.544,0.0
21148.31159864068,0.56,0.0
21148.311847352783,0.544,-0.016
21148.312096064885,0.5680000000000001,-0.016
21148.312344776987,0.544,0.0
21148.312593489092,0.544,0.0
21148.312842201194,0.56,-0.016
21148.313090913296,0.56,-0.016
21148.313339625398,0.544,0.0
21148.3135883375,0.544,0.0
21148.3138370496,0.56,-0.016
21148.314085761707,0.56,0.0
21148.31433447381,0.544,-0.016
21148.31458318591,0.56,-0.016
21148.314831898013,0.544,0.0
21148.315080610115,0.56,-0.016
21148.31532932222,0.544,0.0
21148.315578034322,0.5680000000000001,-0.016
21148.315826746424,0.544,0.0
21148.316075458526,0.56,0.0
21148.316324170628,0.544,-0.016
21148.316572882733,0.56,-0.016
21148.316821594835,0.544,0.0
21148.317070306937,0.544,-0.016
21148.31731901904,0.56,0.0
21148.31756773114,0.544,0.0
21148.317816443243,0.56,-0.016
21148.31806515535,0.56,-0.016
21148.31831386745,0.544,0.0
21148.318562579552,0.544,0.0
21148.318811291654,0.56,-0.016
21148.319060003756,0.56,-0.008
21148.31930871586,0.544,0.008
21148.319557427963,0.544,0.008
21148.319806140065,0.56,0.096
21148.320054852167,0.544,0.096
21148.32030356427,0.56,0.248
21148.320552276375,0.544,0.256
21148.320800988477,0.5680000000000001,0.34400000000000003
21148.32104970058,0.56,0.34400000000000003
21148.32129841268,0.544,0.384
21148.321547124782,0.544,0.376
21148.321795836884,0.56,0.392
21148.32204454899,0.56,0.384
21148.32229326109,0.544,0.392
21148.322541973193,0.544,0.384
21148.322790685295,0.552,0.392
21148.323039397397,0.544,0.384
21148.323288109503,0.56,0.392
21148.323536821605,0.544,0.384
21148.323785533707,0.56,0.4
21148.32403424581,0.56,0.392
21148.32428295791,0.544,0.384
21148.324531670016,0.544,0.392
21148.324780382118,0.56,0.384
21148.32502909422,0.56,0.384
21148.32527780632,0.536,0.392
21148.325526518423,0.536,0.384
21148.325775230525,0.56,0.4
21148.32602394263,0.552,0.4
21148.326272654733,0.536,0.384
21148.326521366835,0.536,0.392
21148.326770078937,0.52,0.384
21148.32701879104,0.528,0.384
21148.327267503144,0.56,0.4
21148.327516215246,0.56,0.384
21148.327764927348,0.544,0.4
21148.32801363945,0.544,0.4
21148.32826235155,0.56,0.384
21148.328511063653,0.56,0.384
21148.32875977576,0.544,0.392
21148.32900848786,0.544,0.4
21148.329257199963,0.56,0.384
21148.329505912065,0.544,0.392
21148.329754624167,0.56,0.384
21148.330003336272,0.544,0.384
21148.330252048374,0.56,0.4
21148.330500760476,0.544,0.384
21148.330749472578,0.56,0.4
21148.33099818468,0.544,0.384
21148.331246896785,0.56,0.4
21148.331495608887,0.5680000000000001,0.392
21148.33174432099,0.544,0.384
21148.33199303309,0.56,0.384
21148.332241745193,0.544,0.392
21148.332490457295,0.544,0.384
21148.3327391694,0.56,0.392
21148.332987881502,0.544,0.384
21148.333236593604,0.56,0.4
21148.333485305706,0.56,0.384
21148.333734017808,0.544,0.392
21148.333982729913,0.56,0.392
21148.334231442015,0.544,0.384
21148.334480154117,0.544,0.384
21148.33472886622,0.56,0.4
21148.33497757832,0.56,0.384
21148.335226290426,0.544,0.4
21148.33547500253,0.544,0.384
21148.33572371463,0.56,0.4
21148.335972426732,0.56,0.384
21148.336221138834,0.544,0.4
21148.336469850936,0.544,0.384
21148.33671856304,0.5680000000000001,0.4
21148.336967275143,0.56,0.392
21148.337215987245,0.544,0.384
21148.337464699347,0.536,0.384
21148.33771341145,0.552,0.4
21148.337962123554,0.544,0.392
21148.338210835656,0.528,0.384
21148.33845954776,0.536,0.4
21148.33870825986,0.512,0.384
21148.338956971962,0.504,0.4
21148.339205684068,0.52,0.384
21148.33945439617,0.504,0.392
21148.33970310827,0.52,0.384
21148.339951820373,0.504,0.384
21148.340200532475,0.512,0.4
21148.340449244577,0.504,0.384
21148.340697956683,0.52,0.392
21148.340946668784,0.512,0.392
21148.341195380886,0.496,0.384
21148.34144409299,0.496,0.4
21148.34169280509,0.512,0.384
21148.341941517196,0.504,0.384
21148.342190229298,0.52,0.4
21148.3424389414,0.496,0.384
21148.3426876535,0.512,0.4
21148.342936365603,0.512,0.392
21148.34318507771,0.496,0.384
21148.34343378981,0.496,0.384
21148.343682501913,0.512,0.4
21148.343931214014,0.512,0.4
21148.344179926116,0.536,0.384
21148.34442863822,0.544,0.384
21148.344677350324,0.512,0.4
21148.344926062426,0.504,0.384
21148.345174774528,0.52,0.392
21148.34542348663,0.512,0.384
21148.34567219873,0.496,0.392
21148.345920910837,0.504,0.384
21148.34616962294,0.52,0.4
21148.34641833504,0.52,0.4
21148.346667047143,0.536,0.384
21148.346915759244,0.536,0.4
21148.347164471346,0.504,0.384
21148.347413183452,0.52,0.384
21148.347661895554,0.496,0.4
21148.347910607656,0.496,0.384
21148.348159319758,0.512,0.4
21148.34840803186,0.512,0.384
21148.348656743965,0.496,0.4
21148.348905456067,0.496,0.384
21148.34915416817,0.512,0.4
21148.34940288027,0.496,0.384
21148.349651592373,0.52,0.392
21148.349900304478,0.504,0.384
21148.35014901658,0.52,0.392
21148.350397728682,0.52,0.384
21148.350646440784,0.544,0.392
21148.350895152886,0.528,0.384
21148.351143864988,0.544,0.4
21148.351392577093,0.528,0.392
21148.351641289195,0.544,0.384
21148.351890001297,0.528,0.392
21148.3521387134,0.536,0.384
21148.3523874255,0.528,0.384
21148.352636137606,0.544,0.4
21148.352884849708,0.528,0.384
21148.35313356181,0.536,0.4
21148.353382273912,0.528,0.384
21148.353630986014,0.544,0.392
21148.35387969812,0.544,0.392
21148.35412841022,0.512,0.384
21148.354377122323,0.496,0.384
21148.354625834425,0.528,0.392
21148.354874546527,0.52,0.384
21148.35512325863,0.544,0.392
21148.355371970734,0.528,0.384
21148.355620682836,0.552,0.4
21148.355869394938,0.544,0.384
21148.35611810704,0.528,0.4
21148.356366819142,0.528,0.384
21148.356615531247,0.544,0.4
21148.35686424335,0.544,0.384
21148.35711295545,0.512,0.4
21148.357361667553,0.52,0.384
21148.357610379655,0.504,0.392
21148.35785909176,0.52,0.384
21148.358107803862,0.496,0.392
21148.358356515964,0.496,0.384
21148.358605228066,0.512,0.392
21148.358853940168,0.496,0.392
21148.35910265227,0.512,0.384
21148.359351364375,0.504,0.384
21148.359600076477,0.528,0.392
21148.35984878858,0.52,0.384
21148.36009750068,0.544,0.392
21148.360346212783,0.544,0.384
21148.36059492489,0.504,0.4
21148.36084363699,0.52,0.4
21148.361092349092,0.496,0.384
21148.361341061194,0.496,0.392
21148.361589773296,0.52,0.384
21148.3618384854,0.504,0.384
21148.362087197504,0.528,0.4
21148.362335909605,0.52,0.4
21148.362584621707,0.544,0.384
21148.36283333381,0.528,0.384
21148.36308204591,0.504,0.392
21148.363330758017,0.496,0.384
21148.36357947012,0.504,0.4
21148.368827342987,0.544,-0.016
21148.3690957131,0.56,0.0
21148.36936408321,0.5680000000000001,-0.016
21148.369632453323,0.544,0.0
21148.369900823433,0.56,-0.008
21148.370169193546,0.544,-0.016
21148.37043756366,0.56,-0.016
21148.37070593377,0.544,0.0
21148.37097430388,0.552,-0.016
21148.371242673995,0.544,0.0
21148.371511044104,0.544,-0.016
21148.371779414218,0.56,0.0
21148.372047784327,0.544,-0.016
21148.37231615444,0.56,-0.008
21148.372584524554,0.544,-0.016
21148.372852894663,0.56,0.0
21148.373121264776,0.544,-0.016
21148.373389634886,0.56,0.0
21148.373658005,0.544,-0.016
21148.373926375112,0.552,0.0
21148.37419474522,0.544,-0.008
21148.374463115335,0.56,0.032
21148.374731485444,0.544,0.024
21148.374999855558,0.552,0.16
21148.37526822567,0.544,0.176
21148.37553659578,0.56,0.312
21148.375804965894,0.544,0.312
21148.376073336007,0.56,0.368
21148.376341706116,0.56,0.368
21148.37661007623,0.544,0.41600000000000004
21148.37687844634,0.544,0.40800000000000003
21148.377146816452,0.56,0.456
21148.377415186565,0.544,0.464
21148.377683556675,0.56,0.44
21148.37795192679,0.544,0.448
21148.378220296898,0.56,0.424
21148.37848866701,0.544,0.424
21148.378757037124,0.56,0.448
21148.379025407234,0.56,0.456
21148.379293777347,0.544,0.41600000000000004
21148.37956214746,0.544,0.424
21148.37983051757,0.56,0.4
21148.380098887683,0.544,0.40800000000000003
21148.380367257792,0.56,0.4
21148.380635627906,0.544,0.4
21148.38090399802,0.56,0.432
21148.38117236813,0.544,0.44
21148.38144073824,0.56,0.41600000000000004
21148.38170910835,0.56,0.44
21148.381977478464,0.544,0.4
21148.382245848577,0.544,0.40800000000000003
21148.382514218687,0.56,0.392
21148.3827825888,0.544,0.40800000000000003
21148.383050958913,0.56,0.392
21148.383319329023,0.544,0.40800000000000003
21148.383587699136,0.56,0.392
21148.383856069246,0.544,0.40800000000000003
21148.38412443936,0.56,0.392
21148.384392809472,0.544,0.4
21148.38466117958,0.552,0.40800000000000003
21148.384929549695,0.544,0.4
21148.385197919804,0.552,0.40800000000000003
21148.385466289918,0.544,0.4
21148.38573466003,0.552,0.40800000000000003
21148.38600303014,0.544,0.4
21148.386271400253,0.56,0.40800000000000003
21148.386539770363,0.56,0.40800000000000003
21148.386808140476,0.544,0.4
21148.38707651059,0.56,0.4
21148.3873448807,0.544,0.40800000000000003
21148.387613250812,0.544,0.40800000000000003
21148.387881620925,0.56,0.4
21148.388149991035,0.544,0.40800000000000003
21148.388418361148,0.56,0.4
21148.388686731258,0.544,0.4
21148.38895510137,0.552,0.40800000000000003
21148.389223471484,0.544,0.4
21148.389491841594,0.56,0.392
21148.389760211707,0.544,0.4
21148.390028581816,0.56,0.4
21148.39029695193,0.544,0.40800000000000003
21148.390565322043,0.56,0.392
21148.390833692152,0.544,0.40800000000000003
21148.391102062265,0.56,0.392
21148.39137043238,0.56,0.40800000000000003
21148.391638802488,0.544,0.4
21148.3919071726,0.56,0.40800000000000003
21148.39217554271,0.544,0.4
21148.392443912824,0.56,0.4
21148.392712282937,0.544,0.40800000000000003
21148.392980653047,0.544,0.40800000000000003
21148.39324902316,0.56,0.4
21148.39351739327,0.56,0.4
21148.393785763383,0.544,0.40800000000000003
21148.394054133496,0.544,0.4
21148.394322503606,0.56,0.40800000000000003
21148.39459087372,0.56,0.392
21148.39485924383,0.544,0.40800000000000003
21148.39512761394,0.56,0.4
21148.395395984055,0.544,0.40800000000000003
21148.395664354164,0.544,0.40800000000000003
21148.395932724277,0.56,0.4
21148.39620109439,0.56,0.40800000000000003
21148.3964694645,0.544,0.4
21148.396737834613,0.544,0.4
21148.397006204723,0.56,0.40800000000000003
21148.397274574836,0.56,0.4
21148.39754294495,0.544,0.40800000000000003
21148.39781131506,0.544,0.4
21148.398079685172,0.56,0.40800000000000003
21148.39834805528,0.544,0.4
21148.398616425395,0.56,0.40800000000000003
21148.398884795508,0.544,0.4
21148.399153165617,0.56,0.4
21148.39942153573,0.544,0.4
21148.399689905844,0.56,0.4
21148.399958275953,0.544,0.4
21148.400226646067,0.56,0.392
21148.400495016176,0.544,0.392
21148.40076338629,0.56,0.40800000000000003
21148.401031756403,0.544,0.4
21148.401300126512,0.552,0.40800000000000003
21148.401568496625,0.56,0.4
21148.401836866735,0.536,0.40800000000000003
21148.402105236848,0.552,0.4
21148.40237360696,0.528,0.40800000000000003
21148.40264197707,0.528,0.4
21148.402910347184,0.552,0.40800000000000003
21148.403178717297,0.544,0.4
21148.403447087407,0.504,0.40800000000000003
21148.40371545752,0.504,0.4
21148.40398382763,0.536,0.4
21148.404252197743,0.528,0.40800000000000003
21148.404520567856,0.552,0.4
21148.404788937965,0.536,0.4
21148.40505730808,0.504,0.4
21148.405325678188,0.512,0.392
21148.4055940483,0.496,0.40800000000000003
21148.405862418414,0.52,0.392
21148.406130788524,0.504,0.40800000000000003
21148.406399158637,0.52,0.4
21148.406667528747,0.496,0.40800000000000003
21148.40693589886,0.512,0.40800000000000003
21148.407204268973,0.496,0.392
21148.407472639083,0.496,0.4
21148.407741009196,0.528,0.40800000000000003
21148.40800937931,0.52,0.4
21148.40827774942,0.504,0.4
21148.408546119532,0.496,0.4
21148.40881448964,0.512,0.40800000000000003
21148.409082859755,0.504,0.40800000000000003
21148.409351229868,0.496,0.4
21148.409619599977,0.496,0.4
21148.40988797009,0.512,0.40800000000000003
21148.4101563402,0.512,0.40800000000000003
21148.410424710313,0.496,0.392
21148.410693080426,0.496,0.392
21148.410961450536,0.528,0.40800000000000003
21148.41122982065,0.52,0.40800000000000003
21148.411498190762,0.544,0.392
21148.411766560872,0.536,0.4
21148.412034930985,0.504,0.40800000000000003
21148.412303301095,0.496,0.40800000000000003
21148.412571671208,0.504,0.392
21148.41284004132,0.496,0.40800000000000003
21148.41310841143,0.512,0.4
21148.413376781544,0.504,0.4
21148.413645151653,0.528,0.40800000000000003
21148.413913521767,0.512,0.40800000000000003
21148.41418189188,0.496,0.4
21148.41445026199,0.504,0.4
21148.414718632102,0.496,0.40800000000000003
21148.414987002212,0.512,0.4
21148.415255372325,0.496,0.40800000000000003
21148.41552374244,0.496,0.4
21148.415792112548,0.512,0.40800000000000003
21148.41606048266,0.496,0.392
21148.416328852774,0.504,0.40800000000000003
21148.416597222884,0.496,0.4
21148.416865592997,0.528,0.4
21148.417133963107,0.52,0.4
21148.41740233322,0.512,0.4
21148.417670703333,0.512,0.4
21148.417939073443,0.496,0.40800000000000003
21148.418207443556,0.496,0.4
21148.418475813665,0.512,0.40800000000000003
21148.41874418378,0.52,0.4
21148.41901255389,0.496,0.40800000000000003
21148.419280924,0.512,0.40800000000000003
21148.419549294114,0.496,0.392
21148.419817664228,0.496,0.4
21148.420086034337,0.52,0.40800000000000003
21148.42035440445,0.496,0.40800000000000003
21148.42062277456,0.504,0.392
21148.420891144673,0.496,0.40800000000000003
21148.421159514786,0.504,0.392
21148.421427884896,0.496,0.392
21148.42169625501,0.528,0.40800000000000003
21148.42196462512,0.544,0.392
21148.42223299523,0.52,0.40800000000000003
21148.422501365345,0.528,0.392
21148.422769735454,0.504,0.40800000000000003
21148.423038105568,0.504,0.40800000000000003
21148.42330647568,0.552,0.392
21148.42357484579,0.536,0.40800000000000003
21148.423843215904,0.552,0.392
21148.424111586013,0.552,0.392
21148.424379956126,0.536,0.40800000000000003
21148.42464832624,0.536,0.4
21148.42491669635,0.552,0.40800000000000003
21148.425185066462,0.552,0.4
21148.425453436572,0.528,0.40800000000000003
21148.425721806685,0.528,0.4
21148.4259901768,0.544,0.40800000000000003
21148.426258546908,0.528,0.4
21148.42652691702,0.504,0.4
21148.42679528713,0.496,0.4
21148.427063657244,0.512,0.392
21148.427332027357,0.496,0.4
21148.427600397466,0.52,0.4
21148.42786876758,0.504,0.4
21148.428137137693,0.496,0.40800000000000003
21148.428405507802,0.496,0.40800000000000003
21148.428673877916,0.52,0.392
21148.428942248025,0.512,0.4
21148.42921061814,0.496,0.40800000000000003
21148.42947898825,0.512,0.4
21148.42974735836,0.496,0.40800000000000003
21148.430015728474,0.496,0.4
21148.430284098584,0.52,0.40800000000000003
21148.430552468697,0.504,0.4
21148.43082083881,0.496,0.40800000000000003
21148.43108920892,0.496,0.4
21148.431357579033,0.536,0.4
21148.431625949146,0.536,0.40800000000000003
21148.431894319256,0.52,0.392
21148.43216268937,0.52,0.4
21148.43243105948,0.536,0.392
21148.43269942959,0.536,0.392
21148.432967799705,0.496,0.40800000000000003
21148.433236169814,0.512,0.40800000000000003
21148.433504539928,0.496,0.4
21148.433772910037,0.496,0.392
21148.43404128015,0.504,0.40800000000000003
21148.434309650263,0.496,0.4
21148.434578020373,0.512,0.40800000000000003
21148.434846390486,0.496,0.392
21148.435114760596,0.52,0.40800000000000003
21148.43538313071,0.52,0.4
21148.435651500822,0.504,0.4
21148.43591987093,0.496,0.4
21148.436188241045,0.512,0.40800000000000003
21148.436456611158,0.496,0.40800000000000003
21148.436724981268,0.504,0.392
21148.43699335138,0.496,0.4
21148.43726172149,0.52,0.40800000000000003
21148.437530091604,0.496,0.392
21148.437798461717,0.512,0.40800000000000003
21148.438066831826,0.496,0.392
21148.43833520194,0.512,0.40800000000000003
21148.43860357205,0.496,0.4
21148.438871942162,0.52,0.40800000000000003
21148.439140312275,0.512,0.392
21148.439408682385,0.496,0.40800000000000003
21148.439677052498,0.52,0.392
21148.43994542261,0.496,0.40800000000000003
21148.44021379272,0.528,0.40800000000000003
21148.440482162834,0.504,0.392
21148.440750532944,0.504,0.392
21148.441018903057,0.528,0.384
21148.44128727317,0.504,0.384
21148.44155564328,0.544,0.312
21148.441824013393,0.536,0.312
21148.442092383502,0.544,0.16
21148.442360753616,0.536,0.152
21148.44262912373,0.544,0.056
21148.44289749384,0.544,0.056
21148.44316586395,0.552,0.008
21148.443434234065,0.536,0.008
21148.443702604174,0.552,-0.008
21148.443970974287,0.536,0.0
21148.444239344397,0.56,-0.008
21148.44450771451,0.536,0.0
21148.444776084623,0.56,-0.008
21148.445044454733,0.544,-0.008
21148.445312824846,0.56,0.0
21148.445581194956,0.552,0.0
21148.44584956507,0.536,-0.016
21148.446117935182,0.536,0.0
21148.44638630529,0.56,-0.016
21148.446654675405,0.536,-0.016
21148.446923045514,0.552,0.0
21148.447191415627,0.544,0.0
21148.44745978574,0.56,-0.016
21148.44772815585,0.544,0.0
21148.447996525963,0.56,-0.016
21148.448264896077,0.536,0.0
21148.448533266186,0.56,-0.016
21148.4488016363,0.544,0.0
21148.44907000641,0.56,-0.016
21148.449338376522,0.544,0.0
21148.449606746635,0.56,-0.016
21148.449875116745,0.544,0.0
21148.450143486858,0.56,-0.016
21148.450411856968,0.544,0.0
21148.45068022708,0.56,-0.016
21148.450948597194,0.544,-0.008
21148.451216967303,0.56,0.0
21148.451485337417,0.544,0.0
21148.45175370753,0.56,-0.016
21148.45202207764,0.544,0.0
21148.452290447753,0.56,-0.008
21148.452558817862,0.544,-0.016
21148.452827187975,0.56,0.0
21148.45309555809,0.544,0.0
21148.453363928198,0.56,-0.016
21148.45363229831,0.544,0.0
21148.45390066842,0.56,-0.016
21148.454169038534,0.544,-0.016
21148.454437408647,0.56,0.0
21148.454705778757,0.544,-0.016
21148.45497414887,0.56,0.0
21148.45524251898,0.544,0.0
21148.455510889093,0.552,-0.016
21148.455779259206,0.544,0.0
21148.456047629315,0.56,-0.008
21148.45631599943,0.544,-0.016
21148.45658436954,0.56,0.0
21148.45685273965,0.544,-0.016
21148.457121109765,0.56,0.0
21148.457389479874,0.544,-0.016
21148.457657849987,0.56,0.0
21148.4579262201,0.544,0.0
21148.45819459021,0.552,-0.016
21148.458462960323,0.544,-0.016
21148.458731330433,0.56,-0.008
21148.458999700546,0.544,-0.016
21148.45926807066,0.56,0.0
21148.45953644077,0.544,-0.016
21148.459804810882,0.56,0.0
21148.460073180995,0.544,0.0
21148.460341551105,0.56,-0.016
21148.460609921218,0.544,-0.016
21148.460878291327,0.56,0.0
21148.46114666144,0.544,-0.016
21148.461415031554,0.56,0.0
21148.461683401663,0.544,-0.016
21148.461951771777,0.56,0.0
21148.462220141886,0.544,-0.016
21148.462488512,0.56,0.0
21148.462756882112,0.544,-0.016
21148.463025252222,0.56,0.0
21148.463293622335,0.544,-0.016
21148.46356199245,0.56,0.0
21148.463830362558,0.56,-0.016
21148.46409873267,0.544,0.0
21148.46436710278,0.544,-0.016
21148.464635472894,0.56,0.0
21148.464903843007,0.544,-0.016
21148.465172213117,0.56,0.0
21148.46544058323,0.544,-0.016
21148.46570895334,0.56,0.0
21148.465977323453,0.544,-0.016
21148.466245693566,0.56,0.0
21148.466514063675,0.544,0.0
21148.46678243379,0.56,-0.016
21148.467050803898,0.56,-0.016
21148.46731917401,0.544,0.0
21148.467587544124,0.544,-0.016
21148.467855914234,0.56,0.0
21148.468124284347,0.544,-0.008
21148.46839265446,0.56,-0.016
21148.46866102457,0.544,0.0
21148.468929394683,0.56,-0.016
21148.469197764793,0.544,-0.016
21148.469466134906,0.552,0.0
21148.46973450502,0.544,0.0
21148.47000287513,0.56,-0.016
21148.47027124524,0.544,-0.016
21148.47053961535,0.56,0.0
21148.470807985464,0.56,-0.008
21148.471076355578,0.544,-0.016
21148.471344725687,0.544,0.0
21148.4716130958,0.56,-0.016
21148.471881465914,0.544,-0.008
21148.472149836023,0.5680000000000001,-0.016
21148.472418206136,0.544,-0.016
21148.472686576246,0.56,0.0
21148.47295494636,0.56,-0.016
21148.473223316472,0.544,0.0
21148.473491686582,0.56,-0.016
21148.473760056695,0.544,0.0
21148.474028426805,0.56,-0.016
21148.474296796918,0.544,0.0
21148.47456516703,0.56,-0.016
21148.47483353714,0.544,0.0
21148.475101907254,0.544,-0.016
21148.475370277363,0.56,0.0
21148.475638647476,0.56,-0.016
21148.47590701759,0.544,0.0
21148.4761753877,0.544,-0.008
21148.476443757812,0.56,-0.016
21148.476712127926,0.56,-0.016
21148.476980498035,0.544,0.0
21148.47724886815,0.544,0.0
21148.477517238258,0.56,-0.016
21148.47778560837,0.544,-0.016
21148.478053978484,0.56,-0.008
21148.478322348594,0.544,-0.016
21148.478590718707,0.5680000000000001,0.0
21148.478859088817,0.544,-0.016
21148.47912745893,0.56,0.0
21148.479395829043,0.544,-0.016
21148.479664199152,0.56,0.0
21148.479932569266,0.544,0.0
21148.48020093938,0.56,-0.016
21148.48046930949,0.544,-0.016
21148.4807376796,0.56,0.0
21148.48100604971,0.544,-0.016
21148.481274419824,0.56,0.0
21148.481542789938,0.56,0.0
21148.481811160047,0.544,-0.016
21148.48207953016,0.56,-0.016
21148.48234790027,0.544,0.0
21148.482616270383,0.544,-0.016
21148.482884640496,0.56,0.0
21148.483153010606,0.544,0.0
21148.48342138072,0.56,-0.016
21148.483689750832,0.56,-0.016
21148.48395812094,0.544,0.0
21148.484226491055,0.544,-0.016
21148.484494861164,0.56,0.0
21148.484763231278,0.544,-0.016
21148.48503160139,0.56,-0.008
21148.4852999715,0.552,0.0
21148.485568341614,0.544,-0.016
21148.485836711723,0.544,-0.016
21148.486105081836,0.56,0.0
21148.48637345195,0.544,-0.016
21148.48664182206,0.56,-0.008
21148.486910192172,0.544,-0.016
21148.48717856228,0.552,0.0
21148.487446932395,0.544,-0.008
21148.487715302508,0.56,-0.016
21148.487983672618,0.544,-0.016
21148.48825204273,0.5680000000000001,0.0
21148.488520412844,0.56,-0.016
21148.488788782954,0.544,0.0
21148.489057153067,0.544,-0.008
21148.489325523176,0.56,-0.016
21148.48959389329,0.544,-0.008
21148.489862263403,0.56,-0.016
21148.490130633512,0.544,-0.016
21148.490399003625,0.56,0.0
21148.490667373735,0.544,-0.016
21148.49093574385,0.56,0.0
21148.49120411396,0.544,-0.016
21148.49147248407,0.56,0.0
21148.491740854184,0.56,-0.016
21148.492009224297,0.544,0.0
21148.492277594407,0.56,-0.016
21148.49254596452,0.544,0.0
21148.49281433463,0.544,-0.016
21148.493082704743,0.56,0.0
21148.493351074856,0.544,-0.016
21148.493619444966,0.5680000000000001,0.0
21148.49388781508,0.544,-0.008
21148.49415618519,0.56,-0.016
21148.4944245553,0.56,-0.016
21148.494692925415,0.544,-0.008
21148.494961295524,0.544,-0.008
21148.495229665637,0.56,-0.016
21148.495498035747,0.56,-0.016
21148.49576640586,0.544,0.0
21148.496034775973,0.544,0.0
21148.496303146083,0.56,-0.016
21148.496571516196,0.544,0.0
21148.49683988631,0.56,-0.016
21148.49710825642,0.544,-0.016
21148.497376626532,0.552,0.0
21148.49764499664,0.544,-0.016
21148.497913366755,0.56,-0.008
21148.498181736868,0.544,-0.016
21148.498450106978,0.56,0.0
21148.49871847709,0.544,-0.016
21148.4989868472,0.5680000000000001,0.0
21148.499255217313,0.544,-0.016
21148.499523587427,0.56,0.0
21148.499791957536,0.56,0.0
21148.50006032765,0.544,-0.016
21148.500328697763,0.552,-0.016
21148.500597067872,0.544,-0.008
21148.500865437985,0.544,0.0
21148.501133808095,0.56,-0.016
21148.501402178208,0.544,-0.016
21148.50167054832,0.56,0.0
21148.50193891843,0.544,-0.008
21148.502207288544,0.56,-0.016
21148.502475658654,0.56,-0.016
21148.502744028767,0.544,0.0
21148.50301239888,0.56,0.0
21148.50328076899,0.544,-0.016
21148.503549139103,0.544,-0.016
21148.503817509216,0.56,0.0
21148.504085879325,0.544,-0.016
21148.50435424944,0.56,0.0
21148.504622619548,0.544,-0.008
21148.50489098966,0.56,-0.016
21148.505159359775,0.544,-0.016
21148.505427729884,0.56,0.0
21148.505696099997,0.552,-0.016
21148.505964470107,0.56,0.0
21148.50623284022,0.544,-0.016
21148.506501210333,0.56,0.0
21148.506769580443,0.544,-0.016
21148.507037950556,0.56,0.0
21148.507306320666,0.544,-0.016
21148.50757469078,0.56,0.0
21148.507843060892,0.544,-0.016
21148.508111431,0.56,0.0
21148.508379801115,0.544,-0.008
21148.508648171228,0.56,0.016
21148.508916541337,0.544,0.016
21148.50918491145,0.56,0.128
21148.50945328156,0.56,0.136
21148.509721651673,0.544,0.28800000000000003
21148.509990021787,0.544,0.28800000000000003
21148.510258391896,0.552,0.36
21148.51052676201,0.544,0.368
21148.51079513212,0.56,0.392
21148.511063502232,0.56,0.392
21148.511331872345,0.544,0.392
21148.511600242455,0.544,0.392
21148.511868612568,0.56,0.4
21148.51213698268,0.56,0.4
21148.51240535279,0.544,0.392
21148.512673722904,0.56,0.392
21148.512942093013,0.544,0.40800000000000003
21148.513210463127,0.56,0.40800000000000003
21148.51347883324,0.544,0.392
21148.51374720335,0.544,0.40800000000000003
21148.514015573463,0.56,0.392
21148.514283943572,0.544,0.4
21148.514552313685,0.552,0.40800000000000003
21148.5148206838,0.5680000000000001,0.4
21148.515089053908,0.544,0.40800000000000003
21148.51535742402,0.544,0.4
21148.51562579413,0.56,0.41600000000000004
21148.515894164244,0.56,0.40800000000000003
21148.516162534357,0.544,0.41600000000000004
21148.516430904467,0.544,0.424
21148.51669927458,0.56,0.4
21148.516967644693,0.544,0.4
21148.517236014803,0.56,0.41600000000000004
21148.517504384916,0.56,0.4
21148.517772755025,0.544,0.424
21148.51804112514,0.544,0.41600000000000004
21148.51830949525,0.56,0.44
21148.51857786536,0.544,0.44
21148.518846235474,0.56,0.464
21148.519114605584,0.544,0.464
21148.519382975697,0.56,0.448
21148.51965134581,0.544,0.456
21148.51991971592,0.56,0.464
21148.520188086033,0.56,0.456
21148.520456456146,0.544,0.47200000000000003
21148.520724826256,0.56,0.464
21148.52099319637,0.544,0.44
21148.52126156648,0.56,0.464
21148.521529936592,0.544,0.456
21148.521798306705,0.544,0.456
21148.522066676815,0.56,0.424
21148.522335046928,0.56,0.41600000000000004
21148.522603417037,0.544,0.448
21148.52287178715,0.544,0.44
21148.523140157264,0.56,0.464
21148.523408527373,0.544,0.448
21148.523676897486,0.56,0.47200000000000003
21148.5239452676,0.544,0.47200000000000003
21148.52421363771,0.552,0.448
21148.524482007822,0.544,0.47200000000000003
21148.524750377932,0.552,0.448
21148.525018748045,0.544,0.448
21148.52528711816,0.56,0.464
21148.525555488268,0.544,0.464
21148.52582385838,0.56,0.448
21148.52609222849,0.544,0.448
21148.526360598604,0.56,0.464
21148.526628968717,0.544,0.448
21148.526897338827,0.56,0.464
21148.52716570894,0.544,0.456
21148.52743407905,0.56,0.47200000000000003
21148.527702449162,0.544,0.464
21148.527970819276,0.56,0.448
21148.528239189385,0.544,0.448
21148.5285075595,0.56,0.47200000000000003
21148.52877592961,0.544,0.456
21148.52904429972,0.56,0.44
21148.529312669834,0.544,0.464
21148.529581039944,0.56,0.44
21148.529849410057,0.544,0.44
21148.53011778017,0.56,0.47200000000000003
21148.53038615028,0.56,0.456
21148.530654520393,0.544,0.464
21148.530922890503,0.544,0.464
21148.531191260616,0.5680000000000001,0.41600000000000004
21148.53145963073,0.544,0.424
21148.53172800084,0.5680000000000001,0.4
21148.53199637095,0.56,0.40800000000000003
21148.532264741065,0.544,0.432
21148.532533111174,0.56,0.432
21148.532801481288,0.544,0.40800000000000003
21148.533069851397,0.56,0.424
21148.53333822151,0.536,0.456
21148.533606591624,0.552,0.456
21148.533874961733,0.528,0.41600000000000004
21148.534143331846,0.512,0.424
21148.534411701956,0.544,0.40800000000000003
21148.53468007207,0.528,0.40800000000000003
21148.534948442182,0.504,0.44
21148.53521681229,0.504,0.432
21148.535485182405,0.528,0.4
21148.535753552515,0.504,0.4
21148.536021922628,0.512,0.40800000000000003
21148.53629029274,0.512,0.392
21148.53655866285,0.496,0.40800000000000003
21148.536827032964,0.504,0.392
21148.537095403077,0.52,0.40800000000000003
21148.537363773186,0.504,0.40800000000000003
21148.5376321433,0.536,0.4
21148.53790051341,0.504,0.40800000000000003
21148.538168883522,0.544,0.392
21148.538437253635,0.528,0.4
21148.538705623745,0.544,0.392
21148.53897399386,0.544,0.4
21148.539242363968,0.512,0.392
21148.53951073408,0.512,0.4
21148.539779104194,0.536,0.392
21148.540047474304,0.504,0.392
21148.540315844417,0.528,0.40800000000000003
21148.54058421453,0.504,0.40800000000000003
21148.54085258464,0.528,0.392
21148.541120954753,0.536,0.40800000000000003
21148.541389324862,0.504,0.392
21148.541657694976,0.496,0.4
21148.54192606509,0.544,0.40800000000000003
21148.5421944352,0.536,0.4
21148.54246280531,0.512,0.40800000000000003
21148.54273117542,0.512,0.4
21148.542999545534,0.544,0.4
21148.543267915647,0.544,0.392
21148.543536285757,0.528,0.40800000000000003
21148.54380465587,0.528,0.4
21148.544073025983,0.504,0.392
21148.544341396093,0.512,0.4
21148.544609766206,0.552,0.40800000000000003
21148.544878136316,0.544,0.392
21148.54514650643,0.56,0.40800000000000003
21148.545414876542,0.544,0.40800000000000003
21148.54568324665,0.56,0.392
21148.545951616765,0.544,0.4
21148.546219986874,0.56,0.40800000000000003
21148.546488356988,0.544,0.4
21148.5467567271,0.56,0.40800000000000003
21148.54702509721,0.56,0.4
21148.547293467323,0.536,0.4
21148.547561837433,0.544,0.40800000000000003
21148.547830207546,0.56,0.392
21148.54809857766,0.544,0.4
21148.54836694777,0.56,0.40800000000000003
21148.548635317882,0.544,0.4
21148.548903687995,0.56,0.40800000000000003
21148.549172058105,0.544,0.4
21148.549440428218,0.56,0.40800000000000003
21148.549708798328,0.544,0.40800000000000003
21148.54997716844,0.56,0.392
21148.550245538554,0.544,0.392
21148.550513908664,0.56,0.40800000000000003
21148.550782278777,0.544,0.4
21148.551050648886,0.56,0.40800000000000003
21148.551319019,0.544,0.40800000000000003
21148.551587389113,0.56,0.392
21148.551855759222,0.544,0.40800000000000003
21148.552124129335,0.56,0.392
21148.55239249945,0.544,0.4
21148.552660869558,0.5680000000000001,0.392
21148.55292923967,0.56,0.4
21148.55319760978,0.544,0.40800000000000003
21148.553465979894,0.544,0.392
21148.553734350007,0.552,0.40800000000000003
21148.554002720117,0.544,0.4
21148.55427109023,0.552,0.40800000000000003
21148.55453946034,0.544,0.392
21148.554807830453,0.56,0.40800000000000003
21148.555076200566,0.544,0.4
21148.555344570676,0.56,0.392
21148.55561294079,0.544,0.392
21148.5558813109,0.56,0.40800000000000003
21148.55614968101,0.544,0.4
21148.556418051125,0.56,0.4
21148.556686421234,0.544,0.392
21148.556954791347,0.56,0.40800000000000003
21148.55722316146,0.56,0.40800000000000003
21148.55749153157,0.544,0.392
21148.557759901683,0.552,0.4
21148.558028271793,0.536,0.40800000000000003
21148.558296641906,0.56,0.40800000000000003
21148.55856501202,0.544,0.392
21148.55883338213,0.544,0.4
21148.559101752242,0.56,0.40800000000000003
21148.55937012235,0.544,0.40800000000000003
21148.559638492465,0.56,0.392
21148.559906862578,0.544,0.4
21148.560175232687,0.56,0.392
21148.5604436028,0.544,0.40800000000000003
21148.560711972914,0.56,0.392
21148.560980343023,0.544,0.40800000000000003
21148.561248713137,0.56,0.392
21148.561517083246,0.544,0.4
21148.56178545336,0.56,0.40800000000000003
21148.562053823473,0.56,0.40800000000000003
21148.562322193582,0.544,0.392
21148.562590563695,0.544,0.392
21148.562858933805,0.56,0.40800000000000003
21148.563127303918,0.544,0.40800000000000003
21148.56339567403,0.5680000000000001,0.392
21148.56366404414,0.544,0.40800000000000003
21148.563932414254,0.56,0.392
21148.564200784367,0.544,0.40800000000000003
21148.564469154477,0.56,0.392
21148.56473752459,0.544,0.40800000000000003
21148.5650058947,0.56,0.4
21148.565274264813,0.56,0.4
21148.565542634926,0.544,0.40800000000000003
21148.565811005035,0.544,0.4
21148.56607937515,0.56,0.4
21148.566347745258,0.544,0.4
21148.56661611537,0.56,0.392
21148.566884485484,0.56,0.392
21148.567152855594,0.544,0.4
21148.567421225707,0.544,0.40800000000000003
21148.567689595817,0.56,0.392
21148.56795796593,0.56,0.40800000000000003
21148.568226336043,0.544,0.392
21148.568494706153,0.544,0.40800000000000003
21148.568763076266,0.5680000000000001,0.392
21148.56903144638,0.56,0.392
21148.56929981649,0.544,0.40800000000000003
21148.569568186602,0.544,0.392
21148.56983655671,0.56,0.40800000000000003
21148.570104926825,0.544,0.40800000000000003
21148.570373296938,0.56,0.392
21148.570641667047,0.544,0.392
21148.57091003716,0.56,0.40800000000000003
21148.57117840727,0.544,0.40800000000000003
21148.571446777383,0.56,0.392
21148.571715147496,0.544,0.392
21148.571983517606,0.56,0.40800000000000003
21148.57225188772,0.56,0.392
21148.572520257832,0.544,0.40800000000000003
21148.572788627942,0.56,0.40800000000000003
21148.573056998055,0.544,0.4
21148.573325368165,0.56,0.4
21148.573593738278,0.544,0.40800000000000003
21148.57386210839,0.544,0.40800000000000003
21148.5741304785,0.56,0.392
21148.574398848614,0.544,0.4
21148.574667218723,0.56,0.392
21148.574935588837,0.544,0.4
21148.57520395895,0.56,0.384
21148.57547232906,0.56,0.376
21148.575740699172,0.544,0.312
21148.576009069282,0.544,0.312
21148.576277439395,0.56,0.16
21148.57654580951,0.544,0.152
21148.576814179618,0.56,0.056
21148.57708254973,0.56,0.048
21148.577350919844,0.544,0.008
21148.577619289954,0.56,0.008
21148.577887660067,0.544,-0.008
21148.578156030177,0.544,0.0
21148.57842440029,0.56,-0.008
21148.578692770403,0.544,0.0
21148.578961140513,0.56,-0.008
21148.579229510626,0.544,0.0
21148.579497880735,0.56,-0.008
21148.57976625085,0.544,0.0
21148.58003462096,0.56,-0.016
21148.58030299107,0.544,0.0
21148.580571361184,0.552,-0.016
21148.580839731298,0.544,0.0
21148.581108101407,0.552,-0.016
21148.58137647152,0.544,0.0
21148.58164484163,0.56,-0.016
21148.581913211743,0.544,-0.008
21148.582181581856,0.56,0.0
21148.582449951966,0.544,0.0
21148.58271832208,0.56,-0.016
21148.58298669219,0.544,0.0
21148.5832550623,0.552,-0.016
21148.583523432415,0.56,0.0
21148.583791802525,0.544,-0.016
21148.584060172638,0.544,0.0
21148.58432854275,0.56,-0.016
21148.58459691286,0.56,-0.008
21148.584865282974,0.536,0.0
21148.585133653083,0.544,0.0
21148.585402023196,0.56,-0.016
21148.58567039331,0.56,0.0
21148.58593876342,0.544,-0.016
21148.586207133532,0.544,-0.016
21148.586475503642,0.56,0.0
21148.586743873755,0.544,0.0
21148.58701224387,0.56,-0.016
21148.587280613978,0.56,0.0
21148.58754898409,0.544,-0.016
21148.5878173542,0.544,0.0
21148.588085724314,0.56,-0.016
21148.588354094427,0.544,0.0
21148.588622464536,0.56,-0.016
21148.58889083465,0.544,-0.016
21148.589159204763,0.56,0.0
21148.589427574872,0.544,-0.016
21148.589695944986,0.56,0.0
21148.589964315095,0.544,0.0
21148.59023268521,0.56,-0.016
21148.59050105532,0.56,0.0
21148.59076942543,0.552,-0.016
21148.591037795544,0.544,0.0
21148.591306165654,0.56,-0.016
21148.591574535767,0.544,0.0
21148.59184290588,0.56,-0.016
21148.59211127599,0.544,-0.016
21148.592379646103,0.56,0.0
21148.592648016216,0.544,0.0
21148.592916386326,0.56,-0.016
21148.59318475644,0.544,0.0
21148.59345312655,0.56,-0.016
21148.59372149666,0.544,-0.016
21148.593989866775,0.552,0.0
21148.594258236884,0.544,0.0
21148.594526606998,0.56,-0.016
21148.594794977107,0.544,0.0
21148.59506334722,0.56,-0.016
21148.595331717333,0.544,-0.016
21148.595600087443,0.56,0.0
21148.595868457556,0.544,-0.016
21148.596136827666,0.56,0.0
21148.59640519778,0.544,0.0
21148.596673567892,0.56,-0.016
21148.596941938,0.56,0.0
21148.597210308115,0.544,-0.016
21148.597478678228,0.544,0.0
21148.597747048338,0.56,-0.016
21148.59801541845,0.544,0.0
21148.59828378856,0.56,-0.016
21148.598552158674,0.56,0.0
21148.598820528787,0.544,-0.016
21148.599088898896,0.544,-0.016
21148.59935726901,0.56,0.0
21148.59962563912,0.544,-0.016
21148.599894009232,0.56,0.0
21148.600162379345,0.544,0.0
21148.600430749455,0.56,-0.016
21148.600699119568,0.544,-0.016
21148.60096748968,0.56,0.0
21148.60123585979,0.544,-0.016
21148.601504229904,0.56,0.0
21148.601772600014,0.56,-0.016
21148.602040970127,0.544,0.0
21148.60230934024,0.544,-0.016
21148.60257771035,0.56,0.0
21148.602846080463,0.56,-0.016
21148.603114450572,0.544,0.0
21148.603382820686,0.544,-0.016
21148.6036511908,0.56,0.0
21148.60391956091,0.544,-0.016
21148.60418793102,0.56,0.0
21148.604456301135,0.56,-0.016
21148.604724671244,0.544,0.0
21148.604993041357,0.544,-0.016
21148.605261411467,0.56,0.0
21148.60552978158,0.56,-0.016
21148.605798151693,0.536,0.0
21148.606066521803,0.528,-0.016
21148.606334891916,0.56,0.0
21148.606603262026,0.544,-0.016
21148.60687163214,0.56,0.0
21148.607140002252,0.544,-0.016
21148.60740837236,0.56,0.0
21148.607676742475,0.56,0.0
21148.607945112584,0.544,-0.016
21148.608213482697,0.544,-0.016
21148.60848185281,0.552,0.0
21148.60875022292,0.552,-0.016
21148.609018593033,0.544,0.0
21148.609286963147,0.56,-0.016
21148.609555333256,0.544,0.0
21148.60982370337,0.544,-0.016
21148.61009207348,0.56,0.0
21148.610360443592,0.544,-0.016
21148.610628813705,0.56,0.0
21148.610897183815,0.544,-0.016
21148.611165553928,0.56,0.0
21148.611433924038,0.544,-0.016
21148.61170229415,0.56,0.0
21148.611970664264,0.544,-0.016
21148.612239034373,0.56,-0.008
21148.612507404487,0.544,-0.016
21148.6127757746,0.56,0.0
21148.61304414471,0.544,-0.016
21148.613312514823,0.56,0.0
21148.613580884932,0.544,-0.016
21148.613849255045,0.552,0.0
21148.61411762516,0.544,-0.016
21148.614385995268,0.56,0.0
21148.61465436538,0.544,-0.016
21148.61492273549,0.56,0.0
21148.615191105604,0.544,-0.016
21148.615459475717,0.56,0.0
21148.615727845827,0.544,-0.008
21148.61599621594,0.56,-0.016
21148.61626458605,0.544,-0.016
21148.616532956163,0.56,0.0
21148.616801326276,0.544,-0.016
21148.617069696385,0.56,0.0
21148.6173380665,0.544,-0.016
21148.617606436612,0.56,0.0
21148.61787480672,0.56,-0.016
21148.618143176835,0.544,0.0
21148.618411546944,0.56,-0.016
21148.618679917057,0.544,0.0
21148.61894828717,0.544,-0.016
21148.61921665728,0.56,0.0
21148.619485027393,0.544,-0.016
21148.619753397503,0.56,0.0
21148.620021767616,0.544,0.0
21148.62029013773,0.56,-0.016
21148.62055850784,0.56,-0.016
21148.620826877952,0.544,0.0
21148.621095248065,0.56,0.0
21148.621363618175,0.544,-0.016
21148.621631988288,0.56,0.0
21148.621900358397,0.544,-0.016
21148.62216872851,0.544,0.0
21148.622437098624,0.5680000000000001,-0.016
21148.622705468733,0.56,-0.008
21148.622973838847,0.544,-0.016
21148.623242208956,0.544,-0.016
21148.62351057907,0.56,-0.008
21148.623778949182,0.544,-0.016
21148.624047319292,0.56,0.0
21148.624315689405,0.544,0.0
21148.62458405952,0.56,-0.016
21148.624852429628,0.544,0.0
21148.62512079974,0.552,-0.016
21148.62538916985,0.544,-0.008
21148.625657539964,0.56,-0.016
21148.625925910077,0.544,-0.016
21148.626194280187,0.56,0.0
21148.6264626503,0.544,-0.008
21148.62673102041,0.56,-0.016
21148.626999390523,0.544,-0.008
21148.627267760636,0.56,-0.016
21148.627536130745,0.544,-0.016
21148.62780450086,0.5680000000000001,-0.008
21148.628072870968,0.544,-0.016
21148.62834124108,0.56,0.0
21148.628609611194,0.544,-0.016
21148.628877981304,0.56,-0.008
21148.629146351417,0.544,-0.016
21148.62941472153,0.56,0.0
21148.62968309164,0.56,-0.016
21148.629951461753,0.544,0.0
21148.630219831863,0.544,-0.016
21148.630488201976,0.56,0.0
21148.63075657209,0.56,-0.016
21148.6310249422,0.544,0.0
21148.63129331231,0.544,-0.016
21148.63156168242,0.56,0.0
21148.631830052534,0.56,-0.016
21148.632098422648,0.544,-0.008
21148.632366792757,0.544,-0.008
21148.63263516287,0.56,-0.016
21148.632903532984,0.544,-0.016
21148.633171903093,0.5680000000000001,0.0
21148.633440273206,0.544,-0.016
21148.633708643316,0.56,-0.008
21148.63397701343,0.544,0.0
21148.634245383542,0.56,-0.016
21148.634513753652,0.544,-0.008
21148.634782123765,0.56,-0.016
21148.635050493875,0.544,-0.016
21148.635318863988,0.56,-0.008
21148.6355872341,0.544,-0.016
21148.63585560421,0.552,0.0
21148.636123974324,0.544,0.0
21148.636392344433,0.552,-0.016
21148.636660714546,0.536,-0.016
21148.63692908466,0.544,0.0
21148.63719745477,0.536,-0.016
21148.637465824882,0.504,0.0
21148.637734194996,0.52,0.0
21148.638002565105,0.504,-0.016
21148.63827093522,0.52,-0.016
21148.638539305328,0.504,0.0
21148.63880767544,0.504,0.0
21148.639076045554,0.544,-0.016
21148.639344415664,0.552,0.0
21148.639612785777,0.528,-0.016
21148.639881155887,0.52,-0.016
21148.640149526,0.504,0.0
21148.640417896113,0.496,0.0
21148.640686266222,0.512,-0.016
21148.640954636336,0.504,-0.016
21148.64122300645,0.52,-0.008
21148.64149137656,0.52,-0.016
21148.64175974667,0.504,-0.008
21148.64202811678,0.504,-0.016
21148.642296486894,0.536,0.0
21148.642564857008,0.52,-0.008
21148.642833227117,0.536,0.024
21148.64310159723,0.528,0.024
21148.64336996734,0.536,0.128
21148.643638337453,0.512,0.136
21148.643906707566,0.544,0.28800000000000003
21148.644175077676,0.544,0.28800000000000003
21148.64444344779,0.528,0.36
21148.644711817902,0.536,0.368
21148.64498018801,0.52,0.392
21148.645248558125,0.504,0.392
21148.645516928234,0.544,0.41600000000000004
21148.645785298348,0.528,0.424
21148.64605366846,0.544,0.448
21148.64632203857,0.52,0.464
21148.646590408684,0.552,0.448
21148.646858778793,0.536,0.456
21148.647127148906,0.56,0.432
21148.64739551902,0.544,0.424
21148.64766388913,0.56,0.4
21148.647932259242,0.544,0.40800000000000003
21148.64820062935,0.56,0.392
21148.648468999465,0.544,0.40800000000000003
21148.648737369578,0.56,0.392
21148.649005739688,0.56,0.4
21148.6492741098,0.536,0.40800000000000003
21148.649542479914,0.544,0.4
21148.649810850024,0.56,0.40800000000000003
21148.650079220137,0.56,0.4
21148.650347590246,0.544,0.392
21148.65061596036,0.544,0.4
21148.650884330473,0.56,0.4
21148.651152700582,0.536,0.4
21148.651421070696,0.56,0.392
21148.651689440805,0.544,0.392
21148.65195781092,0.552,0.40800000000000003
21148.65222618103,0.544,0.40800000000000003
21148.65249455114,0.56,0.392
21148.652762921254,0.544,0.392
21148.653031291367,0.56,0.40800000000000003
21148.653299661477,0.544,0.4
21148.65356803159,0.56,0.40800000000000003
21148.6538364017,0.544,0.40800000000000003
21148.654104771813,0.56,0.392
21148.654373141926,0.544,0.40800000000000003
21148.654641512036,0.56,0.392
21148.65490988215,0.56,0.392
21148.65517825226,0.536,0.40800000000000003
21148.65544662237,0.528,0.40800000000000003
21148.655714992485,0.544,0.392
21148.655983362594,0.544,0.4
21148.656251732707,0.512,0.392
21148.656520102817,0.52,0.40800000000000003
21148.65678847293,0.504,0.392
21148.657056843043,0.496,0.40800000000000003
21148.657325213153,0.544,0.392
21148.657593583266,0.536,0.392
21148.65786195338,0.504,0.40800000000000003
21148.65813032349,0.504,0.392
21148.658398693602,0.512,0.40800000000000003
21148.65866706371,0.504,0.40800000000000003
21148.658935433825,0.528,0.392
21148.659203803938,0.528,0.4
21148.659472174048,0.544,0.4
21148.65974054416,0.544,0.4
21148.66000891427,0.52,0.40800000000000003
21148.660277284383,0.52,0.40800000000000003
21148.660545654497,0.504,0.392
21148.660814024606,0.512,0.392
21148.66108239472,0.496,0.40800000000000003
21148.661350764833,0.504,0.4
21148.661619134942,0.512,0.40800000000000003
21148.661887505055,0.496,0.4
21148.662155875165,0.512,0.40800000000000003
21148.662424245278,0.496,0.40800000000000003
21148.66269261539,0.512,0.4
21148.6629609855,0.496,0.392
21148.663229355614,0.52,0.40800000000000003
21148.663497725724,0.504,0.392
21148.663766095837,0.52,0.40800000000000003
21148.66403446595,0.528,0.40800000000000003
21148.66430283606,0.504,0.392
21148.664571206173,0.512,0.392
21148.664839576286,0.496,0.40800000000000003
21148.665107946395,0.496,0.40800000000000003
21148.66537631651,0.512,0.4
21148.665644686618,0.512,0.4
21148.66591305673,0.496,0.40800000000000003
21148.666181426845,0.512,0.40800000000000003
21148.666449796954,0.496,0.392
21148.666718167067,0.512,0.40800000000000003
21148.666986537177,0.496,0.392
21148.66725490729,0.496,0.4
21148.667523277403,0.52,0.40800000000000003
21148.667791647513,0.512,0.4
21148.668060017626,0.496,0.392
21148.668328387736,0.496,0.392
21148.66859675785,0.536,0.4
21148.668865127962,0.544,0.40800000000000003
21148.66913349807,0.512,0.392
21148.669401868185,0.512,0.40800000000000003
21148.669670238298,0.496,0.392
21148.669938608407,0.512,0.40800000000000003
21148.67020697852,0.496,0.392
21148.67047534863,0.512,0.40800000000000003
21148.670743718743,0.496,0.392
21148.671012088857,0.496,0.40800000000000003
21148.671280458966,0.536,0.392
21148.67154882908,0.512,0.4
21148.67181719919,0.536,0.41600000000000004
21148.672085569302,0.536,0.40800000000000003
21148.672353939415,0.512,0.424
21148.672622309525,0.512,0.432
21148.672890679638,0.496,0.4
21148.67315904975,0.496,0.4
21148.67342741986,0.536,0.40800000000000003
21148.673695789974,0.528,0.392
21148.673964160083,0.504,0.40800000000000003
21148.674232530197,0.496,0.40800000000000003
21148.67450090031,0.536,0.392
21148.67476927042,0.528,0.40800000000000003
21148.675037640533,0.544,0.392
21148.675306010642,0.528,0.40800000000000003
21148.675574380755,0.544,0.392
21148.67584275087,0.536,0.392
21148.676111120978,0.504,0.40800000000000003
21148.67637949109,0.512,0.4
21148.6766478612,0.536,0.40800000000000003
21148.676916231314,0.544,0.40800000000000003
21148.677184601427,0.528,0.392
21148.677452971537,0.528,0.4
21148.67772134165,0.544,0.392
21148.677989711763,0.52,0.4
21148.678258081873,0.496,0.392
21148.678526451986,0.496,0.4
21148.678794822095,0.512,0.392
21148.67906319221,0.52,0.392
21148.67933156232,0.496,0.40800000000000003
21148.67959993243,0.496,0.392
21148.679868302544,0.528,0.40800000000000003
21148.680136672654,0.52,0.392
21148.680405042767,0.496,0.40800000000000003
21148.68067341288,0.504,0.4
21148.68094178299,0.536,0.392
21148.681210153103,0.536,0.4
21148.681478523216,0.52,0.40800000000000003
21148.681746893326,0.536,0.40800000000000003
21148.68201526344,0.512,0.392
21148.68228363355,0.504,0.392
21148.682552003662,0.536,0.4
21148.682820373775,0.536,0.40800000000000003
21148.683088743885,0.56,0.392
21148.683357113998,0.552,0.4
21148.683625484107,0.536,0.392
21148.68389385422,0.536,0.392
21148.684162224334,0.552,0.40800000000000003
21148.684430594443,0.56,0.40800000000000003
21148.684698964556,0.536,0.392
21148.68496733467,0.536,0.392
21148.68523570478,0.56,0.40800000000000003
21148.685504074892,0.544,0.392
21148.685772445002,0.552,0.40800000000000003
21148.686040815115,0.544,0.392
21148.68630918523,0.552,0.40800000000000003
21148.686577555338,0.56,0.4
21148.68684592545,0.536,0.392
21148.68711429556,0.56,0.392
21148.687382665674,0.544,0.40800000000000003
21148.687651035787,0.544,0.40800000000000003
21148.687919405897,0.552,0.392
21148.68818777601,0.544,0.4
21148.68845614612,0.56,0.392
21148.688724516232,0.544,0.392
21148.688992886346,0.56,0.40800000000000003
21148.689261256455,0.544,0.392
21148.68952962657,0.56,0.40800000000000003
21148.68979799668,0.56,0.40800000000000003
21148.69006636679,0.544,0.392
21148.690334736904,0.544,0.392
21148.690603107014,0.56,0.40800000000000003
21148.71285510063,0.544,-0.016
21148.71310894867,0.56,0.0
21148.713362796705,0.544,-0.016
21148.71361664474,0.56,0.0
21148.713870492775,0.544,0.0
21148.71412434081,0.56,-0.016
21148.714378188848,0.544,0.0
21148.714632036885,0.56,-0.016
21148.71488588492,0.544,0.0
21148.715139732958,0.56,-0.016
21148.715393580995,0.544,0.0
21148.715647429028,0.56,-0.016
21148.715901277064,0.544,0.0
21148.7161551251,0.56,-0.016
21148.716408973138,0.544,0.0
21148.716662821174,0.56,-0.016
21148.71691666921,0.544,0.0
21148.717170517248,0.56,-0.016
21148.71742436528,0.544,0.0
21148.717678213317,0.56,-0.008
21148.717932061354,0.544,-0.008
21148.71818590939,0.56,0.024
21148.718439757427,0.544,0.032
21148.718693605464,0.56,0.136
21148.718947453497,0.544,0.14400000000000002
21148.719201301534,0.56,0.272
21148.71945514957,0.544,0.28
21148.719708997607,0.5680000000000001,0.336
21148.719962845644,0.544,0.34400000000000003
21148.72021669368,0.56,0.36
21148.720470541717,0.544,0.36
21148.72072438975,0.56,0.368
21148.720978237787,0.544,0.36
21148.721232085823,0.56,0.376
21148.72148593386,0.552,0.368
21148.721739781897,0.544,0.36
21148.721993629933,0.544,0.368
21148.72224747797,0.56,0.36
21148.722501326003,0.544,0.368
21148.72275517404,0.56,0.376
21148.723009022076,0.544,0.368
21148.723262870113,0.56,0.368
21148.72351671815,0.544,0.368
21148.723770566186,0.56,0.36
21148.724024414223,0.552,0.368
21148.724278262256,0.536,0.368
21148.724532110293,0.536,0.368
21148.72478595833,0.544,0.368
21148.725039806366,0.52,0.368
21148.725293654403,0.544,0.36
21148.72554750244,0.544,0.368
21148.725801350476,0.528,0.368
21148.72605519851,0.544,0.368
21148.726309046546,0.52,0.368
21148.726562894582,0.536,0.368
21148.72681674262,0.552,0.36
21148.727070590656,0.528,0.368
21148.727324438692,0.552,0.376
21148.727578286725,0.552,0.368
21148.727832134762,0.528,0.368
21148.7280859828,0.528,0.376
21148.728339830835,0.544,0.36
21148.728593678872,0.536,0.368
21148.72884752691,0.56,0.368
21148.729101374945,0.544,0.368
21148.72935522298,0.56,0.368
21148.729609071015,0.56,0.368
21148.72986291905,0.536,0.376
21148.73011676709,0.544,0.368
21148.730370615125,0.56,0.368
21148.73062446316,0.56,0.368
21148.7308783112,0.544,0.36
21148.73113215923,0.544,0.368
21148.731386007268,0.56,0.376
21148.731639855305,0.544,0.376
21148.73189370334,0.56,0.368
21148.732147551378,0.544,0.368
21148.732401399415,0.56,0.376
21148.73265524745,0.544,0.368
21148.732909095485,0.56,0.376
21148.73316294352,0.544,0.368
21148.733416791558,0.56,0.368
21148.733670639594,0.544,0.368
21148.73392448763,0.56,0.368
21148.734178335668,0.552,0.368
21148.734432183704,0.544,0.368
21148.734686031738,0.544,0.368
21148.734939879774,0.552,0.368
21148.73519372781,0.544,0.368
21148.735447575848,0.56,0.368
21148.735701423884,0.544,0.368
21148.73595527192,0.56,0.368
21148.736209119957,0.56,0.36
21148.73646296799,0.544,0.376
21148.736716816027,0.544,0.368
21148.736970664064,0.552,0.368
21148.7372245121,0.544,0.368
21148.737478360137,0.56,0.368
21148.737732208174,0.56,0.368
21148.737986056207,0.544,0.368
21148.738239904244,0.56,0.368
21148.73849375228,0.544,0.368
21148.738747600317,0.544,0.368
21148.739001448354,0.56,0.36
21148.73925529639,0.56,0.368
21148.739509144427,0.544,0.368
21148.73976299246,0.544,0.368
21148.740016840497,0.56,0.376
21148.740270688533,0.544,0.368
21148.74052453657,0.56,0.368
21148.740778384607,0.544,0.368
21148.741032232643,0.56,0.36
21148.74128608068,0.544,0.368
21148.741539928713,0.56,0.368
21148.74179377675,0.544,0.368
21148.742047624786,0.56,0.368
21148.742301472823,0.552,0.368
21148.74255532086,0.544,0.376
21148.742809168896,0.544,0.368
21148.743063016933,0.56,0.36
21148.743316864966,0.544,0.368
21148.743570713003,0.56,0.368
21148.74382456104,0.544,0.368
21148.744078409076,0.56,0.368
21148.744332257113,0.552,0.368
21148.74458610515,0.544,0.368
21148.744839953186,0.544,0.368
21148.74509380122,0.56,0.368
21148.745347649256,0.544,0.368
21148.745601497292,0.56,0.376
21148.74585534533,0.56,0.368
21148.746109193366,0.544,0.376
21148.746363041402,0.544,0.368
21148.746616889435,0.56,0.368
21148.746870737472,0.544,0.36
21148.74712458551,0.56,0.376
21148.747378433545,0.544,0.368
21148.747632281582,0.56,0.368
21148.74788612962,0.544,0.368
21148.748139977655,0.56,0.368
21148.74839382569,0.56,0.368
21148.748647673725,0.544,0.376
21148.74890152176,0.544,0.368
21148.7491553698,0.56,0.36
21148.749409217835,0.544,0.368
21148.74966306587,0.56,0.36
21148.74991691391,0.56,0.368
21148.75017076194,0.536,0.368
21148.750424609978,0.544,0.368
21148.750678458015,0.56,0.368
21148.75093230605,0.544,0.368
21148.751186154088,0.56,0.368
21148.751440002125,0.544,0.368
21148.75169385016,0.552,0.36
21148.751947698194,0.544,0.368
21148.75220154623,0.56,0.368
21148.752455394268,0.544,0.368
21148.752709242304,0.56,0.368
21148.75296309034,0.544,0.368
21148.753216938378,0.56,0.376
21148.753470786414,0.544,0.368
21148.753724634447,0.56,0.368
21148.753978482484,0.544,0.368
21148.75423233052,0.552,0.376
21148.754486178557,0.56,0.368
21148.754740026594,0.544,0.368
21148.75499387463,0.544,0.368
21148.755247722667,0.56,0.368
21148.7555015707,0.544,0.368
21148.755755418737,0.56,0.376
21148.756009266774,0.544,0.368
21148.75626311481,0.56,0.36
21148.756516962847,0.544,0.368
21148.756770810884,0.56,0.368
21148.757024658917,0.56,0.368
21148.757278506953,0.544,0.36
21148.75753235499,0.56,0.376
21148.757786203027,0.544,0.36
21148.758040051063,0.544,0.368
21148.7582938991,0.56,0.376
21148.758547747137,0.544,0.376
21148.75880159517,0.56,0.368
21148.759055443206,0.544,0.368
21148.759309291243,0.56,0.368
21148.75956313928,0.544,0.368
21148.759816987316,0.56,0.368
21148.760070835353,0.56,0.368
21148.76032468339,0.544,0.368
21148.760578531423,0.544,0.368
21148.76083237946,0.552,0.368
21148.761086227496,0.544,0.368
21148.761340075533,0.552,0.36
21148.76159392357,0.544,0.368
21148.761847771606,0.56,0.368
21148.762101619643,0.544,0.368
21148.762355467676,0.56,0.368
21148.762609315712,0.544,0.376
21148.76286316375,0.56,0.368
21148.763117011786,0.56,0.368
21148.763370859822,0.536,0.368
21148.76362470786,0.544,0.368
21148.763878555896,0.512,0.36
21148.76413240393,0.504,0.368
21148.764386251965,0.512,0.368
21148.764640100002,0.512,0.368
21148.76489394804,0.496,0.368
21148.765147796075,0.504,0.368
21148.765401644112,0.512,0.368
21148.765655492145,0.52,0.368
21148.76590934018,0.504,0.376
21148.76616318822,0.512,0.368
21148.766417036255,0.496,0.368
21148.76667088429,0.496,0.368
21148.76692473233,0.512,0.368
21148.767178580365,0.496,0.368
21148.767432428398,0.512,0.368
21148.767686276435,0.512,0.368
21148.76794012447,0.496,0.368
21148.768193972508,0.496,0.368
21148.768447820545,0.504,0.376
21148.76870166858,0.512,0.368
21148.768955516618,0.496,0.368
21148.76920936465,0.496,0.368
21148.769463212688,0.512,0.368
21148.769717060724,0.496,0.368
21148.76997090876,0.512,0.368
21148.770224756798,0.504,0.368
21148.770478604834,0.488,0.368
21148.77073245287,0.504,0.368
21148.770986300904,0.496,0.368
21148.77124014894,0.496,0.368
21148.771493996977,0.552,0.376
21148.771747845014,0.536,0.368
21148.77200169305,0.552,0.376
21148.772255541087,0.536,0.368
21148.772509389124,0.544,0.368
21148.772763237157,0.536,0.368
21148.773017085194,0.528,0.376
21148.77327093323,0.528,0.376
21148.773524781267,0.536,0.368
21148.773778629304,0.536,0.368
21148.77403247734,0.504,0.368
21148.774286325377,0.512,0.368
21148.77454017341,0.544,0.368
21148.774794021447,0.544,0.376
21148.775047869483,0.52,0.36
21148.77530171752,0.512,0.368
21148.775555565557,0.544,0.368
21148.775809413593,0.536,0.368
21148.776063261626,0.552,0.368
21148.776317109663,0.552,0.368
21148.7765709577,0.536,0.368
21148.776824805736,0.536,0.368
21148.777078653773,0.56,0.368
21148.77733250181,0.552,0.368
21148.777586349846,0.544,0.36
21148.77784019788,0.552,0.368
21148.778094045916,0.544,0.368
21148.778347893953,0.528,0.368
21148.77860174199,0.552,0.368
21148.778855590026,0.528,0.368
21148.779109438063,0.536,0.368
21148.7793632861,0.528,0.376
21148.779617134132,0.504,0.368
21148.77987098217,0.496,0.368
21148.780124830206,0.536,0.376
21148.780378678242,0.512,0.368
21148.78063252628,0.536,0.368
21148.780886374316,0.544,0.368
21148.781140222352,0.528,0.352
21148.781394070385,0.528,0.352
21148.781647918422,0.544,0.28
21148.78190176646,0.536,0.28
21148.782155614495,0.52,0.14400000000000002
21148.782409462532,0.536,0.128
21148.78266331057,0.504,0.048
21148.782917158605,0.512,0.04
21148.78317100664,0.496,0.0
21148.783424854675,0.504,0.008
21148.78367870271,0.496,-0.008
21148.78393255075,0.496,-0.008
21148.784186398785,0.512,0.0
21148.78444024682,0.512,0.0
21148.784694094855,0.496,-0.008
21148.78494794289,0.512,0.0
21148.785201790928,0.496,-0.008
21148.785455638965,0.496,-0.008
21148.785709487,0.512,0.0
21148.785963335038,0.496,-0.008
21148.786217183075,0.512,0.0
21148.786471031108,0.496,0.0
21148.786724879144,0.52,-0.008
21148.78697872718,0.496,0.0
21148.787232575218,0.52,-0.008
21148.787486423254,0.496,-0.008
21148.78774027129,0.512,0.0
21148.787994119328,0.496,-0.008
21148.78824796736,0.528,0.0
21148.788501815397,0.512,0.0
21148.788755663434,0.496,-0.008
21148.78900951147,0.512,0.0
21148.789263359507,0.496,-0.008
21148.789517207544,0.504,-0.008
21148.78977105558,0.496,0.0
21148.790024903614,0.504,0.0
21148.79027875165,0.52,-0.008
21148.790532599687,0.504,-0.008
21148.790786447724,0.528,0.0
21148.79104029576,0.504,-0.008
21148.791294143797,0.528,0.0
21148.791547991834,0.52,0.0
21148.791801839867,0.544,-0.008
21148.792055687903,0.528,-0.008
21148.79230953594,0.544,0.0
21148.792563383977,0.536,0.0
21148.792817232013,0.52,-0.008
21148.79307108005,0.528,0.0
21148.793324928087,0.544,-0.008
21148.79357877612,0.528,0.0
21148.793832624156,0.536,-0.008
21148.794086472193,0.528,0.0
21148.79434032023,0.544,-0.016
21148.794594168266,0.52,0.0
21148.794848016303,0.496,-0.016
21148.795101864336,0.496,0.0
21148.795355712373,0.512,-0.016
21148.79560956041,0.496,-0.008
21148.795863408446,0.528,0.0
21148.796117256483,0.496,0.0
21148.79637110452,0.512,-0.016
21148.796624952556,0.496,0.0
21148.79687880059,0.504,-0.008
21148.797132648626,0.496,-0.008
21148.797386496663,0.504,0.0
21148.7976403447,0.496,-0.008
21148.797894192736,0.536,0.0
21148.798148040773,0.528,0.0
21148.79840188881,0.552,-0.008
21148.798655736842,0.536,0.0
21148.79890958488,0.552,-0.008
21148.799163432916,0.536,0.0
21148.799417280952,0.552,-0.008
21148.79967112899,0.536,-0.008
21148.799924977026,0.552,0.0
21148.800178825062,0.536,0.0
21148.800432673095,0.552,-0.008
21148.800686521132,0.536,0.0
21148.80094036917,0.552,-0.008
21148.801194217205,0.552,0.0
21148.801448065242,0.536,-0.008
21148.80170191328,0.536,0.0
21148.801955761315,0.552,-0.016
21148.80220960935,0.56,0.0
21148.802463457385,0.536,-0.008
21148.80271730542,0.536,0.0
21148.80297115346,0.56,-0.008
21148.803225001495,0.56,0.0
21148.80347884953,0.536,-0.008
21148.803732697565,0.536,0.0
21148.8039865456,0.552,-0.008
21148.804240393638,0.544,0.0
21148.804494241675,0.56,-0.008
21148.80474808971,0.56,0.0
21148.805001937748,0.536,-0.016
21148.805255785785,0.536,0.0
21148.805509633818,0.552,-0.016
21148.805763481854,0.56,-0.008
21148.80601732989,0.536,0.0
21148.806271177928,0.544,-0.008
21148.806525025964,0.552,0.0
21148.806778874,0.544,0.0
21148.807032722038,0.56,-0.016
21148.80728657007,0.544,0.0
21148.807540418107,0.56,-0.016
21148.807794266144,0.544,0.0
21148.80804811418,0.552,-0.008
21148.808301962217,0.544,0.0
21148.808555810254,0.56,-0.008
21148.80880965829,0.544,-0.008
21148.809063506324,0.56,0.0
21148.80931735436,0.544,-0.008
21148.809571202397,0.56,0.0
21148.809825050434,0.56,0.0
21148.81007889847,0.544,-0.008
21148.810332746507,0.544,-0.008
21148.810586594544,0.56,0.0
21148.810840442577,0.56,0.0
21148.811094290613,0.536,-0.008
21148.81134813865,0.544,-0.008
21148.811601986687,0.56,0.0
21148.811855834723,0.544,0.0
21148.81210968276,0.56,-0.016
21148.812363530797,0.544,-0.008
21148.81261737883,0.56,0.0
21148.812871226866,0.544,0.0
21148.813125074903,0.56,-0.016
21148.81337892294,0.544,-0.008
21148.813632770976,0.56,0.0
21148.813886619013,0.544,-0.016
21148.814140467046,0.56,0.0
21148.814394315083,0.544,-0.016
21148.81464816312,0.552,0.0
21148.814902011156,0.544,0.0
21148.815155859193,0.552,-0.016
21148.81540970723,0.544,-0.008
21148.815663555266,0.56,0.0
21148.8159174033,0.544,0.0
21148.816171251336,0.56,-0.016
21148.816425099372,0.544,0.0
21148.81667894741,0.56,-0.016
21148.816932795446,0.544,0.0
21148.817186643482,0.56,-0.016
21148.81744049152,0.544,-0.008
21148.817694339552,0.56,0.0
21148.81794818759,0.544,0.0
21148.818202035625,0.56,-0.016
21148.818455883662,0.544,0.0
21148.8187097317,0.552,-0.016
21148.818963579735,0.544,0.0
21148.819217427772,0.56,-0.008
21148.819471275805,0.56,0.0
21148.81972512384,0.544,-0.016
21148.81997897188,0.544,0.0
21148.820232819915,0.56,-0.016
21148.82048666795,0.56,0.0
21148.82074051599,0.544,-0.016
21148.820994364025,0.544,0.0
21148.821248212058,0.56,-0.016
21148.821502060095,0.544,0.0
21148.82175590813,0.56,-0.016
21148.822009756168,0.544,0.0
21148.822263604205,0.56,-0.008
21148.82251745224,0.544,0.0
21148.822771300274,0.56,-0.008
21148.82302514831,0.544,-0.016
21148.823278996348,0.56,0.0
21148.823532844384,0.544,0.0
21148.82378669242,0.56,-0.016
21148.824040540458,0.544,0.0
21148.824294388494,0.56,-0.008
21148.824548236527,0.544,0.0
21148.824802084564,0.56,-0.016
21148.8250559326,0.544,0.0
21148.825309780637,0.56,-0.016
21148.825563628674,0.544,-0.016
21148.82581747671,0.56,0.0
21148.826071324747,0.544,0.0
21148.82632517278,0.56,-0.008
21148.826579020817,0.544,-0.008
21148.826832868854,0.56,0.0
21148.82708671689,0.544,0.0
21148.827340564927,0.56,-0.008
21148.827594412964,0.544,0.0
21148.827848261,0.56,-0.008
21148.828102109033,0.544,0.0
21148.82835595707,0.56,-0.016
21148.828609805107,0.544,0.0
21148.828863653143,0.56,-0.016
21148.82911750118,0.544,0.0
21148.829371349217,0.56,-0.008
21148.829625197253,0.544,0.0
21148.829879045286,0.56,-0.016
21148.830132893323,0.544,-0.008
21148.83038674136,0.56,0.0
21148.830640589396,0.552,0.0
21148.830894437433,0.544,-0.016
21148.83114828547,0.544,0.0
21148.831402133506,0.56,-0.016
21148.83165598154,0.544,0.0
21148.831909829576,0.56,-0.008
21148.832163677613,0.544,0.0
21148.83241752565,0.56,-0.016
21148.832671373686,0.544,0.0
21148.832925221723,0.56,-0.016
21148.833179069756,0.544,0.0
21148.833432917792,0.56,-0.016
21148.83368676583,0.544,0.0
21148.833940613866,0.56,-0.008
21148.834194461902,0.544,0.0
21148.83444830994,0.56,-0.008
21148.834702157976,0.544,0.0
21148.83495600601,0.56,-0.016
21148.835209854045,0.544,-0.016
21148.835463702082,0.56,0.0
21148.83571755012,0.544,0.0
21148.835971398155,0.56,-0.016
21148.836225246192,0.56,0.0
21148.83647909423,0.536,-0.008
21148.83673294226,0.544,-0.008
21148.8369867903,0.56,0.0
21148.837240638335,0.544,-0.008
21148.83749448637,0.56,0.0
21148.83774833441,0.544,0.0
21148.838002182445,0.56,-0.016
21148.83825603048,0.544,0.0
21148.838509878515,0.56,-0.016
21148.83876372655,0.544,0.0
21148.839017574588,0.56,-0.016
21148.839271422625,0.544,-0.016
21148.83952527066,0.56,0.0
21148.839779118698,0.544,0.0
21148.840032966735,0.56,-0.016
21148.840286814768,0.544,0.0
21148.840540662804,0.552,-0.016
21148.84079451084,0.544,0.0
21148.841048358878,0.552,-0.016
21148.841302206914,0.544,-0.016
21148.84155605495,0.56,0.0
21148.841809902984,0.544,0.0
21148.84206375102,0.56,-0.016
21148.842317599057,0.552,-0.016
21148.842571447094,0.544,0.0
21148.84282529513,0.544,0.0
21148.843079143167,0.56,-0.016
21148.843332991204,0.544,0.0
21148.843586839237,0.56,-0.016
21148.843840687274,0.544,0.0
21148.84409453531,0.56,-0.016
21148.844348383347,0.544,-0.016
21148.844602231384,0.56,0.0
21148.84485607942,0.544,-0.008
21148.845109927457,0.56,0.032
21148.84536377549,0.544,0.024
21148.845617623527,0.56,0.136
21148.845871471563,0.544,0.14400000000000002
21148.8461253196,0.56,0.272
21148.846379167637,0.544,0.28
21148.846633015673,0.5680000000000001,0.34400000000000003
21148.84688686371,0.544,0.34400000000000003
21148.847140711743,0.56,0.36
21148.84739455978,0.544,0.36
21148.847648407816,0.56,0.368
21148.847902255853,0.544,0.368
21148.84815610389,0.56,0.368
21148.848409951926,0.552,0.368
21148.848663799963,0.544,0.376
21148.848917647996,0.544,0.368
21148.849171496033,0.56,0.368
21148.84942534407,0.544,0.368
21148.849679192106,0.56,0.368
21148.849933040143,0.56,0.368
21148.85018688818,0.544,0.368
21148.850440736216,0.544,0.368
21148.85069458425,0.56,0.368
21148.850948432286,0.56,0.368
21148.851202280322,0.544,0.376
21148.85145612836,0.552,0.368
21148.851709976396,0.528,0.368
21148.851963824432,0.512,0.368
21148.852217672465,0.552,0.376
21148.852471520502,0.56,0.368
21148.85272536854,0.544,0.368
21148.852979216575,0.544,0.368
21148.853233064612,0.56,0.376
21148.85348691265,0.544,0.368
21148.853740760685,0.552,0.368
21148.85399460872,0.544,0.368
21148.854248456755,0.56,0.368
21148.854502304792,0.544,0.368
21148.85475615283,0.56,0.376
21148.855010000865,0.544,0.368
21148.8552638489,0.56,0.368
21148.85551769694,0.544,0.368
21148.85577154497,0.56,0.368
21148.856025393008,0.544,0.368
21148.856279241045,0.552,0.368
21148.85653308908,0.544,0.368
21148.856786937118,0.552,0.368
21148.857040785155,0.544,0.368
21148.85729463319,0.552,0.368
21148.857548481225,0.544,0.368
21148.85780232926,0.56,0.368
21148.858056177298,0.544,0.368
21148.858310025335,0.56,0.368
21148.85856387337,0.544,0.368
21148.858817721408,0.56,0.368
21148.859071569444,0.544,0.368
21148.859325417478,0.56,0.376
21148.859579265514,0.544,0.368
21148.85983311355,0.56,0.376
21148.860086961588,0.544,0.368
21148.860340809624,0.56,0.368
21148.86059465766,0.544,0.368
21148.860848505694,0.56,0.368
21148.86110235373,0.56,0.368
21148.861356201767,0.544,0.368
21148.861610049804,0.544,0.368
21148.86186389784,0.56,0.376
21148.862117745877,0.56,0.368
21148.862371593914,0.544,0.368
21148.862625441947,0.544,0.368
21148.862879289984,0.56,0.368
21148.86313313802,0.544,0.368
21148.863386986057,0.56,0.376
21148.863640834094,0.56,0.368
21148.86389468213,0.544,0.376
21148.864148530167,0.544,0.368
21148.8644023782,0.56,0.376
21148.864656226237,0.544,0.376
21148.864910074273,0.56,0.368
21148.86516392231,0.544,0.368
21148.865417770347,0.56,0.368
21148.865671618383,0.544,0.368
21148.86592546642,0.56,0.368
21148.866179314453,0.544,0.368
21148.86643316249,0.56,0.368
21148.866687010526,0.544,0.368
21148.866940858563,0.5680000000000001,0.368
21148.8671947066,0.544,0.368
21148.867448554636,0.56,0.368
21148.867702402673,0.56,0.368
21148.867956250706,0.544,0.368
21148.868210098743,0.544,0.368
21148.86846394678,0.552,0.376
21148.868717794816,0.544,0.368
21148.868971642853,0.552,0.368
21148.86922549089,0.544,0.376
21148.869479338926,0.552,0.368
21148.86973318696,0.544,0.376
21148.869987034996,0.56,0.4
21148.870240883032,0.544,0.40800000000000003
21148.87049473107,0.56,0.384
21148.870748579106,0.544,0.392
21148.871002427142,0.56,0.376
21148.871256275175,0.544,0.376
21148.871510123212,0.56,0.4
21148.87176397125,0.544,0.392
21148.872017819285,0.56,0.368
21148.872271667322,0.544,0.368
21148.87252551536,0.56,0.384
21148.872779363395,0.544,0.368
21148.87303321143,0.56,0.384
21148.873287059465,0.544,0.384
21148.8735409075,0.56,0.424
21148.87379475554,0.544,0.41600000000000004
21148.874048603575,0.56,0.432
21148.87430245161,0.544,0.44
21148.87455629965,0.56,0.41600000000000004
21148.87481014768,0.544,0.432
21148.875063995718,0.56,0.40800000000000003
21148.875317843755,0.544,0.40800000000000003
21148.87557169179,0.56,0.384
21148.875825539828,0.544,0.376
21148.876079387865,0.56,0.392
21148.8763332359,0.544,0.40800000000000003
21148.876587083934,0.56,0.376
21148.87684093197,0.56,0.392
21148.877094780008,0.544,0.368
21148.877348628044,0.544,0.376
21148.87760247608,0.56,0.368
21148.877856324118,0.544,0.368
21148.878110172154,0.56,0.376
21148.878364020187,0.544,0.368
21148.878617868224,0.56,0.368
21148.87887171626,0.56,0.368
21148.879125564297,0.544,0.376
21148.879379412334,0.544,0.368
21148.87963326037,0.56,0.368
21148.879887108404,0.56,0.368
21148.88014095644,0.544,0.368
21148.880394804477,0.56,0.368
21148.880648652514,0.544,0.376
21148.88090250055,0.544,0.368
21148.881156348587,0.56,0.368
21148.881410196624,0.544,0.368
21148.881664044657,0.56,0.368
21148.881917892693,0.544,0.368
21148.88217174073,0.5680000000000001,0.368
21148.882425588767,0.544,0.368
21148.882679436803,0.56,0.368
21148.88293328484,0.544,0.368
21148.883187132877,0.56,0.368
21148.88344098091,0.544,0.368
21148.883694828946,0.56,0.368
21148.883948676983,0.544,0.368
21148.88420252502,0.552,0.376
21148.884456373056,0.544,0.368
21148.884710221093,0.56,0.368
21148.88496406913,0.544,0.368
21148.885217917163,0.56,0.376
21148.8854717652,0.544,0.368
21148.885725613236,0.56,0.384
21148.885979461273,0.544,0.376
21148.88623330931,0.56,0.4
21148.886487157346,0.56,0.40800000000000003
21148.886741005383,0.544,0.424
21148.886994853416,0.544,0.424
21148.887248701452,0.56,0.384
21148.88750254949,0.544,0.392
21148.887756397526,0.56,0.368
21148.888010245562,0.56,0.376
21148.8882640936,0.544,0.368
21148.888517941636,0.544,0.368
21148.88877178967,0.56,0.384
21148.889025637705,0.544,0.4
21148.889279485742,0.56,0.368
21148.88953333378,0.544,0.368
21148.889787181815,0.56,0.376
21148.890041029852,0.544,0.368
21148.890294877885,0.56,0.376
21148.89054872592,0.544,0.384
21148.89080257396,0.56,0.368
21148.891056421995,0.544,0.384
21148.89131027003,0.56,0.4
21148.89156411807,0.56,0.392
21148.891817966105,0.544,0.376
21148.892071814138,0.544,0.376
21148.892325662175,0.5680000000000001,0.40800000000000003
21148.89257951021,0.544,0.40800000000000003
21148.892833358248,0.56,0.432
21148.893087206285,0.544,0.432
21148.89334105432,0.56,0.424
21148.893594902358,0.544,0.432
21148.89384875039,0.56,0.424
21148.894102598428,0.544,0.432
21148.894356446464,0.552,0.41600000000000004
21148.8946102945,0.552,0.432
21148.894864142538,0.544,0.41600000000000004
21148.895117990574,0.544,0.424
21148.89537183861,0.56,0.4
21148.895625686644,0.544,0.4
21148.89587953468,0.56,0.376
21148.896133382717,0.544,0.384
21148.896387230754,0.552,0.368
21148.89664107879,0.544,0.384
21148.896894926827,0.552,0.376
21148.897148774864,0.544,0.376
21148.897402622897,0.56,0.41600000000000004
21148.897656470934,0.544,0.40800000000000003
21148.89791031897,0.56,0.432
21148.898164167007,0.544,0.41600000000000004
21148.898418015044,0.56,0.392
21148.89867186308,0.544,0.4
21148.898925711113,0.56,0.424
21148.89917955915,0.544,0.424
21148.899433407187,0.56,0.384
21148.899687255223,0.544,0.384
21148.89994110326,0.56,0.368
21148.900194951297,0.544,0.368
21148.900448799333,0.56,0.384
21148.900702647366,0.544,0.384
21148.900956495403,0.56,0.424
21148.90121034344,0.544,0.432
21148.901464191476,0.56,0.41600000000000004
21148.901718039513,0.56,0.424
21148.90197188755,0.544,0.432
21148.902225735586,0.544,0.41600000000000004
21148.90247958362,0.56,0.432
21148.902733431656,0.544,0.424
21148.902987279693,0.56,0.432
21148.90324112773,0.544,0.432
21148.903494975766,0.56,0.424
21148.903748823803,0.544,0.432
21148.90400267184,0.56,0.4
21148.904256519872,0.544,0.384
21148.90451036791,0.56,0.40800000000000003
21148.904764215946,0.544,0.424
21148.905018063982,0.56,0.4
21148.90527191202,0.544,0.392
21148.905525760056,0.56,0.41600000000000004
21148.905779608092,0.544,0.41600000000000004
21148.906033456125,0.56,0.392
21148.906287304162,0.544,0.392
21148.9065411522,0.56,0.376
21148.906795000235,0.544,0.376
21148.907048848272,0.56,0.4
21148.90730269631,0.544,0.376
21148.907556544345,0.552,0.392
21148.90781039238,0.544,0.392
21148.908064240415,0.56,0.36
21148.90831808845,0.544,0.352
21148.90857193649,0.56,0.28
21148.908825784525,0.544,0.264
21148.90907963256,0.56,0.136
21148.909333480595,0.544,0.128
21148.90958732863,0.56,0.048
21148.909841176668,0.544,0.04
21148.910095024705,0.552,0.0
21148.91034887274,0.56,0.008
21148.910602720778,0.544,-0.008
21148.910856568815,0.544,0.0
21148.911110416848,0.552,-0.008
21148.911364264884,0.544,0.0
21148.91161811292,0.56,-0.008
21148.911871960958,0.544,0.0
21148.912125808994,0.56,-0.008
21148.91237965703,0.544,0.0
21148.912633505068,0.56,-0.008
21148.9128873531,0.56,-0.008
21148.913141201137,0.544,0.0
21148.913395049174,0.544,-0.008
21148.91364889721,0.56,0.0
21148.913902745247,0.544,0.0
21148.914156593284,0.56,-0.008
21148.91441044132,0.544,0.0
21148.914664289354,0.56,-0.008
21148.91491813739,0.56,0.0
21148.915171985427,0.544,-0.008
21148.915425833464,0.544,0.0
21148.9156796815,0.56,-0.008
21148.915933529537,0.544,0.0
21148.916187377574,0.56,-0.008
21148.916441225607,0.544,-0.008
21148.916695073643,0.56,0.0
21148.91694892168,0.544,0.0
21148.917202769717,0.56,-0.008
21148.917456617753,0.544,-0.008
21148.91771046579,0.5680000000000001,0.0
21148.917964313823,0.544,0.0
21148.91821816186,0.56,-0.008
21148.918472009897,0.56,0.0
21148.918725857933,0.544,-0.008
21148.91897970597,0.56,-0.008
21148.919233554006,0.544,0.0
21148.919487402043,0.56,0.0
21148.919741250076,0.544,-0.016
21148.919995098113,0.544,0.0
21148.92024894615,0.552,-0.008
21148.920502794186,0.544,0.0
21148.920756642223,0.552,-0.008
21148.92101049026,0.544,0.0
21148.921264338296,0.552,-0.008
21148.92151818633,0.544,-0.008
21148.921772034366,0.56,0.0
21148.922025882403,0.544,0.0
21148.92227973044,0.56,-0.008
21148.922533578476,0.544,0.0
21148.922787426513,0.56,-0.008
21148.92304127455,0.544,-0.008
21148.923295122582,0.56,0.0
21148.92354897062,0.544,0.0
21148.923802818656,0.56,-0.008
21148.924056666692,0.552,-0.008
21148.92431051473,0.544,0.0
21148.924564362766,0.544,0.0
21148.924818210802,0.56,-0.016
21148.925072058835,0.544,0.0
21148.925325906872,0.56,-0.008
21148.92557975491,0.544,0.0
21148.925833602945,0.56,-0.008
21148.926087450982,0.544,-0.008
21148.92634129902,0.56,0.0
21148.926595147055,0.56,-0.008
21148.92684899509,0.544,0.0
21148.927102843125,0.544,0.0
21148.92735669116,0.56,-0.016
21148.9276105392,0.544,0.0
21148.927864387235,0.56,-0.016
21148.92811823527,0.544,0.0
21148.928372083305,0.56,-0.016
21148.92862593134,0.544,0.0
21148.928879779378,0.56,-0.016
21148.929133627415,0.56,0.0
21148.92938747545,0.544,-0.008
21148.929641323488,0.544,0.0
21148.929895171525,0.56,-0.008
21148.930149019558,0.544,-0.016
21148.930402867594,0.56,0.0
21148.93065671563,0.544,0.0
21148.930910563668,0.56,-0.008
21148.931164411704,0.56,0.0
21148.93141825974,0.528,-0.016
21148.931672107778,0.544,0.0
21148.93192595581,0.528,-0.008
21148.932179803847,0.544,0.0
21148.932433651884,0.52,-0.016
21148.93268749992,0.512,0.0
21148.932941347957,0.56,-0.008
21148.933195195994,0.544,-0.008
21148.93344904403,0.552,0.0
21148.933702892064,0.544,0.0
21148.9339567401,0.56,-0.008
21148.934210588137,0.544,-0.008
21148.934464436174,0.56,0.0
21148.93471828421,0.544,0.0
21148.934972132247,0.56,-0.016
21148.935225980284,0.544,-0.008
21148.935479828317,0.56,0.0
21148.935733676353,0.544,0.0
21148.93598752439,0.552,-0.016
21148.936241372427,0.544,-0.016
21148.936495220463,0.56,0.0
21148.9367490685,0.544,-0.008
21148.937002916533,0.56,0.0
21148.93725676457,0.544,0.0
21148.937510612606,0.56,-0.008
21148.937764460643,0.544,0.0
21148.93801830868,0.56,-0.008
21148.938272156716,0.544,-0.008
21148.938526004753,0.56,0.0
21148.938779852786,0.56,0.0
21148.939033700823,0.544,-0.008
21148.93928754886,0.544,-0.008
21148.939541396896,0.56,0.0
21148.939795244933,0.544,0.0
21148.94004909297,0.56,-0.016
21148.940302941006,0.544,0.0
21148.94055678904,0.56,-0.016
21148.940810637076,0.544,0.0
21148.941064485112,0.56,-0.016
21148.94131833315,0.56,0.0
21148.941572181186,0.544,-0.008
21148.941826029222,0.544,-0.008
21148.94207987726,0.56,0.0
21148.942333725292,0.544,0.0
21148.94258757333,0.56,-0.016
21148.942841421365,0.544,-0.016
21148.943095269402,0.5680000000000001,0.0
21148.94334911744,0.544,-0.008
21148.943602965475,0.56,0.0
21148.943856813512,0.544,0.0
21148.944110661545,0.56,-0.016
21148.94436450958,0.56,-0.008
21148.94461835762,0.544,0.0
21148.944872205655,0.544,0.0
21148.94512605369,0.56,-0.016
21148.94537990173,0.544,-0.016
21148.945633749765,0.56,0.0
21148.945887597798,0.544,0.0
21148.946141445835,0.552,-0.016
21148.94639529387,0.544,-0.008
21148.946649141908,0.552,0.0
21148.946902989945,0.544,-0.016
21148.94715683798,0.56,0.0
21148.947410686014,0.544,0.0
21148.94766453405,0.56,-0.016
21148.947918382088,0.544,0.0
21148.948172230124,0.56,-0.008
21148.94842607816,0.544,-0.008
21148.948679926198,0.552,0.0
21148.948933774234,0.544,-0.008
21148.949187622267,0.56,0.0
21148.949441470304,0.544,0.0
21148.94969531834,0.56,-0.016
21148.949949166377,0.544,0.0
21148.950203014414,0.56,-0.016
21148.95045686245,0.544,0.0
21148.950710710487,0.56,-0.016
21148.95096455852,0.56,-0.008
21148.951218406557,0.544,0.0
21148.951472254594,0.544,0.0
21148.95172610263,0.56,-0.008
21148.951979950667,0.544,0.0
21148.952233798704,0.56,-0.016
21148.95248764674,0.544,0.0
21148.952741494773,0.56,-0.008
21148.95299534281,0.56,0.0
21148.953249190847,0.544,-0.016
21148.953503038883,0.544,0.0
21148.95375688692,0.56,-0.016
21148.954010734957,0.544,0.0
21148.954264582993,0.552,-0.008
21148.954518431026,0.544,0.0
21148.954772279063,0.56,-0.008
21148.9550261271,0.544,0.0
21148.955279975136,0.56,-0.016
21148.955533823173,0.544,0.0
21148.95578767121,0.56,-0.016
21148.956041519243,0.544,0.0
21148.95629536728,0.56,-0.008
21148.956549215316,0.544,-0.008
21148.956803063353,0.56,0.0
21148.95705691139,0.544,0.0
21148.957310759426,0.56,-0.008
21148.957564607463,0.544,-0.008
21148.957818455496,0.56,0.0
21148.958072303532,0.544,-0.008
21148.95832615157,0.56,0.0
21148.958579999606,0.544,-0.008
21148.958833847642,0.56,0.0
21148.95908769568,0.544,0.0
21148.959341543716,0.552,-0.016
21148.95959539175,0.544,0.0
21148.959849239785,0.56,-0.016
21148.960103087822,0.544,0.0
21148.96035693586,0.56,-0.016
21148.960610783895,0.544,0.0
21148.960864631932,0.56,-0.016
21148.96111847997,0.544,0.0
21148.961372328,0.56,-0.016
21148.96162617604,0.544,0.0
21148.961880024075,0.552,-0.016
21148.96213387211,0.544,0.0
21148.96238772015,0.56,-0.008
21148.962641568185,0.544,0.0
21148.96289541622,0.552,-0.008
21148.963149264255,0.544,0.0
21148.96340311229,0.552,-0.016
21148.963656960328,0.544,0.0
21148.963910808365,0.56,-0.008
21148.9641646564,0.544,0.0
21148.964418504438,0.56,-0.016
21148.964672352475,0.544,0.0
21148.964926200508,0.56,-0.016
21148.965180048544,0.544,0.0
21148.96543389658,0.56,-0.016
21148.965687744618,0.544,0.0
21148.965941592654,0.56,-0.016
21148.96619544069,0.544,0.0
21148.966449288724,0.552,-0.016
21148.96670313676,0.544,-0.016
21148.966956984797,0.56,0.0
21148.967210832834,0.544,-0.016
21148.96746468087,0.56,0.0
21148.967718528907,0.544,0.0
21148.967972376944,0.56,-0.016
21148.968226224977,0.544,0.0
21148.968480073014,0.56,-0.016
21148.96873392105,0.56,0.0
21148.968987769087,0.544,-0.016
21148.969241617124,0.56,0.0
21148.96949546516,0.544,-0.016
21148.969749313197,0.544,0.0
21148.97000316123,0.56,-0.016
21148.970257009267,0.544,0.0
21148.970510857303,0.56,-0.016
21148.97076470534,0.544,-0.016
21148.971018553377,0.56,0.0
21148.971272401413,0.544,-0.016
21148.97152624945,0.56,0.0
21148.971780097483,0.56,-0.008
21148.97203394552,0.544,0.032
21148.972287793556,0.56,0.032
21148.972541641593,0.544,0.136
21148.97279548963,0.56,0.14400000000000002
21148.973049337666,0.544,0.272
21148.973303185703,0.544,0.272
21148.973557033736,0.56,0.34400000000000003
21148.973810881773,0.544,0.34400000000000003
21148.97406472981,0.56,0.36
21148.974318577846,0.544,0.36
21148.974572425883,0.552,0.368
21148.97482627392,0.544,0.368
21148.975080121952,0.552,0.376
21148.97533396999,0.544,0.368
21148.975587818026,0.56,0.368
21148.975841666062,0.544,0.368
21148.9760955141,0.56,0.368
21148.976349362136,0.544,0.376
21148.976603210172,0.56,0.368
21148.976857058205,0.544,0.368
21148.977110906242,0.56,0.368
21148.97736475428,0.544,0.368
21148.977618602315,0.56,0.376
21148.977872450352,0.544,0.368
21148.97812629839,0.56,0.376
21148.978380146425,0.544,0.368
21148.97863399446,0.56,0.368
21148.978887842495,0.56,0.368
21148.979141690532,0.544,0.368
21148.97939553857,0.544,0.368
21148.979649386605,0.56,0.368
21148.979903234642,0.56,0.368
21148.98015708268,0.544,0.384
21148.98041093071,0.56,0.368
21148.980664778748,0.544,0.376
21148.980918626785,0.544,0.368
21148.98117247482,0.56,0.376
21148.981426322858,0.544,0.368
21148.981680170895,0.56,0.376
21148.98193401893,0.544,0.368
21148.982187866965,0.56,0.368
21148.982441715,0.544,0.368
21148.982695563038,0.56,0.376
21148.982949411075,0.544,0.376
21148.98320325911,0.56,0.368
21148.983457107148,0.544,0.368
21148.983710955185,0.56,0.376
21148.983964803218,0.544,0.368
21148.984218651254,0.56,0.376
21148.98447249929,0.544,0.368
21148.984726347328,0.56,0.376
21148.984980195364,0.552,0.368
21148.9852340434,0.528,0.376
21148.985487891434,0.544,0.368
21148.98574173947,0.504,0.384
21148.985995587507,0.512,0.368
21148.986249435544,0.544,0.376
21148.98650328358,0.552,0.368
21148.986757131617,0.528,0.368
21148.987010979654,0.52,0.368
21148.987264827687,0.552,0.368
21148.987518675724,0.544,0.368
21148.98777252376,0.56,0.368
21148.988026371797,0.544,0.368
21148.988280219834,0.56,0.376
21148.98853406787,0.56,0.368
21148.988787915907,0.536,0.376
21148.98904176394,0.544,0.368
21148.989295611977,0.56,0.376
21148.989549460013,0.544,0.368
21148.98980330805,0.552,0.376
21148.990057156087,0.544,0.376
21148.990311004123,0.56,0.368
21148.99056485216,0.544,0.368
21148.990818700193,0.56,0.376
21148.99107254823,0.544,0.368
21148.991326396266,0.56,0.368
21148.991580244303,0.544,0.368
21148.99183409234,0.56,0.376
21148.992087940376,0.544,0.368
21148.992341788413,0.56,0.368
21148.992595636446,0.544,0.368
21148.992849484483,0.56,0.368
21148.99310333252,0.544,0.368
21148.993357180556,0.56,0.376
21148.993611028593,0.544,0.368
21148.99386487663,0.56,0.376
21148.994118724662,0.544,0.368
21148.9943725727,0.56,0.368
21148.994626420736,0.544,0.368
21148.994880268772,0.56,0.368
21148.99513411681,0.552,0.376
21148.995387964846,0.528,0.368
21148.995641812882,0.544,0.368
21148.995895660915,0.512,0.376
21148.996149508952,0.52,0.376
21148.99640335699,0.504,0.368
21148.996657205025,0.52,0.368
21148.996911053062,0.504,0.376
21148.9971649011,0.504,0.368
21148.997418749135,0.52,0.368
21148.99767259717,0.496,0.376
21148.997926445205,0.512,0.368
21148.99818029324,0.52,0.368
21148.99843414128,0.504,0.368
21148.998687989315,0.52,0.368
21148.99894183735,0.496,0.368
21148.99919568539,0.52,0.368
21148.99944953342,0.496,0.368
21148.999703381458,0.496,0.368
21148.999957229495,0.504,0.376
21149.00021107753,0.496,0.376
21149.000464925568,0.512,0.368
21149.000718773605,0.512,0.368
21149.00097262164,0.496,0.368
21149.001226469674,0.504,0.368
21149.00148031771,0.496,0.368
21149.001734165748,0.512,0.368
21149.001988013784,0.496,0.368
21149.00224186182,0.496,0.368
21149.002495709858,0.528,0.368
21149.002749557894,0.496,0.368
21149.003003405927,0.52,0.376
21149.003257253964,0.528,0.368
21149.003511102,0.496,0.376
21149.003764950037,0.496,0.368
21149.004018798074,0.512,0.376
21149.00427264611,0.496,0.368
21149.004526494144,0.504,0.376
21149.00478034218,0.496,0.368
21149.005034190217,0.512,0.368
21149.005288038254,0.512,0.376
21149.00554188629,0.496,0.368
21149.005795734327,0.504,0.368
21149.006049582364,0.496,0.376
21149.006303430397,0.512,0.368
21149.006557278433,0.496,0.376
21149.00681112647,0.496,0.368
21149.007064974507,0.504,0.368
21149.007318822543,0.496,0.368
21149.00757267058,0.504,0.376
21149.007826518617,0.496,0.368
21149.00808036665,0.512,0.376
21149.008334214686,0.496,0.368
21149.008588062723,0.512,0.368
21149.00884191076,0.504,0.368
21149.009095758796,0.488,0.376
21149.009349606833,0.496,0.368
21149.00960345487,0.512,0.376
21149.009857302903,0.488,0.368
21149.01011115094,0.512,0.368
21149.010364998976,0.504,0.368
21149.010618847013,0.496,0.376
21149.01087269505,0.496,0.368
21149.011126543086,0.528,0.376
21149.011380391123,0.536,0.368
21149.011634239156,0.504,0.384
21149.011888087192,0.512,0.368
21149.01214193523,0.496,0.376
21149.012395783266,0.496,0.368
21149.012649631302,0.528,0.368
21149.01290347934,0.496,0.368
21149.013157327372,0.528,0.368
21149.01341117541,0.52,0.376
21149.013665023445,0.536,0.368
21149.013918871482,0.528,0.368
21149.01417271952,0.496,0.368
21149.014426567555,0.496,0.368
21149.014680415592,0.512,0.376
21149.014934263625,0.52,0.368
21149.01518811166,0.504,0.368
21149.0154419597,0.52,0.368
21149.015695807735,0.496,0.376
21149.01594965577,0.496,0.384
21149.01620350381,0.512,0.368
21149.016457351845,0.504,0.376
21149.016711199878,0.488,0.368
21149.016965047915,0.496,0.368
21149.01721889595,0.528,0.376
21149.034494161606,0.544,-0.016
21149.034725087284,0.552,-0.008
21149.034956012965,0.56,-0.016
21149.035186938643,0.544,-0.008
21149.03541786432,0.544,-0.016
21149.035648790003,0.552,0.0
21149.03587971568,0.56,-0.016
21149.036110641362,0.536,-0.008
21149.03634156704,0.544,-0.016
21149.036572492718,0.56,-0.008
21149.0368034184,0.544,-0.016
21149.037034344077,0.56,-0.008
21149.037265269755,0.56,-0.008
21149.037496195437,0.544,-0.016
21149.037727121115,0.544,-0.016
21149.037958046792,0.56,0.0
21149.038188972474,0.544,-0.008
21149.038419898152,0.56,-0.016
21149.03865082383,0.544,0.0
21149.03888174951,0.56,-0.016
21149.03911267519,0.544,-0.008
21149.03934360087,0.56,0.032
21149.03957452655,0.56,0.032
21149.039805452227,0.544,0.136
21149.040036377908,0.544,0.14400000000000002
21149.040267303586,0.56,0.28
21149.040498229264,0.544,0.28
21149.040729154945,0.56,0.352
21149.040960080623,0.544,0.36
21149.0411910063,0.56,0.376
21149.041421931983,0.544,0.376
21149.04165285766,0.56,0.392
21149.041883783342,0.544,0.392
21149.04211470902,0.56,0.384
21149.042345634698,0.544,0.384
21149.04257656038,0.56,0.392
21149.042807486057,0.544,0.384
21149.043038411735,0.56,0.4
21149.043269337417,0.544,0.384
21149.043500263095,0.56,0.392
21149.043731188773,0.544,0.384
21149.043962114454,0.56,0.392
21149.044193040132,0.544,0.384
21149.04442396581,0.56,0.384
21149.04465489149,0.544,0.384
21149.04488581717,0.56,0.4
21149.04511674285,0.56,0.4
21149.04534766853,0.544,0.424
21149.045578594207,0.544,0.41600000000000004
21149.04580951989,0.552,0.392
21149.046040445566,0.544,0.392
21149.046271371244,0.56,0.384
21149.046502296926,0.544,0.384
21149.046733222604,0.56,0.384
21149.04696414828,0.544,0.384
21149.047195073963,0.56,0.392
21149.04742599964,0.56,0.384
21149.047656925322,0.544,0.4
21149.047887851,0.544,0.384
21149.048118776678,0.56,0.392
21149.04834970236,0.544,0.384
21149.048580628038,0.56,0.41600000000000004
21149.048811553715,0.544,0.4
21149.049042479397,0.56,0.384
21149.049273405075,0.544,0.384
21149.049504330753,0.56,0.392
21149.049735256434,0.552,0.384
21149.049966182112,0.536,0.392
21149.05019710779,0.544,0.392
21149.05042803347,0.552,0.384
21149.05065895915,0.544,0.384
21149.05088988483,0.56,0.392
21149.05112081051,0.544,0.384
21149.051351736187,0.56,0.392
21149.05158266187,0.544,0.384
21149.051813587546,0.552,0.384
21149.052044513224,0.544,0.384
21149.052275438906,0.552,0.4
21149.052506364584,0.544,0.4
21149.05273729026,0.56,0.384
21149.052968215943,0.544,0.384
21149.05319914162,0.56,0.392
21149.053430067303,0.544,0.384
21149.05366099298,0.56,0.384
21149.05389191866,0.544,0.384
21149.05412284434,0.56,0.392
21149.054353770018,0.56,0.384
21149.054584695696,0.536,0.392
21149.054815621377,0.544,0.384
21149.055046547055,0.56,0.392
21149.055277472733,0.544,0.384
21149.055508398415,0.56,0.392
21149.055739324092,0.56,0.384
21149.05597024977,0.544,0.392
21149.056201175452,0.544,0.384
21149.05643210113,0.56,0.384
21149.05666302681,0.544,0.384
21149.05689395249,0.56,0.4
21149.057124878167,0.544,0.384
21149.05735580385,0.552,0.384
21149.057586729527,0.544,0.384
21149.057817655204,0.56,0.392
21149.058048580886,0.544,0.384
21149.058279506564,0.56,0.392
21149.05851043224,0.544,0.384
21149.058741357923,0.56,0.384
21149.0589722836,0.536,0.384
21149.059203209283,0.56,0.392
21149.05943413496,0.544,0.384
21149.05966506064,0.56,0.384
21149.05989598632,0.544,0.384
21149.060126911998,0.56,0.384
21149.060357837676,0.544,0.392
21149.060588763357,0.56,0.384
21149.060819689035,0.544,0.392
21149.061050614713,0.56,0.384
21149.061281540395,0.544,0.384
21149.061512466073,0.56,0.4
21149.06174339175,0.544,0.384
21149.061974317432,0.552,0.384
21149.06220524311,0.544,0.384
21149.06243616879,0.56,0.392
21149.06266709447,0.544,0.384
21149.062898020147,0.56,0.392
21149.06312894583,0.544,0.384
21149.063359871507,0.56,0.392
21149.063590797185,0.544,0.392
21149.063821722866,0.5680000000000001,0.384
21149.064052648544,0.544,0.384
21149.064283574222,0.552,0.392
21149.064514499903,0.544,0.384
21149.06474542558,0.56,0.392
21149.064976351263,0.544,0.384
21149.06520727694,0.552,0.392
21149.06543820262,0.544,0.384
21149.0656691283,0.56,0.392
21149.065900053978,0.56,0.384
21149.066130979656,0.544,0.4
21149.066361905338,0.56,0.392
21149.066592831015,0.544,0.384
21149.066823756693,0.544,0.392
21149.067054682375,0.56,0.384
21149.067285608053,0.544,0.384
21149.06751653373,0.56,0.392
21149.067747459412,0.544,0.384
21149.06797838509,0.552,0.384
21149.06820931077,0.544,0.384
21149.06844023645,0.56,0.384
21149.068671162127,0.544,0.384
21149.06890208781,0.56,0.384
21149.069133013487,0.56,0.384
21149.069363939165,0.544,0.392
21149.069594864846,0.544,0.384
21149.069825790524,0.56,0.384
21149.070056716202,0.544,0.384
21149.070287641884,0.56,0.384
21149.07051856756,0.544,0.384
21149.070749493243,0.56,0.392
21149.07098041892,0.544,0.384
21149.0712113446,0.56,0.392
21149.07144227028,0.56,0.384
21149.07167319596,0.544,0.384
21149.071904121636,0.56,0.384
21149.072135047318,0.544,0.4
21149.072365972996,0.56,0.392
21149.072596898674,0.544,0.384
21149.072827824355,0.544,0.392
21149.073058750033,0.56,0.432
21149.07328967571,0.56,0.424
21149.073520601392,0.544,0.392
21149.07375152707,0.552,0.4
21149.07398245275,0.544,0.384
21149.07421337843,0.544,0.384
21149.074444304108,0.552,0.392
21149.07467522979,0.544,0.384
21149.074906155467,0.56,0.392
21149.075137081145,0.544,0.384
21149.075368006826,0.56,0.392
21149.075598932504,0.544,0.384
21149.075829858182,0.56,0.384
21149.076060783864,0.56,0.384
21149.07629170954,0.544,0.392
21149.076522635223,0.544,0.384
21149.0767535609,0.56,0.392
21149.07698448658,0.544,0.384
21149.07721541226,0.552,0.384
21149.07744633794,0.544,0.384
21149.077677263616,0.56,0.392
21149.077908189298,0.552,0.384
21149.078139114976,0.544,0.392
21149.078370040654,0.544,0.384
21149.078600966335,0.56,0.392
21149.078831892013,0.56,0.384
21149.07906281769,0.544,0.392
21149.079293743373,0.56,0.384
21149.07952466905,0.544,0.392
21149.079755594732,0.544,0.384
21149.07998652041,0.56,0.384
21149.080217446088,0.536,0.384
21149.08044837177,0.56,0.392
21149.080679297447,0.544,0.384
21149.080910223125,0.56,0.384
21149.081141148807,0.56,0.384
21149.081372074485,0.544,0.392
21149.081603000162,0.56,0.384
21149.081833925844,0.544,0.392
21149.082064851522,0.56,0.384
21149.082295777203,0.536,0.384
21149.08252670288,0.544,0.392
21149.08275762856,0.56,0.376
21149.08298855424,0.544,0.384
21149.08321947992,0.56,0.392
21149.083450405597,0.544,0.376
21149.083681331278,0.56,0.4
21149.083912256956,0.544,0.384
21149.084143182634,0.56,0.4
21149.084374108315,0.544,0.384
21149.084605033993,0.56,0.4
21149.08483595967,0.544,0.384
21149.085066885353,0.56,0.392
21149.08529781103,0.544,0.384
21149.085528736712,0.56,0.384
21149.08575966239,0.544,0.384
21149.085990588068,0.56,0.392
21149.08622151375,0.544,0.384
21149.086452439427,0.56,0.384
21149.086683365105,0.544,0.384
21149.086914290787,0.56,0.392
21149.087145216465,0.544,0.384
21149.087376142143,0.56,0.392
21149.087607067824,0.544,0.384
21149.087837993502,0.56,0.392
21149.088068919184,0.544,0.384
21149.08829984486,0.56,0.392
21149.08853077054,0.544,0.384
21149.08876169622,0.56,0.392
21149.0889926219,0.544,0.384
21149.089223547577,0.56,0.392
21149.08945447326,0.544,0.384
21149.089685398936,0.552,0.392
21149.089916324614,0.544,0.392
21149.090147250296,0.56,0.384
21149.090378175973,0.544,0.384
21149.09060910165,0.56,0.392
21149.090840027333,0.544,0.392
21149.09107095301,0.56,0.384
21149.091301878692,0.56,0.384
21149.09153280437,0.536,0.384
21149.091763730048,0.544,0.384
21149.09199465573,0.56,0.384
21149.092225581408,0.544,0.384
21149.092456507085,0.56,0.392
21149.092687432767,0.544,0.384
21149.092918358445,0.56,0.392
21149.093149284123,0.544,0.384
21149.093380209804,0.56,0.384
21149.093611135482,0.544,0.384
21149.093842061164,0.56,0.384
21149.09407298684,0.544,0.384
21149.09430391252,0.56,0.392
21149.0945348382,0.544,0.392
21149.09476576388,0.56,0.384
21149.094996689557,0.544,0.384
21149.09522761524,0.56,0.384
21149.095458540916,0.544,0.384
21149.095689466594,0.56,0.392
21149.095920392276,0.544,0.384
21149.096151317954,0.56,0.392
21149.09638224363,0.544,0.384
21149.096613169313,0.56,0.368
21149.09684409499,0.544,0.368
21149.097075020672,0.56,0.296
21149.09730594635,0.56,0.28800000000000003
21149.09753687203,0.544,0.14400000000000002
21149.09776779771,0.56,0.136
21149.097998723388,0.544,0.048
21149.098229649066,0.544,0.04
21149.098460574747,0.56,0.0
21149.098691500425,0.552,0.008
21149.098922426103,0.544,-0.008
21149.099153351784,0.544,-0.008
21149.099384277462,0.552,0.0
21149.099615203144,0.544,0.0
21149.09984612882,0.56,-0.016
21149.1000770545,0.544,0.0
21149.10030798018,0.56,-0.016
21149.10053890586,0.544,-0.016
21149.100769831537,0.56,0.0
21149.10100075722,0.544,0.0
21149.101231682896,0.552,-0.016
21149.101462608574,0.544,-0.016
21149.101693534256,0.56,0.0
21149.101924459934,0.544,-0.016
21149.10215538561,0.56,0.0
21149.102386311293,0.544,0.0
21149.10261723697,0.56,-0.016
21149.102848162653,0.544,0.0
21149.10307908833,0.56,-0.016
21149.10331001401,0.544,0.0
21149.10354093969,0.56,-0.016
21149.103771865368,0.544,0.0
21149.104002791046,0.56,-0.016
21149.104233716727,0.544,0.0
21149.104464642405,0.56,-0.016
21149.104695568083,0.56,0.0
21149.104926493765,0.544,-0.016
21149.105157419443,0.544,0.0
21149.105388345124,0.56,-0.016
21149.105619270802,0.544,0.0
21149.10585019648,0.56,-0.016
21149.10608112216,0.544,-0.016
21149.10631204784,0.552,0.0
21149.106542973517,0.544,0.0
21149.1067738992,0.552,-0.016
21149.107004824877,0.544,0.0
21149.107235750555,0.56,-0.016
21149.107466676236,0.544,0.0
21149.107697601914,0.56,-0.016
21149.107928527592,0.544,0.0
21149.108159453273,0.56,-0.016
21149.10839037895,0.544,0.0
21149.108621304633,0.56,-0.016
21149.10885223031,0.544,0.0
21149.10908315599,0.56,-0.016
21149.10931408167,0.544,-0.016
21149.109545007348,0.56,0.0
21149.109775933026,0.56,-0.016
21149.110006858707,0.536,0.0
21149.110237784385,0.56,-0.016
21149.110468710063,0.536,0.0
21149.110699635745,0.544,-0.016
21149.110930561423,0.528,0.0
21149.111161487104,0.528,0.0
21149.111392412782,0.504,-0.016
21149.11162333846,0.512,0.0
21149.11185426414,0.504,-0.016
21149.11208518982,0.504,-0.016
21149.112316115497,0.544,0.0
21149.11254704118,0.528,-0.016
21149.112777966857,0.544,0.0
21149.113008892535,0.52,-0.016
21149.113239818216,0.544,0.0
21149.113470743894,0.536,0.0
21149.113701669572,0.552,-0.016
21149.113932595254,0.544,0.0
21149.11416352093,0.552,-0.016
21149.114394446613,0.552,0.0
21149.11462537229,0.536,-0.016
21149.11485629797,0.544,-0.016
21149.11508722365,0.56,0.0
21149.11531814933,0.544,-0.016
21149.115549075006,0.56,-0.008
21149.115780000688,0.544,-0.016
21149.116010926366,0.56,0.0
21149.116241852043,0.544,-0.016
21149.116472777725,0.56,0.0
21149.116703703403,0.544,-0.016
21149.116934629084,0.56,0.0
21149.117165554762,0.544,-0.016
21149.11739648044,0.552,0.0
21149.11762740612,0.536,0.0
21149.1178583318,0.56,-0.016
21149.118089257478,0.544,0.0
21149.11832018316,0.56,-0.016
21149.118551108837,0.544,0.0
21149.118782034515,0.56,-0.016
21149.119012960196,0.544,-0.016
21149.119243885874,0.56,0.0
21149.119474811552,0.544,-0.008
21149.119705737234,0.56,-0.016
21149.11993666291,0.544,-0.016
21149.120167588593,0.56,-0.008
21149.12039851427,0.544,-0.016
21149.12062943995,0.56,-0.008
21149.12086036563,0.56,-0.008
21149.12109129131,0.544,-0.016
21149.121322216986,0.544,-0.016
21149.121553142668,0.56,0.0
21149.121784068346,0.544,-0.008
21149.122014994024,0.56,-0.016
21149.122245919705,0.544,-0.016
21149.122476845383,0.56,0.0
21149.122707771065,0.552,-0.008
21149.122938696742,0.544,-0.016
21149.12316962242,0.544,-0.016
21149.123400548102,0.552,0.0
21149.12363147378,0.544,-0.016
21149.123862399458,0.56,0.0
21149.12409332514,0.544,-0.016
21149.124324250817,0.56,0.0
21149.124555176495,0.544,-0.016
21149.124786102177,0.56,0.0
21149.125017027854,0.544,-0.016
21149.125247953532,0.56,-0.008
21149.125478879214,0.56,-0.008
21149.12570980489,0.544,-0.016
21149.125940730573,0.544,-0.016
21149.12617165625,0.552,0.0
21149.12640258193,0.544,-0.016
21149.12663350761,0.56,-0.008
21149.12686443329,0.544,0.0
21149.127095358966,0.56,-0.016
21149.127326284648,0.544,-0.008
21149.127557210326,0.56,-0.016
21149.127788136004,0.544,-0.016
21149.128019061685,0.56,-0.008
21149.128249987363,0.56,-0.008
21149.128480913045,0.536,-0.016
21149.128711838723,0.544,-0.016
21149.1289427644,0.56,-0.008
21149.129173690082,0.544,-0.016
21149.12940461576,0.56,-0.008
21149.129635541438,0.544,-0.008
21149.12986646712,0.56,-0.016
21149.130097392797,0.544,-0.016
21149.130328318475,0.56,-0.008
21149.130559244157,0.544,-0.016
21149.130790169835,0.56,0.0
21149.131021095513,0.544,-0.016
21149.131252021194,0.56,0.0
21149.131482946872,0.544,-0.016
21149.131713872554,0.56,-0.008
21149.13194479823,0.544,-0.016
21149.13217572391,0.56,-0.008
21149.13240664959,0.544,-0.016
21149.13263757527,0.56,-0.008
21149.132868500947,0.56,-0.016
21149.133099426628,0.536,0.0
21149.133330352306,0.544,-0.016
21149.133561277984,0.56,0.0
21149.133792203666,0.544,-0.016
21149.134023129343,0.56,-0.008
21149.134254055025,0.552,-0.008
21149.134484980703,0.544,-0.016
21149.13471590638,0.544,-0.016
21149.134946832062,0.56,0.0
21149.13517775774,0.544,-0.008
21149.135408683418,0.56,-0.016
21149.1356396091,0.56,-0.016
21149.135870534777,0.536,0.0
21149.136101460455,0.544,-0.016
21149.136332386137,0.504,0.0
21149.136563311815,0.528,-0.008
21149.136794237493,0.552,-0.016
21149.137025163174,0.544,-0.016
21149.137256088852,0.56,0.0
21149.137487014534,0.552,-0.008
21149.13771794021,0.528,-0.016
21149.13794886589,0.544,-0.016
21149.13817979157,0.528,-0.008
21149.13841071725,0.52,-0.008
21149.138641642927,0.552,-0.016
21149.13887256861,0.544,-0.008
21149.139103494286,0.56,-0.016
21149.139334419964,0.544,-0.016
21149.139565345646,0.56,0.0
21149.139796271324,0.544,-0.016
21149.140027197005,0.56,0.0
21149.140258122683,0.544,-0.016
21149.14048904836,0.56,-0.008
21149.140719974042,0.544,-0.016
21149.14095089972,0.56,-0.008
21149.1411818254,0.536,-0.016
21149.14141275108,0.544,-0.008
21149.141643676758,0.544,-0.016
21149.141874602436,0.512,0.0
21149.142105528117,0.496,-0.008
21149.142336453795,0.528,-0.016
21149.142567379473,0.504,-0.008
21149.142798305154,0.544,-0.016
21149.143029230832,0.52,-0.008
21149.143260156514,0.544,-0.016
21149.14349108219,0.544,-0.008
21149.14372200787,0.512,-0.016
21149.14395293355,0.504,-0.008
21149.14418385923,0.528,-0.016
21149.144414784907,0.52,-0.016
21149.14464571059,0.544,0.0
21149.144876636266,0.544,-0.008
21149.145107561944,0.52,-0.016
21149.145338487626,0.528,-0.008
21149.145569413304,0.496,-0.016
21149.145800338985,0.528,-0.008
21149.146031264663,0.504,-0.016
21149.14626219034,0.504,-0.008
21149.146493116023,0.512,-0.016
21149.1467240417,0.496,-0.016
21149.14695496738,0.528,-0.008
21149.14718589306,0.52,-0.016
21149.147416818738,0.544,-0.008
21149.147647744416,0.544,-0.016
21149.147878670097,0.504,-0.008
21149.148109595775,0.504,-0.016
21149.148340521453,0.52,-0.008
21149.148571447135,0.512,-0.016
21149.148802372812,0.544,0.0
21149.149033298494,0.544,-0.016
21149.149264224172,0.528,0.0
21149.14949514985,0.536,-0.016
21149.14972607553,0.504,-0.008
21149.14995700121,0.496,-0.016
21149.150187926887,0.52,-0.008
21149.15041885257,0.52,-0.008
21149.150649778247,0.496,-0.016
21149.150880703924,0.512,-0.016
21149.151111629606,0.528,0.0
21149.151342555284,0.52,-0.008
21149.151573480965,0.544,-0.016
21149.151804406643,0.544,-0.016
21149.15203533232,0.52,0.0
21149.152266258003,0.52,-0.008
21149.15249718368,0.496,-0.016
21149.15272810936,0.528,-0.016
21149.15295903504,0.496,-0.008
21149.153189960718,0.496,-0.008
21149.153420886396,0.512,-0.016
21149.153651812077,0.504,-0.016
21149.153882737755,0.536,0.0
21149.154113663433,0.536,0.0
21149.154344589115,0.512,-0.016
21149.154575514793,0.52,-0.008
21149.154806440474,0.504,0.024
21149.155037366152,0.504,0.032
21149.15526829183,0.512,0.136
21149.15549921751,0.496,0.14400000000000002
21149.15573014319,0.52,0.28800000000000003
21149.155961068867,0.488,0.28800000000000003
21149.15619199455,0.512,0.352
21149.156422920227,0.496,0.352
21149.156653845905,0.52,0.376
21149.156884771586,0.504,0.376
21149.157115697264,0.512,0.392
21149.157346622946,0.496,0.384
21149.157577548624,0.52,0.392
21149.1578084743,0.504,0.384
21149.158039399983,0.528,0.392
21149.15827032566,0.536,0.384
21149.15850125134,0.52,0.384
21149.15873217702,0.496,0.392
21149.158963102698,0.544,0.384
21149.159194028376,0.536,0.384
21149.159424954058,0.552,0.392
21149.159655879736,0.536,0.384
21149.159886805413,0.552,0.392
21149.160117731095,0.552,0.384
21149.160348656773,0.536,0.392
21149.160579582454,0.536,0.384
21149.160810508132,0.552,0.392
21149.16104143381,0.536,0.392
21149.16127235949,0.552,0.384
21149.16150328517,0.536,0.392
21149.161734210847,0.552,0.384
21149.16196513653,0.552,0.384
21149.162196062207,0.536,0.392
21149.162426987885,0.552,0.384
21149.162657913566,0.536,0.392
21149.162888839244,0.536,0.384
21149.163119764926,0.56,0.392
21149.163350690604,0.56,0.384
21149.16358161628,0.536,0.392
21149.163812541963,0.536,0.384
21149.16404346764,0.552,0.384
21149.16427439332,0.56,0.384
21149.164505319,0.536,0.384
21149.16473624468,0.536,0.384
21149.164967170356,0.56,0.384
21149.165198096038,0.56,0.384
21149.165429021716,0.536,0.392
21149.165659947394,0.544,0.384
21149.165890873075,0.552,0.392
21149.166121798753,0.536,0.384
21149.166352724435,0.56,0.384
21149.166583650112,0.56,0.384
21149.16681457579,0.536,0.392
21149.167045501472,0.56,0.384
21149.16727642715,0.536,0.392
21149.167507352828,0.544,0.384
21149.16773827851,0.56,0.392
21149.167969204187,0.56,0.384
21149.168200129865,0.536,0.384
21149.168431055547,0.536,0.384
21149.168661981224,0.56,0.392
21149.168892906906,0.544,0.384
21149.169123832584,0.56,0.384
21149.16935475826,0.536,0.384
21149.169585683943,0.552,0.392
21149.16981660962,0.552,0.384
21149.1700475353,0.536,0.392
21149.17027846098,0.552,0.384
21149.17050938666,0.536,0.392
21149.170740312336,0.544,0.384
21149.170971238018,0.56,0.392
21149.171202163696,0.544,0.384
21149.171433089374,0.56,0.392
21149.171664015055,0.552,0.384
21149.171894940733,0.536,0.392
21149.172125866415,0.544,0.384
21149.172356792093,0.56,0.392
21149.17258771777,0.544,0.392
21149.172818643452,0.56,0.384
21149.17304956913,0.544,0.384
21149.173280494808,0.56,0.384
21149.17351142049,0.544,0.384
21149.173742346167,0.56,0.392
21149.173973271845,0.544,0.384
21149.174204197527,0.56,0.384
21149.174435123205,0.56,0.384
21149.174666048886,0.536,0.392
21149.174896974564,0.56,0.384
21149.175127900242,0.536,0.392
21149.175358825923,0.544,0.384
21149.1755897516,0.56,0.384
21149.17582067728,0.544,0.392
21149.17605160296,0.56,0.384
21149.17628252864,0.544,0.384
21149.176513454317,0.552,0.384
21149.176744379998,0.544,0.384
21149.176975305676,0.56,0.392
21149.177206231354,0.544,0.384
21149.177437157035,0.56,0.392
21149.177668082713,0.544,0.384
21149.177899008395,0.56,0.392
21149.178129934073,0.544,0.384
21149.17836085975,0.56,0.392
21149.178591785432,0.544,0.384
21149.17882271111,0.56,0.392
21149.179053636788,0.536,0.384
21149.17928456247,0.56,0.384
21149.179515488147,0.544,0.384
21149.179746413825,0.56,0.384
21149.179977339507,0.544,0.384
21149.180208265185,0.56,0.392
21149.180439190866,0.544,0.384
21149.180670116544,0.552,0.392
21149.180901042222,0.544,0.392
21149.181131967904,0.56,0.384
21149.18136289358,0.544,0.384
21149.18159381926,0.56,0.392
21149.18182474494,0.544,0.384
21149.18205567062,0.56,0.384
21149.182286596297,0.544,0.384
21149.18251752198,0.56,0.392
21149.182748447656,0.544,0.384
21149.182979373334,0.56,0.392
21149.183210299016,0.544,0.384
21149.183441224694,0.552,0.392
21149.183672150375,0.56,0.384
21149.183903076053,0.536,0.392
21149.18413400173,0.552,0.384
21149.184364927412,0.544,0.392
21149.18459585309,0.56,0.392
21149.18482677877,0.536,0.384
21149.18505770445,0.544,0.384
21149.185288630128,0.56,0.392
21149.185519555806,0.56,0.384
21149.185750481487,0.544,0.392
21149.185981407165,0.544,0.384
21149.186212332846,0.56,0.392
21149.186443258524,0.544,0.384
21149.186674184202,0.56,0.392
21149.186905109884,0.544,0.384
21149.18713603556,0.552,0.4
21149.18736696124,0.544,0.392
21149.18759788692,0.56,0.384
21149.1878288126,0.544,0.384
21149.188059738277,0.56,0.384
21149.18829066396,0.56,0.384
21149.188521589636,0.536,0.392
21149.188752515314,0.544,0.384
21149.188983440996,0.56,0.384
21149.189214366674,0.544,0.392
21149.189445292355,0.56,0.384
21149.189676218033,0.56,0.384
21149.18990714371,0.544,0.384
21149.190138069393,0.544,0.384
21149.19036899507,0.56,0.392
21149.19059992075,0.544,0.384
21149.19083084643,0.56,0.392
21149.191061772108,0.56,0.392
21149.191292697786,0.536,0.384
21149.191523623467,0.544,0.384
21149.191754549145,0.56,0.384
21149.191985474827,0.56,0.384
21149.192216400505,0.544,0.392
21149.192447326182,0.56,0.384
21149.192678251864,0.544,0.384
21149.192909177542,0.544,0.384
21149.19314010322,0.56,0.392
21149.1933710289,0.544,0.384
21149.19360195458,0.56,0.392
21149.193832880257,0.544,0.384
21149.19406380594,0.56,0.392
21149.194294731617,0.544,0.384
21149.194525657294,0.56,0.392
21149.194756582976,0.544,0.384
21149.194987508654,0.552,0.384
21149.195218434335,0.544,0.384
21149.195449360013,0.552,0.392
21149.19568028569,0.544,0.384
21149.195911211373,0.56,0.384
21149.19614213705,0.544,0.384
21149.19637306273,0.56,0.392
21149.19660398841,0.544,0.384
21149.196834914088,0.56,0.384
21149.197065839766,0.544,0.384
21149.197296765447,0.552,0.392
21149.197527691125,0.536,0.384
21149.197758616807,0.56,0.392
21149.197989542485,0.56,0.384
21149.198220468163,0.544,0.392
21149.198451393844,0.544,0.384
21149.198682319522,0.56,0.4
21149.1989132452,0.544,0.392
21149.19914417088,0.56,0.384
21149.19937509656,0.544,0.384
21149.199606022237,0.56,0.392
21149.19983694792,0.544,0.384
21149.200067873597,0.56,0.392
21149.200298799275,0.536,0.384
21149.200529724956,0.56,0.392
21149.200760650634,0.544,0.384
21149.200991576316,0.56,0.392
21149.201222501993,0.544,0.384
21149.20145342767,0.56,0.392
21149.201684353353,0.544,0.384
21149.20191527903,0.56,0.392
21149.20214620471,0.544,0.384
21149.20237713039,0.56,0.384
21149.202608056068,0.544,0.392
21149.202838981746,0.552,0.384
21149.203069907428,0.544,0.384
21149.203300833105,0.56,0.384
21149.203531758787,0.56,0.384
21149.203762684465,0.544,0.392
21149.203993610143,0.544,0.384
21149.204224535824,0.56,0.392
21149.204455461502,0.544,0.384
21149.20468638718,0.56,0.392
21149.20491731286,0.544,0.384
21149.20514823854,0.56,0.392
21149.205379164217,0.56,0.384
21149.2056100899,0.544,0.384
21149.205841015577,0.544,0.384
21149.206071941255,0.56,0.392
21149.206302866936,0.544,0.384
21149.206533792614,0.56,0.392
21149.206764718296,0.56,0.384
21149.206995643974,0.544,0.392
21149.20722656965,0.544,0.384
21149.207457495333,0.552,0.384
21149.20768842101,0.56,0.392
21149.20791934669,0.544,0.384
21149.20815027237,0.544,0.384
21149.20838119805,0.552,0.392
21149.208612123726,0.544,0.384
21149.208843049408,0.56,0.392
21149.209073975086,0.544,0.384
21149.209304900767,0.56,0.392
21149.209535826445,0.544,0.384
21149.209766752123,0.56,0.392
21149.209997677804,0.544,0.384
21149.210228603482,0.56,0.392
21149.21045952916,0.544,0.392
21149.210690454842,0.552,0.384
21149.21092138052,0.544,0.384
21149.211152306198,0.56,0.392
21149.21138323188,0.56,0.384
21149.211614157557,0.536,0.384
21149.211845083235,0.544,0.384
21149.212076008916,0.56,0.368
21149.212306934594,0.56,0.368
21149.212537860276,0.544,0.28800000000000003
21149.212768785954,0.544,0.28800000000000003
21149.21299971163,0.56,0.14400000000000002
21149.213230637313,0.544,0.136
21149.21346156299,0.56,0.048
21149.21369248867,0.544,0.048
21149.21392341435,0.56,0.008
21149.21415434003,0.544,0.008
21149.214385265706,0.56,-0.008
21149.214616191388,0.544,0.0
21149.214847117066,0.56,-0.008
21149.215078042747,0.544,0.0
21149.215308968425,0.56,-0.016
21149.215539894103,0.56,0.0
21149.215770819785,0.544,-0.016
21149.216001745463,0.544,0.0
21149.21623267114,0.56,-0.016
21149.216463596822,0.544,0.0
21149.2166945225,0.56,-0.016
21149.216925448178,0.544,-0.016
21149.21715637386,0.56,0.0
21149.217387299537,0.544,-0.016
21149.217618225215,0.56,0.0
21149.217849150897,0.544,-0.016
21149.218080076575,0.56,0.0
21149.218311002256,0.544,0.0
21149.218541927934,0.56,-0.016
21149.218772853612,0.544,-0.016
21149.219003779293,0.552,0.0
21149.21923470497,0.544,-0.016
21149.21946563065,0.552,0.0
21149.21969655633,0.544,-0.016
21149.21992748201,0.56,0.0
21149.220158407687,0.536,0.0
21149.220389333368,0.56,-0.016
21149.220620259046,0.544,-0.016
21149.220851184728,0.5680000000000001,0.0
21149.221082110405,0.544,0.0
21149.221313036083,0.56,-0.016
21149.221543961765,0.544,0.0
21149.221774887443,0.56,-0.016
21149.22200581312,0.544,0.0
21149.222236738802,0.56,-0.016
21149.22246766448,0.552,0.0
21149.222698590158,0.544,-0.016
21149.22292951584,0.544,-0.016
21149.223160441517,0.56,0.0
21149.223391367195,0.552,-0.016
21149.223622292877,0.544,0.0
21149.223853218555,0.544,0.0
21149.224084144236,0.56,-0.016
21149.224315069914,0.56,-0.016
21149.224545995592,0.544,0.0
21149.224776921274,0.544,0.0
21149.22500784695,0.56,-0.016
21149.22523877263,0.536,-0.016
21149.22546969831,0.56,0.0
21149.22570062399,0.544,-0.016
21149.225931549667,0.552,0.0
21149.22616247535,0.544,-0.016
21149.226393401026,0.56,0.0
21149.226624326708,0.544,-0.016
21149.226855252386,0.56,0.0
21149.227086178063,0.544,0.0
21149.227317103745,0.56,-0.016
21149.227548029423,0.544,-0.016
21149.2277789551,0.56,-0.008
21149.228009880782,0.544,0.0
21149.22824080646,0.56,-0.016
21149.228471732138,0.544,-0.008
21149.22870265782,0.56,-0.016
21149.228933583498,0.544,-0.016
21149.229164509175,0.56,0.0
21149.229395434857,0.544,0.0
21149.229626360535,0.56,-0.016
21149.229857286216,0.536,0.0
21149.230088211894,0.56,-0.016
21149.230319137572,0.544,-0.016
21149.230550063254,0.56,0.0
21149.23078098893,0.544,-0.016
21149.23101191461,0.56,0.0
21149.23124284029,0.544,-0.016
21149.23147376597,0.56,0.0
21149.231704691647,0.544,-0.016
21149.23193561733,0.56,0.0
21149.232166543006,0.544,-0.016
21149.232397468688,0.56,0.0
21149.232628394366,0.544,-0.016
21149.232859320044,0.56,-0.008
21149.233090245725,0.544,-0.008
21149.233321171403,0.56,-0.016
21149.23355209708,0.552,0.0
21149.233783022763,0.544,-0.016
21149.23401394844,0.544,-0.016
21149.23424487412,0.56,0.0
21149.2344757998,0.56,0.0
21149.234706725478,0.536,-0.016
21149.234937651156,0.544,-0.016
21149.235168576837,0.56,0.0
21149.235399502515,0.544,-0.016
21149.235630428197,0.56,0.0
21149.235861353874,0.544,-0.008
21149.236092279552,0.56,-0.016
21149.236323205234,0.544,-0.008
21149.236554130912,0.56,-0.016
21149.23678505659,0.544,-0.016
21149.23701598227,0.56,-0.008
21149.23724690795,0.544,-0.016
21149.237477833627,0.56,-0.008
21149.23770875931,0.544,-0.008
21149.237939684986,0.56,-0.016
21149.238170610668,0.544,-0.008
21149.238401536346,0.56,-0.016
21149.238632462024,0.544,-0.016
21149.238863387705,0.56,-0.008
21149.239094313383,0.56,-0.016
21149.23932523906,0.536,-0.008
21149.239556164743,0.544,-0.016
21149.23978709042,0.56,0.0
21149.2400180161,0.56,0.0
21149.24024894178,0.544,-0.016
21149.240479867458,0.544,-0.016
21149.240710793136,0.56,-0.008
21149.240941718817,0.544,-0.016
21149.241172644495,0.56,0.0
21149.241403570177,0.544,-0.016
21149.241634495855,0.56,0.0
21149.241865421533,0.544,-0.016
21149.242096347214,0.56,-0.008
21149.242327272892,0.544,-0.008
21149.24255819857,0.552,-0.016
21149.24278912425,0.544,-0.008
21149.24302004993,0.552,-0.016
21149.243250975607,0.544,-0.016
21149.24348190129,0.56,-0.008
21149.243712826967,0.536,-0.016
21149.24394375265,0.56,0.0
21149.244174678326,0.552,-0.008
21149.244405604004,0.544,-0.016
21149.244636529686,0.544,-0.016
21149.244867455363,0.56,-0.008
21149.24509838104,0.544,-0.016
21149.245329306723,0.56,0.0
21149.2455602324,0.544,-0.016
21149.24579115808,0.56,0.0
21149.24602208376,0.544,-0.008
21149.246253009438,0.56,-0.016
21149.246483935116,0.544,0.0
21149.246714860798,0.56,-0.016
21149.246945786475,0.544,-0.016
21149.247176712157,0.56,-0.008
21149.247407637835,0.544,-0.008
21149.247638563513,0.56,-0.016
21149.247869489194,0.56,-0.008
21149.248100414872,0.544,-0.016
21149.24833134055,0.536,-0.016
21149.24856226623,0.56,-0.008
21149.24879319191,0.544,-0.008
21149.249024117587,0.56,-0.016
21149.24925504327,0.544,-0.008
21149.249485968947,0.56,-0.016
21149.24971689463,0.544,-0.016
21149.249947820306,0.552,-0.008
21149.250178745984,0.544,-0.008
21149.250409671666,0.56,-0.016
21149.250640597344,0.544,-0.016
21149.25087152302,0.56,0.0
21149.251102448703,0.544,-0.008
21149.25133337438,0.56,-0.016
21149.25156430006,0.544,-0.008
21149.25179522574,0.56,-0.016
21149.25202615142,0.56,-0.008
21149.252257077096,0.544,-0.016
21149.252488002778,0.544,-0.016
21149.252718928456,0.56,-0.008
21149.252949854137,0.544,-0.016
21149.253180779815,0.56,0.0
21149.253411705493,0.56,-0.008
21149.253642631174,0.544,-0.016
21149.253873556852,0.544,-0.016
21149.25410448253,0.56,0.0
21149.25433540821,0.544,-0.016
21149.25456633389,0.552,-0.008
21149.254797259568,0.544,-0.008
21149.25502818525,0.56,-0.016
21149.255259110927,0.544,-0.016
21149.25549003661,0.56,0.0
21149.255720962286,0.544,-0.008
21149.255951887964,0.56,-0.016
21149.256182813646,0.544,-0.008
21149.256413739324,0.56,-0.016
21149.256644665,0.544,-0.008
21149.256875590683,0.552,-0.016
21149.25710651636,0.544,-0.008
21149.25733744204,0.56,-0.016
21149.25756836772,0.56,-0.016
21149.2577992934,0.536,-0.008
21149.258030219076,0.544,-0.008
21149.258261144758,0.56,-0.016
21149.258492070436,0.544,-0.016
21149.258722996117,0.552,0.0
21149.258953921795,0.544,-0.016
21149.259184847473,0.56,-0.008
21149.259415773155,0.544,-0.016
21149.259646698833,0.56,0.0
21149.25987762451,0.544,-0.016
21149.260108550192,0.56,0.0
21149.26033947587,0.544,-0.016
21149.260570401548,0.56,-0.008
21149.26080132723,0.544,-0.016
21149.261032252907,0.56,-0.008
21149.26126317859,0.56,-0.016
21149.261494104267,0.544,-0.008
21149.261725029945,0.544,-0.016
21149.261955955626,0.56,-0.008
21149.262186881304,0.544,-0.016
21149.262417806982,0.56,0.0
21149.262648732663,0.544,-0.016
21149.26287965834,0.56,-0.008
21149.26311058402,0.544,-0.016
21149.2633415097,0.56,0.0
21149.26357243538,0.56,-0.016
21149.263803361056,0.544,0.0
21149.264034286738,0.544,-0.016
21149.264265212416,0.56,-0.008
21149.264496138097,0.544,-0.016
21149.264727063775,0.56,0.0
21149.264957989453,0.544,-0.016
21149.265188915135,0.56,-0.008
21149.265419840813,0.544,-0.016
21149.26565076649,0.56,-0.008
21149.265881692172,0.544,-0.016
21149.26611261785,0.552,-0.008
21149.266343543528,0.544,-0.008
21149.26657446921,0.56,-0.016
21149.266805394887,0.544,-0.008
21149.26703632057,0.56,-0.016
21149.267267246247,0.56,-0.008
21149.267498171925,0.544,-0.016
21149.267729097606,0.552,-0.016
21149.267960023284,0.544,-0.008
21149.268190948962,0.544,-0.008
21149.268421874644,0.552,-0.016
21149.26865280032,0.544,-0.016
21149.268883726,0.552,-0.008
21149.26911465168,0.544,-0.008
21149.26934557736,0.56,-0.016
21149.269576503037,0.544,-0.016
21149.26980742872,0.56,0.0
21149.270038354396,0.544,-0.008
21149.270269280078,0.56,0.024
21149.270500205756,0.544,0.032
21149.270731131433,0.56,0.136
21149.270962057115,0.544,0.14400000000000002
21149.271192982793,0.56,0.28800000000000003
21149.27142390847,0.544,0.28800000000000003
21149.271654834152,0.552,0.352
21149.27188575983,0.544,0.352
21149.272116685508,0.56,0.376
21149.27234761119,0.544,0.376
21149.272578536868,0.552,0.384
21149.27280946255,0.544,0.384
21149.273040388227,0.56,0.392
21149.273271313905,0.544,0.384
21149.273502239586,0.56,0.384
21149.273733165264,0.544,0.384
21149.273964090942,0.56,0.392
21149.274195016624,0.544,0.392
21149.2744259423,0.56,0.384
21149.27465686798,0.544,0.384
21149.27488779366,0.552,0.392
21149.27511871934,0.544,0.384
21149.275349645017,0.56,0.392
21149.2755805707,0.544,0.384
21149.275811496376,0.56,0.384
21149.276042422058,0.544,0.384
21149.276273347736,0.5680000000000001,0.392
21149.276504273414,0.544,0.392
21149.276735199095,0.56,0.384
21149.276966124773,0.544,0.384
21149.27719705045,0.56,0.392
21149.277427976132,0.544,0.384
21149.27765890181,0.56,0.392
21149.27788982749,0.544,0.384
21149.27812075317,0.56,0.384
21149.278351678848,0.56,0.384
21149.27858260453,0.544,0.4
21149.278813530207,0.56,0.384
21149.279044455885,0.544,0.392
21149.279275381567,0.544,0.384
21149.279506307244,0.56,0.392
21149.279737232922,0.544,0.384
21149.279968158604,0.56,0.392
21149.28019908428,0.544,0.384
21149.28043000996,0.56,0.392
21149.28066093564,0.536,0.384
21149.28089186132,0.56,0.392
21149.281122786997,0.544,0.384
21149.28135371268,0.56,0.392
21149.281584638356,0.544,0.384
21149.281815564038,0.56,0.392
21149.282046489716,0.544,0.384
21149.282277415394,0.552,0.392
21149.282508341075,0.544,0.392
21149.282739266753,0.56,0.384
21149.28297019243,0.544,0.392
21149.283201118113,0.56,0.384
21149.28343204379,0.544,0.384
21149.28366296947,0.56,0.392
21149.28389389515,0.544,0.384
21149.284124820828,0.56,0.384
21149.28435574651,0.56,0.384
21149.284586672187,0.544,0.384
21149.284817597865,0.544,0.384
21149.285048523547,0.56,0.384
21149.285279449225,0.544,0.384
21149.285510374903,0.56,0.392
21149.285741300584,0.544,0.384
21149.285972226262,0.56,0.392
21149.28620315194,0.544,0.384
21149.28643407762,0.56,0.392
21149.2866650033,0.552,0.384
21149.286895928977,0.544,0.392
21149.28712685466,0.544,0.384
21149.287357780337,0.56,0.392
21149.287588706018,0.544,0.384
21149.287819631696,0.56,0.384
21149.288050557374,0.544,0.384
21149.288281483055,0.56,0.392
21149.288512408733,0.544,0.384
21149.28874333441,0.56,0.384
21149.288974260093,0.544,0.384
21149.28920518577,0.56,0.392
21149.28943611145,0.544,0.384
21149.28966703713,0.56,0.4
21149.289897962808,0.544,0.392
21149.29012888849,0.56,0.384
21149.290359814167,0.544,0.384
21149.290590739845,0.56,0.392
21149.290821665527,0.544,0.384
21149.291052591205,0.56,0.392
21149.291283516883,0.544,0.384
21149.291514442564,0.552,0.384
21149.291745368242,0.544,0.384
21149.29197629392,0.552,0.384
21149.2922072196,0.544,0.384
21149.29243814528,0.552,0.4
21149.292669070957,0.544,0.384
21149.29289999664,0.56,0.392
21149.293130922317,0.544,0.384
21149.293361848,0.552,0.384
21149.293592773676,0.544,0.384
21149.293823699354,0.552,0.392
21149.294054625036,0.544,0.384
21149.294285550714,0.56,0.392
21149.29451647639,0.56,0.384
21149.294747402073,0.536,0.392
21149.29497832775,0.544,0.384
21149.29520925343,0.56,0.392
21149.29544017911,0.544,0.384
21149.29567110479,0.56,0.392
21149.29590203047,0.552,0.384
21149.296132956148,0.536,0.384
21149.296363881826,0.536,0.384
21149.296594807507,0.512,0.392
21149.296825733185,0.496,0.384
21149.297056658863,0.52,0.384
21149.297287584544,0.512,0.384
21149.297518510222,0.504,0.392
21149.2977494359,0.496,0.384
21149.29798036158,0.512,0.392
21149.29821128726,0.512,0.384
21149.298442212938,0.536,0.384
21149.29867313862,0.536,0.384
21149.298904064297,0.52,0.392
21149.29913498998,0.512,0.392
21149.299365915656,0.496,0.40800000000000003
21149.299596841334,0.512,0.424
21149.299827767016,0.544,0.392
21149.300058692694,0.528,0.4
21149.30028961837,0.496,0.384
21149.300520544053,0.496,0.384
21149.30075146973,0.52,0.4
21149.30098239541,0.512,0.384
21149.30121332109,0.496,0.392
21149.30144424677,0.52,0.384
21149.30167517245,0.496,0.392
21149.301906098128,0.496,0.384
21149.302137023806,0.512,0.4
21149.302367949487,0.496,0.384
21149.302598875165,0.528,0.384
21149.302829800843,0.528,0.384
21149.303060726525,0.544,0.392
21149.303291652202,0.536,0.384
21149.30352257788,0.504,0.392
21149.303753503562,0.504,0.384
21149.30398442924,0.536,0.392
21149.304215354918,0.528,0.384
21149.3044462806,0.496,0.392
21149.304677206277,0.496,0.384
21149.30490813196,0.528,0.392
21149.305139057637,0.528,0.384
21149.305369983314,0.496,0.392
21149.305600908996,0.52,0.384
21149.305831834674,0.496,0.392
21149.30606276035,0.504,0.392
21149.306293686033,0.528,0.384
21149.30652461171,0.504,0.384
21149.30675553739,0.544,0.392
21149.30698646307,0.536,0.384
21149.30721738875,0.552,0.392
21149.30744831443,0.552,0.384
21149.307679240108,0.536,0.392
21149.307910165786,0.536,0.384
21149.308141091467,0.552,0.384
21149.308372017145,0.536,0.384
21149.308602942823,0.56,0.392
21149.308833868505,0.536,0.384
21149.309064794183,0.528,0.392
21149.30929571986,0.528,0.384
21149.309526645542,0.56,0.384
21149.30975757122,0.536,0.384
21149.309988496898,0.56,0.384
21149.31021942258,0.552,0.384
21149.310450348257,0.536,0.392
21149.31068127394,0.544,0.392
21149.310912199617,0.56,0.384
21149.311143125295,0.536,0.384
21149.311374050976,0.552,0.384
21149.316600561142,0.544,-0.016
21149.316871206564,0.56,0.0
21149.31714185198,0.544,-0.016
21149.317412497403,0.56,0.0
21149.31768314282,0.552,-0.016
21149.317953788242,0.536,0.0
21149.31822443366,0.56,-0.016
21149.318495079082,0.536,0.0
21149.3187657245,0.544,0.0
21149.31903636992,0.56,-0.016
21149.31930701534,0.56,-0.016
21149.31957766076,0.544,0.0
21149.31984830618,0.544,0.0
21149.3201189516,0.552,-0.016
21149.32038959702,0.544,-0.016
21149.32066024244,0.552,0.0
21149.320930887858,0.552,-0.016
21149.32120153328,0.536,0.0
21149.321472178697,0.552,-0.016
21149.32174282412,0.536,0.0
21149.322013469537,0.544,-0.008
21149.322284114958,0.56,0.008
21149.322554760376,0.544,0.008
21149.322825405798,0.552,0.096
21149.323096051216,0.544,0.096
21149.323366696637,0.56,0.256
21149.323637342055,0.56,0.264
21149.323907987477,0.544,0.352
21149.324178632894,0.56,0.352
21149.324449278316,0.536,0.392
21149.324719923734,0.544,0.384
21149.324990569155,0.56,0.40800000000000003
21149.325261214573,0.552,0.4
21149.325531859995,0.536,0.4
21149.325802505413,0.536,0.4
21149.326073150834,0.552,0.40800000000000003
21149.326343796252,0.544,0.4
21149.326614441674,0.56,0.40800000000000003
21149.32688508709,0.56,0.4
21149.327155732513,0.536,0.40800000000000003
21149.32742637793,0.544,0.4
21149.327697023353,0.552,0.40800000000000003
21149.32796766877,0.544,0.4
21149.328238314192,0.56,0.40800000000000003
21149.32850895961,0.544,0.4
21149.32877960503,0.552,0.40800000000000003
21149.32905025045,0.544,0.40800000000000003
21149.32932089587,0.552,0.4
21149.32959154129,0.56,0.4
21149.32986218671,0.536,0.40800000000000003
21149.33013283213,0.544,0.4
21149.33040347755,0.56,0.4
21149.330674122968,0.544,0.4
21149.33094476839,0.56,0.4
21149.331215413808,0.536,0.4
21149.33148605923,0.56,0.4
21149.331756704647,0.544,0.4
21149.33202735007,0.56,0.41600000000000004
21149.332297995486,0.544,0.4
21149.332568640908,0.56,0.40800000000000003
21149.332839286326,0.544,0.4
21149.333109931747,0.56,0.40800000000000003
21149.333380577165,0.536,0.4
21149.333651222587,0.56,0.40800000000000003
21149.333921868005,0.544,0.4
21149.334192513426,0.56,0.40800000000000003
21149.334463158844,0.536,0.4
21149.334733804266,0.56,0.40800000000000003
21149.335004449684,0.552,0.4
21149.335275095105,0.536,0.40800000000000003
21149.335545740523,0.544,0.4
21149.335816385945,0.56,0.4
21149.336087031363,0.544,0.4
21149.336357676784,0.56,0.40800000000000003
21149.336628322202,0.56,0.4
21149.336898967624,0.544,0.40800000000000003
21149.337169613045,0.544,0.392
21149.337440258463,0.552,0.40800000000000003
21149.337710903885,0.56,0.4
21149.337981549303,0.536,0.40800000000000003
21149.338252194724,0.544,0.40800000000000003
21149.338522840142,0.552,0.4
21149.338793485564,0.544,0.4
21149.33906413098,0.56,0.4
21149.339334776403,0.544,0.4
21149.33960542182,0.56,0.40800000000000003
21149.339876067243,0.544,0.4
21149.34014671266,0.56,0.40800000000000003
21149.340417358082,0.56,0.4
21149.3406880035,0.536,0.40800000000000003
21149.34095864892,0.544,0.4
21149.34122929434,0.56,0.40800000000000003
21149.34149993976,0.56,0.4
21149.34177058518,0.544,0.40800000000000003
21149.3420412306,0.544,0.40800000000000003
21149.34231187602,0.56,0.4
21149.34258252144,0.552,0.4
21149.342853166858,0.536,0.40800000000000003
21149.34312381228,0.536,0.40800000000000003
21149.343394457697,0.552,0.4
21149.34366510312,0.544,0.4
21149.343935748537,0.56,0.40800000000000003
21149.34420639396,0.536,0.4
21149.344477039376,0.56,0.4
21149.344747684798,0.544,0.4
21149.345018330216,0.56,0.40800000000000003
21149.345288975637,0.544,0.4
21149.345559621055,0.552,0.40800000000000003
21149.345830266477,0.536,0.40800000000000003
21149.346100911895,0.56,0.4
21149.346371557316,0.544,0.4
21149.346642202734,0.56,0.40800000000000003
21149.346912848156,0.544,0.4
21149.347183493574,0.56,0.4
21149.347454138995,0.544,0.4
21149.347724784413,0.56,0.40800000000000003
21149.347995429835,0.552,0.4
21149.348266075252,0.536,0.40800000000000003
21149.348536720674,0.552,0.4
21149.348807366092,0.536,0.40800000000000003
21149.349078011513,0.544,0.4
21149.34934865693,0.552,0.40800000000000003
21149.349619302353,0.552,0.4
21149.34988994777,0.536,0.40800000000000003
21149.350160593192,0.544,0.40800000000000003
21149.35043123861,0.56,0.4
21149.350701884032,0.544,0.4
21149.35097252945,0.56,0.40800000000000003
21149.35124317487,0.56,0.4
21149.35151382029,0.536,0.40800000000000003
21149.35178446571,0.56,0.4
21149.35205511113,0.544,0.40800000000000003
21149.35232575655,0.544,0.40800000000000003
21149.35259640197,0.552,0.4
21149.35286704739,0.552,0.4
21149.353137692808,0.544,0.4
21149.35340833823,0.536,0.4
21149.353678983647,0.552,0.40800000000000003
21149.35394962907,0.544,0.4
21149.354220274487,0.56,0.40800000000000003
21149.354490919908,0.536,0.4
21149.354761565326,0.56,0.40800000000000003
21149.355032210748,0.552,0.4
21149.355302856166,0.536,0.40800000000000003
21149.355573501587,0.544,0.4
21149.355844147005,0.56,0.40800000000000003
21149.356114792427,0.56,0.40800000000000003
21149.356385437844,0.536,0.4
21149.356656083266,0.552,0.40800000000000003
21149.356926728684,0.536,0.4
21149.357197374105,0.544,0.4
21149.357468019527,0.528,0.40800000000000003
21149.357738664945,0.528,0.4
21149.358009310366,0.504,0.4
21149.358279955784,0.512,0.4
21149.358550601206,0.496,0.4
21149.358821246624,0.496,0.4
21149.359091892045,0.52,0.392
21149.359362537463,0.496,0.4
21149.359633182885,0.512,0.40800000000000003
21149.359903828303,0.496,0.4
21149.360174473724,0.52,0.40800000000000003
21149.360445119142,0.496,0.4
21149.360715764564,0.52,0.40800000000000003
21149.36098640998,0.504,0.4
21149.361257055403,0.536,0.40800000000000003
21149.36152770082,0.528,0.4
21149.361798346243,0.544,0.40800000000000003
21149.36206899166,0.536,0.4
21149.362339637082,0.52,0.4
21149.3626102825,0.52,0.4
21149.36288092792,0.496,0.40800000000000003
21149.36315157334,0.496,0.4
21149.36342221876,0.528,0.4
21149.36369286418,0.544,0.4
21149.3639635096,0.52,0.40800000000000003
21149.36423415502,0.536,0.4
21149.36450480044,0.504,0.40800000000000003
21149.364775445858,0.496,0.40800000000000003
21149.36504609128,0.512,0.4
21149.365316736697,0.496,0.4
21149.36558738212,0.504,0.40800000000000003
21149.365858027537,0.496,0.4
21149.36612867296,0.512,0.40800000000000003
21149.366399318376,0.496,0.4
21149.366669963798,0.512,0.4
21149.366940609216,0.504,0.4
21149.367211254637,0.496,0.40800000000000003
21149.367481900055,0.496,0.4
21149.367752545477,0.512,0.40800000000000003
21149.368023190895,0.496,0.4
21149.368293836316,0.512,0.40800000000000003
21149.368564481734,0.496,0.4
21149.368835127156,0.536,0.40800000000000003
21149.369105772574,0.536,0.4
21149.369376417995,0.504,0.40800000000000003
21149.369647063413,0.504,0.4
21149.369917708835,0.544,0.40800000000000003
21149.370188354253,0.536,0.4
21149.370458999674,0.552,0.40800000000000003
21149.370729645092,0.536,0.4
21149.371000290514,0.552,0.40800000000000003
21149.37127093593,0.544,0.4
21149.371541581353,0.536,0.40800000000000003
21149.37181222677,0.536,0.4
21149.372082872193,0.552,0.4
21149.37235351761,0.536,0.4
21149.372624163032,0.552,0.40800000000000003
21149.37289480845,0.536,0.4
21149.37316545387,0.552,0.40800000000000003
21149.37343609929,0.536,0.4
21149.37370674471,0.552,0.40800000000000003
21149.37397739013,0.536,0.4
21149.37424803555,0.552,0.40800000000000003
21149.37451868097,0.536,0.4
21149.37478932639,0.552,0.4
21149.375059971808,0.536,0.4
21149.37533061723,0.552,0.40800000000000003
21149.375601262647,0.536,0.4
21149.37587190807,0.552,0.4
21149.376142553487,0.552,0.4
21149.37641319891,0.536,0.40800000000000003
21149.376683844326,0.536,0.40800000000000003
21149.376954489748,0.552,0.4
21149.377225135166,0.536,0.4
21149.377495780587,0.552,0.40800000000000003
21149.37776642601,0.552,0.4
21149.378037071427,0.536,0.40800000000000003
21149.37830771685,0.536,0.4
21149.378578362266,0.552,0.40800000000000003
21149.378849007688,0.536,0.4
21149.379119653106,0.552,0.40800000000000003
21149.379390298527,0.56,0.4
21149.379660943945,0.536,0.4
21149.379931589367,0.536,0.4
21149.380202234785,0.552,0.40800000000000003
21149.380472880206,0.536,0.40800000000000003
21149.380743525624,0.552,0.4
21149.381014171046,0.552,0.4
21149.381284816463,0.536,0.40800000000000003
21149.381555461885,0.56,0.4
21149.381826107303,0.544,0.40800000000000003
21149.382096752724,0.536,0.40800000000000003
21149.382367398142,0.552,0.392
21149.382638043564,0.544,0.41600000000000004
21149.382908688982,0.56,0.392
21149.383179334403,0.552,0.40800000000000003
21149.38344997982,0.536,0.4
21149.383720625243,0.56,0.40800000000000003
21149.38399127066,0.536,0.4
21149.384261916082,0.536,0.40800000000000003
21149.3845325615,0.56,0.4
21149.38480320692,0.536,0.4
21149.38507385234,0.56,0.40800000000000003
21149.38534449776,0.528,0.4
21149.38561514318,0.544,0.4
21149.3858857886,0.536,0.4
21149.38615643402,0.504,0.4
21149.38642707944,0.52,0.4
21149.386697724858,0.496,0.4
21149.38696837028,0.496,0.4
21149.387239015698,0.512,0.40800000000000003
21149.38750966112,0.512,0.4
21149.387780306537,0.496,0.40800000000000003
21149.38805095196,0.504,0.4
21149.388321597376,0.512,0.40800000000000003
21149.388592242798,0.496,0.4
21149.388862888216,0.52,0.40800000000000003
21149.389133533638,0.52,0.40800000000000003
21149.389404179055,0.536,0.392
21149.389674824477,0.536,0.392
21149.389945469895,0.496,0.34400000000000003
21149.390216115316,0.496,0.336
21149.390486760734,0.512,0.216
21149.390757406156,0.496,0.20800000000000002
21149.391028051574,0.512,0.08
21149.391298696995,0.512,0.07200000000000001
21149.391569342413,0.496,0.024
21149.391839987835,0.496,0.016
21149.392110633253,0.512,0.0
21149.392381278674,0.496,0.0
21149.392651924092,0.528,-0.008
21149.392922569514,0.512,0.0
21149.39319321493,0.536,-0.008
21149.393463860353,0.504,0.0
21149.39373450577,0.528,-0.008
21149.394005151193,0.496,-0.008
21149.39427579661,0.512,0.0
21149.394546442032,0.512,-0.008
21149.39481708745,0.488,0.0
21149.39508773287,0.496,0.0
21149.39535837829,0.52,-0.008
21149.39562902371,0.52,-0.008
21149.39589966913,0.496,0.0
21149.39617031455,0.496,0.0
21149.39644095997,0.536,-0.008
21149.39671160539,0.536,0.0
21149.396982250808,0.552,-0.008
21149.39725289623,0.536,-0.008
21149.397523541647,0.552,0.0
21149.39779418707,0.536,0.0
21149.39806483249,0.552,-0.008
21149.39833547791,0.536,0.0
21149.39860612333,0.552,-0.008
21149.398876768748,0.536,0.0
21149.39914741417,0.552,-0.008
21149.399418059587,0.536,0.0
21149.39968870501,0.552,-0.008
21149.399959350427,0.536,0.0
21149.40022999585,0.56,-0.008
21149.400500641266,0.536,0.0
21149.400771286688,0.552,-0.008
21149.401041932106,0.536,-0.008
21149.401312577527,0.552,0.0
21149.401583222945,0.552,0.0
21149.401853868367,0.536,-0.008
21149.402124513785,0.536,0.0
21149.402395159206,0.552,-0.016
21149.402665804624,0.552,-0.008
21149.402936450046,0.536,0.0
21149.403207095464,0.536,0.0
21149.403477740885,0.552,-0.016
21149.403748386303,0.536,0.0
21149.404019031725,0.56,-0.016
21149.404289677143,0.536,0.0
21149.404560322564,0.552,-0.008
21149.404830967982,0.536,0.0
21149.405101613404,0.56,-0.008
21149.40537225882,0.536,0.0
21149.405642904243,0.552,-0.008
21149.40591354966,0.536,0.0
21149.406184195082,0.552,-0.016
21149.4064548405,0.536,-0.008
21149.406725485922,0.56,0.0
21149.40699613134,0.552,-0.008
21149.40726677676,0.536,0.0
21149.40753742218,0.536,0.0
21149.4078080676,0.552,-0.008
21149.40807871302,0.536,-0.016
21149.40834935844,0.552,0.0
21149.40862000386,0.544,-0.016
21149.40889064928,0.56,0.0
21149.409161294698,0.544,0.0
21149.40943194012,0.552,-0.016
21149.409702585537,0.536,-0.008
21149.40997323096,0.552,0.0
21149.410243876377,0.544,-0.016
21149.410514521798,0.56,0.0
21149.410785167216,0.536,-0.008
21149.411055812638,0.552,0.0
21149.411326458056,0.544,0.0
21149.411597103477,0.56,-0.016
21149.411867748895,0.56,0.0
21149.412138394317,0.536,-0.016
21149.412409039734,0.536,0.0
21149.412679685156,0.56,-0.016
21149.412950330574,0.544,-0.016
21149.413220975996,0.552,0.0
21149.413491621413,0.536,0.0
21149.413762266835,0.552,-0.016
21149.414032912253,0.544,-0.016
21149.414303557674,0.56,0.0
21149.414574203092,0.544,-0.016
21149.414844848514,0.56,0.0
21149.41511549393,0.56,0.0
21149.415386139353,0.536,-0.016
21149.41565678477,0.552,-0.016
21149.415927430193,0.536,0.0
21149.41619807561,0.536,0.0
21149.416468721032,0.56,-0.016
21149.41673936645,0.552,0.0
21149.41701001187,0.536,-0.016
21149.41728065729,0.544,0.0
21149.41755130271,0.56,-0.016
21149.41782194813,0.544,-0.016
21149.41809259355,0.56,0.0
21149.418363238972,0.544,0.0
21149.41863388439,0.552,-0.016
21149.41890452981,0.552,-0.016
21149.41917517523,0.544,0.0
21149.41944582065,0.544,-0.016
21149.41971646607,0.56,0.0
21149.41998711149,0.544,0.0
21149.42025775691,0.56,-0.016
21149.42052840233,0.544,-0.016
21149.420799047748,0.56,0.0
21149.42106969317,0.544,-0.008
21149.421340338587,0.56,0.0
21149.42161098401,0.56,0.0
21149.421881629427,0.536,-0.016
21149.42215227485,0.544,-0.016
21149.422422920266,0.56,0.0
21149.422693565688,0.544,0.0
21149.422964211106,0.552,-0.016
21149.423234856527,0.536,0.0
21149.423505501945,0.552,-0.016
21149.423776147367,0.544,0.0
21149.424046792785,0.56,-0.016
21149.424317438206,0.544,0.0
21149.424588083624,0.56,-0.016
21149.424858729046,0.56,0.0
21149.425129374464,0.544,-0.016
21149.425400019885,0.544,-0.016
21149.425670665303,0.56,0.0
21149.425941310725,0.544,-0.016
21149.426211956143,0.56,0.0
21149.426482601564,0.536,0.0
21149.426753246982,0.56,-0.016
21149.427023892404,0.536,0.0
21149.42729453782,0.56,-0.016
21149.427565183243,0.544,0.0
21149.42783582866,0.56,-0.016
21149.428106474083,0.544,-0.016
21149.4283771195,0.56,0.0
21149.428647764922,0.544,0.0
21149.42891841034,0.56,-0.008
21149.42918905576,0.56,-0.016
21149.42945970118,0.536,0.0
21149.4297303466,0.544,-0.016
21149.43000099202,0.56,0.0
21149.43027163744,0.544,0.0
21149.43054228286,0.56,-0.016
21149.43081292828,0.56,0.0
21149.431083573698,0.536,-0.016
21149.43135421912,0.544,-0.016
21149.431624864537,0.56,0.0
21149.43189550996,0.544,-0.016
21149.432166155377,0.56,0.0
21149.4324368008,0.552,-0.016
21149.432707446216,0.536,0.0
21149.432978091638,0.544,-0.016
21149.433248737056,0.552,0.0
21149.433519382477,0.544,0.0
21149.433790027895,0.552,-0.016
21149.434060673317,0.544,-0.016
21149.434331318735,0.552,0.0
21149.434601964156,0.56,-0.016
21149.434872609574,0.544,0.0
21149.435143254996,0.544,0.0
21149.435413900414,0.552,-0.016
21149.435684545835,0.544,0.0
21149.435955191253,0.56,-0.016
21149.436225836675,0.544,-0.016
21149.436496482092,0.56,0.0
21149.436767127514,0.56,0.0
21149.437037772932,0.544,-0.016
21149.437308418353,0.536,-0.016
21149.43757906377,0.552,0.0
21149.437849709193,0.544,0.0
21149.43812035461,0.56,-0.016
21149.438391000032,0.544,-0.016
21149.438661645454,0.56,0.0
21149.438932290872,0.544,0.0
21149.439202936293,0.56,-0.016
21149.43947358171,0.544,0.0
21149.439744227133,0.56,-0.016
21149.44001487255,0.544,0.0
21149.440285517972,0.552,-0.016
21149.44055616339,0.544,0.0
21149.440826808812,0.56,-0.016
21149.44109745423,0.544,0.0
21149.44136809965,0.552,-0.016
21149.44163874507,0.544,0.0
21149.44190939049,0.552,-0.016
21149.44218003591,0.544,0.0
21149.44245068133,0.56,-0.016
21149.442721326748,0.544,0.0
21149.44299197217,0.56,-0.016
21149.443262617588,0.552,-0.016
21149.44353326301,0.536,0.0
21149.443803908427,0.536,-0.016
21149.44407455385,0.56,0.0
21149.444345199267,0.544,0.0
21149.444615844688,0.56,-0.016
21149.444886490106,0.544,0.0
21149.445157135528,0.56,-0.016
21149.445427780945,0.56,-0.016
21149.445698426367,0.544,0.0
21149.445969071785,0.552,0.0
21149.446239717206,0.544,-0.016
21149.446510362624,0.544,0.0
21149.446781008046,0.56,-0.016
21149.447051653464,0.544,0.0
21149.447322298885,0.552,-0.016
21149.447592944303,0.544,-0.016
21149.447863589725,0.56,0.0
21149.448134235143,0.544,0.0
21149.448404880564,0.56,-0.016
21149.448675525982,0.536,-0.016
21149.448946171404,0.56,0.0
21149.44921681682,0.544,-0.016
21149.449487462243,0.56,0.0
21149.44975810766,0.544,0.0
21149.450028753083,0.552,-0.016
21149.4502993985,0.536,0.0
21149.450570043922,0.56,-0.016
21149.45084068934,0.552,-0.016
21149.45111133476,0.544,0.0
21149.45138198018,0.544,0.0
21149.4516526256,0.552,-0.016
21149.45192327102,0.544,-0.016
21149.45219391644,0.56,0.0
21149.45246456186,0.544,0.0
21149.45273520728,0.56,-0.016
21149.453005852698,0.544,-0.016
21149.45327649812,0.56,0.0
21149.453547143537,0.544,-0.016
21149.45381778896,0.56,0.0
21149.454088434377,0.536,0.0
21149.4543590798,0.56,-0.016
21149.454629725216,0.544,-0.016
21149.454900370638,0.56,0.0
21149.455171016056,0.544,0.0
21149.455441661477,0.56,-0.016
21149.455712306895,0.544,0.0
21149.455982952317,0.56,-0.016
21149.456253597735,0.56,0.0
21149.456524243156,0.544,-0.016
21149.456794888574,0.544,0.0
21149.457065533996,0.56,-0.016
21149.457336179414,0.544,-0.008
21149.457606824835,0.56,0.016
21149.457877470253,0.544,0.016
21149.458148115675,0.56,0.112
21149.458418761093,0.544,0.12
21149.458689406514,0.56,0.296
21149.458960051936,0.544,0.304
21149.459230697354,0.56,0.41600000000000004
21149.459501342775,0.536,0.41600000000000004
21149.459771988193,0.56,0.456
21149.460042633615,0.544,0.448
21149.460313279033,0.56,0.40800000000000003
21149.460583924454,0.544,0.40800000000000003
21149.460854569872,0.552,0.432
21149.461125215294,0.552,0.432
21149.46139586071,0.544,0.464
21149.461666506133,0.544,0.456
21149.46193715155,0.552,0.47200000000000003
21149.462207796973,0.544,0.456
21149.46247844239,0.56,0.47200000000000003
21149.462749087812,0.544,0.47200000000000003
21149.46301973323,0.56,0.456
21149.46329037865,0.544,0.456
21149.46356102407,0.56,0.424
21149.46383166949,0.56,0.424
21149.46410231491,0.544,0.40800000000000003
21149.46437296033,0.544,0.41600000000000004
21149.46464360575,0.56,0.40800000000000003
21149.46491425117,0.552,0.40800000000000003
21149.465184896588,0.536,0.464
21149.46545554201,0.544,0.448
21149.465726187427,0.56,0.47200000000000003
21149.46599683285,0.544,0.448
21149.466267478267,0.552,0.47200000000000003
21149.46653812369,0.544,0.448
21149.466808769106,0.56,0.464
21149.467079414528,0.544,0.44
21149.467350059946,0.56,0.40800000000000003
21149.467620705367,0.544,0.4
21149.467891350785,0.56,0.41600000000000004
21149.468161996207,0.544,0.40800000000000003
21149.468432641625,0.552,0.44
21149.468703287046,0.552,0.456
21149.468973932464,0.544,0.41600000000000004
21149.469244577886,0.544,0.40800000000000003
21149.469515223303,0.56,0.44
21149.469785868725,0.544,0.456
21149.470056514143,0.56,0.448
21149.470327159564,0.544,0.448
21149.470597804982,0.56,0.464
21149.470868450404,0.544,0.456
21149.471139095822,0.56,0.448
21149.471409741243,0.552,0.456
21149.47168038666,0.544,0.432
21149.471951032083,0.544,0.448
21149.4722216775,0.56,0.464
21149.472492322922,0.56,0.464
21149.47276296834,0.536,0.448
21149.47303361376,0.544,0.47200000000000003
21149.47330425918,0.56,0.456
21149.4735749046,0.544,0.456
21149.47384555002,0.56,0.47200000000000003
21149.47411619544,0.544,0.464
21149.47438684086,0.56,0.47200000000000003
21149.47465748628,0.536,0.464
21149.474928131698,0.56,0.448
21149.47519877712,0.544,0.456
21149.475469422538,0.56,0.47200000000000003
21149.47574006796,0.552,0.47200000000000003
21149.476010713377,0.536,0.448
21149.4762813588,0.544,0.456
21149.476552004217,0.56,0.47200000000000003
21149.476822649638,0.544,0.456
21149.477093295056,0.56,0.47200000000000003
21149.477363940478,0.544,0.456
21149.477634585895,0.552,0.47200000000000003
21149.477905231317,0.536,0.448
21149.478175876735,0.552,0.47200000000000003
21149.478446522156,0.544,0.456
21149.478717167574,0.56,0.47200000000000003
21149.478987812996,0.536,0.47200000000000003
21149.479258458417,0.56,0.448
21149.479529103835,0.544,0.464
21149.479799749257,0.56,0.432
21149.480070394675,0.552,0.44
21149.480341040096,0.544,0.424
21149.480611685514,0.544,0.424
21149.480882330936,0.56,0.456
21149.481152976354,0.544,0.448
21149.481423621775,0.56,0.464
21149.481694267193,0.544,0.47200000000000003
21149.481964912615,0.56,0.456
21149.482235558033,0.544,0.456
21149.482506203454,0.56,0.41600000000000004
21149.482776848872,0.536,0.424
21149.483047494294,0.56,0.40800000000000003
21149.48331813971,0.544,0.40800000000000003
21149.483588785133,0.56,0.44
21149.48385943055,0.544,0.432
21149.484130075973,0.56,0.456
21149.48440072139,0.544,0.456
21149.484671366812,0.56,0.47200000000000003
21149.48494201223,0.544,0.448
21149.48521265765,0.56,0.47200000000000003
21149.48548330307,0.544,0.47200000000000003
21149.48575394849,0.56,0.448
21149.48602459391,0.544,0.456
21149.48629523933,0.56,0.40800000000000003
21149.48656588475,0.56,0.40800000000000003
21149.48683653017,0.536,0.448
21149.487107175588,0.56,0.448
21149.48737782101,0.536,0.456
21149.487648466427,0.536,0.464
21149.48791911185,0.56,0.40800000000000003
21149.488189757267,0.544,0.41600000000000004
21149.48846040269,0.56,0.392
21149.488731048106,0.536,0.40800000000000003
21149.489001693528,0.552,0.392
21149.489272338946,0.544,0.4
21149.489542984367,0.56,0.40800000000000003
21149.489813629785,0.544,0.40800000000000003
21149.490084275207,0.56,0.4
21149.490354920625,0.544,0.4
21149.490625566046,0.552,0.41600000000000004
21149.490896211464,0.544,0.4
21149.491166856886,0.552,0.40800000000000003
21149.491437502304,0.56,0.4
21149.491708147725,0.536,0.40800000000000003
21149.491978793143,0.56,0.4
21149.492249438565,0.536,0.40800000000000003
21149.492520083983,0.552,0.4
21149.492790729404,0.536,0.40800000000000003
21149.493061374822,0.544,0.4
21149.493332020244,0.56,0.40800000000000003
21149.49360266566,0.544,0.4
21149.493873311083,0.56,0.40800000000000003
21149.4941439565,0.544,0.4
21149.494414601922,0.56,0.40800000000000003
21149.49468524734,0.544,0.40800000000000003
21149.494955892762,0.56,0.4
21149.49522653818,0.544,0.4
21149.4954971836,0.56,0.40800000000000003
21149.49576782902,0.544,0.4
21149.49603847444,0.56,0.40800000000000003
21149.49630911986,0.544,0.4
21149.49657976528,0.56,0.40800000000000003
21149.4968504107,0.544,0.4
21149.49712105612,0.56,0.40800000000000003
21149.497391701538,0.536,0.4
21149.49766234696,0.56,0.40800000000000003
21149.497932992377,0.536,0.4
21149.4982036378,0.56,0.4
21149.498474283217,0.544,0.4
21149.49874492864,0.56,0.40800000000000003
21149.499015574056,0.544,0.40800000000000003
21149.499286219478,0.552,0.4
21149.4995568649,0.544,0.392
21149.499827510317,0.56,0.40800000000000003
21149.50009815574,0.544,0.4
21149.500368801157,0.56,0.40800000000000003
21149.500639446578,0.56,0.4
21149.500910091996,0.536,0.40800000000000003
21149.501180737418,0.544,0.4
21149.501451382836,0.56,0.40800000000000003
21149.501722028257,0.56,0.4
21149.501992673675,0.544,0.40800000000000003
21149.502263319097,0.544,0.4
21149.502533964514,0.56,0.40800000000000003
21149.502804609936,0.536,0.4
21149.503075255354,0.56,0.4
21149.503345900775,0.56,0.4
21149.503616546193,0.544,0.40800000000000003
21149.503887191615,0.544,0.4
21149.504157837033,0.56,0.40800000000000003
21149.504428482454,0.544,0.4
21149.504699127872,0.552,0.41600000000000004
21149.504969773294,0.544,0.4
21149.50524041871,0.56,0.40800000000000003
21149.505511064133,0.544,0.40800000000000003
21149.50578170955,0.56,0.4
21149.506052354973,0.544,0.4
21149.50632300039,0.56,0.40800000000000003
21149.506593645812,0.544,0.4
21149.50686429123,0.56,0.40800000000000003
21149.50713493665,0.544,0.4
21149.50740558207,0.552,0.4
21149.50767622749,0.536,0.4
21149.50794687291,0.56,0.41600000000000004
21149.50821751833,0.552,0.40800000000000003
21149.50848816375,0.536,0.4
21149.50875880917,0.544,0.4
21149.509029454588,0.56,0.40800000000000003
21149.50930010001,0.544,0.4
21149.509570745427,0.56,0.40800000000000003
21149.50984139085,0.544,0.4
21149.510112036267,0.56,0.40800000000000003
21149.51038268169,0.56,0.4
21149.510653327106,0.536,0.41600000000000004
21149.510923972528,0.544,0.4
21149.511194617946,0.56,0.40800000000000003
21149.511465263367,0.544,0.4
21149.511735908785,0.56,0.40800000000000003
21149.512006554207,0.544,0.4
21149.512277199625,0.56,0.40800000000000003
21149.512547845046,0.56,0.4
21149.512818490464,0.544,0.40800000000000003
21149.513089135886,0.544,0.4
21149.513359781304,0.56,0.40800000000000003
21149.513630426725,0.56,0.4
21149.513901072143,0.536,0.40800000000000003
21149.514171717565,0.544,0.4
21149.514442362983,0.56,0.40800000000000003
21149.514713008404,0.544,0.40800000000000003
21149.514983653822,0.56,0.4
21149.515254299244,0.56,0.4
21149.51552494466,0.544,0.40800000000000003
21149.515795590083,0.544,0.4
21149.5160662355,0.56,0.40800000000000003
21149.516336880923,0.536,0.4
21149.51660752634,0.56,0.4
21149.516878171762,0.56,0.4
21149.51714881718,0.536,0.40800000000000003
21149.5174194626,0.544,0.4
21149.51769010802,0.56,0.40800000000000003
21149.51796075344,0.544,0.40800000000000003
21149.51823139886,0.552,0.4
21149.51850204428,0.544,0.4
21149.5187726897,0.552,0.40800000000000003
21149.51904333512,0.552,0.4
21149.519313980538,0.536,0.40800000000000003
21149.51958462596,0.544,0.4
21149.51985527138,0.56,0.40800000000000003
21149.5201259168,0.552,0.4
21149.52039656222,0.536,0.40800000000000003
21149.52066720764,0.544,0.4
21149.52093785306,0.56,0.40800000000000003
21149.521208498478,0.544,0.4
21149.5214791439,0.56,0.40800000000000003
21149.521749789317,0.544,0.4
21149.52202043474,0.56,0.40800000000000003
21149.522291080157,0.544,0.40800000000000003
21149.52256172558,0.552,0.4
21149.522832370996,0.544,0.4
21149.523103016418,0.56,0.41600000000000004
21149.523373661836,0.544,0.40800000000000003
21149.523644307257,0.552,0.4
21149.523914952675,0.552,0.4
21149.524185598097,0.536,0.41600000000000004
21149.524456243515,0.544,0.40800000000000003
21149.524726888936,0.56,0.392
21149.524997534354,0.56,0.392
21149.525268179776,0.544,0.34400000000000003
21149.525538825194,0.56,0.34400000000000003
21149.525809470615,0.544,0.20800000000000002
21149.526080116033,0.544,0.2
21149.526350761455,0.56,0.08
21149.526621406872,0.544,0.07200000000000001
21149.526892052294,0.56,0.016
21149.527162697712,0.56,0.016
21149.527433343133,0.544,-0.008
21149.52770398855,0.544,0.0
21149.527974633973,0.56,-0.008
21149.52824527939,0.544,-0.008
21149.528515924812,0.56,0.0
21149.52878657023,0.544,-0.008
21149.529057215652,0.56,0.0
21149.52932786107,0.544,-0.008
21149.52959850649,0.552,0.0
21149.52986915191,0.56,0.0
21149.53013979733,0.536,-0.008
21149.53041044275,0.544,-0.008
21149.53068108817,0.56,0.0
21149.530951733588,0.544,-0.008
21149.53122237901,0.56,0.0
21149.531493024428,0.544,0.0
21149.53176366985,0.56,-0.008
21149.532034315267,0.544,0.0
21149.53230496069,0.552,-0.008
21149.532575606107,0.544,0.0
21149.532846251528,0.56,-0.008
21149.533116896946,0.552,0.0
21149.533387542368,0.536,-0.016
21149.533658187785,0.544,-0.008
21149.533928833207,0.56,0.0
21149.534199478625,0.544,0.0
21149.534470124046,0.552,-0.008
21149.534740769464,0.536,-0.008
21149.535011414886,0.552,0.0
21149.535282060304,0.544,0.0
21149.535552705725,0.56,-0.008
21149.535823351143,0.544,0.0
21149.536093996565,0.56,-0.008
21149.536364641983,0.544,-0.008
21149.536635287404,0.552,0.0
21149.536905932822,0.544,0.0
21149.537176578244,0.56,-0.016
21149.53744722366,0.544,0.0
21149.537717869083,0.56,-0.016
21149.5379885145,0.544,0.0
21149.538259159923,0.56,-0.016
21149.53852980534,0.544,-0.008
21149.538800450762,0.552,0.0
21149.53907109618,0.544,-0.008
21149.5393417416,0.56,0.0
21149.53961238702,0.544,0.0
21149.53988303244,0.56,-0.008
21149.540153677863,0.544,0.0
21149.54042432328,0.56,-0.008
21149.540694968702,0.544,0.0
21149.54096561412,0.56,-0.016
21149.54123625954,0.544,-0.008
21149.54150690496,0.56,0.0
21149.54177755038,0.544,0.0
21149.5420481958,0.552,-0.008
21149.54231884122,0.544,0.0
21149.54258948664,0.56,-0.016
21149.54286013206,0.544,0.0
21149.543130777478,0.56,-0.016
21149.5434014229,0.544,0.0
21149.543672068317,0.56,-0.008
21149.54394271374,0.56,0.0
21149.544213359157,0.544,-0.008
21149.54448400458,0.56,0.0
21149.544754649996,0.544,-0.016
21149.545025295418,0.544,0.0
21149.545295940836,0.56,-0.016
21149.545566586257,0.552,0.0
21149.545837231675,0.544,-0.016
21149.546107877097,0.552,0.0
21149.546378522515,0.536,-0.016
21149.546649167936,0.544,0.0
21149.546919813354,0.552,-0.016
21149.547190458776,0.544,0.0
21149.547461104194,0.56,-0.016
21149.547731749615,0.544,0.0
21149.548002395033,0.56,-0.016
21149.548273040455,0.552,0.0
21149.548543685873,0.536,-0.016
21149.548814331294,0.544,0.0
21149.549084976712,0.56,-0.016
21149.549355622134,0.544,0.0
21149.54962626755,0.56,-0.016
21149.549896912973,0.544,0.0
21149.55016755839,0.56,-0.016
21149.550438203813,0.552,-0.008
21149.55070884923,0.528,0.0
21149.550979494652,0.528,-0.008
21149.55125014007,0.504,0.0
21149.55152078549,0.536,0.0
21149.55179143091,0.504,-0.016
21149.55206207633,0.52,0.0
21149.55233272175,0.504,-0.016
21149.55260336717,0.504,-0.016
21149.55287401259,0.536,0.0
21149.55314465801,0.528,0.0
21149.553415303428,0.504,-0.016
21149.55368594885,0.496,0.0
21149.553956594267,0.536,-0.016
21149.55422723969,0.528,-0.008
21149.554497885107,0.536,0.0
21149.55476853053,0.528,-0.008
21149.555039175946,0.544,0.0
21149.555309821368,0.536,0.0
21149.555580466786,0.504,-0.016
21149.555851112207,0.512,-0.016
21149.556121757625,0.496,0.0
21149.556392403047,0.496,-0.016
21149.556663048465,0.504,0.0
21149.556933693886,0.504,-0.016
21149.557204339304,0.536,0.0
21149.557474984726,0.536,-0.008
21149.557745630143,0.496,0.0
21149.558016275565,0.496,-0.016
21149.558286920983,0.528,0.0
21149.558557566404,0.504,0.0
21149.558828211822,0.544,-0.016
21149.559098857244,0.536,-0.016
21149.559369502662,0.552,0.0
21149.559640148083,0.536,0.0
21149.5599107935,0.544,-0.016
21149.560181438923,0.536,-0.016
21149.560452084344,0.552,0.0
21149.560722729762,0.552,-0.008
21149.560993375184,0.544,0.0
21149.5612640206,0.552,0.0
21149.561534666023,0.536,-0.016
21149.56180531144,0.536,0.0
21149.562075956863,0.56,-0.016
21149.56234660228,0.552,0.0
21149.562617247702,0.536,-0.016
21149.56288789312,0.536,0.0
21149.56315853854,0.552,-0.016
21149.56342918396,0.552,-0.016
21149.56369982938,0.536,0.0
21149.5639704748,0.536,-0.016
21149.56424112022,0.552,0.0
21149.56451176564,0.536,0.0
21149.56478241106,0.552,-0.016
21149.565053056478,0.536,0.0
21149.5653237019,0.552,-0.016
21149.565594347318,0.552,0.0
21149.56586499274,0.536,-0.016
21149.566135638157,0.536,0.0
21149.56640628358,0.552,-0.016
21149.566676928996,0.536,0.0
21149.566947574418,0.56,-0.008
21149.567218219836,0.536,0.0
21149.567488865257,0.552,-0.016
21149.567759510675,0.536,-0.016
21149.568030156097,0.56,0.0
21149.568300801515,0.536,0.0
21149.568571446936,0.552,-0.016
21149.568842092354,0.544,-0.016
21149.569112737776,0.56,0.0
21149.569383383194,0.552,-0.016
21149.569654028615,0.536,0.0
21149.569924674033,0.536,-0.016
21149.570195319455,0.552,0.0
21149.570465964873,0.536,0.0
21149.570736610294,0.56,-0.008
21149.571007255712,0.536,0.0
21149.571277901134,0.56,-0.016
21149.57154854655,0.544,-0.016
21149.571819191973,0.56,0.0
21149.57208983739,0.544,0.0
21149.572360482813,0.56,-0.016
21149.57263112823,0.544,-0.016
21149.572901773652,0.56,0.0
21149.57317241907,0.552,0.0
21149.57344306449,0.536,-0.016
21149.57371370991,0.544,0.0
21149.57398435533,0.552,-0.016
21149.57425500075,0.544,0.0
21149.57452564617,0.552,-0.016
21149.57479629159,0.536,-0.016
21149.57506693701,0.56,0.0
21149.575337582428,0.544,0.0
21149.57560822785,0.56,-0.016
21149.575878873267,0.56,0.0
21149.57614951869,0.536,-0.016
21149.576420164107,0.536,-0.016
21149.57669080953,0.56,0.0
21149.576961454946,0.56,-0.016
21149.577232100368,0.544,0.0
21149.577502745786,0.552,0.0
21149.577773391207,0.536,-0.016
21149.578044036625,0.544,-0.016
21149.578314682047,0.56,0.0
21149.578585327465,0.56,-0.016
21149.578855972886,0.536,0.0
21149.579126618304,0.536,0.0
21149.579397263726,0.552,-0.016
21149.579667909144,0.536,0.0
21149.579938554565,0.56,-0.016
21149.580209199983,0.544,0.0
21149.580479845405,0.56,-0.016
21149.580750490826,0.536,0.0
21149.581021136244,0.552,-0.016
21149.581291781666,0.544,-0.016
21149.581562427084,0.552,0.0
21149.581833072505,0.544,-0.016
21149.582103717923,0.56,0.0
21149.582374363345,0.544,0.0
21149.582645008762,0.56,-0.016
21149.582915654184,0.544,0.0
21149.583186299602,0.56,-0.016
21149.583456945023,0.536,0.0
21149.58372759044,0.56,-0.016
21149.583998235863,0.536,0.0
21149.58426888128,0.56,-0.016
21149.584539526702,0.544,-0.016
21149.58481017212,0.56,0.0
21149.585080817542,0.544,0.0
21149.58535146296,0.56,-0.016
21149.58562210838,0.536,0.0
21149.5858927538,0.56,-0.016
21149.58616339922,0.544,-0.016
21149.58643404464,0.56,0.0
21149.58670469006,0.544,0.0
21149.58697533548,0.56,-0.016
21149.5872459809,0.552,0.0
21149.587516626318,0.544,-0.016
21149.58778727174,0.544,-0.016
21149.588057917157,0.56,0.0
21149.58832856258,0.536,-0.016
21149.588599207997,0.56,0.0
21149.588869853418,0.544,0.0
21149.589140498836,0.56,-0.016
21149.589411144258,0.552,-0.016
21149.589681789676,0.536,0.0
21149.589952435097,0.544,-0.016
21149.590223080515,0.56,0.0
21149.590493725937,0.544,-0.016
21149.590764371354,0.552,0.0
21149.591035016776,0.544,0.0
21149.591305662194,0.56,-0.016
21149.591576307615,0.536,-0.016
21149.591846953033,0.56,0.0
21149.592117598455,0.544,-0.016
21149.592388243873,0.552,0.0
21149.592658889294,0.544,-0.008
21149.592929534712,0.56,0.008
21149.593200180134,0.544,0.008
21149.59347082555,0.56,0.096
21149.593741470973,0.544,0.096
21149.59401211639,0.552,0.248
21149.594282761813,0.544,0.256
21149.59455340723,0.56,0.352
21149.594824052652,0.56,0.352
21149.59509469807,0.536,0.384
21149.59536534349,0.544,0.384
21149.59563598891,0.56,0.4
21149.59590663433,0.552,0.392
21149.59617727975,0.544,0.40800000000000003
21149.59644792517,0.544,0.40800000000000003
21149.59671857059,0.56,0.4
21149.59698921601,0.544,0.40800000000000003
21149.597259861428,0.56,0.4
21149.59753050685,0.544,0.4
21149.597801152267,0.56,0.4
21149.59807179769,0.544,0.4
21149.598342443107,0.56,0.40800000000000003
21149.59861308853,0.544,0.4
21149.598883733946,0.56,0.40800000000000003
21149.599154379368,0.544,0.40800000000000003
21149.599425024786,0.56,0.4
21149.599695670207,0.544,0.4
21149.599966315625,0.552,0.40800000000000003
21149.600236961047,0.544,0.4
21149.600507606465,0.56,0.4
21149.600778251886,0.544,0.4
21149.601048897308,0.56,0.40800000000000003
21149.601319542726,0.56,0.4
21149.601590188147,0.544,0.40800000000000003
21149.601860833565,0.544,0.4
21149.602131478987,0.56,0.40800000000000003
21149.602402124405,0.544,0.4
21149.602672769826,0.56,0.40800000000000003
21149.602943415244,0.544,0.4
21149.603214060666,0.552,0.40800000000000003
21149.603484706084,0.544,0.4
21149.603755351505,0.552,0.40800000000000003
21149.604025996923,0.544,0.4
21149.604296642345,0.56,0.41600000000000004
21149.604567287763,0.544,0.4
21149.604837933184,0.56,0.40800000000000003
21149.605108578602,0.544,0.4
21149.605379224024,0.56,0.41600000000000004
21149.60564986944,0.544,0.40800000000000003
21149.605920514863,0.552,0.4
21149.60619116028,0.544,0.4
21149.606461805703,0.56,0.4
21149.60673245112,0.544,0.4
21149.607003096542,0.56,0.40800000000000003
21149.60727374196,0.544,0.4
21149.60754438738,0.56,0.40800000000000003
21149.6078150328,0.536,0.4
21149.60808567822,0.56,0.40800000000000003
21149.60835632364,0.544,0.40800000000000003
21149.60862696906,0.56,0.4
21149.60889761448,0.544,0.4
21149.6091682599,0.56,0.40800000000000003
21149.609438905318,0.544,0.4
21149.60970955074,0.56,0.40800000000000003
21149.609980196157,0.544,0.4
21149.61025084158,0.56,0.40800000000000003
21149.610521486997,0.536,0.4
21149.61079213242,0.552,0.40800000000000003
21149.611062777836,0.56,0.4
21149.611333423258,0.536,0.4
21149.611604068676,0.544,0.4
21149.611874714097,0.552,0.4
21149.612145359515,0.544,0.4
21149.612416004937,0.56,0.4
21149.612686650355,0.544,0.4
21149.612957295776,0.56,0.40800000000000003
21149.613227941194,0.544,0.40800000000000003
21149.613498586616,0.56,0.4
21149.613769232034,0.544,0.4
21149.614039877455,0.56,0.40800000000000003
21149.614310522873,0.536,0.4
21149.614581168295,0.56,0.41600000000000004
21149.614851813712,0.544,0.4
21149.615122459134,0.56,0.40800000000000003
21149.615393104552,0.544,0.4
21149.615663749973,0.56,0.4
21149.61593439539,0.544,0.4
21149.616205040813,0.56,0.40800000000000003
21149.61647568623,0.552,0.4
21149.616746331652,0.544,0.4
21149.61701697707,0.544,0.4
21149.617287622492,0.552,0.40800000000000003
21149.61755826791,0.552,0.4
21149.61782891333,0.536,0.40800000000000003
21149.61809955875,0.536,0.40800000000000003
21149.61837020417,0.56,0.4
21149.61864084959,0.544,0.40800000000000003
21149.61891149501,0.56,0.4
21149.619182140428,0.544,0.4
21149.61945278585,0.56,0.41600000000000004
21149.619723431268,0.544,0.40800000000000003
21149.61999407669,0.552,0.4
21149.620264722107,0.544,0.4
21149.62053536753,0.56,0.40800000000000003
21149.620806012947,0.544,0.40800000000000003
21149.621076658368,0.552,0.4
21149.62134730379,0.544,0.4
21149.621617949208,0.552,0.40800000000000003
21149.62188859463,0.56,0.4
21149.622159240047,0.536,0.40800000000000003
21149.62242988547,0.544,0.4
21149.622700530887,0.56,0.40800000000000003
21149.622971176308,0.544,0.4
21149.623241821726,0.56,0.40800000000000003
21149.623512467148,0.544,0.4
21149.623783112565,0.56,0.40800000000000003
21149.624053757987,0.536,0.4
21149.624324403405,0.56,0.40800000000000003
21149.624595048826,0.552,0.4
21149.624865694244,0.536,0.40800000000000003
21149.625136339666,0.544,0.4
21149.625406985084,0.56,0.4
21149.625677630505,0.56,0.4
21149.625948275923,0.536,0.41600000000000004
21149.626218921345,0.536,0.4
21149.626489566763,0.56,0.40800000000000003
21149.626760212184,0.56,0.4
21149.627030857602,0.544,0.41600000000000004
21149.627301503024,0.536,0.4
21149.62757214844,0.56,0.40800000000000003
21149.627842793863,0.544,0.4
21149.62811343928,0.56,0.40800000000000003
21149.628384084703,0.544,0.4
21149.62865473012,0.56,0.40800000000000003
21149.628925375542,0.56,0.4
21149.62919602096,0.544,0.40800000000000003
21149.62946666638,0.544,0.4
21149.6297373118,0.56,0.40800000000000003
21149.63000795722,0.56,0.40800000000000003
21149.63027860264,0.544,0.4
21149.63054924806,0.536,0.40800000000000003
21149.63081989348,0.56,0.4
21149.6310905389,0.544,0.4
21149.631361184318,0.552,0.40800000000000003
21149.63163182974,0.552,0.4
21149.631902475157,0.536,0.40800000000000003
21149.63217312058,0.544,0.4
21149.632443765997,0.56,0.40800000000000003
21149.63271441142,0.56,0.4
21149.632985056836,0.536,0.4
21149.633255702258,0.56,0.4
21149.633526347676,0.536,0.40800000000000003
21149.633796993097,0.536,0.40800000000000003
21149.634067638515,0.504,0.4
21149.634338283937,0.528,0.4
21149.634608929355,0.504,0.40800000000000003
21149.634879574776,0.496,0.4
21149.635150220194,0.536,0.41600000000000004
21149.635420865616,0.52,0.4
21149.635691511034,0.544,0.40800000000000003
21149.635962156455,0.544,0.4
21149.636232801873,0.528,0.40800000000000003
21149.636503447295,0.536,0.40800000000000003
21149.636774092713,0.496,0.4
21149.637044738134,0.496,0.40800000000000003
21149.637315383552,0.528,0.4
21149.637586028974,0.528,0.40800000000000003
21149.63785667439,0.496,0.4
21149.638127319813,0.52,0.4
21149.63839796523,0.496,0.40800000000000003
21149.638668610653,0.496,0.4
21149.63893925607,0.512,0.4
21149.639209901492,0.52,0.4
21149.63948054691,0.496,0.4
21149.63975119233,0.512,0.4
21149.64002183775,0.496,0.4
21149.64029248317,0.496,0.4
21149.64056312859,0.528,0.40800000000000003
21149.64083377401,0.496,0.4
21149.64110441943,0.528,0.40800000000000003
21149.665373802185,0.544,0.0
21149.665599327484,0.504,-0.016
21149.665824852786,0.496,-0.016
21149.666050378084,0.52,0.0
21149.666275903382,0.512,0.0
21149.666501428685,0.536,-0.016
21149.666726953983,0.536,-0.016
21149.66695247928,0.504,0.0
21149.667178004584,0.496,-0.016
21149.667403529882,0.504,0.0
21149.66762905518,0.496,-0.016
21149.667854580483,0.512,-0.008
21149.66808010578,0.496,-0.016
21149.668305631083,0.52,0.0
21149.66853115638,0.496,-0.016
21149.66875668168,0.512,0.0
21149.668982206982,0.512,0.0
21149.66920773228,0.496,-0.016
21149.66943325758,0.496,-0.016
21149.66965878288,0.512,0.0
21149.66988430818,0.496,-0.008
21149.670109833478,0.504,0.016
21149.67033535878,0.52,0.016
21149.67056088408,0.496,0.112
21149.670786409377,0.504,0.12
21149.67101193468,0.496,0.272
21149.671237459977,0.488,0.28
21149.671462985276,0.512,0.36
21149.671688510578,0.496,0.368
21149.671914035876,0.512,0.392
21149.672139561175,0.488,0.392
21149.672365086477,0.512,0.4
21149.672590611775,0.512,0.4
21149.672816137074,0.536,0.4
21149.673041662376,0.512,0.4
21149.673267187674,0.552,0.40800000000000003
21149.673492712973,0.552,0.4
21149.673718238275,0.536,0.40800000000000003
21149.673943763573,0.536,0.4
21149.674169288875,0.552,0.41600000000000004
21149.674394814174,0.536,0.4
21149.674620339472,0.552,0.40800000000000003
21149.674845864774,0.536,0.4
21149.675071390073,0.552,0.40800000000000003
21149.67529691537,0.536,0.4
21149.675522440673,0.552,0.41600000000000004
21149.675747965972,0.552,0.40800000000000003
21149.67597349127,0.536,0.4
21149.676199016572,0.552,0.4
21149.67642454187,0.536,0.40800000000000003
21149.67665006717,0.56,0.4
21149.67687559247,0.536,0.40800000000000003
21149.67710111777,0.536,0.4
21149.67732664307,0.552,0.40800000000000003
21149.67755216837,0.552,0.4
21149.67777769367,0.536,0.40800000000000003
21149.678003218967,0.544,0.40800000000000003
21149.67822874427,0.536,0.4
21149.678454269568,0.536,0.4
21149.678679794866,0.544,0.41600000000000004
21149.67890532017,0.536,0.4
21149.679130845467,0.56,0.40800000000000003
21149.679356370765,0.536,0.4
21149.679581896067,0.552,0.40800000000000003
21149.679807421366,0.536,0.4
21149.680032946668,0.552,0.40800000000000003
21149.680258471966,0.544,0.4
21149.680483997265,0.56,0.4
21149.680709522567,0.536,0.4
21149.680935047865,0.552,0.40800000000000003
21149.681160573164,0.552,0.4
21149.681386098466,0.536,0.40800000000000003
21149.681611623764,0.544,0.4
21149.681837149063,0.552,0.40800000000000003
21149.682062674365,0.552,0.4
21149.682288199663,0.536,0.40800000000000003
21149.68251372496,0.544,0.4
21149.682739250264,0.56,0.40800000000000003
21149.682964775562,0.56,0.4
21149.68319030086,0.536,0.40800000000000003
21149.683415826163,0.56,0.4
21149.68364135146,0.536,0.40800000000000003
21149.68386687676,0.56,0.4
21149.68409240206,0.536,0.40800000000000003
21149.68431792736,0.544,0.4
21149.68454345266,0.552,0.40800000000000003
21149.68476897796,0.536,0.4
21149.68499450326,0.552,0.40800000000000003
21149.68522002856,0.536,0.4
21149.68544555386,0.552,0.40800000000000003
21149.685671079158,0.544,0.4
21149.68589660446,0.56,0.40800000000000003
21149.68612212976,0.544,0.4
21149.686347655057,0.552,0.40800000000000003
21149.68657318036,0.544,0.4
21149.686798705658,0.56,0.41600000000000004
21149.687024230956,0.544,0.41600000000000004
21149.687249756258,0.56,0.448
21149.687475281557,0.544,0.464
21149.687700806855,0.552,0.44
21149.687926332157,0.56,0.456
21149.688151857456,0.544,0.48
21149.688377382754,0.56,0.47200000000000003
21149.688602908056,0.536,0.448
21149.688828433355,0.544,0.464
21149.689053958653,0.56,0.44
21149.689279483955,0.552,0.44
21149.689505009253,0.536,0.456
21149.689730534552,0.536,0.456
21149.689956059854,0.56,0.40800000000000003
21149.690181585152,0.544,0.41600000000000004
21149.69040711045,0.56,0.4
21149.690632635753,0.544,0.40800000000000003
21149.69085816105,0.56,0.4
21149.691083686354,0.544,0.4
21149.691309211652,0.56,0.41600000000000004
21149.69153473695,0.544,0.41600000000000004
21149.691760262253,0.552,0.4
21149.69198578755,0.544,0.4
21149.69221131285,0.552,0.40800000000000003
21149.69243683815,0.544,0.4
21149.69266236345,0.56,0.40800000000000003
21149.69288788875,0.544,0.4
21149.69311341405,0.56,0.40800000000000003
21149.69333893935,0.544,0.4
21149.693564464647,0.56,0.40800000000000003
21149.69378998995,0.56,0.4
21149.694015515248,0.536,0.40800000000000003
21149.694241040546,0.544,0.4
21149.69446656585,0.56,0.40800000000000003
21149.694692091147,0.544,0.40800000000000003
21149.694917616445,0.56,0.4
21149.695143141747,0.544,0.4
21149.695368667046,0.56,0.40800000000000003
21149.695594192344,0.544,0.4
21149.695819717646,0.56,0.4
21149.696045242945,0.544,0.4
21149.696270768243,0.56,0.40800000000000003
21149.696496293545,0.544,0.4
21149.696721818844,0.56,0.41600000000000004
21149.696947344146,0.544,0.4
21149.697172869444,0.56,0.40800000000000003
21149.697398394743,0.544,0.4
21149.697623920045,0.56,0.40800000000000003
21149.697849445343,0.544,0.4
21149.69807497064,0.56,0.40800000000000003
21149.698300495944,0.544,0.4
21149.698526021242,0.56,0.40800000000000003
21149.69875154654,0.544,0.4
21149.698977071843,0.56,0.40800000000000003
21149.69920259714,0.56,0.4
21149.69942812244,0.544,0.40800000000000003
21149.69965364774,0.544,0.4
21149.69987917304,0.56,0.40800000000000003
21149.70010469834,0.56,0.40800000000000003
21149.70033022364,0.544,0.4
21149.70055574894,0.544,0.4
21149.700781274238,0.552,0.40800000000000003
21149.70100679954,0.544,0.41600000000000004
21149.70123232484,0.552,0.4
21149.701457850137,0.544,0.40800000000000003
21149.70168337544,0.56,0.4
21149.701908900737,0.544,0.4
21149.70213442604,0.56,0.40800000000000003
21149.702359951338,0.536,0.40800000000000003
21149.702585476636,0.56,0.4
21149.70281100194,0.56,0.4
21149.703036527237,0.536,0.41600000000000004
21149.703262052535,0.544,0.4
21149.703487577837,0.56,0.40800000000000003
21149.703713103136,0.56,0.4
21149.703938628434,0.536,0.40800000000000003
21149.704164153736,0.544,0.4
21149.704389679035,0.56,0.41600000000000004
21149.704615204333,0.544,0.4
21149.704840729635,0.56,0.41600000000000004
21149.705066254934,0.544,0.4
21149.705291780232,0.56,0.40800000000000003
21149.705517305534,0.544,0.40800000000000003
21149.705742830833,0.56,0.4
21149.70596835613,0.544,0.40800000000000003
21149.706193881433,0.56,0.4
21149.70641940673,0.544,0.40800000000000003
21149.70664493203,0.56,0.4
21149.706870457332,0.544,0.4
21149.70709598263,0.552,0.40800000000000003
21149.70732150793,0.544,0.4
21149.70754703323,0.56,0.40800000000000003
21149.70777255853,0.536,0.4
21149.70799808383,0.552,0.40800000000000003
21149.70822360913,0.544,0.4
21149.70844913443,0.56,0.40800000000000003
21149.70867465973,0.544,0.4
21149.70890018503,0.56,0.40800000000000003
21149.709125710327,0.544,0.4
21149.70935123563,0.56,0.41600000000000004
21149.709576760928,0.544,0.4
21149.709802286226,0.56,0.40800000000000003
21149.71002781153,0.544,0.4
21149.710253336827,0.56,0.40800000000000003
21149.710478862125,0.544,0.4
21149.710704387428,0.56,0.40800000000000003
21149.710929912726,0.544,0.4
21149.711155438024,0.56,0.41600000000000004
21149.711380963327,0.544,0.4
21149.711606488625,0.56,0.4
21149.711832013923,0.56,0.4
21149.712057539225,0.536,0.4
21149.712283064524,0.544,0.4
21149.712508589822,0.56,0.40800000000000003
21149.712734115124,0.544,0.4
21149.712959640423,0.56,0.40800000000000003
21149.71318516572,0.544,0.4
21149.713410691023,0.56,0.40800000000000003
21149.713636216322,0.544,0.4
21149.713861741624,0.56,0.40800000000000003
21149.714087266922,0.544,0.4
21149.71431279222,0.552,0.40800000000000003
21149.714538317523,0.544,0.40800000000000003
21149.71476384282,0.56,0.4
21149.71498936812,0.544,0.40800000000000003
21149.715214893422,0.56,0.4
21149.71544041872,0.544,0.4
21149.71566594402,0.56,0.40800000000000003
21149.71589146932,0.544,0.40800000000000003
21149.71611699462,0.56,0.4
21149.716342519918,0.552,0.4
21149.71656804522,0.536,0.4
21149.71679357052,0.536,0.4
21149.717019095817,0.56,0.40800000000000003
21149.71724462112,0.544,0.392
21149.717470146417,0.552,0.41600000000000004
21149.717695671716,0.544,0.4
21149.717921197018,0.552,0.41600000000000004
21149.718146722316,0.544,0.4
21149.718372247615,0.56,0.40800000000000003
21149.718597772917,0.544,0.40800000000000003
21149.718823298215,0.56,0.4
21149.719048823517,0.544,0.40800000000000003
21149.719274348816,0.56,0.4
21149.719499874114,0.544,0.4
21149.719725399416,0.56,0.40800000000000003
21149.719950924715,0.544,0.40800000000000003
21149.720176450013,0.56,0.4
21149.720401975315,0.544,0.4
21149.720627500614,0.552,0.40800000000000003
21149.720853025912,0.56,0.4
21149.721078551214,0.536,0.40800000000000003
21149.721304076513,0.536,0.4
21149.72152960181,0.56,0.40800000000000003
21149.721755127113,0.544,0.40800000000000003
21149.72198065241,0.56,0.4
21149.72220617771,0.544,0.4
21149.722431703012,0.56,0.40800000000000003
21149.72265722831,0.544,0.4
21149.72288275361,0.552,0.40800000000000003
21149.72310827891,0.544,0.40800000000000003
21149.72333380421,0.56,0.4
21149.723559329508,0.544,0.4
21149.72378485481,0.56,0.40800000000000003
21149.72401038011,0.56,0.40800000000000003
21149.724235905407,0.544,0.4
21149.72446143071,0.544,0.4
21149.724686956008,0.56,0.40800000000000003
21149.72491248131,0.544,0.4
21149.725138006608,0.56,0.40800000000000003
21149.725363531907,0.56,0.40800000000000003
21149.72558905721,0.536,0.4
21149.725814582507,0.544,0.4
21149.726040107806,0.552,0.392
21149.726265633108,0.544,0.392
21149.726491158406,0.552,0.328
21149.726716683705,0.544,0.328
21149.726942209007,0.56,0.184
21149.727167734305,0.544,0.176
21149.727393259604,0.56,0.064
21149.727618784906,0.544,0.056
21149.727844310204,0.56,0.016
21149.728069835503,0.544,0.016
21149.728295360805,0.56,-0.008
21149.728520886103,0.56,0.0
21149.7287464114,0.544,-0.008
21149.728971936704,0.544,0.0
21149.729197462002,0.56,-0.008
21149.7294229873,0.544,0.0
21149.729648512603,0.56,-0.016
21149.7298740379,0.56,-0.008
21149.7300995632,0.536,0.0
21149.7303250885,0.544,0.0
21149.7305506138,0.56,-0.016
21149.730776139102,0.544,0.0
21149.7310016644,0.56,-0.016
21149.7312271897,0.544,0.0
21149.731452715,0.56,-0.008
21149.7316782403,0.544,0.0
21149.731903765598,0.56,-0.016
21149.7321292909,0.544,-0.008
21149.7323548162,0.56,0.0
21149.732580341497,0.544,0.0
21149.7328058668,0.56,-0.016
21149.733031392097,0.544,0.0
21149.733256917396,0.56,-0.016
21149.733482442698,0.544,0.0
21149.733707967996,0.56,-0.016
21149.733933493295,0.544,-0.016
21149.734159018597,0.56,0.0
21149.734384543895,0.544,-0.016
21149.734610069194,0.552,0.0
21149.734835594496,0.536,0.0
21149.735061119794,0.56,-0.016
21149.735286645093,0.544,0.0
21149.735512170395,0.56,-0.016
21149.735737695693,0.544,-0.016
21149.735963220995,0.56,0.0
21149.736188746294,0.544,0.0
21149.736414271592,0.56,-0.016
21149.736639796894,0.544,0.0
21149.736865322193,0.56,-0.016
21149.73709084749,0.552,-0.016
21149.737316372793,0.544,0.0
21149.737541898092,0.536,0.0
21149.73776742339,0.56,-0.016
21149.737992948692,0.544,-0.016
21149.73821847399,0.56,0.0
21149.73844399929,0.544,-0.016
21149.73866952459,0.56,0.0
21149.73889504989,0.544,0.0
21149.73912057519,0.5680000000000001,-0.016
21149.73934610049,0.552,-0.016
21149.73957162579,0.544,0.0
21149.739797151087,0.544,0.0
21149.74002267639,0.56,-0.016
21149.740248201688,0.544,0.0
21149.740473726986,0.56,-0.016
21149.74069925229,0.544,0.0
21149.740924777587,0.56,-0.016
21149.741150302885,0.544,0.0
21149.741375828187,0.56,-0.016
21149.741601353486,0.544,0.0
21149.741826878788,0.56,-0.016
21149.742052404086,0.544,-0.016
21149.742277929385,0.56,0.0
21149.742503454687,0.56,-0.016
21149.742728979985,0.544,0.0
21149.742954505284,0.544,-0.016
21149.743180030586,0.56,0.0
21149.743405555884,0.56,-0.016
21149.743631081183,0.536,0.0
21149.743856606485,0.544,-0.016
21149.744082131783,0.56,0.0
21149.74430765708,0.544,-0.016
21149.744533182384,0.56,0.0
21149.744758707682,0.544,0.0
21149.74498423298,0.56,-0.016
21149.745209758283,0.56,-0.016
21149.74543528358,0.544,0.0
21149.74566080888,0.544,-0.016
21149.74588633418,0.56,0.0
21149.74611185948,0.536,0.0
21149.74633738478,0.56,-0.016
21149.74656291008,0.544,-0.016
21149.74678843538,0.56,0.0
21149.747013960678,0.544,0.0
21149.74723948598,0.56,-0.016
21149.747465011278,0.544,-0.016
21149.74769053658,0.56,0.0
21149.74791606188,0.56,-0.016
21149.748141587177,0.536,0.0
21149.74836711248,0.544,0.0
21149.748592637778,0.552,-0.016
21149.748818163076,0.544,-0.016
21149.749043688378,0.552,0.0
21149.749269213677,0.544,0.0
21149.749494738975,0.552,-0.016
21149.749720264277,0.544,-0.016
21149.749945789576,0.56,0.0
21149.750171314874,0.56,-0.016
21149.750396840176,0.544,-0.008
21149.750622365475,0.544,-0.016
21149.750847890773,0.552,0.0
21149.751073416075,0.544,0.0
21149.751298941374,0.56,-0.016
21149.751524466672,0.56,0.0
21149.751749991974,0.544,-0.016
21149.751975517273,0.56,-0.016
21149.75220104257,0.544,0.0
21149.752426567873,0.544,-0.016
21149.75265209317,0.5680000000000001,0.0
21149.752877618474,0.56,-0.016
21149.753103143772,0.544,0.0
21149.75332866907,0.544,-0.016
21149.753554194373,0.56,0.0
21149.75377971967,0.544,-0.016
21149.75400524497,0.56,0.0
21149.75423077027,0.544,-0.016
21149.75445629557,0.56,0.0
21149.75468182087,0.544,0.0
21149.75490734617,0.56,-0.016
21149.75513287147,0.544,-0.016
21149.755358396767,0.56,0.0
21149.75558392207,0.552,-0.016
21149.755809447368,0.544,0.0
21149.756034972666,0.544,-0.016
21149.75626049797,0.552,0.0
21149.756486023267,0.544,-0.016
21149.756711548565,0.56,0.0
21149.756937073867,0.56,-0.016
21149.757162599166,0.536,0.0
21149.757388124464,0.544,-0.016
21149.757613649766,0.56,0.0
21149.757839175065,0.544,-0.016
21149.758064700363,0.56,0.0
21149.758290225665,0.544,-0.008
21149.758515750964,0.56,-0.016
21149.758741276266,0.56,-0.016
21149.758966801564,0.544,-0.008
21149.759192326863,0.544,-0.016
21149.759417852165,0.56,0.0
21149.759643377463,0.544,-0.016
21149.75986890276,0.56,0.0
21149.760094428064,0.56,-0.016
21149.760319953362,0.544,0.0
21149.76054547866,0.544,-0.016
21149.760771003963,0.56,-0.008
21149.76099652926,0.56,-0.016
21149.76122205456,0.544,-0.008
21149.761447579862,0.56,-0.016
21149.76167310516,0.536,0.0
21149.76189863046,0.536,-0.016
21149.76212415576,0.56,0.0
21149.76234968106,0.56,-0.016
21149.762575206358,0.544,-0.008
21149.76280073166,0.544,0.0
21149.76302625696,0.552,-0.016
21149.763251782257,0.544,-0.016
21149.76347730756,0.56,0.0
21149.763702832857,0.544,0.0
21149.763928358156,0.552,-0.016
21149.764153883458,0.544,-0.016
21149.764379408756,0.56,0.0
21149.76460493406,0.544,-0.016
21149.764830459357,0.56,0.0
21149.765055984655,0.544,-0.016
21149.765281509957,0.56,0.0
21149.765507035256,0.544,-0.008
21149.765732560554,0.56,-0.016
21149.765958085856,0.544,-0.008
21149.766183611155,0.56,-0.016
21149.766409136453,0.56,-0.016
21149.766634661755,0.544,0.0
21149.766860187054,0.544,-0.016
21149.767085712352,0.56,-0.008
21149.767311237654,0.544,-0.016
21149.767536762953,0.56,-0.008
21149.76776228825,0.544,0.0
21149.767987813553,0.552,-0.016
21149.76821333885,0.544,-0.016
21149.76843886415,0.56,0.0
21149.768664389452,0.56,-0.016
21149.76888991475,0.544,-0.008
21149.76911544005,0.56,-0.008
21149.76934096535,0.544,-0.016
21149.76956649065,0.544,-0.008
21149.76979201595,0.56,-0.016
21149.77001754125,0.544,-0.016
21149.77024306655,0.56,0.0
21149.77046859185,0.56,-0.016
21149.77069411715,0.536,-0.008
21149.770919642448,0.544,-0.016
21149.77114516775,0.56,0.0
21149.771370693048,0.544,-0.008
21149.771596218347,0.56,-0.016
21149.77182174365,0.544,-0.008
21149.772047268947,0.552,-0.016
21149.772272794246,0.544,-0.008
21149.772498319548,0.552,-0.016
21149.772723844846,0.544,-0.016
21149.772949370144,0.56,0.0
21149.773174895447,0.544,-0.008
21149.773400420745,0.56,-0.016
21149.773625946043,0.544,-0.016
21149.773851471346,0.56,-0.008
21149.774076996644,0.544,-0.016
21149.774302521942,0.56,0.0
21149.774528047245,0.544,-0.016
21149.774753572543,0.56,-0.008
21149.77497909784,0.56,-0.016
21149.775204623144,0.536,-0.008
21149.775430148442,0.544,-0.016
21149.775655673744,0.552,0.0
21149.775881199042,0.544,0.0
21149.77610672434,0.56,-0.016
21149.776332249643,0.544,-0.008
21149.77655777494,0.552,-0.016
21149.77678330024,0.544,-0.016
21149.777008825542,0.56,-0.008
21149.77723435084,0.544,-0.016
21149.77745987614,0.56,0.0
21149.77768540144,0.544,-0.016
21149.77791092674,0.56,0.0
21149.778136452038,0.544,-0.016
21149.77836197734,0.56,-0.008
21149.77858750264,0.544,-0.008
21149.778813027937,0.56,-0.016
21149.77903855324,0.544,-0.016
21149.779264078537,0.56,0.0
21149.779489603836,0.56,-0.008
21149.779715129138,0.536,-0.016
21149.779940654436,0.56,-0.016
21149.780166179735,0.544,0.0
21149.780391705037,0.544,-0.008
21149.780617230335,0.56,-0.016
21149.780842755634,0.544,0.0
21149.781068280936,0.56,-0.016
21149.781293806234,0.544,-0.016
21149.781519331536,0.56,-0.008
21149.781744856835,0.544,-0.016
21149.781970382133,0.56,0.0
21149.782195907435,0.544,-0.016
21149.782421432734,0.56,0.0
21149.782646958032,0.544,-0.008
21149.782872483334,0.56,0.016
21149.783098008633,0.56,0.024
21149.78332353393,0.544,0.136
21149.783549059233,0.544,0.14400000000000002
21149.78377458453,0.56,0.28
21149.78400010983,0.544,0.28800000000000003
21149.784225635132,0.56,0.36
21149.78445116043,0.544,0.368
21149.78467668573,0.56,0.392
21149.78490221103,0.544,0.392
21149.78512773633,0.56,0.40800000000000003
21149.78535326163,0.544,0.4
21149.78557878693,0.56,0.40800000000000003
21149.78580431223,0.544,0.40800000000000003
21149.786029837527,0.56,0.4
21149.78625536283,0.544,0.4
21149.786480888128,0.56,0.4
21149.78670641343,0.544,0.4
21149.78693193873,0.56,0.41600000000000004
21149.787157464027,0.544,0.4
21149.78738298933,0.56,0.40800000000000003
21149.787608514627,0.544,0.4
21149.787834039926,0.56,0.40800000000000003
21149.788059565228,0.56,0.40800000000000003
21149.788285090526,0.544,0.4
21149.788510615825,0.56,0.4
21149.788736141127,0.536,0.40800000000000003
21149.788961666425,0.536,0.40800000000000003
21149.789187191724,0.56,0.4
21149.789412717026,0.544,0.40800000000000003
21149.789638242324,0.56,0.4
21149.789863767623,0.544,0.4
21149.790089292925,0.552,0.40800000000000003
21149.790314818223,0.544,0.40800000000000003
21149.79054034352,0.56,0.4
21149.790765868824,0.544,0.4
21149.790991394122,0.56,0.40800000000000003
21149.79121691942,0.544,0.40800000000000003
21149.791442444723,0.552,0.4
21149.79166797002,0.56,0.40800000000000003
21149.79189349532,0.544,0.4
21149.79211902062,0.544,0.4
21149.79234454592,0.56,0.40800000000000003
21149.792570071222,0.552,0.4
21149.79279559652,0.544,0.41600000000000004
21149.79302112182,0.56,0.40800000000000003
21149.79324664712,0.536,0.4
21149.79347217242,0.544,0.4
21149.793697697718,0.56,0.40800000000000003
21149.79392322302,0.544,0.40800000000000003
21149.79414874832,0.56,0.4
21149.794374273617,0.552,0.4
21149.79459979892,0.544,0.41600000000000004
21149.794825324218,0.544,0.4
21149.795050849516,0.552,0.41600000000000004
21149.795276374818,0.544,0.4
21149.795501900117,0.56,0.41600000000000004
21149.795727425415,0.544,0.4
21149.795952950717,0.552,0.41600000000000004
21149.796178476015,0.56,0.4
21149.796404001314,0.544,0.40800000000000003
21149.796629526616,0.544,0.4
21149.796855051914,0.552,0.41600000000000004
21149.797080577213,0.536,0.41600000000000004
21149.797306102515,0.56,0.4
21149.797531627813,0.544,0.4
21149.797757153112,0.5680000000000001,0.40800000000000003
21149.797982678414,0.56,0.40800000000000003
21149.798208203712,0.544,0.4
21149.798433729015,0.544,0.4
21149.798659254313,0.56,0.41600000000000004
21149.79888477961,0.544,0.4
21149.799110304913,0.56,0.41600000000000004
21149.799335830212,0.544,0.4
21149.79956135551,0.56,0.41600000000000004
21149.799786880812,0.544,0.4
21149.80001240611,0.56,0.40800000000000003
21149.80023793141,0.544,0.4
21149.80046345671,0.56,0.41600000000000004
21149.80068898201,0.544,0.4
21149.80091450731,0.56,0.41600000000000004
21149.80114003261,0.544,0.4
21149.80136555791,0.56,0.41600000000000004
21149.801591083207,0.544,0.4
21149.80181660851,0.56,0.40800000000000003
21149.802042133808,0.56,0.4
21149.802267659106,0.536,0.41600000000000004
21149.80249318441,0.544,0.4
21149.802718709707,0.56,0.41600000000000004
21149.802944235005,0.544,0.4
21149.803169760307,0.56,0.40800000000000003
21149.803395285606,0.544,0.4
21149.803620810908,0.552,0.41600000000000004
21149.803846336206,0.544,0.4
21149.804071861505,0.552,0.40800000000000003
21149.804297386807,0.544,0.4
21149.804522912105,0.56,0.41600000000000004
21149.804748437404,0.544,0.41600000000000004
21149.804973962706,0.56,0.4
21149.805199488004,0.544,0.4
21149.805425013303,0.56,0.40800000000000003
21149.805650538605,0.544,0.4
21149.805876063903,0.56,0.4
21149.8061015892,0.544,0.4
21149.806327114504,0.56,0.40800000000000003
21149.806552639802,0.56,0.4
21149.8067781651,0.536,0.40800000000000003
21149.807003690403,0.536,0.4
21149.8072292157,0.56,0.40800000000000003
21149.807454741,0.544,0.40800000000000003
21149.8076802663,0.56,0.4
21149.8079057916,0.56,0.40800000000000003
21149.8081313169,0.544,0.4
21149.8083568422,0.544,0.40800000000000003
21149.8085823675,0.552,0.4
21149.808807892798,0.56,0.4
21149.8090334181,0.544,0.40800000000000003
21149.809258943398,0.544,0.4
21149.8094844687,0.56,0.40800000000000003
21149.809709994,0.536,0.4
21149.809935519297,0.56,0.41600000000000004
21149.8101610446,0.544,0.4
21149.810386569898,0.56,0.40800000000000003
21149.810612095196,0.544,0.4
21149.8108376205,0.56,0.41600000000000004
21149.811063145797,0.56,0.4
21149.811288671095,0.536,0.41600000000000004
21149.811514196397,0.544,0.4
21149.811739721696,0.552,0.41600000000000004
21149.811965246994,0.544,0.40800000000000003
21149.812190772296,0.56,0.4
21149.812416297595,0.544,0.4
21149.812641822893,0.56,0.41600000000000004
21149.812867348195,0.544,0.4
21149.813092873494,0.56,0.40800000000000003
21149.813318398792,0.544,0.4
21149.813543924094,0.56,0.41600000000000004
21149.813769449393,0.544,0.4
21149.81399497469,0.56,0.41600000000000004
21149.814220499993,0.544,0.40800000000000003
21149.81444602529,0.552,0.4
21149.81467155059,0.544,0.4
21149.814897075892,0.56,0.41600000000000004
21149.81512260119,0.544,0.40800000000000003
21149.815348126493,0.56,0.4
21149.81557365179,0.56,0.4
21149.81579917709,0.536,0.40800000000000003
21149.81602470239,0.544,0.41600000000000004
21149.81625022769,0.56,0.4
21149.81647575299,0.56,0.40800000000000003
21149.81670127829,0.544,0.4
21149.81692680359,0.544,0.41600000000000004
21149.817152328887,0.56,0.4
21149.81737785419,0.544,0.4
21149.817603379488,0.56,0.4
21149.817828904786,0.544,0.4
21149.81805443009,0.56,0.40800000000000003
21149.818279955387,0.544,0.4
21149.818505480685,0.56,0.41600000000000004
21149.818731005988,0.544,0.4
21149.818956531286,0.56,0.41600000000000004
21149.819182056584,0.544,0.4
21149.819407581886,0.56,0.41600000000000004
21149.819633107185,0.544,0.4
21149.819858632483,0.552,0.40800000000000003
21149.820084157785,0.552,0.4
21149.820309683084,0.536,0.41600000000000004
21149.820535208386,0.536,0.4
21149.820760733684,0.56,0.41600000000000004
21149.820986258983,0.544,0.4
21149.821211784285,0.56,0.41600000000000004
21149.821437309583,0.544,0.4
21149.821662834882,0.552,0.41600000000000004
21149.821888360184,0.544,0.4
21149.822113885482,0.56,0.40800000000000003
21149.82233941078,0.56,0.4
21149.822564936083,0.536,0.41600000000000004
21149.82279046138,0.544,0.4
21149.82301598668,0.56,0.41600000000000004
21149.823241511982,0.544,0.4
21149.82346703728,0.552,0.41600000000000004
21149.82369256258,0.544,0.4
21149.82391808788,0.56,0.40800000000000003
21149.82414361318,0.552,0.4
21149.824369138478,0.544,0.41600000000000004
21149.82459466378,0.56,0.4
21149.82482018908,0.536,0.40800000000000003
21149.825045714377,0.544,0.41600000000000004
21149.82527123968,0.56,0.4
21149.825496764977,0.544,0.4
21149.825722290276,0.56,0.40800000000000003
21149.825947815578,0.544,0.4
21149.826173340876,0.552,0.40800000000000003
21149.82639886618,0.544,0.41600000000000004
21149.826624391477,0.552,0.4
21149.826849916775,0.544,0.4
21149.827075442077,0.56,0.41600000000000004
21149.827300967376,0.544,0.4
21149.827526492674,0.56,0.41600000000000004
21149.827752017976,0.544,0.4
21149.827977543275,0.56,0.40800000000000003
21149.828203068573,0.544,0.4
21149.828428593875,0.56,0.41600000000000004
21149.828654119174,0.544,0.40800000000000003
21149.828879644472,0.56,0.4
21149.829105169774,0.544,0.4
21149.829330695073,0.56,0.4
21149.82955622037,0.544,0.4
21149.829781745673,0.56,0.40800000000000003
21149.83000727097,0.544,0.4
21149.83023279627,0.56,0.40800000000000003
21149.830458321572,0.544,0.40800000000000003
21149.83068384687,0.56,0.4
21149.83090937217,0.544,0.4
21149.83113489747,0.56,0.40800000000000003
21149.83136042277,0.536,0.4
21149.831585948068,0.56,0.40800000000000003
21149.83181147337,0.544,0.4
21149.83203699867,0.56,0.41600000000000004
21149.83226252397,0.544,0.4
21149.83248804927,0.56,0.40800000000000003
21149.832713574568,0.544,0.4
21149.83293909987,0.56,0.41600000000000004
21149.833164625168,0.544,0.40800000000000003
21149.833390150467,0.56,0.4
21149.83361567577,0.536,0.4
21149.833841201067,0.56,0.41600000000000004
21149.834066726366,0.552,0.4
21149.834292251668,0.544,0.41600000000000004
21149.834517776966,0.544,0.40800000000000003
21149.834743302265,0.56,0.4
21149.834968827567,0.544,0.4
21149.835194352865,0.56,0.41600000000000004
21149.835419878164,0.544,0.4
21149.835645403466,0.56,0.41600000000000004
21149.835870928764,0.544,0.4
21149.836096454062,0.56,0.40800000000000003
21149.836321979365,0.544,0.4
21149.836547504663,0.56,0.40800000000000003
21149.83677302996,0.544,0.40800000000000003
21149.836998555264,0.56,0.4
21149.837224080562,0.544,0.4
21149.837449605864,0.56,0.40800000000000003
21149.837675131163,0.544,0.4
21149.83790065646,0.56,0.40800000000000003
21149.838126181763,0.56,0.4
21149.83835170706,0.536,0.40800000000000003
21149.83857723236,0.544,0.40800000000000003
21149.838802757662,0.56,0.392
21149.83902828296,0.544,0.392
21149.83925380826,0.56,0.328
21149.83947933356,0.544,0.328
21149.83970485886,0.56,0.184
21149.839930384158,0.544,0.176
21149.84015590946,0.56,0.064
21149.84038143476,0.544,0.056
21149.840606960057,0.56,0.008
21149.84083248536,0.544,0.016
21149.841058010657,0.56,-0.008
21149.841283535956,0.544,-0.008
21149.841509061258,0.56,0.0
21149.841734586556,0.544,0.0
21149.841960111855,0.56,-0.008
21149.842185637157,0.544,0.0
21149.842411162455,0.56,-0.016
21149.842636687754,0.552,0.0
21149.842862213056,0.536,-0.016
21149.843087738354,0.544,0.0
21149.843313263656,0.552,-0.016
21149.843538788955,0.544,-0.016
21149.843764314253,0.56,0.0
21149.843989839555,0.544,0.0
21149.844215364854,0.56,-0.016
21149.844440890152,0.552,0.0
21149.844666415454,0.544,-0.016
21149.844891940753,0.544,0.0
21149.84511746605,0.56,-0.016
21149.845342991353,0.544,0.0
21149.845568516652,0.56,-0.008
21149.84579404195,0.544,0.0
21149.846019567252,0.56,-0.016
21149.84624509255,0.536,-0.016
21149.84647061785,0.544,0.0
21149.84669614315,0.536,0.0
21149.84692166845,0.552,-0.016
21149.84714719375,0.552,0.0
21149.84737271905,0.512,-0.016
21149.84759824435,0.52,-0.016
21149.847823769647,0.496,0.0
21149.84804929495,0.504,0.0
21149.848274820248,0.52,-0.016
21149.848500345546,0.504,0.0
21149.84872587085,0.52,-0.016
21149.848951396147,0.504,-0.016
21149.84917692145,0.552,0.0
21149.849402446747,0.536,0.0
21149.849627972046,0.552,-0.016
21149.849853497348,0.544,0.0
21149.850079022646,0.552,-0.016
21149.850304547945,0.536,0.0
21149.850530073247,0.56,-0.016
21149.850755598545,0.544,-0.016
21149.850981123844,0.56,0.0
21149.851206649146,0.552,0.0
21149.851432174444,0.536,-0.016
21149.851657699743,0.56,-0.016
21149.851883225045,0.536,0.0
21149.852108750343,0.56,-0.016
21149.85233427564,0.544,0.0
21149.852559800944,0.544,-0.016
21149.852785326242,0.56,0.0
21149.85301085154,0.544,-0.016
21149.853236376843,0.56,0.0
21149.85346190214,0.56,-0.016
21149.85368742744,0.536,0.0
21149.85391295274,0.552,0.0
21149.85413847804,0.544,-0.016
21149.854364003342,0.544,0.0
21149.85458952864,0.552,-0.016
21149.85481505394,0.544,0.0
21149.85504057924,0.56,-0.016
21149.85526610454,0.536,-0.016
21149.855491629838,0.56,0.0
21149.85571715514,0.544,-0.016
21149.85594268044,0.56,-0.008
21149.856168205737,0.56,-0.016
21149.85639373104,0.536,0.0
21149.856619256338,0.544,-0.016
21149.856844781636,0.552,0.0
21149.857070306938,0.544,-0.016
21149.857295832237,0.56,0.0
21149.857521357535,0.552,-0.016
21149.857746882837,0.544,0.0
21149.857972408136,0.552,-0.016
21149.858197933434,0.536,0.0
21149.858423458736,0.536,-0.016
21149.858648984035,0.512,0.0
21149.858874509333,0.528,-0.016
21149.859100034635,0.56,0.0
21149.859325559933,0.544,-0.016
21149.859551085232,0.56,0.0
21149.859776610534,0.56,-0.016
21149.860002135832,0.536,0.0
21149.860227661135,0.544,-0.016
21149.860453186433,0.56,0.0
21149.86067871173,0.544,-0.016
21149.860904237034,0.56,0.0
21149.861129762332,0.56,-0.016
21149.86135528763,0.544,0.0
21149.861580812933,0.544,-0.016
21149.86180633823,0.56,-0.008
21149.86203186353,0.544,-0.016
21149.86225738883,0.56,0.0
21149.86248291413,0.544,-0.008
21149.86270843943,0.552,-0.016
21149.86293396473,0.544,-0.008
21149.86315949003,0.56,-0.016
21149.863385015327,0.56,0.0
21149.86361054063,0.544,-0.016
21149.863836065928,0.544,-0.016
21149.864061591226,0.56,0.0
21149.86428711653,0.544,-0.008
21149.864512641827,0.56,-0.016
21149.864738167125,0.544,0.0
21149.864963692427,0.56,-0.016
21149.865189217726,0.56,-0.016
21149.865414743024,0.536,0.0
21149.865640268326,0.544,-0.016
21149.865865793625,0.552,0.0
21149.866091318927,0.552,-0.016
21149.866316844225,0.544,0.0
21149.866542369524,0.544,-0.016
21149.866767894826,0.552,0.0
21149.866993420124,0.544,-0.016
21149.867218945423,0.56,0.0
21149.867444470725,0.544,-0.016
21149.867669996023,0.56,-0.008
21149.86789552132,0.544,-0.016
21149.868121046624,0.56,0.0
21149.868346571922,0.544,-0.016
21149.86857209722,0.56,-0.008
21149.868797622523,0.544,-0.008
21149.86902314782,0.56,-0.016
21149.86924867312,0.544,-0.008
21149.86947419842,0.552,-0.016
21149.86969972372,0.544,-0.016
21149.86992524902,0.56,0.0
21149.87015077432,0.544,-0.016
21149.87037629962,0.552,0.0
21149.870601824918,0.544,-0.016
21149.87082735022,0.56,0.0
21149.87105287552,0.544,-0.016
21149.87127840082,0.56,0.0
21149.87150392612,0.56,-0.016
21149.871729451417,0.544,0.0
21149.87195497672,0.56,-0.016
21149.872180502018,0.544,0.0
21149.872406027316,0.544,-0.016
21149.87263155262,0.56,0.0
21149.872857077917,0.544,-0.016
21149.873082603215,0.56,0.0
21149.873308128517,0.544,-0.016
21149.873533653816,0.56,0.0
21149.873759179114,0.544,-0.008
21149.873984704416,0.56,-0.016
21149.874210229715,0.56,0.0
21149.874435755013,0.536,-0.016
21149.874661280315,0.56,-0.008
21149.874886805614,0.544,-0.016
21149.875112330912,0.544,-0.008
21149.875337856214,0.56,-0.016
21149.875563381513,0.544,-0.016
21149.87578890681,0.56,0.0
21149.876014432113,0.544,-0.016
21149.87623995741,0.56,0.0
21149.87646548271,0.544,-0.016
21149.876691008012,0.56,0.0
21149.87691653331,0.544,-0.016
21149.877142058613,0.56,0.0
21149.87736758391,0.544,-0.016
21149.87759310921,0.56,-0.008
21149.87781863451,0.544,-0.008
21149.87804415981,0.56,-0.016
21149.87826968511,0.544,-0.016
21149.87849521041,0.56,-0.008
21149.87872073571,0.544,-0.016
21149.878946261008,0.56,-0.008
21149.87917178631,0.544,-0.016
21149.879397311608,0.56,-0.008
21149.879622836906,0.544,-0.016
21149.87984836221,0.552,0.0
21149.880073887507,0.544,-0.016
21149.880299412805,0.552,0.0
21149.880524938108,0.544,-0.008
21149.880750463406,0.56,-0.016
21149.880975988704,0.544,-0.008
21149.881201514007,0.56,-0.016
21149.881427039305,0.56,-0.016
21149.881652564603,0.536,0.0
21149.881878089906,0.544,-0.016
21149.882103615204,0.56,0.0
21149.882329140502,0.544,-0.016
21149.882554665804,0.56,0.0
21149.882780191103,0.544,-0.016
21149.883005716405,0.552,-0.008
21149.883231241703,0.56,-0.016
21149.883456767002,0.536,-0.008
21149.883682292304,0.536,-0.016
21149.883907817602,0.552,-0.008
21149.8841333429,0.544,-0.016
21149.884358868203,0.56,0.0
21149.8845843935,0.544,-0.016
21149.8848099188,0.56,0.0
21149.885035444102,0.544,-0.016
21149.8852609694,0.552,0.0
21149.8854864947,0.544,-0.016
21149.88571202,0.56,0.0
21149.8859375453,0.544,-0.016
21149.886163070598,0.56,0.0
21149.8863885959,0.544,-0.016
21149.8866141212,0.56,-0.008
21149.886839646497,0.544,-0.016
21149.8870651718,0.56,-0.008
21149.887290697097,0.56,-0.008
21149.887516222396,0.544,-0.016
21149.887741747698,0.56,-0.016
21149.887967272996,0.536,-0.008
21149.8881927983,0.544,-0.016
21149.888418323597,0.56,0.0
21149.888643848895,0.552,0.0
21149.888869374197,0.544,-0.016
21149.889094899496,0.544,0.0
21149.889320424794,0.552,-0.016
21149.889545950096,0.544,-0.016
21149.889771475395,0.56,-0.008
21149.889997000693,0.544,-0.016
21149.890222525995,0.56,0.0
21149.890448051294,0.552,-0.016
21149.890673576592,0.544,0.0
21149.890899101894,0.544,-0.008
21149.891124627193,0.552,-0.016
21149.89135015249,0.544,-0.016
21149.891575677793,0.56,-0.008
21149.89180120309,0.544,-0.016
21149.89202672839,0.56,0.0
21149.892252253692,0.552,-0.008
21149.89247777899,0.536,-0.016
21149.89270330429,0.536,-0.016
21149.89292882959,0.552,0.0
21149.89315435489,0.544,-0.016
21149.893379880188,0.56,0.0
21149.89360540549,0.544,0.0
21149.89383093079,0.56,-0.016
21149.89405645609,0.544,-0.016
21149.89428198139,0.56,0.0
21149.894507506688,0.544,-0.016
21149.89473303199,0.56,0.0
21149.89495855729,0.544,-0.016
21149.895184082587,0.56,0.0
21149.89540960789,0.544,-0.008
21149.895635133187,0.56,0.016
21149.895860658486,0.544,0.016
21149.896086183788,0.56,0.112
21149.896311709086,0.544,0.12
21149.896537234385,0.56,0.272
21149.896762759687,0.536,0.272
21149.896988284985,0.56,0.36
21149.897213810284,0.56,0.368
21149.897439335586,0.544,0.392
21149.897664860884,0.544,0.392
21149.897890386183,0.552,0.40800000000000003
21149.898115911485,0.544,0.40800000000000003
21149.898341436783,0.56,0.4
21149.89856696208,0.544,0.4
21149.898792487384,0.56,0.40800000000000003
21149.899018012682,0.544,0.4
21149.89924353798,0.56,0.40800000000000003
21149.899469063283,0.544,0.4
21149.89969458858,0.56,0.40800000000000003
21149.899920113883,0.544,0.4
21149.90014563918,0.56,0.40800000000000003
21149.90037116448,0.544,0.4
21149.900596689782,0.56,0.4
21149.90082221508,0.544,0.4
21149.90104774038,0.56,0.41600000000000004
21149.90127326568,0.544,0.4
21149.90149879098,0.56,0.40800000000000003
21149.901724316278,0.536,0.4
21149.90194984158,0.56,0.40800000000000003
21149.90217536688,0.544,0.40800000000000003
21149.902400892177,0.552,0.4
21149.90262641748,0.544,0.4
21149.902851942777,0.56,0.41600000000000004
21149.903077468076,0.544,0.40800000000000003
21149.903302993378,0.56,0.4
21149.903528518676,0.544,0.40800000000000003
21149.903754043975,0.56,0.41600000000000004
21149.903979569277,0.544,0.40800000000000003
21149.904205094575,0.56,0.424
21149.904430619874,0.544,0.424
21149.904656145176,0.552,0.464
21149.904881670474,0.544,0.464
21149.905107195777,0.56,0.44
21149.905332721075,0.536,0.464
21149.905558246373,0.552,0.432
21149.905783771675,0.544,0.41600000000000004
21149.906009296974,0.56,0.44
21149.906234822272,0.544,0.456
21149.906460347574,0.56,0.424
21149.906685872873,0.544,0.41600000000000004
21149.90691139817,0.56,0.432
21149.907136923473,0.544,0.432
21149.907362448772,0.56,0.47200000000000003
21149.90758797407,0.544,0.47200000000000003
21149.907813499372,0.56,0.424
21149.90803902467,0.544,0.424
21149.90826454997,0.56,0.40800000000000003
21149.90849007527,0.544,0.41600000000000004
21149.90871560057,0.552,0.448
21149.90894112587,0.56,0.448
21149.90916665117,0.544,0.47200000000000003
21149.90939217647,0.544,0.456
21149.909617701767,0.56,0.47200000000000003
21149.90984322707,0.544,0.47200000000000003
21149.910068752368,0.56,0.448
21149.910294277666,0.56,0.456
21149.91051980297,0.536,0.47200000000000003
21149.910745328267,0.536,0.47200000000000003
21149.91097085357,0.552,0.464
21149.911196378867,0.544,0.456
21149.911421904166,0.56,0.48
21149.911647429468,0.544,0.48
21149.911872954766,0.56,0.464
21149.912098480065,0.56,0.464
21149.912324005367,0.544,0.448
21149.912549530665,0.544,0.456
21149.912775055964,0.56,0.47200000000000003
21149.913000581266,0.544,0.48
21149.913226106564,0.56,0.44
21149.913451631863,0.544,0.44
21149.913677157165,0.552,0.41600000000000004
21149.913902682463,0.544,0.424
21149.91412820776,0.552,0.464
21149.914353733064,0.544,0.464
21149.914579258362,0.552,0.448
21149.91480478366,0.56,0.448
21149.915030308963,0.536,0.47200000000000003
21149.91525583426,0.544,0.47200000000000003
21149.91548135956,0.56,0.424
21149.91570688486,0.544,0.41600000000000004
21149.91593241016,0.56,0.44
21149.91615793546,0.544,0.44
21149.91638346076,0.56,0.464
21149.91660898606,0.544,0.47200000000000003
21149.91683451136,0.56,0.456
21149.91706003666,0.552,0.47200000000000003
21149.917285561958,0.544,0.456
21149.91751108726,0.552,0.47200000000000003
21149.91773661256,0.536,0.44
21149.917962137857,0.544,0.456
21149.91818766316,0.528,0.47200000000000003
21149.918413188458,0.528,0.456
21149.918638713756,0.544,0.48
21149.918864239058,0.528,0.464
21149.919089764357,0.504,0.448
21149.919315289655,0.52,0.448
21149.919540814957,0.496,0.47200000000000003
21149.919766340256,0.496,0.448
21149.919991865554,0.512,0.47200000000000003
21149.920217390856,0.504,0.47200000000000003
21149.920442916155,0.52,0.448
21149.920668441453,0.496,0.448
21149.920893966755,0.512,0.41600000000000004
21149.921119492054,0.504,0.424
21149.921345017352,0.512,0.448
21149.921570542654,0.52,0.448
21149.921796067953,0.496,0.464
21149.922021593255,0.496,0.456
21149.922247118553,0.504,0.41600000000000004
21149.92247264385,0.496,0.41600000000000004
21149.922698169154,0.504,0.44
21149.922923694452,0.496,0.44
21149.92314921975,0.512,0.464
21149.923374745053,0.504,0.47200000000000003
21149.92360027035,0.488,0.44
21149.92382579565,0.504,0.432
21149.92405132095,0.488,0.41600000000000004
21149.92427684625,0.488,0.41600000000000004
21149.92450237155,0.512,0.44
21149.92472789685,0.488,0.44
21149.92495342215,0.512,0.40800000000000003
21149.925178947447,0.496,0.41600000000000004
21149.92540447275,0.512,0.4
21149.925629998048,0.504,0.4
21149.925855523346,0.536,0.41600000000000004
21149.92608104865,0.52,0.40800000000000003
21149.926306573947,0.536,0.4
21149.926532099245,0.536,0.4
21149.926757624547,0.504,0.41600000000000004
21149.926983149846,0.496,0.41600000000000004
21149.927208675144,0.504,0.4
21149.927434200446,0.496,0.4
21149.927659725745,0.504,0.40800000000000003
21149.927885251047,0.488,0.4
21149.928110776345,0.504,0.41600000000000004
21149.928336301644,0.504,0.4
21149.928561826946,0.488,0.41600000000000004
21149.928787352244,0.496,0.4
21149.929012877543,0.528,0.40800000000000003
21149.929238402845,0.52,0.40800000000000003
21149.929463928143,0.544,0.4
21149.929689453442,0.536,0.4
21149.929914978744,0.512,0.4
21149.930140504042,0.512,0.4
21149.93036602934,0.496,0.40800000000000003
21149.930591554643,0.496,0.4
21149.93081707994,0.528,0.41600000000000004
21149.93104260524,0.52,0.4
21149.931268130542,0.544,0.41600000000000004
21149.93149365584,0.536,0.40800000000000003
21149.93171918114,0.52,0.4
21149.93194470644,0.528,0.4
21149.93217023174,0.496,0.40800000000000003
21149.932395757038,0.512,0.4
21149.93262128234,0.496,0.40800000000000003
21149.93284680764,0.496,0.4
21149.933072332937,0.512,0.41600000000000004
21149.93329785824,0.496,0.40800000000000003
21149.933523383537,0.512,0.4
21149.93374890884,0.504,0.40800000000000003
21149.933974434138,0.488,0.4
21149.934199959436,0.496,0.4
21149.93442548474,0.504,0.40800000000000003
21149.934651010037,0.496,0.4
21149.934876535335,0.512,0.40800000000000003
21149.935102060637,0.488,0.40800000000000003
21149.935327585936,0.52,0.4
21149.935553111234,0.52,0.4
21149.935778636536,0.544,0.40800000000000003
21149.94103360176,0.552,-0.016
21149.94130071004,0.536,0.0
21149.941567818325,0.536,-0.016
21149.941834926605,0.552,0.0
21149.942102034885,0.536,-0.016
21149.94236914317,0.552,0.0
21149.94263625145,0.56,-0.016
21149.94290335973,0.536,0.0
21149.943170468014,0.56,-0.016
21149.943437576294,0.536,0.0
21149.943704684574,0.552,-0.008
21149.943971792858,0.536,-0.016
21149.94423890114,0.544,-0.016
21149.94450600942,0.552,0.0
21149.944773117702,0.552,0.0
21149.945040225983,0.536,-0.016
21149.945307334263,0.544,0.0
21149.945574442547,0.56,-0.016
21149.945841550827,0.544,0.0
21149.946108659107,0.56,-0.016
21149.94637576739,0.536,-0.008
21149.94664287567,0.552,0.032
21149.94690998395,0.536,0.024
21149.947177092236,0.552,0.14400000000000002
21149.947444200516,0.544,0.152
21149.947711308796,0.552,0.28800000000000003
21149.94797841708,0.552,0.28800000000000003
21149.94824552536,0.536,0.36
21149.94851263364,0.552,0.36
21149.948779741924,0.536,0.376
21149.949046850204,0.552,0.376
21149.949313958485,0.536,0.384
21149.94958106677,0.56,0.384
21149.94984817505,0.536,0.392
21149.95011528333,0.552,0.384
21149.950382391613,0.536,0.392
21149.950649499893,0.552,0.384
21149.950916608173,0.536,0.392
21149.951183716457,0.544,0.384
21149.951450824738,0.56,0.392
21149.951717933018,0.536,0.384
21149.9519850413,0.552,0.392
21149.952252149582,0.544,0.384
21149.952519257862,0.552,0.384
21149.952786366146,0.552,0.384
21149.953053474426,0.536,0.392
21149.953320582707,0.552,0.384
21149.95358769099,0.536,0.392
21149.95385479927,0.552,0.384
21149.95412190755,0.536,0.4
21149.954389015835,0.56,0.384
21149.954656124115,0.536,0.392
21149.954923232395,0.536,0.384
21149.95519034068,0.552,0.392
21149.95545744896,0.536,0.384
21149.95572455724,0.552,0.392
21149.955991665523,0.544,0.384
21149.956258773804,0.56,0.392
21149.956525882084,0.536,0.384
21149.956792990368,0.552,0.384
21149.957060098648,0.536,0.384
21149.95732720693,0.56,0.392
21149.957594315212,0.552,0.384
21149.957861423492,0.536,0.392
21149.958128531773,0.544,0.384
21149.958395640057,0.536,0.392
21149.958662748337,0.536,0.384
21149.958929856617,0.56,0.384
21149.9591969649,0.536,0.384
21149.95946407318,0.56,0.392
21149.95973118146,0.536,0.384
21149.959998289745,0.56,0.384
21149.960265398026,0.552,0.384
21149.960532506306,0.536,0.392
21149.96079961459,0.56,0.384
21149.96106672287,0.544,0.392
21149.96133383115,0.544,0.384
21149.961600939434,0.552,0.392
21149.961868047714,0.536,0.392
21149.962135155994,0.56,0.384
21149.96240226428,0.56,0.384
21149.96266937256,0.536,0.392
21149.96293648084,0.536,0.384
21149.963203589123,0.552,0.392
21149.963470697403,0.536,0.384
21149.963737805683,0.56,0.392
21149.964004913967,0.552,0.392
21149.964272022247,0.536,0.384
21149.964539130528,0.536,0.384
21149.96480623881,0.56,0.392
21149.96507334709,0.536,0.392
21149.965340455372,0.552,0.384
21149.965607563656,0.552,0.384
21149.965874671936,0.536,0.384
21149.966141780216,0.552,0.384
21149.9664088885,0.536,0.384
21149.96667599678,0.552,0.384
21149.96694310506,0.544,0.392
21149.967210213345,0.552,0.384
21149.967477321625,0.536,0.392
21149.967744429905,0.544,0.384
21149.96801153819,0.56,0.384
21149.96827864647,0.536,0.384
21149.96854575475,0.552,0.384
21149.968812863033,0.544,0.384
21149.969079971313,0.552,0.392
21149.969347079594,0.552,0.392
21149.969614187878,0.536,0.384
21149.969881296158,0.536,0.384
21149.970148404438,0.552,0.384
21149.970415512722,0.536,0.384
21149.970682621002,0.552,0.392
21149.970949729282,0.56,0.384
21149.971216837566,0.536,0.392
21149.971483945847,0.536,0.384
21149.971751054127,0.56,0.384
21149.97201816241,0.544,0.384
21149.97228527069,0.552,0.392
21149.97255237897,0.536,0.384
21149.972819487255,0.56,0.392
21149.973086595535,0.552,0.384
21149.973353703816,0.536,0.392
21149.9736208121,0.552,0.384
21149.97388792038,0.536,0.392
21149.97415502866,0.552,0.384
21149.974422136944,0.544,0.384
21149.974689245224,0.536,0.384
21149.974956353504,0.552,0.384
21149.975223461788,0.536,0.384
21149.97549057007,0.56,0.392
21149.97575767835,0.552,0.384
21149.976024786632,0.544,0.392
21149.976291894913,0.544,0.384
21149.976559003193,0.56,0.384
21149.976826111477,0.552,0.384
21149.977093219757,0.528,0.392
21149.977360328037,0.528,0.384
21149.97762743632,0.536,0.392
21149.9778945446,0.52,0.384
21149.97816165288,0.56,0.392
21149.978428761166,0.552,0.384
21149.978695869446,0.536,0.392
21149.978962977726,0.536,0.384
21149.97923008601,0.56,0.392
21149.97949719429,0.552,0.384
21149.97976430257,0.536,0.384
21149.980031410854,0.552,0.384
21149.980298519135,0.544,0.392
21149.980565627415,0.56,0.392
21149.9808327357,0.536,0.384
21149.98109984398,0.552,0.384
21149.98136695226,0.536,0.392
21149.981634060543,0.56,0.392
21149.981901168823,0.536,0.384
21149.982168277103,0.552,0.392
21149.982435385387,0.536,0.384
21149.982702493668,0.544,0.384
21149.982969601948,0.552,0.392
21149.98323671023,0.552,0.384
21149.983503818512,0.536,0.384
21149.983770926792,0.552,0.384
21149.984038035076,0.536,0.384
21149.984305143356,0.552,0.384
21149.984572251637,0.536,0.392
21149.98483935992,0.552,0.384
21149.9851064682,0.536,0.4
21149.98537357648,0.536,0.392
21149.985640684765,0.552,0.384
21149.985907793045,0.56,0.384
21149.986174901325,0.536,0.392
21149.98644200961,0.536,0.384
21149.98670911789,0.552,0.392
21149.98697622617,0.536,0.392
21149.987243334454,0.552,0.384
21149.987510442734,0.544,0.384
21149.987777551014,0.56,0.392
21149.988044659298,0.552,0.384
21149.988311767578,0.536,0.392
21149.98857887586,0.544,0.384
21149.988845984142,0.56,0.392
21149.989113092422,0.544,0.384
21149.989380200703,0.56,0.392
21149.989647308987,0.536,0.392
21149.989914417267,0.56,0.384
21149.990181525547,0.536,0.392
21149.99044863383,0.552,0.384
21149.99071574211,0.56,0.384
21149.99098285039,0.536,0.392
21149.991249958675,0.552,0.384
21149.991517066956,0.536,0.4
21149.991784175236,0.544,0.392
21149.99205128352,0.56,0.432
21149.9923183918,0.56,0.44
21149.99258550008,0.536,0.4
21149.992852608364,0.536,0.40800000000000003
21149.993119716644,0.552,0.392
21149.993386824925,0.536,0.392
21149.99365393321,0.56,0.384
21149.99392104149,0.552,0.384
21149.99418814977,0.528,0.40800000000000003
21149.994455258053,0.544,0.40800000000000003
21149.994722366333,0.528,0.41600000000000004
21149.994989474613,0.528,0.424
21149.995256582897,0.552,0.44
21149.995523691177,0.528,0.44
21149.995790799458,0.504,0.424
21149.99605790774,0.512,0.432
21149.99632501602,0.496,0.448
21149.996592124302,0.512,0.448
21149.996859232586,0.496,0.432
21149.997126340866,0.504,0.44
21149.997393449146,0.552,0.392
21149.99766055743,0.536,0.392
21149.99792766571,0.552,0.384
21149.99819477399,0.552,0.384
21149.998461882275,0.536,0.392
21149.998728990555,0.544,0.384
21149.998996098835,0.536,0.392
21149.99926320712,0.536,0.384
21149.9995303154,0.552,0.4
21149.99979742368,0.536,0.384
21150.000064531963,0.552,0.392
21150.000331640244,0.552,0.384
21150.000598748524,0.536,0.392
21150.000865856808,0.536,0.384
21150.001132965088,0.552,0.392
21150.001400073368,0.552,0.384
21150.001667181652,0.536,0.384
21150.001934289932,0.536,0.384
21150.002201398212,0.56,0.384
21150.002468506496,0.552,0.384
21150.002735614777,0.536,0.392
21150.003002723057,0.552,0.392
21150.00326983134,0.536,0.384
21150.00353693962,0.552,0.384
21150.0038040479,0.536,0.384
21150.004071156185,0.536,0.384
21150.004338264465,0.552,0.392
21150.004605372746,0.552,0.384
21150.00487248103,0.536,0.4
21150.00513958931,0.552,0.384
21150.00540669759,0.544,0.392
21150.005673805874,0.56,0.384
21150.005940914154,0.536,0.392
21150.006208022434,0.536,0.384
21150.006475130718,0.552,0.392
21150.006742239,0.544,0.392
21150.00700934728,0.552,0.384
21150.007276455563,0.536,0.384
21150.007543563843,0.56,0.384
21150.007810672123,0.536,0.384
21150.008077780407,0.552,0.392
21150.008344888687,0.544,0.384
21150.008611996967,0.552,0.392
21150.00887910525,0.536,0.384
21150.00914621353,0.552,0.392
21150.00941332181,0.544,0.384
21150.009680430096,0.56,0.392
21150.009947538376,0.536,0.384
21150.010214646656,0.552,0.392
21150.01048175494,0.536,0.384
21150.01074886322,0.56,0.384
21150.0110159715,0.56,0.384
21150.011283079784,0.536,0.384
21150.011550188065,0.536,0.384
21150.011817296345,0.552,0.392
21150.01208440463,0.552,0.384
21150.01235151291,0.536,0.392
21150.01261862119,0.536,0.392
21150.012885729473,0.56,0.368
21150.013152837753,0.544,0.368
21150.013419946034,0.56,0.28800000000000003
21150.013687054317,0.544,0.28800000000000003
21150.013954162598,0.56,0.14400000000000002
21150.014221270878,0.536,0.136
21150.01448837916,0.552,0.04
21150.014755487442,0.536,0.04
21150.015022595722,0.552,0.008
21150.015289704006,0.552,0.008
21150.015556812286,0.536,-0.008
21150.015823920567,0.544,-0.008
21150.01609102885,0.552,0.0
21150.01635813713,0.544,-0.008
21150.01662524541,0.552,0.0
21150.016892353695,0.552,0.0
21150.017159461975,0.536,-0.016
21150.017426570255,0.536,0.0
21150.01769367854,0.56,-0.016
21150.01796078682,0.536,0.0
21150.0182278951,0.56,-0.016
21150.018495003384,0.544,0.0
21150.018762111664,0.552,-0.008
21150.019029219944,0.536,0.0
21150.019296328228,0.552,-0.016
21150.019563436508,0.536,-0.016
21150.01983054479,0.552,0.0
21150.020097653072,0.544,0.0
21150.020364761353,0.552,-0.016
21150.020631869633,0.56,-0.016
21150.020898977917,0.536,0.0
21150.021166086197,0.536,-0.016
21150.021433194477,0.552,0.0
21150.02170030276,0.544,0.0
21150.02196741104,0.56,-0.016
21150.02223451932,0.536,0.0
21150.022501627605,0.552,-0.016
21150.022768735886,0.536,-0.016
21150.023035844166,0.56,0.0
21150.02330295245,0.536,0.0
21150.02357006073,0.56,-0.016
21150.02383716901,0.536,-0.008
21150.024104277294,0.56,0.0
21150.024371385574,0.552,0.0
21150.024638493855,0.536,-0.016
21150.02490560214,0.552,-0.016
21150.02517271042,0.536,0.0
21150.0254398187,0.56,-0.016
21150.025706926983,0.536,0.0
21150.025974035263,0.536,-0.016
21150.026241143543,0.552,0.0
21150.026508251827,0.552,-0.016
21150.026775360107,0.536,0.0
21150.027042468388,0.544,0.0
21150.02730957667,0.552,-0.008
21150.02757668495,0.552,0.0
21150.027843793232,0.536,-0.016
21150.028110901516,0.536,-0.008
21150.028378009796,0.56,0.0
21150.028645118076,0.56,0.0
21150.02891222636,0.536,-0.016
21150.02917933464,0.544,0.0
21150.02944644292,0.56,-0.016
21150.029713551205,0.56,-0.016
21150.029980659485,0.536,0.0
21150.030247767765,0.544,-0.008
21150.03051487605,0.56,0.0
21150.03078198433,0.56,0.0
21150.03104909261,0.536,-0.016
21150.031316200893,0.544,-0.016
21150.031583309174,0.552,0.0
21150.031850417454,0.544,0.0
21150.032117525738,0.56,-0.016
21150.032384634018,0.544,-0.016
21150.0326517423,0.56,0.0
21150.032918850582,0.56,0.0
21150.033185958862,0.536,-0.016
21150.033453067143,0.536,-0.016
21150.033720175426,0.56,0.0
21150.033987283707,0.536,0.0
21150.034254391987,0.56,-0.016
21150.03452150027,0.536,0.0
21150.03478860855,0.552,-0.016
21150.03505571683,0.544,-0.016
21150.035322825115,0.552,0.0
21150.035589933395,0.536,0.0
21150.035857041676,0.56,-0.016
21150.03612414996,0.56,-0.016
21150.03639125824,0.536,0.0
21150.03665836652,0.552,0.0
21150.036925474804,0.536,-0.016
21150.037192583084,0.544,-0.016
21150.037459691364,0.552,0.0
21150.03772679965,0.552,0.0
21150.03799390793,0.536,-0.016
21150.03826101621,0.544,-0.016
21150.038528124493,0.56,0.0
21150.038795232773,0.552,-0.016
21150.039062341053,0.536,0.0
21150.039329449337,0.552,0.0
21150.039596557617,0.536,-0.016
21150.039863665897,0.544,0.0
21150.04013077418,0.552,-0.016
21150.04039788246,0.552,-0.016
21150.04066499074,0.544,0.0
21150.040932099026,0.536,-0.016
21150.041199207306,0.56,0.0
21150.041466315586,0.552,-0.016
21150.04173342387,0.536,0.0
21150.04200053215,0.552,-0.016
21150.04226764043,0.536,0.0
21150.042534748714,0.552,0.0
21150.042801856995,0.536,-0.016
21150.043068965275,0.552,-0.016
21150.04333607356,0.536,0.0
21150.04360318184,0.536,-0.016
21150.04387029012,0.56,0.0
21150.044137398403,0.552,0.0
21150.044404506683,0.536,-0.016
21150.044671614964,0.536,-0.016
21150.044938723247,0.56,0.0
21150.045205831528,0.536,0.0
21150.045472939808,0.56,-0.016
21150.045740048092,0.552,0.0
21150.046007156372,0.544,-0.016
21150.046274264652,0.544,-0.016
21150.046541372936,0.56,0.0
21150.046808481216,0.552,-0.016
21150.047075589497,0.536,0.0
21150.04734269778,0.544,0.0
21150.04760980606,0.56,-0.016
21150.04787691434,0.544,-0.016
21150.048144022625,0.56,-0.008
21150.048411130905,0.536,0.0
21150.048678239185,0.552,-0.016
21150.04894534747,0.544,-0.016
21150.04921245575,0.56,0.0
21150.04947956403,0.544,-0.008
21150.049746672314,0.56,-0.016
21150.050013780594,0.552,-0.016
21150.050280888874,0.536,0.0
21150.050547997158,0.552,-0.016
21150.05081510544,0.536,0.0
21150.05108221372,0.544,-0.016
21150.051349322002,0.56,0.0
21150.051616430283,0.56,-0.016
21150.051883538563,0.536,0.0
21150.052150646847,0.552,-0.016
21150.052417755127,0.536,0.0
21150.052684863407,0.552,-0.016
21150.05295197169,0.536,0.0
21150.05321907997,0.552,0.0
21150.05348618825,0.536,-0.016
21150.053753296535,0.536,-0.016
21150.054020404816,0.552,0.0
21150.054287513096,0.536,-0.016
21150.05455462138,0.56,0.0
21150.05482172966,0.552,0.0
21150.05508883794,0.544,-0.016
21150.055355946224,0.56,-0.016
21150.055623054504,0.536,0.0
21150.055890162785,0.552,-0.016
21150.05615727107,0.536,-0.008
21150.05642437935,0.544,-0.016
21150.05669148763,0.56,0.0
21150.056958595913,0.56,-0.016
21150.057225704193,0.544,0.0
21150.057492812473,0.536,0.0
21150.057759920757,0.552,-0.016
21150.058027029037,0.56,-0.016
21150.058294137318,0.536,0.0
21150.0585612456,0.536,-0.016
21150.058828353882,0.552,0.0
21150.059095462162,0.544,-0.016
21150.059362570446,0.552,0.0
21150.059629678726,0.544,0.0
21150.059896787006,0.552,-0.016
21150.06016389529,0.536,-0.016
21150.06043100357,0.552,0.0
21150.06069811185,0.536,-0.016
21150.060965220135,0.56,0.0
21150.061232328415,0.552,-0.016
21150.061499436695,0.544,-0.008
21150.06176654498,0.552,0.0
21150.06203365326,0.536,-0.016
21150.06230076154,0.544,-0.016
21150.062567869823,0.56,0.0
21150.062834978104,0.544,-0.016
21150.063102086384,0.56,0.0
21150.063369194668,0.56,0.0
21150.063636302948,0.536,-0.016
21150.06390341123,0.536,-0.016
21150.064170519512,0.56,0.0
21150.064437627792,0.536,0.0
21150.064704736073,0.56,-0.016
21150.064971844356,0.544,-0.016
21150.065238952637,0.56,0.0
21150.065506060917,0.56,-0.016
21150.0657731692,0.536,0.0
21150.06604027748,0.536,0.0
21150.06630738576,0.56,-0.016
21150.066574494045,0.552,-0.016
21150.066841602325,0.544,0.0
21150.067108710606,0.552,-0.008
21150.06737581889,0.536,-0.016
21150.06764292717,0.552,-0.016
21150.06791003545,0.536,0.0
21150.068177143734,0.544,-0.016
21150.068444252014,0.56,0.0
21150.068711360294,0.56,-0.016
21150.06897846858,0.536,0.0
21150.06924557686,0.552,-0.016
21150.06951268514,0.536,0.0
21150.069779793423,0.544,-0.016
21150.070046901703,0.56,0.0
21150.070314009983,0.552,-0.016
21150.070581118267,0.536,-0.008
21150.070848226547,0.536,-0.016
21150.071115334827,0.552,0.0
21150.07138244311,0.552,-0.016
21150.07164955139,0.536,0.0
21150.071916659672,0.552,-0.016
21150.072183767956,0.536,0.0
21150.072450876236,0.552,0.0
21150.072717984516,0.536,-0.016
21150.0729850928,0.552,-0.016
21150.07325220108,0.536,0.0
21150.07351930936,0.56,0.0
21150.073786417644,0.544,-0.016
21150.074053525925,0.552,-0.016
21150.074320634205,0.536,0.0
21150.07458774249,0.536,-0.016
21150.07485485077,0.56,0.0
21150.07512195905,0.544,-0.016
21150.075389067333,0.56,0.0
21150.075656175613,0.536,-0.016
21150.075923283894,0.552,0.0
21150.076190392178,0.536,-0.016
21150.076457500458,0.56,0.0
21150.076724608738,0.552,0.0
21150.076991717022,0.536,-0.016
21150.077258825302,0.552,-0.016
21150.077525933582,0.544,0.0
21150.077793041866,0.536,-0.016
21150.078060150146,0.552,0.0
21150.078327258427,0.56,-0.016
21150.07859436671,0.536,0.0
21150.07886147499,0.536,0.0
21150.07912858327,0.56,-0.016
21150.079395691555,0.56,-0.016
21150.079662799835,0.536,0.0
21150.079929908115,0.552,-0.008
21150.0801970164,0.536,0.032
21150.08046412468,0.552,0.024
21150.08073123296,0.536,0.14400000000000002
21150.080998341244,0.544,0.16
21150.081265449524,0.536,0.28
21150.081532557804,0.544,0.28
21150.081799666088,0.56,0.352
21150.08206677437,0.536,0.352
21150.08233388265,0.56,0.376
21150.082600990932,0.536,0.376
21150.082868099213,0.56,0.384
21150.083135207493,0.536,0.376
21150.083402315777,0.56,0.392
21150.083669424057,0.56,0.376
21150.083936532337,0.536,0.392
21150.08420364062,0.536,0.384
21150.0844707489,0.56,0.376
21150.08473785718,0.544,0.376
21150.085004965465,0.552,0.392
21150.085272073746,0.544,0.384
21150.085539182026,0.56,0.376
21150.08580629031,0.536,0.384
21150.08607339859,0.552,0.376
21150.08634050687,0.544,0.384
21150.086607615154,0.56,0.376
21150.086874723434,0.536,0.384
21150.087141831715,0.56,0.392
21150.08740894,0.56,0.376
21150.08767604828,0.536,0.384
21150.08794315656,0.544,0.376
21150.088210264843,0.552,0.392
21150.088477373123,0.552,0.384
21150.088744481403,0.544,0.384
21150.089011589687,0.56,0.392
21150.089278697968,0.536,0.376
21150.089545806248,0.552,0.392
21150.08981291453,0.536,0.384
21150.090080022812,0.544,0.392
21150.090347131092,0.56,0.384
21150.090614239376,0.536,0.384
21150.090881347656,0.552,0.392
21150.091148455936,0.536,0.384
21150.09141556422,0.56,0.384
21150.0916826725,0.552,0.376
21150.09194978078,0.536,0.392
21150.092216889065,0.552,0.384
21150.092483997345,0.536,0.392
21150.092751105625,0.536,0.384
21150.09301821391,0.56,0.392
21150.09328532219,0.544,0.384
21150.09355243047,0.56,0.392
21150.093819538753,0.56,0.384
21150.094086647034,0.536,0.384
21150.094353755314,0.56,0.384
21150.094620863598,0.528,0.392
21150.094887971878,0.536,0.384
21150.09515508016,0.504,0.384
21150.095422188442,0.504,0.384
21150.095689296722,0.544,0.392
21150.095956405003,0.544,0.384
21150.096223513287,0.528,0.392
21150.096490621567,0.536,0.384
21150.096757729847,0.504,0.392
21150.09702483813,0.504,0.384
21150.09729194641,0.536,0.392
21150.09755905469,0.536,0.384
21150.097826162975,0.52,0.384
21150.098093271255,0.512,0.384
21150.098360379536,0.552,0.392
21150.09862748782,0.552,0.384
21150.0988945961,0.536,0.392
21150.09916170438,0.536,0.384
21150.099428812664,0.552,0.392
21150.099695920944,0.552,0.384
21150.099963029224,0.536,0.384
21150.10023013751,0.536,0.392
21150.10049724579,0.552,0.376
21150.10076435407,0.56,0.384
21150.101031462353,0.536,0.392
21150.101298570633,0.536,0.384
21150.101565678913,0.552,0.392
21150.101832787197,0.544,0.384
21150.102099895477,0.552,0.392
21150.102367003758,0.552,0.384
21150.10263411204,0.536,0.392
21150.10290122032,0.536,0.384
21150.103168328602,0.56,0.392
21150.103435436886,0.536,0.384
21150.103702545166,0.56,0.392
21150.103969653446,0.536,0.384
21150.10423676173,0.552,0.392
21150.10450387001,0.544,0.384
21150.10477097829,0.56,0.384
21150.105038086574,0.536,0.384
21150.105305194855,0.552,0.376
21150.105572303135,0.552,0.376
21150.10583941142,0.536,0.384
21150.1061065197,0.536,0.384
21150.10637362798,0.56,0.392
21150.106640736263,0.544,0.384
21150.106907844543,0.56,0.384
21150.107174952824,0.552,0.384
21150.107442061108,0.536,0.384
21150.107709169388,0.536,0.384
21150.107976277668,0.552,0.392
21150.108243385952,0.552,0.384
21150.108510494232,0.536,0.392
21150.108777602512,0.536,0.384
21150.109044710796,0.56,0.384
21150.109311819077,0.552,0.384
21150.109578927357,0.536,0.392
21150.10984603564,0.536,0.384
21150.11011314392,0.552,0.384
21150.1103802522,0.552,0.384
21150.110647360485,0.536,0.392
21150.110914468765,0.536,0.384
21150.111181577045,0.552,0.392
21150.11144868533,0.552,0.384
21150.11171579361,0.536,0.392
21150.11198290189,0.552,0.384
21150.112250010174,0.536,0.384
21150.112517118454,0.552,0.392
21150.112784226734,0.536,0.384
21150.113051335018,0.552,0.384
21150.1133184433,0.536,0.384
21150.11358555158,0.56,0.384
21150.113852659862,0.536,0.384
21150.114119768143,0.536,0.384
21150.114386876423,0.552,0.392
21150.114653984707,0.56,0.384
21150.114921092987,0.536,0.392
21150.115188201267,0.536,0.384
21150.11545530955,0.56,0.4
21150.11572241783,0.536,0.384
21150.11598952611,0.552,0.432
21150.116256634396,0.536,0.432
21150.116523742676,0.56,0.392
21150.116790850956,0.544,0.392
21150.11705795924,0.56,0.41600000000000004
21150.11732506752,0.552,0.424
21150.1175921758,0.536,0.448
21150.117859284084,0.552,0.44
21150.118126392365,0.536,0.424
21150.118393500645,0.552,0.432
21150.11866060893,0.536,0.456
21150.11892771721,0.544,0.44
21150.11919482549,0.56,0.456
21150.119461933773,0.536,0.432
21150.119729042053,0.56,0.448
21150.119996150333,0.552,0.432
21150.120263258617,0.536,0.456
21150.120530366898,0.536,0.44
21150.120797475178,0.56,0.424
21150.12106458346,0.544,0.432
21150.121331691742,0.56,0.448
21150.121598800022,0.536,0.448
21150.121865908306,0.56,0.432
21150.122133016586,0.536,0.432
21150.122400124867,0.56,0.392
21150.12266723315,0.544,0.384
21150.12293434143,0.56,0.40800000000000003
21150.12320144971,0.552,0.424
21150.123468557995,0.544,0.4
21150.123735666275,0.552,0.40800000000000003
21150.124002774555,0.536,0.448
21150.12426988284,0.552,0.432
21150.12453699112,0.536,0.448
21150.1248040994,0.536,0.44
21150.125071207684,0.56,0.448
21150.125338315964,0.544,0.432
21150.125605424244,0.56,0.456
21150.125872532528,0.544,0.44
21150.126139640808,0.552,0.448
21150.12640674909,0.544,0.448
21150.126673857372,0.552,0.392
21150.126940965652,0.552,0.4
21150.127208073933,0.536,0.384
21150.127475182217,0.536,0.4
21150.127742290497,0.552,0.432
21150.128009398777,0.544,0.41600000000000004
21150.12827650706,0.552,0.384
21150.12854361534,0.544,0.384
21150.12881072362,0.56,0.392
21150.129077831905,0.552,0.384
21150.129344940186,0.536,0.392
21150.129612048466,0.552,0.384
21150.12987915675,0.544,0.392
21150.13014626503,0.552,0.392
21150.13041337331,0.536,0.384
21150.130680481594,0.56,0.392
21150.130947589874,0.536,0.384
21150.131214698155,0.552,0.384
21150.13148180644,0.536,0.392
21150.13174891472,0.536,0.384
21150.132016023,0.56,0.384
21150.132283131283,0.544,0.384
21150.132550239563,0.56,0.376
21150.132817347843,0.56,0.384
21150.133084456127,0.536,0.384
21150.133351564407,0.552,0.384
21150.133618672688,0.544,0.392
21150.13388578097,0.544,0.384
21150.13415288925,0.56,0.384
21150.134419997532,0.536,0.384
21150.134687105816,0.552,0.384
21150.134954214096,0.56,0.384
21150.135221322376,0.536,0.392
21150.13548843066,0.544,0.384
21150.13575553894,0.56,0.392
21150.13602264722,0.544,0.384
21150.136289755505,0.56,0.384
21150.136556863785,0.552,0.384
21150.136823972065,0.536,0.392
21150.13709108035,0.536,0.384
21150.13735818863,0.552,0.384
21150.13762529691,0.536,0.376
21150.137892405193,0.552,0.392
21150.138159513474,0.536,0.384
21150.138426621754,0.56,0.392
21150.138693730038,0.536,0.392
21150.138960838318,0.56,0.384
21150.139227946598,0.536,0.384
21150.139495054882,0.552,0.392
21150.139762163162,0.536,0.384
21150.140029271442,0.56,0.392
21150.140296379726,0.552,0.384
21150.140563488007,0.536,0.384
21150.140830596287,0.56,0.384
21150.14109770457,0.536,0.384
21150.14136481285,0.544,0.384
21150.14163192113,0.552,0.392
21150.141899029415,0.536,0.384
21150.142166137695,0.56,0.392
21150.142433245976,0.552,0.384
21150.14270035426,0.536,0.384
21150.14296746254,0.56,0.384
21150.14323457082,0.536,0.392
21150.143501679104,0.544,0.384
21150.143768787384,0.56,0.392
21150.144035895664,0.536,0.384
21150.144303003948,0.56,0.392
21150.14457011223,0.544,0.384
21150.14483722051,0.552,0.392
21150.145104328793,0.552,0.376
21150.145371437073,0.536,0.4
21150.145638545353,0.544,0.384
21150.145905653637,0.56,0.376
21150.146172761917,0.552,0.384
21150.146439870197,0.536,0.368
21150.14670697848,0.552,0.36
21150.14697408676,0.536,0.28800000000000003
21150.14724119504,0.544,0.28
21150.147508303326,0.56,0.136
21150.147775411606,0.552,0.136
21150.148042519886,0.536,0.04
21150.14830962817,0.536,0.04
21150.14857673645,0.552,0.0
21150.14884384473,0.56,0.008
21150.149110953014,0.536,-0.008
21150.149378061295,0.552,-0.008
21150.149645169575,0.544,0.0
21150.14991227786,0.544,-0.008
21150.15017938614,0.56,0.0
21150.15044649442,0.544,0.0
21150.150713602703,0.552,-0.008
21150.150980710983,0.552,-0.008
21150.151247819264,0.536,0.0
21150.151514927547,0.552,-0.008
21150.151782035828,0.536,0.0
21150.152049144108,0.56,0.0
21150.15231625239,0.536,-0.008
21150.152583360672,0.552,-0.008
21150.152850468952,0.536,0.0
21150.153117577236,0.552,0.0
21150.153384685516,0.536,-0.016
21150.153651793797,0.544,0.0
21150.15391890208,0.552,-0.016
21150.15418601036,0.552,0.0
21150.15445311864,0.536,-0.008
21150.154720226925,0.552,0.0
21150.154987335205,0.536,-0.008
21150.155254443485,0.544,-0.008
21150.15552155177,0.56,0.0
21150.15578866005,0.552,-0.008
21150.15605576833,0.536,0.0
21150.156322876614,0.544,0.0
21150.156589984894,0.552,-0.016
21150.156857093174,0.552,-0.016
21150.157124201458,0.528,0.0
21150.157391309738,0.528,-0.008
21150.15765841802,0.504,0.0
21150.157925526302,0.504,0.0
21150.158192634583,0.52,-0.016
21150.158459742863,0.52,0.0
21150.158726851147,0.496,-0.016
21150.158993959427,0.504,0.0
21150.159261067707,0.544,-0.008
21150.15952817599,0.528,-0.016
21150.15979528427,0.504,0.0
21150.16006239255,0.52,0.0
21150.160329500835,0.544,-0.016
21150.160596609116,0.544,-0.008
21150.160863717396,0.512,0.0
21150.16113082568,0.528,0.0
21150.16139793396,0.504,-0.016
21150.16166504224,0.512,-0.016
21150.161932150524,0.544,0.0
21150.162199258804,0.544,-0.016
21150.162466367085,0.512,0.0
21150.16273347537,0.512,0.0
21150.16300058365,0.544,-0.016
21150.16326769193,0.544,0.0
21150.163534800213,0.528,-0.016
21150.163801908493,0.536,0.0
21150.164069016773,0.512,-0.016
21150.164336125057,0.528,-0.016
21150.164603233337,0.504,0.0
21150.164870341618,0.512,-0.016
21150.1651374499,0.496,0.0
21150.16540455818,0.504,-0.016
21150.165671666462,0.52,0.0
21150.165938774746,0.496,-0.016
21150.166205883026,0.52,0.0
21150.166472991306,0.496,-0.016
21150.16674009959,0.528,0.0
21150.16700720787,0.504,-0.016
21150.16727431615,0.544,0.0
21150.167541424435,0.544,0.0
21150.167808532715,0.52,-0.016
21150.168075640995,0.512,0.0
21150.16834274928,0.536,-0.016
21150.16860985756,0.536,0.0
21150.16887696584,0.552,-0.016
21150.169144074123,0.536,0.0
21150.169411182404,0.552,-0.016
21150.169678290684,0.536,-0.016
21150.169945398968,0.552,0.0
21150.170212507248,0.536,0.0
21150.170479615528,0.552,-0.016
21150.170746723812,0.536,0.0
21150.171013832092,0.552,-0.016
21150.171280940373,0.536,-0.016
21150.171548048656,0.552,0.0
21150.171815156937,0.536,0.0
21150.172082265217,0.552,-0.016
21150.1723493735,0.552,0.0
21150.17261648178,0.536,-0.016
21150.17288359006,0.536,0.0
21150.173150698345,0.552,-0.016
21150.173417806625,0.536,-0.016
21150.173684914906,0.552,0.0
21150.17395202319,0.536,-0.016
21150.17421913147,0.552,0.0
21150.17448623975,0.552,-0.016
21150.174753348034,0.536,0.0
21150.175020456314,0.552,-0.016
21150.175287564594,0.536,0.0
21150.17555467288,0.552,-0.016
21150.17582178116,0.536,0.0
21150.17608888944,0.536,-0.016
21150.176355997723,0.552,0.0
21150.176623106003,0.552,0.0
21150.176890214283,0.536,-0.016
21150.177157322567,0.552,-0.016
21150.177424430847,0.536,0.0
21150.177691539127,0.552,-0.016
21150.17795864741,0.544,0.0
21150.17822575569,0.536,-0.016
21150.17849286397,0.552,0.0
21150.178759972256,0.552,0.0
21150.179027080536,0.536,-0.016
21150.179294188816,0.544,-0.016
21150.1795612971,0.56,0.0
21150.17982840538,0.552,-0.016
21150.18009551366,0.536,0.0
21150.180362621944,0.544,0.0
21150.180629730225,0.56,-0.016
21150.180896838505,0.552,0.0
21150.18116394679,0.536,-0.016
21150.18143105507,0.536,-0.016
21150.18169816335,0.552,0.0
21150.181965271633,0.544,-0.016
21150.182232379913,0.552,0.0
21150.182499488194,0.544,-0.016
21150.182766596477,0.552,0.0
21150.183033704758,0.536,0.0
21150.183300813038,0.56,-0.016
21150.18356792132,0.552,-0.016
21150.183835029602,0.536,0.0
21150.184102137882,0.536,-0.016
21150.184369246166,0.56,-0.008
21150.184636354446,0.56,-0.016
21150.184903462727,0.536,0.0
21150.18517057101,0.552,-0.016
21150.18543767929,0.536,0.0
21150.18570478757,0.544,-0.016
21150.185971895855,0.552,0.0
21150.186239004135,0.536,0.0
21150.186506112415,0.56,-0.016
21150.1867732207,0.552,0.0
21150.18704032898,0.536,-0.016
21150.18730743726,0.544,0.0
21150.187574545544,0.56,-0.016
21150.187841653824,0.544,-0.016
21150.188108762104,0.56,0.0
21150.188375870388,0.552,-0.008
21150.18864297867,0.536,-0.016
21150.18891008695,0.56,-0.016
21150.189177195232,0.536,0.0
21150.189444303513,0.544,-0.016
21150.189711411793,0.56,0.0
21150.189978520077,0.544,-0.016
21150.190245628357,0.56,0.0
21150.190512736637,0.552,-0.016
21150.19077984492,0.536,0.0
21150.1910469532,0.56,-0.016
21150.19131406148,0.536,0.0
21150.191581169765,0.544,0.0
21150.191848278046,0.536,-0.016
21150.192115386326,0.544,-0.016
21150.19238249461,0.552,-0.008
21150.19264960289,0.552,0.0
21150.19291671117,0.536,-0.016
21150.193183819454,0.536,-0.016
21150.193450927734,0.552,0.0
21150.193718036015,0.56,0.0
21150.1939851443,0.536,-0.016
21150.19425225258,0.56,-0.016
21150.19451936086,0.536,0.0
21150.194786469143,0.544,-0.016
21150.195053577423,0.56,0.0
21150.195320685703,0.544,-0.016
21150.195587793987,0.56,0.0
21150.195854902267,0.544,-0.008
21150.196122010548,0.552,-0.016
21150.19638911883,0.56,-0.016
21150.19665622711,0.536,0.0
21150.196923335392,0.536,-0.016
21150.197190443676,0.552,0.0
21150.197457551956,0.544,-0.016
21150.197724660236,0.552,0.0
21150.19799176852,0.544,-0.016
21150.1982588768,0.56,0.0
21150.19852598508,0.552,-0.016
21150.198793093365,0.536,0.0
21150.199060201645,0.552,-0.016
21150.199327309925,0.536,0.0
21150.19959441821,0.552,-0.016
21150.19986152649,0.536,0.0
21150.20012863477,0.544,0.0
21150.200395743053,0.536,-0.016
21150.200662851334,0.552,-0.016
21150.200929959614,0.536,0.0
21150.201197067898,0.536,-0.016
21150.201464176178,0.56,0.0
21150.20173128446,0.544,-0.016
21150.201998392742,0.56,0.0
21150.202265501022,0.544,-0.016
21150.202532609303,0.56,0.0
21150.202799717586,0.536,-0.016
21150.203066825867,0.552,0.0
21150.203333934147,0.544,0.0
21150.20360104243,0.56,-0.016
21150.20386815071,0.56,-0.008
21150.20413525899,0.536,-0.016
21150.204402367275,0.536,-0.016
21150.204669475555,0.552,0.0
21150.204936583836,0.552,-0.016
21150.20520369212,0.536,0.0
21150.2054708004,0.544,-0.016
21150.20573790868,0.552,0.0
21150.206005016964,0.544,-0.016
21150.206272125244,0.552,0.0
21150.206539233524,0.536,-0.016
21150.20680634181,0.552,-0.008
21150.20707345009,0.552,-0.016
21150.20734055837,0.536,0.0
21150.207607666653,0.544,-0.016
21150.207874774933,0.56,0.0
21150.208141883213,0.544,-0.016
21150.208408991497,0.552,0.0
21150.208676099777,0.552,-0.016
21150.208943208057,0.536,0.0
21150.20921031634,0.552,-0.016
21150.20947742462,0.536,0.0
21150.209744532902,0.552,-0.016
21150.210011641186,0.536,0.0
21150.210278749466,0.552,-0.016
21150.210545857746,0.536,0.0
21150.21081296603,0.544,0.0
21150.21108007431,0.552,-0.016
21150.21134718259,0.552,-0.016
21150.211614290874,0.536,0.0
21150.211881399155,0.536,-0.016
21150.212148507435,0.56,0.0
21150.21241561572,0.544,-0.016
21150.212682724,0.552,0.0
21150.21294983228,0.536,-0.016
21150.213216940563,0.56,0.0
21150.213484048843,0.544,-0.008
21150.213751157124,0.56,0.032
21150.214018265408,0.552,0.032
21150.214285373688,0.536,0.14400000000000002
21150.214552481968,0.544,0.152
21150.214819590252,0.56,0.28800000000000003
21150.215086698532,0.544,0.28800000000000003
21150.215353806812,0.56,0.36
21150.215620915096,0.536,0.36
21150.215888023376,0.56,0.376
21150.216155131657,0.544,0.376
21150.21642223994,0.56,0.384
21150.21668934822,0.56,0.384
21150.2169564565,0.536,0.384
21150.217223564785,0.56,0.384
21150.217490673065,0.536,0.392
21150.217757781345,0.544,0.384
21150.21802488963,0.56,0.384
21150.21829199791,0.552,0.384
21150.21855910619,0.544,0.384
21150.218826214474,0.536,0.384
21150.219093322754,0.56,0.392
21150.219360431034,0.544,0.392
21150.219627539318,0.56,0.384
21150.2198946476,0.56,0.384
21150.22016175588,0.536,0.384
21150.220428864162,0.56,0.384
21150.220695972443,0.536,0.392
21150.220963080723,0.552,0.384
21150.221230189007,0.536,0.392
21150.221497297287,0.544,0.384
21150.221764405567,0.536,0.384
21150.22203151385,0.536,0.384
21150.22229862213,0.552,0.392
21150.22256573041,0.56,0.384
21150.222832838695,0.536,0.392
21150.223099946976,0.544,0.384
21150.223367055256,0.536,0.392
21150.22363416354,0.544,0.384
21150.22390127182,0.552,0.392
21150.2241683801,0.552,0.384
21150.224435488384,0.536,0.384
21150.224702596664,0.536,0.384
21150.224969704945,0.56,0.384
21150.22523681323,0.56,0.384
21150.22550392151,0.536,0.392
21150.22577102979,0.536,0.384
21150.226038138073,0.552,0.392
21150.226305246353,0.536,0.384
21150.226572354633,0.56,0.384
21150.226839462917,0.552,0.384
21150.227106571198,0.536,0.392
21150.227373679478,0.536,0.384
21150.22764078776,0.56,0.392
21150.227907896042,0.552,0.384
21150.228175004322,0.544,0.392
21150.228442112606,0.536,0.384
21150.228709220886,0.56,0.392
21150.228976329166,0.552,0.384
21150.22924343745,0.536,0.392
21150.22951054573,0.544,0.384
21150.22977765401,0.552,0.384
21150.230044762295,0.544,0.384
21150.230311870575,0.56,0.392
21150.230578978855,0.544,0.392
21150.23084608714,0.552,0.384
21150.23111319542,0.552,0.384
21150.2313803037,0.536,0.392
21150.231647411983,0.536,0.384
21150.231914520264,0.56,0.392
21150.232181628544,0.552,0.392
21150.232448736828,0.536,0.384
21150.232715845108,0.544,0.384
21150.23298295339,0.552,0.392
21150.233250061672,0.544,0.384
21150.233517169952,0.56,0.384
21150.233784278233,0.552,0.384
21150.234051386517,0.536,0.384
21150.234318494797,0.544,0.384
21150.234585603077,0.56,0.392
21150.23485271136,0.552,0.384
21150.23511981964,0.536,0.392
21150.23538692792,0.536,0.384
21150.235654036205,0.56,0.392
21150.235921144485,0.544,0.392
21150.236188252766,0.552,0.384
21150.23645536105,0.552,0.384
21150.23672246933,0.536,0.392
21150.23698957761,0.56,0.392
21150.237256685894,0.536,0.384
21150.237523794174,0.544,0.384
21150.237790902454,0.536,0.392
21150.23805801074,0.544,0.384
21150.23832511902,0.56,0.392
21150.2385922273,0.552,0.384
21150.238859335583,0.536,0.392
21150.239126443863,0.544,0.384
21150.239393552143,0.56,0.392
21150.239660660427,0.552,0.384
21150.239927768707,0.536,0.392
21150.240194876988,0.536,0.384
21150.24046198527,0.56,0.392
21150.24072909355,0.544,0.384
21150.240996201832,0.56,0.392
21150.241263310116,0.552,0.384
21150.241530418396,0.536,0.392
21150.241797526676,0.544,0.384
21150.24206463496,0.552,0.392
21150.24233174324,0.552,0.384
21150.24259885152,0.536,0.392
21150.242865959804,0.536,0.384
21150.243133068085,0.56,0.384
21150.243400176365,0.56,0.384
21150.24366728465,0.536,0.384
21150.24393439293,0.56,0.384
21150.24420150121,0.536,0.384
21150.244468609493,0.544,0.384
21150.244735717773,0.56,0.392
21150.245002826054,0.544,0.384
21150.245269934338,0.56,0.392
21150.245537042618,0.552,0.384
21150.245804150898,0.536,0.384
21150.246071259182,0.544,0.384
21150.246338367462,0.56,0.392
21150.246605475742,0.536,0.384
21150.246872584026,0.56,0.392
21150.247139692307,0.536,0.384
21150.247406800587,0.56,0.392
21150.24767390887,0.56,0.384
21150.24794101715,0.536,0.384
21150.24820812543,0.536,0.392
21150.248475233715,0.552,0.384
21150.248742341995,0.552,0.384
21150.249009450275,0.536,0.384
21150.24927655856,0.536,0.384
21150.24954366684,0.552,0.392
21150.24981077512,0.56,0.384
21150.250077883404,0.536,0.392
21150.250344991684,0.552,0.384
21150.250612099964,0.536,0.392
21150.250879208248,0.544,0.384
21150.25114631653,0.56,0.392
21150.25141342481,0.544,0.384
21150.251680533092,0.552,0.384
21150.251947641373,0.536,0.384
21150.252214749653,0.56,0.384
21150.252481857937,0.552,0.384
21150.252748966217,0.544,0.392
21150.253016074497,0.536,0.392
21150.25328318278,0.56,0.384
21150.25355029106,0.544,0.384
21150.25381739934,0.552,0.384
21150.254084507626,0.552,0.384
21150.254351615906,0.536,0.392
21150.254618724186,0.544,0.384
21150.25488583247,0.56,0.384
21150.25515294075,0.544,0.392
21150.25542004903,0.56,0.384
21150.255687157314,0.544,0.384
21150.255954265594,0.56,0.392
21150.256221373875,0.552,0.384
21150.25648848216,0.536,0.392
21150.25675559044,0.544,0.392
21150.25702269872,0.552,0.384
21150.257289807003,0.552,0.384
21150.257556915283,0.536,0.384
21150.257824023563,0.536,0.392
21150.258091131847,0.552,0.384
21150.258358240128,0.552,0.384
21150.258625348408,0.536,0.392
21150.25889245669,0.536,0.384
21150.259159564972,0.552,0.392
21150.259426673252,0.552,0.384
21150.259693781536,0.536,0.392
21150.259960889816,0.536,0.384
21150.260227998097,0.56,0.392
21150.26049510638,0.544,0.384
21150.26076221466,0.552,0.384
21150.26102932294,0.544,0.384
21150.261296431225,0.56,0.384
21150.269562244415,0.536,0.0
21150.26980852882,0.552,-0.016
21150.270054813227,0.544,-0.016
21150.270301097633,0.56,0.0
21150.270547382035,0.56,-0.016
21150.27079366644,0.536,0.0
21150.271039950847,0.536,-0.016
21150.271286235253,0.56,0.0
21150.27153251966,0.56,-0.016
21150.271778804065,0.536,0.0
21150.27202508847,0.552,-0.016
21150.272271372876,0.544,0.0
21150.27251765728,0.544,-0.016
21150.272763941684,0.56,0.0
21150.27301022609,0.544,-0.016
21150.273256510496,0.56,0.0
21150.273502794902,0.544,0.0
21150.273749079308,0.552,-0.016
21150.273995363714,0.56,0.0
21150.274241648116,0.544,-0.016
21150.274487932522,0.536,-0.008
21150.274734216928,0.56,0.024
21150.274980501334,0.544,0.024
21150.27522678574,0.56,0.128
21150.275473070145,0.544,0.136
21150.27571935455,0.56,0.28800000000000003
21150.275965638957,0.544,0.28800000000000003
21150.27621192336,0.56,0.36
21150.276458207765,0.536,0.36
21150.27670449217,0.56,0.384
21150.276950776577,0.56,0.392
21150.277197060983,0.544,0.384
21150.27744334539,0.544,0.392
21150.277689629795,0.56,0.4
21150.277935914197,0.552,0.392
21150.278182198603,0.536,0.40800000000000003
21150.27842848301,0.544,0.392
21150.278674767414,0.552,0.4
21150.27892105182,0.544,0.392
21150.279167336226,0.552,0.40800000000000003
21150.279413620632,0.544,0.392
21150.279659905038,0.56,0.40800000000000003
21150.27990618944,0.544,0.4
21150.280152473846,0.56,0.392
21150.280398758252,0.544,0.40800000000000003
21150.280645042658,0.56,0.392
21150.280891327064,0.56,0.392
21150.28113761147,0.544,0.40800000000000003
21150.281383895875,0.56,0.392
21150.281630180278,0.536,0.4
21150.281876464684,0.544,0.392
21150.28212274909,0.552,0.4
21150.282369033495,0.544,0.4
21150.2826153179,0.56,0.392
21150.282861602307,0.544,0.392
21150.283107886713,0.552,0.4
21150.28335417112,0.544,0.392
21150.28360045552,0.56,0.40800000000000003
21150.283846739927,0.544,0.392
21150.284093024333,0.56,0.4
21150.28433930874,0.544,0.392
21150.284585593145,0.56,0.40800000000000003
21150.28483187755,0.544,0.4
21150.285078161956,0.56,0.392
21150.28532444636,0.544,0.392
21150.285570730764,0.56,0.4
21150.28581701517,0.544,0.392
21150.286063299576,0.56,0.40800000000000003
21150.286309583982,0.56,0.4
21150.286555868388,0.536,0.392
21150.286802152794,0.544,0.392
21150.2870484372,0.56,0.4
21150.287294721602,0.536,0.40800000000000003
21150.287541006008,0.56,0.392
21150.287787290414,0.536,0.392
21150.28803357482,0.552,0.40800000000000003
21150.288279859225,0.544,0.392
21150.28852614363,0.56,0.40800000000000003
21150.288772428037,0.544,0.392
21150.28901871244,0.56,0.40800000000000003
21150.289264996845,0.544,0.392
21150.28951128125,0.56,0.4
21150.289757565657,0.544,0.392
21150.290003850063,0.56,0.40800000000000003
21150.29025013447,0.536,0.392
21150.290496418875,0.56,0.4
21150.29074270328,0.536,0.392
21150.290988987683,0.552,0.40800000000000003
21150.29123527209,0.536,0.392
21150.291481556495,0.56,0.40800000000000003
21150.2917278409,0.536,0.40800000000000003
21150.291974125306,0.56,0.392
21150.292220409712,0.56,0.392
21150.292466694118,0.544,0.40800000000000003
21150.29271297852,0.536,0.392
21150.292959262926,0.56,0.40800000000000003
21150.293205547332,0.544,0.392
21150.293451831738,0.552,0.40800000000000003
21150.293698116144,0.544,0.392
21150.29394440055,0.56,0.40800000000000003
21150.294190684956,0.544,0.392
21150.29443696936,0.56,0.4
21150.294683253764,0.544,0.392
21150.29492953817,0.56,0.40800000000000003
21150.295175822575,0.544,0.392
21150.29542210698,0.56,0.40800000000000003
21150.295668391387,0.544,0.392
21150.295914675793,0.56,0.40800000000000003
21150.2961609602,0.536,0.392
21150.2964072446,0.56,0.40800000000000003
21150.296653529007,0.544,0.392
21150.296899813413,0.552,0.4
21150.29714609782,0.544,0.4
21150.297392382225,0.56,0.392
21150.29763866663,0.544,0.392
21150.297884951036,0.56,0.392
21150.298131235442,0.56,0.392
21150.298377519845,0.544,0.4
21150.29862380425,0.544,0.392
21150.298870088656,0.56,0.40800000000000003
21150.299116373062,0.544,0.392
21150.299362657468,0.56,0.40800000000000003
21150.299608941874,0.544,0.40800000000000003
21150.29985522628,0.56,0.392
21150.300101510682,0.544,0.392
21150.300347795088,0.56,0.40800000000000003
21150.300594079494,0.56,0.392
21150.3008403639,0.536,0.40800000000000003
21150.301086648305,0.536,0.392
21150.30133293271,0.56,0.4
21150.301579217117,0.544,0.392
21150.301825501523,0.56,0.40800000000000003
21150.302071785925,0.544,0.392
21150.30231807033,0.56,0.40800000000000003
21150.302564354737,0.544,0.392
21150.302810639143,0.56,0.40800000000000003
21150.30305692355,0.544,0.392
21150.303303207955,0.552,0.40800000000000003
21150.30354949236,0.544,0.392
21150.303795776763,0.552,0.40800000000000003
21150.30404206117,0.56,0.392
21150.304288345575,0.536,0.40800000000000003
21150.30453462998,0.544,0.392
21150.304780914386,0.56,0.4
21150.305027198792,0.544,0.4
21150.305273483198,0.56,0.392
21150.305519767604,0.544,0.392
21150.305766052006,0.552,0.40800000000000003
21150.306012336412,0.56,0.4
21150.306258620818,0.536,0.392
21150.306504905224,0.536,0.392
21150.30675118963,0.56,0.4
21150.306997474036,0.544,0.4
21150.30724375844,0.56,0.392
21150.307490042844,0.544,0.4
21150.30773632725,0.56,0.392
21150.307982611655,0.544,0.4
21150.30822889606,0.552,0.392
21150.308475180467,0.544,0.392
21150.308721464873,0.56,0.4
21150.30896774928,0.536,0.392
21150.309214033685,0.56,0.4
21150.309460318087,0.56,0.392
21150.309706602493,0.544,0.40800000000000003
21150.3099528869,0.544,0.4
21150.310199171305,0.56,0.40800000000000003
21150.31044545571,0.56,0.40800000000000003
21150.310691740116,0.536,0.392
21150.310938024522,0.544,0.392
21150.311184308925,0.552,0.40800000000000003
21150.31143059333,0.544,0.392
21150.311676877736,0.56,0.40800000000000003
21150.311923162142,0.544,0.392
21150.312169446548,0.56,0.4
21150.312415730954,0.544,0.392
21150.31266201536,0.552,0.4
21150.312908299766,0.544,0.392
21150.313154584168,0.56,0.40800000000000003
21150.313400868574,0.544,0.392
21150.31364715298,0.56,0.40800000000000003
21150.313893437386,0.536,0.392
21150.31413972179,0.56,0.4
21150.314386006197,0.544,0.392
21150.314632290603,0.56,0.4
21150.314878575005,0.544,0.392
21150.31512485941,0.56,0.40800000000000003
21150.315371143817,0.544,0.392
21150.315617428223,0.56,0.40800000000000003
21150.31586371263,0.552,0.392
21150.316109997035,0.536,0.40800000000000003
21150.31635628144,0.544,0.392
21150.316602565847,0.56,0.40800000000000003
21150.31684885025,0.544,0.392
21150.317095134655,0.56,0.40800000000000003
21150.31734141906,0.544,0.392
21150.317587703466,0.56,0.40800000000000003
21150.317833987872,0.544,0.392
21150.318080272278,0.56,0.4
21150.318326556684,0.544,0.392
21150.318572841086,0.552,0.40800000000000003
21150.318819125492,0.544,0.392
21150.319065409898,0.56,0.40800000000000003
21150.319311694304,0.544,0.4
21150.31955797871,0.56,0.392
21150.319804263116,0.544,0.392
21150.32005054752,0.56,0.4
21150.320296831927,0.544,0.4
21150.32054311633,0.552,0.392
21150.320789400736,0.56,0.392
21150.32103568514,0.536,0.40800000000000003
21150.321281969547,0.536,0.392
21150.321528253953,0.552,0.40800000000000003
21150.32177453836,0.544,0.40800000000000003
21150.322020822765,0.56,0.392
21150.322267107167,0.544,0.392
21150.322513391573,0.56,0.4
21150.32275967598,0.544,0.392
21150.323005960385,0.56,0.4
21150.32325224479,0.536,0.392
21150.323498529197,0.552,0.4
21150.323744813602,0.544,0.392
21150.32399109801,0.56,0.40800000000000003
21150.32423738241,0.544,0.392
21150.324483666816,0.56,0.40800000000000003
21150.324729951222,0.544,0.4
21150.324976235628,0.56,0.392
21150.325222520034,0.56,0.392
21150.32546880444,0.544,0.40800000000000003
21150.325715088846,0.56,0.392
21150.325961373248,0.536,0.40800000000000003
21150.326207657654,0.544,0.4
21150.32645394206,0.56,0.392
21150.326700226466,0.544,0.392
21150.32694651087,0.56,0.40800000000000003
21150.327192795277,0.552,0.392
21150.327439079683,0.536,0.40800000000000003
21150.32768536409,0.56,0.392
21150.32793164849,0.544,0.4
21150.328177932897,0.544,0.392
21150.328424217303,0.56,0.40800000000000003
21150.32867050171,0.544,0.4
21150.328916786115,0.56,0.392
21150.32916307052,0.544,0.4
21150.329409354927,0.56,0.392
21150.32965563933,0.56,0.392
21150.329901923735,0.536,0.4
21150.33014820814,0.544,0.392
21150.330394492546,0.552,0.40800000000000003
21150.330640776952,0.552,0.392
21150.33088706136,0.536,0.4
21150.331133345764,0.536,0.392
21150.33137963017,0.552,0.40800000000000003
21150.331625914572,0.544,0.392
21150.331872198978,0.56,0.392
21150.332118483384,0.552,0.392
21150.33236476779,0.544,0.4
21150.332611052196,0.544,0.392
21150.3328573366,0.56,0.4
21150.333103621007,0.544,0.392
21150.33334990541,0.56,0.40800000000000003
21150.333596189816,0.544,0.392
21150.33384247422,0.56,0.4
21150.334088758627,0.544,0.392
21150.334335043033,0.552,0.4
21150.33458132744,0.536,0.392
21150.334827611845,0.56,0.4
21150.33507389625,0.544,0.392
21150.335320180653,0.552,0.4
21150.33556646506,0.536,0.4
21150.335812749465,0.56,0.376
21150.33605903387,0.544,0.376
21150.336305318277,0.56,0.312
21150.336551602682,0.56,0.312
21150.33679788709,0.544,0.16
21150.33704417149,0.56,0.152
21150.337290455896,0.536,0.048
21150.337536740302,0.544,0.048
21150.33778302471,0.56,0.008
21150.338029309114,0.552,0.008
21150.33827559352,0.536,-0.008
21150.338521877926,0.56,0.0
21150.33876816233,0.536,-0.008
21150.339014446734,0.544,-0.008
21150.33926073114,0.56,0.0
21150.339507015546,0.544,0.0
21150.33975329995,0.552,-0.008
21150.339999584357,0.536,-0.008
21150.340245868763,0.56,0.0
21150.34049215317,0.56,0.0
21150.34073843757,0.536,-0.008
21150.340984721977,0.544,0.0
21150.341231006383,0.56,-0.008
21150.34147729079,0.544,0.0
21150.341723575195,0.56,-0.016
21150.3419698596,0.544,-0.008
21150.342216144007,0.56,0.0
21150.342462428413,0.544,0.0
21150.342708712815,0.56,-0.016
21150.34295499722,0.544,0.0
21150.343201281627,0.552,-0.016
21150.343447566032,0.544,-0.008
21150.34369385044,0.56,0.0
21150.343940134844,0.544,0.0
21150.34418641925,0.56,-0.016
21150.344432703652,0.544,0.0
21150.344678988058,0.56,-0.016
21150.344925272464,0.536,0.0
21150.34517155687,0.56,-0.016
21150.345417841276,0.544,0.0
21150.34566412568,0.552,-0.016
21150.345910410088,0.536,-0.016
21150.346156694493,0.552,0.0
21150.346402978896,0.544,-0.016
21150.3466492633,0.56,0.0
21150.346895547707,0.544,0.0
21150.347141832113,0.56,-0.008
21150.34738811652,0.56,-0.008
21150.347634400925,0.536,0.0
21150.34788068533,0.544,0.0
21150.348126969733,0.56,-0.016
21150.34837325414,0.544,-0.008
21150.348619538545,0.56,0.0
21150.34886582295,0.544,0.0
21150.349112107357,0.552,-0.016
21150.349358391763,0.544,0.0
21150.34960467617,0.56,-0.008
21150.349850960574,0.544,0.0
21150.350097244976,0.56,-0.016
21150.350343529382,0.56,0.0
21150.35058981379,0.536,-0.016
21150.350836098194,0.544,0.0
21150.3510823826,0.56,-0.016
21150.351328667006,0.544,0.0
21150.35157495141,0.56,-0.016
21150.351821235814,0.544,0.0
21150.35206752022,0.56,-0.016
21150.352313804626,0.544,-0.016
21150.35256008903,0.56,0.0
21150.352806373437,0.552,0.0
21150.353052657843,0.52,-0.016
21150.35329894225,0.536,0.0
21150.353545226655,0.504,-0.016
21150.353791511057,0.512,0.0
21150.354037795463,0.496,-0.016
21150.35428407987,0.528,0.0
21150.354530364275,0.504,-0.016
21150.35477664868,0.52,-0.016
21150.355022933087,0.544,0.0
21150.355269217493,0.528,-0.016
21150.355515501895,0.496,0.0
21150.3557617863,0.496,0.0
21150.356008070707,0.536,-0.016
21150.356254355112,0.528,-0.016
21150.35650063952,0.536,0.0
21150.356746923924,0.536,0.0
21150.35699320833,0.512,-0.016
21150.357239492736,0.512,-0.016
21150.35748577714,0.496,0.0
21150.357732061544,0.496,0.0
21150.35797834595,0.504,-0.016
21150.358224630356,0.504,-0.016
21150.35847091476,0.528,0.0
21150.358717199168,0.496,0.0
21150.358963483573,0.52,-0.016
21150.359209767976,0.496,-0.016
21150.35945605238,0.512,0.0
21150.359702336787,0.496,0.0
21150.359948621193,0.52,-0.016
21150.3601949056,0.504,0.0
21150.360441190005,0.528,-0.016
21150.36068747441,0.52,-0.016
21150.360933758817,0.544,0.0
21150.36118004322,0.536,-0.016
21150.361426327625,0.512,0.0
21150.36167261203,0.52,-0.016
21150.361918896437,0.496,0.0
21150.362165180843,0.496,-0.016
21150.36241146525,0.512,0.0
21150.362657749654,0.512,0.0
21150.362904034057,0.496,-0.016
21150.363150318462,0.496,0.0
21150.36339660287,0.504,-0.016
21150.363642887274,0.504,0.0
21150.36388917168,0.496,-0.016
21150.364135456086,0.496,0.0
21150.36438174049,0.504,-0.016
21150.364628024898,0.496,-0.016
21150.3648743093,0.512,0.0
21150.365120593706,0.504,-0.016
21150.36536687811,0.488,0.0
21150.365613162518,0.496,-0.016
21150.365859446923,0.512,0.0
21150.36610573133,0.496,-0.008
21150.366352015735,0.512,0.0
21150.366598300137,0.496,-0.016
21150.366844584543,0.52,0.0
21150.36709086895,0.496,0.0
21150.367337153355,0.528,-0.016
21150.36758343776,0.52,-0.016
21150.367829722167,0.544,0.0
21150.368076006573,0.536,0.0
21150.36832229098,0.504,-0.016
21150.36856857538,0.496,-0.016
21150.368814859787,0.512,0.0
21150.369061144193,0.504,-0.016
21150.3693074286,0.488,0.0
21150.369553713004,0.488,-0.016
21150.36979999741,0.504,0.0
21150.370046281816,0.496,0.0
21150.37029256622,0.544,-0.016
21150.370538850624,0.536,-0.016
21150.37078513503,0.544,0.0
21150.371031419436,0.536,-0.016
21150.37127770384,0.552,0.0
21150.371523988248,0.536,0.0
21150.371770272654,0.544,-0.016
21150.37201655706,0.536,-0.016
21150.37226284146,0.552,0.0
21150.372509125868,0.536,0.0
21150.372755410273,0.552,-0.016
21150.37300169468,0.552,0.0
21150.373247979085,0.536,-0.016
21150.37349426349,0.536,0.0
21150.373740547897,0.552,-0.016
21150.3739868323,0.536,0.0
21150.374233116705,0.552,-0.016
21150.37447940111,0.536,0.0
21150.374725685517,0.552,-0.016
21150.374971969923,0.536,0.0
21150.37521825433,0.552,-0.016
21150.375464538734,0.536,-0.016
21150.37571082314,0.552,0.0
21150.375957107542,0.536,0.0
21150.37620339195,0.552,-0.016
21150.376449676354,0.536,0.0
21150.37669596076,0.552,-0.016
21150.376942245166,0.536,0.0
21150.377188529572,0.552,-0.016
21150.377434813978,0.536,0.0
21150.37768109838,0.552,-0.016
21150.377927382786,0.536,0.0
21150.37817366719,0.552,-0.016
21150.378419951598,0.536,0.0
21150.378666236003,0.552,-0.016
21150.37891252041,0.56,-0.016
21150.379158804815,0.536,0.0
21150.37940508922,0.536,-0.016
21150.379651373623,0.552,0.0
21150.37989765803,0.536,-0.016
21150.380143942435,0.56,0.0
21150.38039022684,0.536,0.0
21150.380636511247,0.552,-0.016
21150.380882795653,0.536,0.0
21150.38112908006,0.552,-0.016
21150.38137536446,0.536,0.0
21150.381621648867,0.552,-0.016
21150.381867933273,0.552,-0.016
21150.38211421768,0.536,0.0
21150.382360502084,0.544,-0.016
21150.38260678649,0.552,0.0
21150.382853070896,0.536,0.0
21150.383099355302,0.56,-0.016
21150.383345639704,0.536,-0.016
21150.38359192411,0.552,0.0
21150.383838208516,0.56,-0.008
21150.384084492922,0.544,-0.016
21150.384330777328,0.544,-0.016
21150.384577061734,0.552,-0.008
21150.38482334614,0.552,-0.016
21150.38506963054,0.536,0.0
21150.385315914948,0.536,-0.016
21150.385562199353,0.56,-0.008
21150.38580848376,0.544,0.0
21150.386054768165,0.552,-0.016
21150.38630105257,0.536,-0.016
21150.386547336977,0.56,0.0
21150.386793621383,0.544,-0.016
21150.387039905785,0.56,0.0
21150.38728619019,0.56,-0.016
21150.387532474597,0.536,0.0
21150.387778759003,0.544,0.0
21150.38802504341,0.56,-0.016
21150.388271327814,0.544,-0.016
21150.38851761222,0.56,0.0
21150.388763896623,0.552,0.0
21150.38901018103,0.536,-0.016
21150.389256465434,0.544,-0.016
21150.38950274984,0.56,0.0
21150.389749034246,0.56,-0.016
21150.389995318652,0.536,0.0
21150.390241603058,0.544,0.0
21150.390487887464,0.552,-0.016
21150.390734171866,0.544,-0.016
21150.39098045627,0.56,0.0
21150.391226740678,0.552,-0.016
21150.391473025084,0.536,0.0
21150.39171930949,0.544,-0.016
21150.391965593895,0.56,0.0
21150.3922118783,0.544,-0.016
21150.392458162703,0.56,0.0
21150.39270444711,0.536,-0.016
21150.392950731515,0.56,0.0
21150.39319701592,0.552,0.0
21150.393443300327,0.544,-0.016
21150.393689584733,0.536,-0.016
21150.39393586914,0.56,0.0
21150.394182153545,0.544,-0.016
21150.394428437947,0.56,0.0
21150.394674722353,0.536,-0.016
21150.39492100676,0.56,0.0
21150.395167291164,0.544,0.0
21150.39541357557,0.56,-0.016
21150.395659859976,0.552,-0.016
21150.395906144382,0.544,0.0
21150.396152428784,0.544,-0.016
21150.39639871319,0.552,0.0
21150.396644997596,0.544,0.0
21150.396891282002,0.56,-0.016
21150.397137566408,0.544,-0.016
21150.397383850814,0.552,0.0
21150.39763013522,0.544,0.0
21150.397876419625,0.56,0.024
21150.398122704028,0.544,0.024
21150.398368988434,0.552,0.128
21150.39861527284,0.544,0.136
21150.398861557245,0.56,0.28800000000000003
21150.39910784165,0.56,0.28800000000000003
21150.399354126057,0.544,0.36
21150.399600410463,0.536,0.36
21150.399846694865,0.56,0.392
21150.40009297927,0.544,0.384
21150.400339263677,0.56,0.392
21150.400585548083,0.544,0.392
21150.40083183249,0.56,0.4
21150.401078116894,0.552,0.392
21150.4013244013,0.544,0.4
21150.401570685706,0.544,0.392
21150.40181697011,0.56,0.40800000000000003
21150.402063254514,0.56,0.392
21150.40230953892,0.544,0.4
21150.402555823326,0.544,0.392
21150.402802107732,0.56,0.40800000000000003
21150.403048392138,0.544,0.392
21150.403294676544,0.56,0.40800000000000003
21150.403540960946,0.544,0.392
21150.403787245352,0.56,0.4
21150.404033529758,0.536,0.392
21150.404279814164,0.56,0.4
21150.40452609857,0.56,0.392
21150.404772382975,0.536,0.4
21150.40501866738,0.56,0.392
21150.405264951787,0.536,0.40800000000000003
21150.40551123619,0.552,0.4
21150.405757520595,0.544,0.40800000000000003
21150.406003805,0.544,0.40800000000000003
21150.406250089407,0.552,0.392
21150.406496373813,0.536,0.392
21150.40674265822,0.56,0.40800000000000003
21150.406988942625,0.544,0.392
21150.407235227027,0.56,0.40800000000000003
21150.407481511433,0.56,0.392
21150.40772779584,0.544,0.40800000000000003
21150.407974080244,0.544,0.392
21150.40822036465,0.552,0.40800000000000003
21150.408466649056,0.544,0.392
21150.408712933462,0.56,0.4
21150.408959217868,0.552,0.4
21150.40920550227,0.544,0.392
21150.409451786676,0.56,0.392
21150.409698071082,0.536,0.4
21150.409944355488,0.544,0.4
21150.410190639894,0.552,0.392
21150.4104369243,0.56,0.392
21150.410683208705,0.544,0.4
21150.410929493108,0.544,0.40800000000000003
21150.411175777514,0.56,0.392
21150.41142206192,0.544,0.392
21150.411668346325,0.56,0.392
21150.41191463073,0.544,0.392
21150.412160915137,0.56,0.40800000000000003
21150.412407199543,0.536,0.392
21150.41265348395,0.56,0.40800000000000003
21150.41289976835,0.544,0.40800000000000003
21150.413146052757,0.56,0.392
21150.413392337163,0.552,0.4
21150.41363862157,0.544,0.392
21150.413884905975,0.536,0.392
21150.41413119038,0.552,0.4
21150.414377474786,0.544,0.392
21150.41462375919,0.56,0.4
21150.414870043594,0.544,0.392
21150.415116328,0.56,0.40800000000000003
21150.415362612406,0.544,0.40800000000000003
21150.415608896812,0.56,0.392
21150.415855181218,0.544,0.392
21150.416101465624,0.56,0.40800000000000003
21150.41634775003,0.544,0.392
21150.416594034432,0.56,0.40800000000000003
21150.416840318838,0.56,0.4
21150.417086603244,0.544,0.392
21150.41733288765,0.544,0.392
21150.417579172055,0.56,0.4
21150.41782545646,0.536,0.4
21150.418071740867,0.56,0.392
21150.41831802527,0.544,0.392
21150.418564309675,0.56,0.40800000000000003
21150.41881059408,0.56,0.392
21150.419056878487,0.536,0.40800000000000003
21150.419303162893,0.536,0.392
21150.4195494473,0.56,0.40800000000000003
21150.419795731705,0.544,0.392
21150.42004201611,0.56,0.4
21150.420288300513,0.544,0.392
21150.42053458492,0.552,0.40800000000000003
21150.420780869325,0.544,0.4
21150.42102715373,0.56,0.392
21150.421273438136,0.544,0.392
21150.421519722542,0.56,0.40800000000000003
21150.421766006948,0.536,0.392
21150.42201229135,0.56,0.40800000000000003
21150.422258575756,0.544,0.392
21150.422504860162,0.56,0.4
21150.422751144568,0.544,0.392
21150.422997428974,0.552,0.40800000000000003
21150.42324371338,0.544,0.392
21150.423489997786,0.56,0.4
21150.42373628219,0.544,0.392
21150.423982566594,0.552,0.40800000000000003
21150.424228851,0.544,0.392
21150.424475135405,0.552,0.40800000000000003
21150.42472141981,0.544,0.392
21150.424967704217,0.56,0.392
21150.425213988623,0.544,0.392
21150.42546027303,0.56,0.4
21150.42570655743,0.544,0.392
21150.425952841837,0.56,0.4
21150.426199126243,0.544,0.392
21150.42644541065,0.56,0.40800000000000003
21150.426691695055,0.544,0.392
21150.42693797946,0.56,0.40800000000000003
21150.427184263866,0.544,0.4
21150.427430548272,0.552,0.392
21150.427676832674,0.544,0.392
21150.42792311708,0.56,0.4
21150.428169401486,0.544,0.392
21150.428415685892,0.56,0.4
21150.428661970298,0.544,0.4
21150.428908254704,0.56,0.392
21150.42915453911,0.56,0.392
21150.429400823512,0.536,0.40800000000000003
21150.429647107918,0.544,0.392
21150.429893392324,0.552,0.4
21150.43013967673,0.544,0.392
21150.430385961135,0.56,0.4
21150.43063224554,0.544,0.392
21150.430878529947,0.56,0.40800000000000003
21150.431124814353,0.56,0.392
21150.431371098755,0.544,0.40800000000000003
21150.43161738316,0.536,0.392
21150.431863667567,0.56,0.40800000000000003
21150.432109951973,0.56,0.392
21150.43235623638,0.544,0.40800000000000003
21150.432602520785,0.544,0.392
21150.43284880519,0.56,0.40800000000000003
21150.433095089593,0.544,0.392
21150.433341374,0.552,0.40800000000000003
21150.433587658405,0.544,0.392
21150.43383394281,0.552,0.4
21150.434080227216,0.536,0.392
21150.434326511622,0.56,0.4
21150.434572796028,0.544,0.392
21150.434819080434,0.56,0.4
21150.435065364836,0.544,0.392
21150.435311649242,0.56,0.4
21150.435557933648,0.544,0.392
21150.435804218054,0.56,0.4
21150.43605050246,0.56,0.392
21150.436296786866,0.544,0.40800000000000003
21150.43654307127,0.544,0.392
21150.436789355674,0.56,0.4
21150.43703564008,0.544,0.392
21150.437281924485,0.56,0.40800000000000003
21150.43752820889,0.544,0.392
21150.437774493297,0.56,0.40800000000000003
21150.438020777703,0.552,0.392
21150.43826706211,0.536,0.40800000000000003
21150.438513346515,0.536,0.392
21150.438759630917,0.56,0.4
21150.439005915323,0.544,0.392
21150.43925219973,0.56,0.40800000000000003
21150.439498484135,0.544,0.392
21150.43974476854,0.56,0.4
21150.439991052946,0.544,0.392
21150.440237337352,0.56,0.40800000000000003
21150.440483621755,0.544,0.392
21150.44072990616,0.552,0.4
21150.440976190566,0.536,0.392
21150.441222474972,0.56,0.40800000000000003
21150.441468759378,0.544,0.392
21150.441715043784,0.56,0.40800000000000003
21150.44196132819,0.544,0.392
21150.442207612596,0.552,0.40800000000000003
21150.442453896998,0.544,0.392
21150.442700181404,0.56,0.4
21150.44294646581,0.544,0.392
21150.443192750216,0.552,0.4
21150.44343903462,0.544,0.392
21150.443685319027,0.56,0.40800000000000003
21150.443931603433,0.544,0.392
21150.444177887835,0.56,0.40800000000000003
21150.44442417224,0.536,0.392
21150.444670456647,0.56,0.4
21150.444916741053,0.544,0.392
21150.44516302546,0.56,0.4
21150.445409309865,0.544,0.392
21150.44565559427,0.552,0.40800000000000003
21150.445901878677,0.536,0.392
21150.44614816308,0.56,0.4
21150.446394447485,0.56,0.392
21150.44664073189,0.544,0.4
21150.446887016296,0.544,0.392
21150.447133300702,0.56,0.40800000000000003
21150.447379585108,0.56,0.392
21150.447625869514,0.544,0.4
21150.447872153916,0.56,0.392
21150.448118438322,0.544,0.40800000000000003
21150.448364722728,0.544,0.392
21150.448611007134,0.56,0.4
21150.44885729154,0.536,0.4
21150.449103575946,0.56,0.392
21150.44934986035,0.544,0.392
21150.449596144757,0.552,0.40800000000000003
21150.44984242916,0.544,0.392
21150.450088713565,0.56,0.4
21150.45033499797,0.544,0.40800000000000003
21150.450581282377,0.56,0.392
21150.450827566783,0.56,0.392
21150.45107385119,0.544,0.4
21150.451320135595,0.544,0.392
21150.451566419997,0.56,0.40800000000000003
21150.451812704403,0.544,0.392
21150.45205898881,0.56,0.40800000000000003
21150.452305273215,0.56,0.392
21150.45255155762,0.544,0.40800000000000003
21150.452797842026,0.544,0.4
21150.453044126432,0.56,0.392
21150.45329041084,0.544,0.392
21150.45353669524,0.552,0.4
21150.453782979646,0.56,0.392
21150.454029264052,0.536,0.4
21150.454275548458,0.536,0.392
21150.454521832864,0.56,0.40800000000000003
21150.45476811727,0.56,0.40800000000000003
21150.455014401676,0.544,0.392
21150.455260686078,0.56,0.4
21150.455506970484,0.544,0.392
21150.45575325489,0.544,0.392
21150.455999539296,0.552,0.40800000000000003
21150.4562458237,0.544,0.40800000000000003
21150.456492108107,0.56,0.44
21150.456738392513,0.544,0.40800000000000003
21150.45698467692,0.56,0.392
21150.45723096132,0.544,0.392
21150.457477245727,0.56,0.4
21150.457723530133,0.552,0.392
21150.45796981454,0.536,0.40800000000000003
21150.458216098945,0.544,0.392
21150.45846238335,0.552,0.40800000000000003
21150.458708667757,0.552,0.40800000000000003
21150.45895495216,0.536,0.384
21150.459201236565,0.544,0.376
21150.45944752097,0.56,0.312
21150.459693805376,0.544,0.312
21150.459940089782,0.56,0.16
21150.46018637419,0.544,0.152
21150.460432658594,0.552,0.056
21150.460678943,0.544,0.048
21150.460925227402,0.56,0.008
21150.461171511808,0.544,0.008
21150.461417796214,0.56,-0.008
21150.46166408062,0.544,0.0
21150.461910365026,0.56,-0.008
21150.46215664943,0.544,0.0
21150.462402933837,0.56,-0.008
21150.46264921824,0.544,0.0
21150.462895502646,0.56,-0.008
21150.46314178705,0.544,0.0
21150.463388071457,0.552,-0.008
21150.463634355863,0.536,0.0
21150.46388064027,0.56,-0.008
21150.464126924675,0.544,-0.008
21150.46437320908,0.56,0.0
21150.464619493483,0.544,-0.008
21150.46486577789,0.552,0.0
21150.465112062295,0.544,0.0
21150.4653583467,0.56,-0.008
21150.465604631107,0.544,-0.008
21150.465850915512,0.552,0.0
21150.46609719992,0.544,0.0
21150.46634348432,0.552,-0.016
21150.466589768726,0.544,0.0
21150.466836053132,0.56,-0.008
21150.467082337538,0.56,0.0
21150.467328621944,0.544,-0.016
21150.46757490635,0.544,-0.008
21150.467821190756,0.56,0.0
21150.46806747516,0.544,0.0
21150.468313759564,0.56,-0.016
21150.46856004397,0.56,0.0
21150.468806328376,0.536,-0.008
21150.46905261278,0.544,0.0
21150.469298897187,0.56,-0.008
21150.469545181593,0.544,-0.008
21150.469791466,0.56,0.0
21150.4700377504,0.544,-0.016
21150.470284034807,0.56,0.0
21150.470530319213,0.544,-0.008
21150.47077660362,0.56,0.0
21150.471022888025,0.544,0.0
21150.47126917243,0.552,-0.016
21150.471515456837,0.56,0.0
21150.471761741243,0.544,-0.016
21150.472008025645,0.544,0.0
21150.47225431005,0.56,-0.016
21150.472500594457,0.552,0.0
21150.472746878862,0.536,-0.008
21150.47299316327,0.536,0.0
21150.473239447674,0.504,-0.016
21150.47348573208,0.512,0.0
21150.473732016482,0.56,-0.016
21150.473978300888,0.544,-0.008
21150.474224585294,0.56,0.0
21150.4744708697,0.544,-0.016
21150.474717154106,0.552,0.0
21150.47496343851,0.544,0.0
21150.475209722917,0.552,-0.016
21150.475456007323,0.544,-0.016
21150.475702291726,0.56,0.0
21150.47594857613,0.552,0.0
21150.476194860537,0.536,-0.016
21150.476441144943,0.56,0.0
21150.47668742935,0.544,-0.016
21150.476933713755,0.544,0.0
21150.47717999816,0.552,-0.016
21150.477426282563,0.544,-0.016
21150.47767256697,0.552,0.0
21150.477918851375,0.544,-0.016
21150.47816513578,0.56,0.0
21150.478411420187,0.544,-0.016
21150.478657704592,0.56,0.0
21150.478903989,0.552,-0.016
21150.479150273404,0.544,0.0
21150.479396557806,0.544,0.0
21150.479642842212,0.56,-0.016
21150.47988912662,0.56,0.0
21150.480135411024,0.544,-0.016
21150.48038169543,0.544,-0.016
21150.480627979836,0.56,0.0
21150.48087426424,0.544,0.0
21150.481120548644,0.552,-0.016
21150.48136683305,0.544,0.0
21150.481613117456,0.56,-0.016
21150.48185940186,0.544,0.0
21150.482105686267,0.56,-0.016
21150.482351970673,0.544,0.0
21150.48259825508,0.56,-0.016
21150.482844539485,0.544,-0.016
21150.483090823887,0.56,0.0
21150.483337108293,0.552,-0.016
21150.4835833927,0.536,0.0
21150.483829677105,0.544,-0.016
21150.48407596151,0.552,0.0
21150.484322245917,0.544,0.0
21150.484568530323,0.56,-0.016
21150.484814814725,0.544,0.0
21150.48506109913,0.56,-0.016
21150.485307383537,0.544,-0.016
21150.485553667942,0.552,0.0
21150.48579995235,0.544,0.0
21150.486046236754,0.56,-0.016
21150.48629252116,0.544,-0.016
21150.486538805566,0.56,0.0
21150.486785089968,0.544,0.0
21150.487031374374,0.56,-0.016
21150.48727765878,0.544,-0.016
21150.487523943186,0.552,0.0
21150.48777022759,0.544,-0.016
21150.488016511998,0.56,0.0
21150.488262796403,0.552,-0.016
21150.488509080806,0.536,0.0
21150.48875536521,0.544,-0.016
21150.489001649617,0.56,0.0
21150.489247934023,0.56,-0.016
21150.48949421843,0.544,0.0
21150.489740502835,0.552,-0.016
21150.48998678724,0.536,0.0
21150.490233071647,0.544,-0.016
21150.49047935605,0.56,0.0
21150.490725640455,0.544,-0.016
21150.49097192486,0.56,0.0
21150.491218209267,0.544,0.0
21150.491464493673,0.56,-0.008
21150.49171077808,0.544,0.0
21150.491957062484,0.56,-0.016
21150.492203346887,0.544,0.0
21150.492449631292,0.56,-0.016
21150.4926959157,0.544,-0.016
21150.492942200104,0.56,0.0
21150.49318848451,0.56,0.0
21150.493434768916,0.536,-0.016
21150.49368105332,0.544,0.0
21150.493927337728,0.56,-0.016
21150.49417362213,0.544,0.0
21150.494419906536,0.56,-0.016
21150.49466619094,0.544,-0.016
21150.494912475348,0.56,0.0
21150.495158759753,0.544,-0.016
21150.49540504416,0.56,0.0
21150.495651328565,0.544,0.0
21150.495897612967,0.56,-0.016
21150.496143897373,0.544,0.0
21150.49639018178,0.56,-0.016
21150.496636466185,0.544,0.0
21150.49688275059,0.56,-0.016
21150.497129034997,0.536,-0.016
21150.497375319403,0.56,0.0
21150.49762160381,0.544,-0.016
21150.49786788821,0.552,0.0
21150.498114172617,0.56,0.0
21150.498360457022,0.536,-0.016
21150.49860674143,0.544,-0.016
21150.498853025834,0.552,0.0
21150.49909931024,0.552,-0.016
21150.499345594646,0.536,0.0
21150.49959187905,0.536,-0.016
21150.499838163454,0.56,0.0
21150.50008444786,0.544,-0.016
21150.500330732266,0.56,0.0
21150.50057701667,0.56,-0.016
21150.500823301078,0.536,0.0
21150.501069585483,0.544,0.0
21150.50131586989,0.56,-0.016
21150.50156215429,0.544,-0.016
21150.501808438697,0.56,0.0
21150.502054723103,0.544,-0.016
21150.50230100751,0.56,0.0
21150.502547291915,0.544,-0.016
21150.50279357632,0.56,0.0
21150.503039860727,0.536,-0.016
21150.50328614513,0.552,0.0
21150.503532429535,0.544,-0.016
21150.50377871394,0.56,0.0
21150.504024998347,0.544,0.0
21150.504271282753,0.56,-0.016
21150.50451756716,0.552,-0.016
21150.504763851564,0.544,0.0
21150.50501013597,0.544,0.0
21150.505256420372,0.56,-0.016
21150.50550270478,0.544,-0.016
21150.505748989184,0.56,0.0
21150.50599527359,0.544,-0.016
21150.506241557996,0.56,0.0
21150.506487842402,0.536,-0.016
21150.506734126808,0.56,0.0
21150.50698041121,0.544,0.0
21150.507226695616,0.56,-0.016
21150.50747298002,0.56,-0.016
21150.507719264428,0.544,0.0
21150.507965548833,0.56,-0.016
21150.50821183324,0.536,0.0
21150.508458117645,0.544,-0.016
21150.50870440205,0.552,0.0
21150.508950686453,0.544,-0.016
21150.50919697086,0.552,0.0
21150.509443255265,0.544,-0.016
21150.50968953967,0.56,-0.008
21150.509935824077,0.544,-0.016
21150.510182108483,0.56,0.0
21150.51042839289,0.552,-0.016
21150.51067467729,0.544,0.0
21150.510920961697,0.544,0.0
21150.511167246103,0.56,-0.016
21150.51141353051,0.544,0.0
21150.511659814914,0.56,-0.016
21150.51190609932,0.544,-0.016
21150.512152383726,0.56,0.0
21150.512398668132,0.544,-0.016
21150.512644952534,0.552,0.0
21150.51289123694,0.544,-0.016
21150.513137521346,0.56,0.0
21150.51338380575,0.544,-0.016
21150.513630090158,0.56,0.0
21150.513876374564,0.536,-0.016
21150.51412265897,0.56,0.0
21150.51436894337,0.544,-0.016
21150.514615227778,0.56,0.0
21150.514861512183,0.544,-0.016
21150.51510779659,0.552,0.0
21150.515354080995,0.544,-0.016
21150.5156003654,0.56,0.0
21150.515846649807,0.544,0.0
21150.516092934213,0.56,-0.016
21150.516339218615,0.544,0.0
21150.51658550302,0.552,-0.016
21150.516831787427,0.544,-0.008
21150.517078071833,0.56,-0.016
21150.51732435624,0.544,-0.016
21150.517570640644,0.56,0.0
21150.51781692505,0.56,0.0
21150.518063209453,0.536,-0.016
21150.51830949386,0.544,0.0
21150.518555778264,0.552,-0.016
21150.51880206267,0.544,0.0
21150.519048347076,0.56,-0.016
21150.519294631482,0.56,-0.016
21150.519540915888,0.544,0.0
21150.519787200294,0.544,-0.016
21150.520033484696,0.56,0.0
21150.5202797691,0.552,-0.016
21150.520526053508,0.536,0.0
21150.520772337914,0.544,-0.008
21150.52101862232,0.56,0.024
21150.521264906725,0.544,0.016
21150.52151119113,0.56,0.128
21150.521757475533,0.544,0.136
21150.52200375994,0.552,0.28800000000000003
21150.522250044345,0.544,0.28800000000000003
21150.52249632875,0.552,0.368
21150.522742613157,0.56,0.376
21150.522988897563,0.536,0.424
21150.52323518197,0.536,0.424
21150.523481466375,0.552,0.4
21150.523727750777,0.56,0.40800000000000003
21150.523974035183,0.536,0.392
21150.52422031959,0.552,0.4
21150.524466603994,0.536,0.40800000000000003
21150.5247128884,0.544,0.4
21150.524959172806,0.56,0.432
21150.525205457212,0.56,0.44
21150.525451741614,0.544,0.41600000000000004
21150.52569802602,0.544,0.41600000000000004
21150.525944310426,0.552,0.4
21150.526190594832,0.544,0.392
21150.526436879238,0.552,0.41600000000000004
21150.526683163644,0.552,0.40800000000000003
21150.52692944805,0.544,0.456
21150.527175732455,0.544,0.44
21150.527422016858,0.56,0.464
21150.527668301263,0.544,0.464
21150.52791458567,0.56,0.424
21150.528160870075,0.544,0.424
21150.52840715448,0.56,0.4
21150.528653438887,0.544,0.392
21150.528899723293,0.56,0.40800000000000003
21150.529146007695,0.544,0.392
21150.5293922921,0.56,0.40800000000000003
21150.529638576507,0.536,0.392
21150.529884860913,0.56,0.40800000000000003
21150.53013114532,0.536,0.392
21150.530377429724,0.56,0.4
21150.53062371413,0.544,0.392
21150.530869998536,0.56,0.40800000000000003
21150.53111628294,0.544,0.392
21150.531362567344,0.56,0.40800000000000003
21150.53160885175,0.544,0.392
21150.531855136156,0.56,0.4
21150.532101420562,0.56,0.392
21150.532347704968,0.544,0.4
21150.532593989374,0.552,0.392
21150.532840273776,0.536,0.4
21150.533086558182,0.56,0.392
21150.533332842588,0.544,0.40800000000000003
21150.533579126994,0.544,0.4
21150.5338254114,0.56,0.392
21150.534071695805,0.56,0.392
21150.53431798021,0.536,0.4
21150.534564264617,0.544,0.392
21150.53481054902,0.56,0.40800000000000003
21150.535056833425,0.56,0.392
21150.53530311783,0.544,0.40800000000000003
21150.535549402237,0.544,0.40800000000000003
21150.535795686643,0.552,0.392
21150.53604197105,0.544,0.392
21150.536288255455,0.552,0.40800000000000003
21150.536534539857,0.544,0.40800000000000003
21150.536780824263,0.552,0.392
21150.53702710867,0.544,0.392
21150.537273393074,0.56,0.4
21150.53751967748,0.5680000000000001,0.4
21150.537765961886,0.536,0.392
21150.538012246292,0.544,0.4
21150.538258530698,0.56,0.392
21150.5385048151,0.544,0.392
21150.538751099506,0.56,0.40800000000000003
21150.538997383912,0.56,0.392
21150.539243668318,0.536,0.40800000000000003
21150.539489952724,0.544,0.392
21150.53973623713,0.552,0.4
21150.539982521535,0.544,0.392
21150.540228805938,0.56,0.40800000000000003
21150.540475090344,0.544,0.40800000000000003
21150.54072137475,0.552,0.392
21150.540967659155,0.544,0.4
21150.54121394356,0.56,0.392
21150.541460227967,0.544,0.392
21150.541706512373,0.56,0.40800000000000003
21150.54195279678,0.544,0.40800000000000003
21150.54219908118,0.56,0.392
21150.542445365587,0.544,0.392
21150.542691649993,0.56,0.4
21150.5429379344,0.536,0.392
21150.543184218805,0.56,0.40800000000000003
21150.54343050321,0.544,0.392
21150.543676787616,0.56,0.40800000000000003
21150.54392307202,0.544,0.392
21150.544169356424,0.56,0.40800000000000003
21150.54441564083,0.544,0.392
21150.544661925236,0.56,0.40800000000000003
21150.544908209642,0.544,0.392
21150.545154494048,0.56,0.4
21150.545400778454,0.544,0.392
21150.54564706286,0.56,0.4
21150.545893347262,0.552,0.392
21150.546139631668,0.544,0.4
21150.546385916074,0.536,0.392
21150.54663220048,0.56,0.4
21150.546878484885,0.536,0.392
21150.54712476929,0.56,0.40800000000000003
21150.547371053697,0.56,0.392
21150.5476173381,0.536,0.40800000000000003
21150.547863622505,0.544,0.392
21150.54810990691,0.56,0.40800000000000003
21150.548356191317,0.544,0.392
21150.548602475723,0.56,0.40800000000000003
21150.54884876013,0.544,0.392
21150.549095044535,0.56,0.4
21150.54934132894,0.544,0.392
21150.549587613343,0.56,0.4
21150.54983389775,0.544,0.392
21150.550080182154,0.56,0.4
21150.55032646656,0.544,0.392
21150.550572750966,0.56,0.40800000000000003
21150.550819035372,0.544,0.392
21150.551065319778,0.552,0.40800000000000003
21150.55131160418,0.544,0.40800000000000003
21150.551557888586,0.56,0.392
21150.551804172992,0.544,0.392
21150.552050457398,0.552,0.4
21150.552296741804,0.56,0.4
21150.55254302621,0.536,0.392
21150.552789310615,0.536,0.392
21150.55303559502,0.56,0.40800000000000003
21150.553281879424,0.56,0.4
21150.55352816383,0.544,0.392
21150.553774448235,0.544,0.392
21150.55402073264,0.56,0.40800000000000003
21150.554267017047,0.544,0.40800000000000003
21150.554513301453,0.56,0.392
21150.55475958586,0.544,0.392
21150.55500587026,0.56,0.40800000000000003
21150.555252154667,0.544,0.392
21150.555498439073,0.56,0.4
21150.55574472348,0.552,0.4
21150.555991007885,0.544,0.392
21150.55623729229,0.56,0.392
21150.556483576696,0.536,0.40800000000000003
21150.556729861102,0.544,0.4
21150.556976145504,0.56,0.392
21150.55722242991,0.56,0.392
21150.557468714316,0.536,0.40800000000000003
21150.557714998722,0.544,0.392
21150.557961283128,0.56,0.4
21150.558207567534,0.56,0.392
21150.55845385194,0.544,0.4
21150.558700136342,0.544,0.392
21150.558946420748,0.56,0.40800000000000003
21150.559192705154,0.544,0.392
21150.55943898956,0.56,0.40800000000000003
21150.559685273965,0.544,0.392
21150.55993155837,0.56,0.40800000000000003
21150.560177842777,0.56,0.392
21150.560424127183,0.536,0.40800000000000003
21150.560670411585,0.544,0.392
21150.56091669599,0.552,0.4
21150.561162980397,0.544,0.392
21150.561409264803,0.552,0.40800000000000003
21150.56165554921,0.544,0.392
21150.561901833615,0.552,0.4
21150.56214811802,0.56,0.392
21150.562394402423,0.536,0.4
21150.56264068683,0.544,0.392
21150.562886971235,0.552,0.4
21150.56313325564,0.544,0.392
21150.563379540046,0.552,0.4
21150.563625824452,0.544,0.392
21150.563872108858,0.56,0.40800000000000003
21150.564118393264,0.544,0.392
21150.564364677666,0.56,0.4
21150.564610962072,0.544,0.392
21150.564857246478,0.56,0.4
21150.5860786438,0.56,-0.016
21150.58633195142,0.536,0.0
21150.58658525904,0.552,-0.016
21150.58683856666,0.536,0.0
21150.58709187428,0.536,-0.016
21150.587345181902,0.56,0.0
21150.587598489525,0.544,-0.008
21150.587851797143,0.56,-0.016
21150.588105104765,0.552,-0.016
21150.588358412384,0.536,-0.008
21150.588611720006,0.56,-0.016
21150.588865027625,0.536,0.0
21150.589118335247,0.544,-0.016
21150.58937164287,0.56,-0.008
21150.589624950488,0.544,-0.016
21150.58987825811,0.56,0.0
21150.59013156573,0.56,-0.016
21150.59038487335,0.544,-0.008
21150.590638180973,0.544,-0.016
21150.59089148859,0.552,0.0
21150.591144796213,0.56,-0.008
21150.591398103832,0.544,0.016
21150.591651411454,0.536,0.016
21150.591904719073,0.552,0.12
21150.592158026695,0.536,0.128
21150.592411334317,0.552,0.272
21150.592664641936,0.552,0.28
21150.592917949558,0.536,0.368
21150.593171257176,0.552,0.368
21150.5934245648,0.536,0.392
21150.59367787242,0.536,0.392
21150.59393118004,0.552,0.40800000000000003
21150.59418448766,0.544,0.4
21150.59443779528,0.56,0.41600000000000004
21150.594691102902,0.552,0.4
21150.594944410524,0.536,0.41600000000000004
21150.595197718143,0.536,0.4
21150.595451025765,0.552,0.40800000000000003
21150.595704333384,0.552,0.40800000000000003
21150.595957641006,0.536,0.4
21150.596210948625,0.56,0.4
21150.596464256247,0.536,0.40800000000000003
21150.59671756387,0.544,0.4
21150.596970871487,0.56,0.41600000000000004
21150.59722417911,0.536,0.41600000000000004
21150.597477486728,0.552,0.4
21150.59773079435,0.544,0.4
21150.597984101973,0.552,0.41600000000000004
21150.59823740959,0.536,0.4
21150.598490717213,0.552,0.41600000000000004
21150.598744024832,0.544,0.4
21150.598997332454,0.56,0.41600000000000004
21150.599250640076,0.536,0.41600000000000004
21150.599503947695,0.56,0.4
21150.599757255317,0.544,0.4
21150.600010562935,0.56,0.41600000000000004
21150.600263870558,0.536,0.4
21150.600517178176,0.56,0.41600000000000004
21150.6007704858,0.56,0.4
21150.60102379342,0.536,0.41600000000000004
21150.60127710104,0.544,0.40800000000000003
21150.60153040866,0.552,0.4
21150.60178371628,0.552,0.4
21150.602037023902,0.536,0.41600000000000004
21150.602290331524,0.536,0.40800000000000003
21150.602543639143,0.552,0.41600000000000004
21150.602796946765,0.544,0.41600000000000004
21150.603050254384,0.56,0.4
21150.603303562006,0.536,0.41600000000000004
21150.603556869624,0.552,0.4
21150.603810177246,0.536,0.4
21150.60406348487,0.56,0.41600000000000004
21150.604316792487,0.544,0.4
21150.60457010011,0.56,0.41600000000000004
21150.604823407728,0.56,0.4
21150.60507671535,0.536,0.40800000000000003
21150.605330022972,0.56,0.41600000000000004
21150.60558333059,0.536,0.4
21150.605836638213,0.544,0.4
21150.60608994583,0.56,0.41600000000000004
21150.606343253454,0.56,0.41600000000000004
21150.606596561076,0.536,0.4
21150.606849868695,0.544,0.4
21150.607103176317,0.56,0.41600000000000004
21150.607356483935,0.552,0.4
21150.607609791557,0.536,0.41600000000000004
21150.607863099176,0.552,0.4
21150.6081164068,0.536,0.41600000000000004
21150.60836971442,0.552,0.4
21150.60862302204,0.536,0.41600000000000004
21150.60887632966,0.56,0.4
21150.60912963728,0.536,0.41600000000000004
21150.609382944902,0.536,0.4
21150.609636252524,0.56,0.41600000000000004
21150.609889560143,0.544,0.4
21150.610142867765,0.552,0.41600000000000004
21150.610396175383,0.56,0.41600000000000004
21150.610649483006,0.536,0.4
21150.610902790624,0.552,0.4
21150.611156098246,0.536,0.41600000000000004
21150.61140940587,0.544,0.41600000000000004
21150.611662713487,0.56,0.4
21150.61191602111,0.56,0.4
21150.612169328728,0.536,0.41600000000000004
21150.61242263635,0.536,0.4
21150.612675943972,0.552,0.41600000000000004
21150.61292925159,0.536,0.40800000000000003
21150.613182559213,0.56,0.4
21150.61343586683,0.552,0.4
21150.613689174454,0.536,0.41600000000000004
21150.613942482076,0.552,0.40800000000000003
21150.614195789694,0.536,0.4
21150.614449097317,0.544,0.40800000000000003
21150.614702404935,0.552,0.4
21150.614955712557,0.552,0.4
21150.615209020176,0.544,0.40800000000000003
21150.615462327798,0.536,0.41600000000000004
21150.61571563542,0.552,0.4
21150.61596894304,0.544,0.4
21150.61622225066,0.56,0.41600000000000004
21150.61647555828,0.544,0.4
21150.6167288659,0.552,0.41600000000000004
21150.616982173524,0.536,0.41600000000000004
21150.617235481142,0.56,0.4
21150.617488788765,0.544,0.4
21150.617742096383,0.552,0.41600000000000004
21150.617995404005,0.536,0.41600000000000004
21150.618248711628,0.552,0.4
21150.618502019246,0.544,0.4
21150.61875532687,0.56,0.41600000000000004
21150.619008634487,0.536,0.4
21150.61926194211,0.552,0.41600000000000004
21150.619515249728,0.56,0.4
21150.61976855735,0.536,0.41600000000000004
21150.620021864972,0.536,0.4
21150.62027517259,0.56,0.41600000000000004
21150.620528480213,0.536,0.4
21150.62078178783,0.56,0.41600000000000004
21150.621035095453,0.544,0.4
21150.621288403076,0.56,0.41600000000000004
21150.621541710694,0.544,0.4
21150.621795018316,0.56,0.41600000000000004
21150.622048325935,0.56,0.4
21150.622301633557,0.536,0.41600000000000004
21150.622554941176,0.536,0.4
21150.622808248798,0.552,0.41600000000000004
21150.62306155642,0.536,0.4
21150.62331486404,0.552,0.41600000000000004
21150.62356817166,0.544,0.4
21150.62382147928,0.56,0.41600000000000004
21150.6240747869,0.552,0.41600000000000004
21150.624328094524,0.536,0.4
21150.624581402142,0.544,0.4
21150.624834709764,0.56,0.41600000000000004
21150.625088017383,0.536,0.4
21150.625341325005,0.552,0.41600000000000004
21150.625594632627,0.536,0.41600000000000004
21150.625847940246,0.552,0.4
21150.626101247868,0.544,0.41600000000000004
21150.626354555487,0.56,0.4
21150.62660786311,0.544,0.4
21150.626861170727,0.552,0.41600000000000004
21150.62711447835,0.536,0.4
21150.62736778597,0.552,0.41600000000000004
21150.62762109359,0.544,0.4
21150.627874401212,0.56,0.41600000000000004
21150.62812770883,0.536,0.4
21150.628381016453,0.552,0.41600000000000004
21150.628634324075,0.544,0.4
21150.628887631694,0.56,0.41600000000000004
21150.629140939316,0.544,0.4
21150.629394246935,0.56,0.41600000000000004
21150.629647554557,0.536,0.4
21150.629900862175,0.552,0.40800000000000003
21150.630154169798,0.544,0.4
21150.63040747742,0.56,0.41600000000000004
21150.63066078504,0.56,0.41600000000000004
21150.63091409266,0.536,0.4
21150.63116740028,0.536,0.4
21150.6314207079,0.56,0.41600000000000004
21150.631674015523,0.544,0.41600000000000004
21150.631927323142,0.552,0.4
21150.632180630764,0.536,0.4
21150.632433938383,0.56,0.41600000000000004
21150.632687246005,0.544,0.4
21150.632940553627,0.552,0.41600000000000004
21150.633193861246,0.536,0.40800000000000003
21150.633447168868,0.56,0.4
21150.633700476486,0.544,0.4
21150.63395378411,0.56,0.41600000000000004
21150.634207091727,0.56,0.4
21150.63446039935,0.536,0.40800000000000003
21150.63471370697,0.536,0.4
21150.63496701459,0.552,0.41600000000000004
21150.635220322212,0.544,0.41600000000000004
21150.63547362983,0.56,0.4
21150.635726937453,0.544,0.4
21150.635980245075,0.56,0.41600000000000004
21150.636233552694,0.544,0.4
21150.636486860316,0.552,0.41600000000000004
21150.636740167934,0.544,0.41600000000000004
21150.636993475557,0.56,0.4
21150.63724678318,0.544,0.4
21150.637500090797,0.552,0.41600000000000004
21150.63775339842,0.544,0.4
21150.638006706038,0.552,0.41600000000000004
21150.63826001366,0.544,0.40800000000000003
21150.63851332128,0.552,0.4
21150.6387666289,0.552,0.4
21150.639019936523,0.544,0.41600000000000004
21150.63927324414,0.536,0.4
21150.639526551764,0.56,0.41600000000000004
21150.639779859383,0.544,0.4
21150.640033167005,0.56,0.40800000000000003
21150.640286474627,0.552,0.40800000000000003
21150.640539782245,0.536,0.4
21150.640793089868,0.552,0.40800000000000003
21150.641046397486,0.536,0.4
21150.64129970511,0.544,0.4
21150.641553012727,0.56,0.41600000000000004
21150.64180632035,0.544,0.41600000000000004
21150.64205962797,0.552,0.4
21150.64231293559,0.544,0.4
21150.642566243212,0.56,0.41600000000000004
21150.64281955083,0.544,0.4
21150.643072858453,0.56,0.41600000000000004
21150.643326166075,0.544,0.4
21150.643579473694,0.56,0.41600000000000004
21150.643832781316,0.544,0.4
21150.644086088934,0.552,0.40800000000000003
21150.644339396556,0.56,0.4
21150.64459270418,0.536,0.41600000000000004
21150.644846011797,0.56,0.4
21150.64509931942,0.536,0.40800000000000003
21150.645352627038,0.536,0.4
21150.64560593466,0.56,0.41600000000000004
21150.64585924228,0.544,0.4
21150.6461125499,0.56,0.40800000000000003
21150.646365857523,0.536,0.41600000000000004
21150.64661916514,0.552,0.4
21150.646872472764,0.544,0.41600000000000004
21150.647125780382,0.56,0.4
21150.647379088005,0.56,0.4
21150.647632395627,0.536,0.41600000000000004
21150.647885703245,0.544,0.4
21150.648139010867,0.56,0.40800000000000003
21150.648392318486,0.536,0.4
21150.64864562611,0.552,0.41600000000000004
21150.648898933727,0.544,0.4
21150.64915224135,0.56,0.41600000000000004
21150.64940554897,0.536,0.4
21150.64965885659,0.56,0.41600000000000004
21150.649912164212,0.544,0.4
21150.65016547183,0.56,0.41600000000000004
21150.650418779453,0.56,0.4
21150.650672087075,0.536,0.41600000000000004
21150.650925394693,0.536,0.4
21150.651178702316,0.552,0.41600000000000004
21150.651432009934,0.544,0.4
21150.651685317556,0.552,0.41600000000000004
21150.65193862518,0.536,0.4
21150.652191932797,0.552,0.41600000000000004
21150.65244524042,0.552,0.41600000000000004
21150.652698548038,0.536,0.4
21150.65295185566,0.552,0.4
21150.65320516328,0.536,0.41600000000000004
21150.6534584709,0.544,0.4
21150.653711778523,0.552,0.41600000000000004
21150.65396508614,0.536,0.40800000000000003
21150.654218393764,0.56,0.392
21150.654471701382,0.56,0.392
21150.654725009004,0.536,0.32
21150.654978316627,0.536,0.32
21150.655231624245,0.552,0.176
21150.655484931867,0.552,0.168
21150.655738239486,0.536,0.064
21150.655991547108,0.552,0.056
21150.65624485473,0.536,0.008
21150.65649816235,0.56,0.008
21150.65675146997,0.536,-0.008
21150.65700477759,0.544,0.0
21150.65725808521,0.56,-0.008
21150.65751139283,0.536,0.0
21150.657764700452,0.56,-0.008
21150.658018008075,0.56,-0.016
21150.658271315693,0.536,0.0
21150.658524623315,0.552,0.0
21150.658777930934,0.536,-0.016
21150.659031238556,0.544,0.0
21150.65928454618,0.56,-0.016
21150.659537853797,0.56,0.0
21150.65979116142,0.536,-0.016
21150.660044469038,0.56,0.0
21150.66029777666,0.536,-0.016
21150.66055108428,0.536,0.0
21150.6608043919,0.56,-0.016
21150.661057699523,0.536,0.0
21150.66131100714,0.552,-0.016
21150.661564314763,0.544,-0.016
21150.661817622382,0.56,0.0
21150.662070930004,0.544,-0.016
21150.662324237626,0.56,0.0
21150.662577545245,0.536,0.0
21150.662830852867,0.552,-0.016
21150.663084160486,0.536,0.0
21150.663337468108,0.56,-0.016
21150.66359077573,0.56,0.0
21150.66384408335,0.536,-0.016
21150.66409739097,0.544,0.0
21150.66435069859,0.552,-0.016
21150.66460400621,0.56,0.0
21150.66485731383,0.536,-0.016
21150.665110621452,0.536,0.0
21150.665363929074,0.56,-0.016
21150.665617236693,0.536,-0.016
21150.665870544315,0.56,0.0
21150.666123851934,0.544,-0.016
21150.666377159556,0.56,0.0
21150.666630467178,0.536,-0.016
21150.666883774797,0.56,0.0
21150.66713708242,0.536,0.0
21150.667390390037,0.56,-0.016
21150.66764369766,0.552,-0.016
21150.667897005278,0.536,0.0
21150.6681503129,0.536,-0.016
21150.668403620522,0.552,0.0
21150.66865692814,0.544,-0.016
21150.668910235763,0.552,0.0
21150.66916354338,0.56,-0.016
21150.669416851004,0.536,0.0
21150.669670158626,0.536,0.0
21150.669923466245,0.56,-0.016
21150.670176773867,0.552,-0.016
21150.670430081485,0.536,0.0
21150.670683389108,0.544,-0.016
21150.67093669673,0.552,0.0
21150.67119000435,0.536,-0.016
21150.67144331197,0.56,0.0
21150.67169661959,0.552,-0.016
21150.67194992721,0.544,0.0
21150.67220323483,0.544,0.0
21150.672456542452,0.56,-0.016
21150.672709850074,0.536,-0.016
21150.672963157693,0.56,0.0
21150.673216465315,0.56,-0.016
21150.673469772933,0.544,0.0
21150.673723080556,0.56,-0.016
21150.673976388178,0.536,0.0
21150.674229695796,0.544,-0.016
21150.67448300342,0.56,0.0
21150.674736311037,0.544,0.0
21150.67498961866,0.56,-0.016
21150.67524292628,0.544,-0.016
21150.6754962339,0.56,0.0
21150.675749541522,0.544,-0.016
21150.67600284914,0.56,0.0
21150.676256156763,0.56,-0.016
21150.67650946438,0.544,0.0
21150.676762772004,0.544,-0.016
21150.677016079626,0.552,0.0
21150.677269387244,0.544,-0.016
21150.677522694867,0.552,0.0
21150.677776002485,0.544,0.0
21150.678029310107,0.552,-0.016
21150.67828261773,0.544,-0.016
21150.678535925348,0.552,0.0
21150.67878923297,0.536,-0.016
21150.67904254059,0.552,0.0
21150.67929584821,0.544,-0.016
21150.67954915583,0.552,0.0
21150.67980246345,0.536,-0.016
21150.680055771074,0.56,0.0
21150.680309078693,0.56,-0.016
21150.680562386315,0.544,-0.008
21150.680815693933,0.552,-0.016
21150.681069001555,0.536,0.0
21150.681322309178,0.544,-0.016
21150.681575616796,0.552,-0.008
21150.68182892442,0.544,-0.008
21150.682082232037,0.552,-0.016
21150.68233553966,0.536,-0.016
21150.68258884728,0.552,0.0
21150.6828421549,0.56,-0.016
21150.683095462522,0.536,0.0
21150.68334877014,0.536,-0.016
21150.683602077763,0.56,0.0
21150.68385538538,0.536,0.0
21150.684108693004,0.56,-0.016
21150.684362000626,0.544,-0.016
21150.684615308244,0.552,0.0
21150.684868615866,0.552,-0.008
21150.685121923485,0.536,-0.016
21150.685375231107,0.552,-0.008
21150.68562853873,0.536,-0.016
21150.685881846348,0.56,-0.016
21150.68613515397,0.536,0.0
21150.68638846159,0.56,-0.016
21150.68664176921,0.536,0.0
21150.68689507683,0.544,-0.008
21150.68714838445,0.56,-0.016
21150.687401692074,0.552,-0.016
21150.687654999692,0.536,0.0
21150.687908307315,0.536,-0.016
21150.688161614933,0.56,0.0
21150.688414922555,0.536,-0.008
21150.688668230177,0.56,-0.016
21150.688921537796,0.544,-0.016
21150.689174845418,0.56,0.0
21150.689428153037,0.544,-0.008
21150.68968146066,0.552,-0.016
21150.68993476828,0.552,-0.008
21150.6901880759,0.536,-0.016
21150.690441383522,0.552,-0.016
21150.69069469114,0.544,0.0
21150.690947998763,0.544,0.0
21150.69120130638,0.56,-0.016
21150.691454614003,0.552,-0.016
21150.691707921625,0.536,0.0
21150.691961229244,0.536,-0.016
21150.692214536866,0.56,0.0
21150.692467844485,0.544,-0.016
21150.692721152107,0.552,0.0
21150.69297445973,0.56,-0.008
21150.693227767348,0.536,-0.016
21150.69348107497,0.552,-0.016
21150.69373438259,0.536,-0.008
21150.69398769021,0.536,-0.016
21150.694240997833,0.56,-0.008
21150.69449430545,0.544,-0.016
21150.694747613074,0.56,-0.008
21150.695000920692,0.552,-0.016
21150.695254228314,0.536,-0.008
21150.695507535933,0.536,-0.008
21150.695760843555,0.552,-0.016
21150.696014151177,0.536,-0.008
21150.696267458796,0.56,-0.016
21150.696520766418,0.552,-0.008
21150.696774074037,0.536,-0.016
21150.69702738166,0.536,-0.016
21150.69728068928,0.552,0.0
21150.6975339969,0.56,-0.016
21150.69778730452,0.536,-0.008
21150.69804061214,0.544,-0.016
21150.698293919762,0.552,0.0
21150.69854722738,0.552,-0.016
21150.698800535003,0.536,-0.008
21150.699053842625,0.536,-0.008
21150.699307150244,0.56,-0.016
21150.699560457866,0.544,-0.016
21150.699813765485,0.552,0.0
21150.700067073107,0.536,-0.008
21150.70032038073,0.56,-0.016
21150.700573688348,0.544,-0.008
21150.70082699597,0.56,-0.016
21150.70108030359,0.552,-0.016
21150.70133361121,0.536,0.0
21150.701586918833,0.544,-0.016
21150.70184022645,0.56,-0.008
21150.702093534073,0.552,-0.016
21150.702346841692,0.536,0.0
21150.702600149314,0.552,-0.016
21150.702853456933,0.536,0.0
21150.703106764555,0.544,-0.016
21150.703360072177,0.552,0.0
21150.703613379796,0.536,-0.016
21150.703866687418,0.552,-0.008
21150.704119995036,0.544,-0.016
21150.70437330266,0.56,0.0
21150.70462661028,0.552,-0.016
21150.7048799179,0.536,0.0
21150.70513322552,0.552,-0.016
21150.70538653314,0.536,-0.008
21150.705639840762,0.56,-0.008
21150.70589314838,0.544,-0.016
21150.706146456003,0.536,-0.016
21150.706399763625,0.552,-0.008
21150.706653071244,0.544,-0.008
21150.706906378866,0.552,-0.016
21150.707159686484,0.544,-0.008
21150.707412994107,0.552,-0.016
21150.70766630173,0.544,-0.016
21150.707919609347,0.552,-0.008
21150.70817291697,0.544,-0.016
21150.708426224588,0.552,-0.008
21150.70867953221,0.536,-0.016
21150.708932839832,0.552,-0.008
21150.70918614745,0.536,-0.008
21150.709439455073,0.56,-0.016
21150.70969276269,0.536,-0.008
21150.709946070314,0.552,-0.016
21150.710199377932,0.536,-0.016
21150.710452685555,0.56,0.0
21150.710705993177,0.544,-0.016
21150.710959300795,0.552,-0.008
21150.711212608418,0.536,-0.016
21150.711465916036,0.552,0.0
21150.71171922366,0.536,-0.016
21150.71197253128,0.56,0.0
21150.7122258389,0.56,-0.016
21150.71247914652,0.544,0.0
21150.71273245414,0.552,-0.016
21150.712985761762,0.536,0.0
21150.713239069384,0.544,-0.016
21150.713492377003,0.56,-0.008
21150.713745684625,0.552,-0.008
21150.713998992243,0.536,-0.016
21150.714252299866,0.536,-0.008
21150.714505607484,0.56,-0.016
21150.714758915106,0.544,-0.008
21150.71501222273,0.56,-0.016
21150.715265530347,0.536,-0.008
21150.71551883797,0.56,-0.016
21150.715772145588,0.536,-0.016
21150.71602545321,0.56,0.0
21150.716278760832,0.536,-0.016
21150.71653206845,0.56,0.0
21150.716785376073,0.544,-0.016
21150.71703868369,0.552,0.0
21150.717291991314,0.56,-0.016
21150.717545298932,0.536,0.0
21150.717798606554,0.536,-0.008
21150.718051914177,0.552,0.024
21150.718305221795,0.552,0.024
21150.718558529417,0.536,0.12
21150.718811837036,0.528,0.128
21150.719065144658,0.536,0.272
21150.71931845228,0.528,0.28800000000000003
21150.7195717599,0.536,0.368
21150.71982506752,0.528,0.368
21150.72007837514,0.504,0.392
21150.72033168276,0.496,0.392
21150.720584990384,0.512,0.4
21150.720838298002,0.496,0.4
21150.721091605625,0.52,0.41600000000000004
21150.721344913243,0.496,0.4
21150.721598220865,0.52,0.40800000000000003
21150.721851528484,0.496,0.4
21150.722104836106,0.512,0.40800000000000003
21150.72235814373,0.504,0.4
21150.722611451347,0.528,0.41600000000000004
21150.72286475897,0.504,0.4
21150.723118066588,0.544,0.41600000000000004
21150.72337137421,0.544,0.4
21150.723624681832,0.504,0.41600000000000004
21150.72387798945,0.496,0.4
21150.724131297073,0.504,0.41600000000000004
21150.72438460469,0.496,0.40800000000000003
21150.724637912313,0.512,0.4
21150.724891219932,0.496,0.4
21150.725144527554,0.512,0.40800000000000003
21150.725397835176,0.488,0.4
21150.725651142795,0.512,0.41600000000000004
21150.725904450417,0.528,0.40800000000000003
21150.726157758036,0.496,0.4
21150.726411065658,0.504,0.4
21150.72666437328,0.536,0.41600000000000004
21150.7269176809,0.52,0.41600000000000004
21150.72717098852,0.496,0.4
21150.72742429614,0.496,0.40800000000000003
21150.72767760376,0.528,0.4
21150.727930911384,0.512,0.4
21150.728184219002,0.528,0.40800000000000003
21150.728437526624,0.528,0.4
21150.728690834243,0.496,0.41600000000000004
21150.728944141865,0.496,0.4
21150.729197449484,0.512,0.40800000000000003
21150.729450757106,0.496,0.4
21150.729704064728,0.512,0.40800000000000003
21150.729957372347,0.496,0.40800000000000003
21150.73021067997,0.544,0.4
21150.730463987587,0.536,0.4
21150.73071729521,0.544,0.40800000000000003
21150.73097060283,0.544,0.4
21150.73122391045,0.536,0.41600000000000004
21150.731477218073,0.536,0.4
21150.73173052569,0.552,0.41600000000000004
21150.731983833313,0.536,0.4
21150.732237140935,0.552,0.41600000000000004
21150.732490448554,0.536,0.40800000000000003
21150.732743756176,0.552,0.4
21150.732997063795,0.536,0.4
21150.733250371417,0.552,0.41600000000000004
21150.733503679035,0.536,0.4
21150.733756986658,0.552,0.41600000000000004
21150.73401029428,0.536,0.40800000000000003
21150.7342636019,0.552,0.4
21150.73451690952,0.536,0.4
21150.73477021714,0.552,0.41600000000000004
21150.73502352476,0.552,0.4
21150.735276832384,0.536,0.4
21150.735530140002,0.536,0.4
21150.735783447624,0.552,0.41600000000000004
21150.736036755243,0.536,0.4
21150.736290062865,0.544,0.40800000000000003
21150.736543370484,0.536,0.4
21150.736796678106,0.544,0.41600000000000004
21150.737049985728,0.536,0.41600000000000004
21150.737303293346,0.552,0.4
21150.73755660097,0.536,0.4
21150.737809908587,0.552,0.41600000000000004
21150.73806321621,0.536,0.4
21150.73831652383,0.552,0.41600000000000004
21150.73856983145,0.536,0.4
21150.738823139072,0.552,0.40800000000000003
21150.73907644669,0.536,0.4
21150.739329754313,0.552,0.41600000000000004
21150.739583061935,0.536,0.4
21150.739836369554,0.552,0.40800000000000003
21150.740089677176,0.552,0.40800000000000003
21150.740342984795,0.536,0.4
21150.740596292417,0.56,0.4
21150.740849600035,0.536,0.40800000000000003
21150.741102907657,0.552,0.41600000000000004
21150.74135621528,0.536,0.4
21150.7416095229,0.536,0.40800000000000003
21150.74186283052,0.56,0.4
21150.74211613814,0.536,0.4
21150.74236944576,0.552,0.41600000000000004
21150.742622753383,0.552,0.4
21150.742876061002,0.536,0.41600000000000004
21150.743129368624,0.544,0.4
21150.743382676243,0.552,0.41600000000000004
21150.743635983865,0.536,0.41600000000000004
21150.743889291483,0.552,0.4
21150.744142599106,0.536,0.4
21150.744395906728,0.552,0.41600000000000004
21150.744649214346,0.536,0.4
21150.74490252197,0.552,0.41600000000000004
21150.745155829587,0.552,0.4
21150.74540913721,0.536,0.41600000000000004
21150.74566244483,0.56,0.4
21150.74591575245,0.536,0.40800000000000003
21150.746169060072,0.544,0.4
21150.74642236769,0.536,0.40800000000000003
21150.746675675313,0.536,0.4
21150.746928982935,0.552,0.41600000000000004
21150.747182290554,0.544,0.4
21150.747435598176,0.536,0.41600000000000004
21150.747688905794,0.536,0.4
21150.747942213417,0.56,0.40800000000000003
21150.748195521035,0.544,0.4
21150.748448828657,0.552,0.41600000000000004
21150.74870213628,0.536,0.4
21150.748955443898,0.56,0.41600000000000004
21150.74920875152,0.544,0.4
21150.74946205914,0.552,0.40800000000000003
21150.74971536676,0.536,0.4
21150.749968674383,0.552,0.40800000000000003
21150.750221982,0.544,0.4
21150.750475289624,0.56,0.41600000000000004
21150.750728597242,0.536,0.40800000000000003
21150.750981904865,0.552,0.4
21150.751235212487,0.56,0.40800000000000003
21150.751488520105,0.536,0.4
21150.751741827728,0.544,0.4
21150.751995135346,0.56,0.41600000000000004
21150.75224844297,0.536,0.4
21150.752501750587,0.56,0.41600000000000004
21150.75275505821,0.56,0.4
21150.75300836583,0.536,0.40800000000000003
21150.75326167345,0.552,0.4
21150.753514981072,0.536,0.40800000000000003
21150.75376828869,0.56,0.4
21150.754021596313,0.544,0.40800000000000003
21150.754274903935,0.536,0.4
21150.754528211553,0.56,0.41600000000000004
21150.754781519176,0.536,0.4
21150.755034826794,0.56,0.40800000000000003
21150.755288134416,0.544,0.4
21150.755541442035,0.56,0.41600000000000004
21150.755794749657,0.56,0.4
21150.75604805728,0.536,0.41600000000000004
21150.756301364898,0.536,0.4
21150.75655467252,0.552,0.40800000000000003
21150.75680798014,0.552,0.4
21150.75706128776,0.536,0.41600000000000004
21150.757314595383,0.544,0.40800000000000003
21150.757567903,0.552,0.4
21150.757821210624,0.544,0.4
21150.758074518242,0.56,0.40800000000000003
21150.758327825864,0.552,0.4
21150.758581133487,0.536,0.40800000000000003
21150.758834441105,0.544,0.4
21150.759087748727,0.56,0.40800000000000003
21150.759341056346,0.544,0.40800000000000003
21150.759594363968,0.56,0.4
21150.759847671587,0.544,0.40800000000000003
21150.76010097921,0.56,0.4
21150.76035428683,0.552,0.4
21150.76060759445,0.536,0.41600000000000004
21150.76086090207,0.536,0.40800000000000003
21150.76111420969,0.56,0.4
21150.761367517312,0.544,0.4
21150.761620824935,0.552,0.40800000000000003
21150.761874132553,0.536,0.4
21150.762127440175,0.552,0.40800000000000003
21150.762380747794,0.544,0.4
21150.762634055416,0.56,0.40800000000000003
21150.762887363035,0.536,0.41600000000000004
21150.763140670657,0.56,0.4
21150.76339397828,0.552,0.4
21150.763647285898,0.536,0.41600000000000004
21150.76390059352,0.544,0.40800000000000003
21150.76415390114,0.56,0.4
21150.76440720876,0.544,0.40800000000000003
21150.764660516383,0.552,0.4
21150.764913824,0.544,0.4
21150.765167131623,0.56,0.40800000000000003
21150.765420439242,0.552,0.40800000000000003
21150.765673746864,0.536,0.4
21150.765927054486,0.536,0.4
21150.766180362105,0.56,0.40800000000000003
21150.766433669727,0.536,0.4
21150.766686977346,0.552,0.40800000000000003
21150.766940284968,0.544,0.4
21150.767193592586,0.56,0.40800000000000003
21150.76744690021,0.56,0.4
21150.76770020783,0.536,0.41600000000000004
21150.76795351545,0.536,0.41600000000000004
21150.76820682307,0.552,0.4
21150.76846013069,0.544,0.4
21150.768713438312,0.56,0.41600000000000004
21150.768966745934,0.544,0.4
21150.769220053553,0.552,0.40800000000000003
21150.769473361175,0.536,0.4
21150.769726668794,0.552,0.40800000000000003
21150.769979976416,0.544,0.4
21150.770233284038,0.56,0.40800000000000003
21150.770486591657,0.552,0.4
21150.77073989928,0.536,0.41600000000000004
21150.770993206897,0.56,0.4
21150.77124651452,0.536,0.40800000000000003
21150.771499822138,0.536,0.4
21150.77175312976,0.56,0.40800000000000003
21150.772006437383,0.544,0.40800000000000003
21150.772259745,0.552,0.392
21150.772513052623,0.552,0.40800000000000003
21150.77276636024,0.536,0.4
21150.773019667864,0.536,0.41600000000000004
21150.773272975486,0.552,0.392
21150.773526283105,0.544,0.40800000000000003
21150.773779590727,0.56,0.4
21150.774032898345,0.552,0.40800000000000003
21150.774286205968,0.536,0.4
21150.774539513586,0.544,0.4
21150.77479282121,0.56,0.40800000000000003
21150.77504612883,0.544,0.4
21150.77529943645,0.56,0.41600000000000004
21150.77555274407,0.536,0.4
21150.77580605169,0.552,0.40800000000000003
21150.776059359312,0.536,0.40800000000000003
21150.776312666934,0.56,0.4
21150.776565974553,0.536,0.4
21150.776819282175,0.544,0.40800000000000003
21150.777072589794,0.536,0.4
21150.777325897416,0.56,0.41600000000000004
21150.777579205038,0.56,0.4
21150.777832512656,0.536,0.40800000000000003
21150.77808582028,0.536,0.4
21150.778339127897,0.56,0.41600000000000004
21150.77859243552,0.544,0.4
21150.778845743138,0.56,0.40800000000000003
21150.77909905076,0.536,0.4
21150.779352358382,0.552,0.40800000000000003
21150.779605666,0.544,0.4
21150.779858973623,0.552,0.4
21150.78011228124,0.536,0.4
21150.780365588864,0.56,0.40800000000000003
21150.780618896486,0.552,0.40800000000000003
21150.780872204105,0.536,0.392
21150.781125511727,0.56,0.384
21150.781378819345,0.536,0.328
21150.781632126967,0.536,0.32
21150.781885434586,0.552,0.176
21150.78213874221,0.552,0.176
21150.78239204983,0.544,0.064
21150.78264535745,0.536,0.056
21150.78289866507,0.552,0.016
21150.78315197269,0.552,0.008
21150.783405280312,0.536,-0.008
21150.783658587934,0.544,0.0
21150.783911895553,0.56,-0.008
21150.784165203175,0.56,0.0
21150.784418510793,0.536,-0.016
21150.784671818416,0.536,-0.008
21150.784925126038,0.552,0.0
21150.785178433656,0.544,0.0
21150.78543174128,0.56,-0.008
21150.785685048897,0.544,0.0
21150.78593835652,0.552,-0.016
21150.786191664138,0.56,-0.008
21150.78644497176,0.536,0.0
21150.786698279382,0.536,0.0
21150.786951587,0.56,-0.016
21150.787204894623,0.552,0.0
21150.78745820224,0.544,-0.016
21150.787711509864,0.544,-0.016
21150.787964817486,0.552,0.0
21150.788218125104,0.544,0.0
21150.788471432727,0.56,-0.016
21150.788724740345,0.544,-0.016
21150.788978047967,0.552,0.0
21150.78923135559,0.552,0.0
21150.789484663208,0.544,-0.016
21150.78973797083,0.56,0.0
21150.78999127845,0.536,-0.016
21150.79024458607,0.536,0.0
21150.79049789369,0.544,-0.016
21150.79075120131,0.544,-0.016
21150.791004508934,0.56,0.0
21150.791257816552,0.56,-0.016
21150.791511124175,0.536,0.0
21150.791764431793,0.536,0.0
21150.792017739415,0.56,-0.016
21150.792271047038,0.544,0.0
21150.792524354656,0.552,-0.016
21150.79277766228,0.544,0.0
21150.793030969897,0.56,-0.016
21150.79328427752,0.536,0.0
21150.793537585138,0.56,-0.016
21150.79379089276,0.552,0.0
21150.794044200382,0.544,-0.016
21150.794297508,0.544,-0.016
21150.794550815623,0.56,0.0
21150.79480412324,0.536,0.0
21150.795057430863,0.552,-0.016
21150.795310738486,0.544,0.0
21150.795564046104,0.552,-0.016
21150.795817353726,0.544,0.0
21150.796070661345,0.56,-0.016
21150.796323968967,0.552,-0.016
21150.79657727659,0.536,0.0
21150.796830584208,0.56,0.0
21150.79708389183,0.536,-0.016
21150.79733719945,0.544,0.0
21150.79759050707,0.56,-0.016
21150.79784381469,0.536,-0.016
21150.79809712231,0.552,0.0
21150.798350429934,0.544,0.0
21150.798603737552,0.56,-0.016
21150.798857045174,0.552,-0.016
21150.799110352793,0.536,0.0
21150.799363660415,0.552,-0.016
21150.799616968037,0.536,-0.008
21150.799870275656,0.544,-0.016
21150.800123583278,0.56,0.0
21150.800376890897,0.544,-0.016
21150.80063019852,0.552,0.0
21150.800883506137,0.544,-0.016
21150.80113681376,0.56,0.0
21150.80139012138,0.536,-0.016
21150.801643429,0.56,0.0
21150.801896736622,0.552,-0.016
21150.80215004424,0.544,0.0
21150.802403351863,0.536,0.0
21150.802656659485,0.552,-0.016
21150.802909967104,0.56,0.0
21150.803163274726,0.536,-0.016
21150.803416582345,0.56,-0.016
21150.803669889967,0.536,0.0
21150.80392319759,0.536,0.0
21150.804176505208,0.56,-0.016
21150.80442981283,0.544,-0.016
21150.80468312045,0.56,0.0
21150.80493642807,0.536,-0.016
21150.80518973569,0.552,0.0
21150.80544304331,0.544,-0.016
21150.805696350933,0.56,0.0
21150.805949658552,0.544,-0.016
21150.806202966174,0.56,0.0
21150.806456273793,0.56,-0.016
21150.806709581415,0.544,0.0
21150.806962889037,0.544,0.0
21150.807216196656,0.56,-0.016
21150.807469504278,0.552,-0.008
21150.807722811896,0.536,-0.016
21150.80797611952,0.544,-0.016
21150.80822942714,0.552,0.0
21150.80848273476,0.544,0.0
21150.80873604238,0.552,-0.016
21150.80898935,0.544,-0.016
21150.809242657622,0.536,0.0
21150.80949596524,0.536,-0.016
21150.809749272863,0.56,0.0
21150.810002580485,0.552,-0.016
21150.810255888104,0.536,0.0
21150.810509195726,0.544,0.0
21150.810762503344,0.56,-0.016
21150.811015810967,0.544,-0.016
21150.81126911859,0.56,0.0
21150.811522426207,0.56,-0.016
21150.81177573383,0.544,0.0
21150.812029041448,0.56,0.0
21150.81228234907,0.536,-0.016
21150.81253565669,0.544,-0.016
21150.81278896431,0.552,0.0
21150.813042271933,0.56,-0.016
21150.81329557955,0.536,0.0
21150.813548887174,0.536,-0.016
21150.813802194793,0.56,0.0
21150.814055502415,0.544,-0.016
21150.814308810037,0.56,0.0
21150.814562117655,0.56,0.0
21150.814815425278,0.536,-0.016
21150.815068732896,0.544,-0.008
21150.81532204052,0.56,-0.016
21150.81557534814,0.552,-0.008
21150.81582865576,0.536,-0.016
21150.81608196338,0.536,-0.008
21150.816335271,0.552,-0.016
21150.816588578622,0.552,-0.016
21150.81684188624,0.536,0.0
21150.817095193863,0.544,-0.016
21150.817348501485,0.56,0.0
21150.817601809104,0.544,-0.016
21150.817855116726,0.56,0.0
21150.818108424344,0.552,-0.016
21150.818361731966,0.536,0.0
21150.81861503959,0.544,-0.016
21150.818868347207,0.56,0.0
21150.81912165483,0.544,-0.008
21150.819374962448,0.552,-0.016
21150.81962827007,0.544,-0.016
21150.81988157769,0.56,0.0
21150.82013488531,0.56,-0.016
21150.820388192933,0.536,0.0
21150.82064150055,0.536,-0.008
21150.820894808174,0.56,-0.016
21150.821148115792,0.552,-0.016
21150.821401423414,0.536,0.0
21150.821654731037,0.536,-0.008
21150.821908038655,0.56,-0.016
21150.822161346277,0.56,-0.008
21150.822414653896,0.536,-0.016
21150.822667961518,0.552,-0.016
21150.82292126914,0.536,0.0
21150.82317457676,0.544,-0.016
21150.82342788438,0.56,0.0
21150.823681192,0.552,-0.016
21150.823934499622,0.536,0.0
21150.82418780724,0.544,-0.016
21150.824441114863,0.56,-0.008
21150.824694422485,0.544,-0.008
21150.824947730103,0.56,-0.016
21150.825201037725,0.544,-0.016
21150.825454345344,0.552,-0.008
21150.825707652966,0.552,-0.016
21150.82596096059,0.536,0.0
21150.826214268207,0.544,-0.016
21150.82646757583,0.56,0.0
21150.826720883448,0.56,-0.008
21150.82697419107,0.536,-0.016
21150.827227498692,0.552,-0.016
21150.82748080631,0.536,0.0
21150.827734113933,0.544,-0.016
21150.82798742155,0.56,-0.008
21150.828240729174,0.552,-0.008
21150.828494036792,0.536,-0.016
21150.828747344414,0.552,-0.016
21150.829000652036,0.536,0.0
21150.829253959655,0.536,-0.016
21150.829507267277,0.552,0.0
21150.829760574896,0.544,0.0
21150.830013882518,0.56,-0.016
21150.83026719014,0.536,-0.016
21150.83052049776,0.56,0.0
21150.83077380538,0.552,-0.016
21150.831027113,0.536,-0.008
21150.83128042062,0.536,-0.016
21150.83153372824,0.56,0.0
21150.831787035862,0.56,-0.016
21150.832040343485,0.536,0.0
21150.832293651103,0.536,-0.008
21150.832546958725,0.56,-0.016
21150.832800266344,0.544,-0.008
21150.833053573966,0.56,-0.016
21150.83330688159,0.56,-0.016
21150.833560189207,0.536,-0.008
21150.83381349683,0.552,-0.016
21150.834066804448,0.536,0.0
21150.83432011207,0.544,-0.016
21150.834573419692,0.552,0.0
21150.83482672731,0.544,-0.016
21150.835080034933,0.552,0.0
21150.83533334255,0.536,-0.016
21150.835586650173,0.552,0.0
21150.835839957792,0.544,-0.016
21150.836093265414,0.56,-0.008
21150.836346573036,0.544,0.0
21150.836599880655,0.552,-0.016
21150.836853188277,0.536,-0.008
21150.837106495896,0.56,-0.016
21150.837359803518,0.56,-0.016
21150.83761311114,0.536,0.0
21150.83786641876,0.56,-0.008
21150.83811972638,0.536,-0.016
21150.838373034,0.552,-0.016
21150.83862634162,0.536,-0.008
21150.83887964924,0.552,-0.016
21150.839132956862,0.536,0.0
21150.839386264484,0.544,-0.016
21150.839639572103,0.56,-0.008
21150.839892879725,0.56,-0.016
21150.840146187344,0.536,0.0
21150.840399494966,0.536,-0.008
21150.840652802588,0.552,-0.016
21150.840906110207,0.544,-0.016
21150.84115941783,0.56,-0.008
21150.841412725447,0.56,-0.008
21150.84166603307,0.536,-0.016
21150.84191934069,0.536,-0.016
21150.84217264831,0.56,-0.008
21150.842425955932,0.536,-0.016
21150.84267926355,0.56,-0.008
21150.842932571173,0.56,-0.016
21150.84318587879,0.536,-0.008
21150.843439186414,0.536,-0.008
21150.843692494036,0.56,-0.016
21150.843945801655,0.544,0.0
21150.844199109277,0.552,-0.016
21150.844452416895,0.536,-0.008
21150.844705724518,0.56,0.016
21150.84495903214,0.536,0.016
21150.84521233976,0.56,0.128
21150.84546564738,0.536,0.136
21150.845718955,0.552,0.28
21150.84597226262,0.544,0.28800000000000003
21150.846225570243,0.56,0.368
21150.846478877862,0.56,0.368
21150.846732185484,0.536,0.4
21150.846985493103,0.536,0.392
21150.847238800725,0.552,0.4
21150.847492108343,0.544,0.40800000000000003
21150.847745415966,0.56,0.4
21150.847998723588,0.544,0.4
21150.848252031206,0.552,0.41600000000000004
21150.84850533883,0.544,0.4
21150.848758646447,0.56,0.41600000000000004
21150.84901195407,0.552,0.4
21150.84926526169,0.536,0.41600000000000004
21150.84951856931,0.536,0.4
21150.849771876932,0.56,0.41600000000000004
21150.85002518455,0.536,0.4
21150.850278492173,0.552,0.41600000000000004
21150.85053179979,0.552,0.41600000000000004
21150.850785107414,0.536,0.4
21150.851038415036,0.536,0.40800000000000003
21150.851291722654,0.56,0.4
21150.851545030277,0.544,0.4
21150.851798337895,0.552,0.40800000000000003
21150.852051645517,0.536,0.40800000000000003
21150.85230495314,0.56,0.4
21150.852558260758,0.536,0.4
21150.85281156838,0.552,0.41600000000000004
21150.853064876,0.552,0.4
21150.85331818362,0.536,0.41600000000000004
21150.853571491243,0.536,0.4
21150.85382479886,0.552,0.41600000000000004
21150.854078106484,0.544,0.4
21150.854331414102,0.56,0.41600000000000004
21150.854584721725,0.536,0.4
21150.854838029343,0.56,0.41600000000000004
21150.855091336965,0.552,0.4
21150.855344644588,0.544,0.41600000000000004
21150.855597952206,0.544,0.41600000000000004
21150.85585125983,0.552,0.4
21150.856104567447,0.536,0.4
21150.85635787507,0.552,0.40800000000000003
21150.85661118269,0.544,0.4
21150.85686449031,0.56,0.41600000000000004
21150.857117797932,0.56,0.4
21150.85737110555,0.536,0.41600000000000004
21150.857624413173,0.544,0.4
21150.85787772079,0.56,0.41600000000000004
21150.858131028413,0.544,0.4
21150.858384336036,0.56,0.41600000000000004
21150.858637643654,0.536,0.41600000000000004
21150.858890951276,0.56,0.4
21150.859144258895,0.536,0.4
21150.859397566517,0.56,0.41600000000000004
21150.85965087414,0.544,0.4
21150.859904181758,0.552,0.41600000000000004
21150.86015748938,0.552,0.4
21150.860410797,0.536,0.41600000000000004
21150.86066410462,0.544,0.4
21150.860917412243,0.56,0.40800000000000003
21150.86117071986,0.56,0.4
21150.861424027484,0.544,0.40800000000000003
21150.861677335102,0.544,0.4
21150.861930642724,0.56,0.40800000000000003
21150.862183950343,0.552,0.4
21150.862437257965,0.536,0.41600000000000004
21150.862690565587,0.536,0.4
21150.862943873206,0.552,0.41600000000000004
21150.863197180828,0.544,0.4
21150.863450488447,0.56,0.41600000000000004
21150.86370379607,0.536,0.4
21150.86395710369,0.56,0.41600000000000004
21150.86421041131,0.536,0.40800000000000003
21150.86446371893,0.56,0.4
21150.86471702655,0.56,0.4
21150.864970334173,0.536,0.41600000000000004
21150.865223641795,0.56,0.4
21150.865476949413,0.536,0.41600000000000004
21150.865730257035,0.552,0.4
21150.865983564654,0.544,0.41600000000000004
21150.866236872276,0.536,0.4
21150.866490179895,0.552,0.40800000000000003
21150.866743487517,0.552,0.40800000000000003
21150.86699679514,0.544,0.4
21150.867250102758,0.536,0.4
21150.86750341038,0.552,0.40800000000000003
21150.867756718,0.544,0.4
21150.86801002562,0.56,0.41600000000000004
21150.868263333243,0.536,0.4
21150.86851664086,0.56,0.41600000000000004
21150.868769948484,0.544,0.4
21150.869023256102,0.56,0.41600000000000004
21150.869276563724,0.552,0.41600000000000004
21150.869529871343,0.536,0.4
21150.869783178965,0.552,0.4
21150.870036486587,0.536,0.41600000000000004
21150.870289794206,0.536,0.4
21150.870543101828,0.552,0.40800000000000003
21150.870796409446,0.536,0.4
21150.87104971707,0.56,0.41600000000000004
21150.87130302469,0.544,0.40800000000000003
21150.87155633231,0.56,0.4
21150.87180963993,0.544,0.4
21150.87206294755,0.552,0.41600000000000004
21150.872316255172,0.536,0.4
21150.872569562795,0.56,0.40800000000000003
21150.872822870413,0.536,0.4
21150.873076178035,0.552,0.41600000000000004
21150.873329485654,0.552,0.4
21150.873582793276,0.544,0.41600000000000004
21150.873836100895,0.536,0.4
21150.874089408517,0.56,0.41600000000000004
21150.87434271614,0.544,0.4
21150.874596023757,0.552,0.41600000000000004
21150.87484933138,0.552,0.40800000000000003
21150.875102639,0.536,0.4
21150.87535594662,0.544,0.4
21150.875609254243,0.56,0.41600000000000004
21150.87586256186,0.56,0.41600000000000004
21150.876115869483,0.544,0.4
21150.876369177102,0.544,0.4
21150.876622484724,0.56,0.41600000000000004
21150.876875792343,0.56,0.4
21150.877129099965,0.536,0.40800000000000003
21150.877382407587,0.56,0.40800000000000003
21150.877635715206,0.536,0.4
21150.877889022828,0.536,0.4
21150.878142330446,0.552,0.40800000000000003
21150.87839563807,0.536,0.4
21150.87864894569,0.56,0.41600000000000004
21150.87890225331,0.552,0.41600000000000004
21150.87915556093,0.536,0.4
21150.87940886855,0.536,0.40800000000000003
21150.879662176172,0.552,0.4
21150.879915483794,0.544,0.4
21150.880168791413,0.56,0.41600000000000004
21150.880422099035,0.552,0.4
21150.880675406654,0.536,0.40800000000000003
21150.880928714276,0.544,0.4
21150.881182021894,0.56,0.40800000000000003
21150.881435329517,0.544,0.4
21150.88168863714,0.56,0.41600000000000004
21150.881941944757,0.56,0.40800000000000003
21150.88219525238,0.536,0.4
21150.882448559998,0.544,0.4
21150.88270186762,0.56,0.41600000000000004
21150.882955175242,0.552,0.4
21150.88320848286,0.536,0.41600000000000004
21150.883461790483,0.536,0.4
21150.8837150981,0.552,0.41600000000000004
21150.883968405724,0.544,0.40800000000000003
21150.884221713346,0.552,0.4
21150.884475020965,0.552,0.41600000000000004
21150.884728328587,0.544,0.4
21150.884981636205,0.552,0.40800000000000003
21150.885234943828,0.536,0.4
21150.885488251446,0.536,0.4
21150.88574155907,0.552,0.41600000000000004
21150.88599486669,0.544,0.4
21150.88624817431,0.56,0.41600000000000004
21150.88650148193,0.552,0.4
21150.88675478955,0.544,0.40800000000000003
21150.887008097172,0.544,0.4
21150.887261404794,0.552,0.41600000000000004
21150.887514712413,0.552,0.41600000000000004
21150.887768020035,0.536,0.4
21150.888021327653,0.552,0.4
21150.888274635276,0.536,0.41600000000000004
21150.888527942894,0.544,0.4
21150.888781250516,0.552,0.40800000000000003
21150.88903455814,0.544,0.41600000000000004
21150.889287865757,0.56,0.4
21150.88954117338,0.552,0.4
21150.889794480998,0.536,0.41600000000000004
