Time,Channel 1,Channel 2
7038.7283544540405,0.512,-0.008
7038.728619476954,0.52,-0.016
7038.7288844998675,0.512,-0.016
7038.729149522781,0.536,-0.008
7038.729414545695,0.52,0.0
7038.729679568609,0.504,-0.016
7038.729944591522,0.504,-0.016
7038.730209614436,0.52,0.0
7038.730474637349,0.504,-0.016
7038.730739660263,0.528,0.0
7038.731004683176,0.512,-0.016
7038.731269706091,0.52,-0.008
7038.731534729004,0.512,-0.016
7038.731799751918,0.52,0.0
7038.732064774831,0.512,-0.016
7038.732329797745,0.528,0.0
7038.732594820658,0.528,-0.016
7038.7328598435715,0.512,0.0
7038.733124866486,0.512,-0.016
7038.733389889399,0.528,0.0
7038.733654912313,0.52,-0.008
7038.733919935226,0.504,0.024
7038.73418495814,0.512,0.032
7038.734449981053,0.528,0.136
7038.734715003968,0.528,0.14400000000000002
7038.734980026881,0.504,0.28800000000000003
7038.735245049795,0.512,0.28800000000000003
7038.735510072708,0.528,0.352
7038.735775095622,0.512,0.36
7038.736040118535,0.52,0.376
7038.736305141449,0.512,0.384
7038.736570164363,0.52,0.376
7038.7368351872765,0.512,0.376
7038.73710021019,0.528,0.392
7038.737365233103,0.512,0.392
7038.737630256017,0.528,0.384
7038.73789527893,0.512,0.384
7038.738160301844,0.528,0.392
7038.738425324758,0.528,0.376
7038.738690347672,0.504,0.392
7038.738955370585,0.512,0.392
7038.739220393499,0.528,0.4
7038.739485416412,0.512,0.392
7038.739750439326,0.528,0.392
7038.740015462239,0.528,0.392
7038.740280485154,0.504,0.4
7038.740545508067,0.512,0.392
7038.7408105309805,0.528,0.376
7038.741075553894,0.504,0.384
7038.7413405768075,0.536,0.368
7038.741605599721,0.52,0.4
7038.741870622634,0.528,0.392
7038.742135645549,0.52,0.4
7038.742400668462,0.528,0.384
7038.742665691376,0.52,0.392
7038.742930714289,0.528,0.4
7038.743195737203,0.52,0.392
7038.743460760116,0.536,0.4
7038.743725783031,0.52,0.392
7038.743990805944,0.536,0.4
7038.744255828858,0.52,0.392
7038.744520851771,0.528,0.392
7038.744785874685,0.52,0.392
7038.745050897598,0.536,0.392
7038.7453159205115,0.52,0.392
7038.745580943426,0.536,0.384
7038.745845966339,0.52,0.392
7038.746110989253,0.528,0.376
7038.746376012166,0.52,0.384
7038.74664103508,0.536,0.376
7038.746906057993,0.52,0.384
7038.747171080907,0.536,0.392
7038.747436103821,0.52,0.4
7038.747701126735,0.528,0.384
7038.747966149648,0.52,0.384
7038.748231172562,0.536,0.4
7038.748496195475,0.52,0.392
7038.748761218389,0.536,0.392
7038.749026241302,0.52,0.392
7038.7492912642165,0.536,0.4
7038.74955628713,0.52,0.392
7038.749821310043,0.536,0.392
7038.750086332957,0.52,0.392
7038.75035135587,0.528,0.4
7038.750616378784,0.52,0.392
7038.750881401697,0.536,0.4
7038.751146424612,0.52,0.4
7038.751411447525,0.536,0.384
7038.751676470439,0.52,0.4
7038.751941493352,0.536,0.384
7038.752206516266,0.52,0.376
7038.752471539179,0.528,0.392
7038.752736562093,0.52,0.392
7038.753001585007,0.536,0.384
7038.7532666079205,0.52,0.392
7038.753531630834,0.536,0.4
7038.7537966537475,0.52,0.4
7038.754061676661,0.536,0.392
7038.754326699574,0.536,0.392
7038.754591722489,0.512,0.4
7038.754856745402,0.52,0.392
7038.755121768316,0.536,0.4
7038.755386791229,0.52,0.4
7038.755651814143,0.528,0.384
7038.755916837056,0.52,0.392
7038.75618185997,0.536,0.4
7038.756446882884,0.52,0.392
7038.756711905798,0.536,0.4
7038.756976928711,0.52,0.384
7038.757241951625,0.536,0.4
7038.757506974538,0.52,0.392
7038.7577719974515,0.536,0.4
7038.758037020365,0.52,0.392
7038.758302043279,0.528,0.392
7038.758567066193,0.52,0.392
7038.758832089106,0.536,0.4
7038.75909711202,0.52,0.392
7038.759362134933,0.528,0.4
7038.759627157847,0.528,0.392
7038.75989218076,0.512,0.4
7038.760157203675,0.52,0.392
7038.760422226588,0.536,0.4
7038.760687249502,0.52,0.392
7038.760952272415,0.536,0.392
7038.761217295329,0.52,0.392
7038.761482318242,0.536,0.4
7038.761747341156,0.52,0.392
7038.76201236407,0.536,0.392
7038.762277386983,0.52,0.384
7038.762542409897,0.536,0.4
7038.76280743281,0.52,0.4
7038.763072455724,0.528,0.392
7038.763337478637,0.52,0.4
7038.763602501552,0.536,0.392
7038.763867524465,0.52,0.392
7038.764132547379,0.536,0.4
7038.764397570292,0.52,0.392
7038.764662593206,0.536,0.392
7038.764927616119,0.536,0.392
7038.765192639033,0.52,0.4
7038.765457661947,0.52,0.392
7038.7657226848605,0.536,0.392
7038.765987707774,0.52,0.392
7038.7662527306875,0.536,0.4
7038.766517753601,0.52,0.4
7038.766782776514,0.536,0.392
7038.767047799428,0.536,0.4
7038.767312822342,0.52,0.384
7038.767577845256,0.52,0.384
7038.767842868169,0.536,0.4
7038.768107891083,0.536,0.392
7038.768372913996,0.52,0.4
7038.76863793691,0.52,0.392
7038.768902959823,0.528,0.4
7038.769167982738,0.52,0.4
7038.769433005651,0.528,0.392
7038.769698028565,0.52,0.4
7038.769963051478,0.528,0.392
7038.7702280743915,0.536,0.4
7038.770493097305,0.512,0.392
7038.7707581202185,0.528,0.392
7038.771023143133,0.52,0.4
7038.771288166046,0.52,0.392
7038.77155318896,0.528,0.392
7038.771818211873,0.512,0.392
7038.772083234787,0.528,0.384
7038.7723482577,0.528,0.392
7038.772613280614,0.504,0.392
7038.772878303528,0.52,0.392
7038.773143326442,0.504,0.4
7038.773408349355,0.512,0.392
7038.773673372269,0.528,0.384
7038.773938395182,0.512,0.392
7038.774203418096,0.528,0.392
7038.77446844101,0.512,0.392
7038.774733463923,0.52,0.4
7038.774998486837,0.52,0.4
7038.77526350975,0.504,0.384
7038.775528532664,0.504,0.384
7038.775793555577,0.528,0.384
7038.776058578491,0.512,0.384
7038.776323601405,0.528,0.392
7038.776588624319,0.512,0.392
7038.776853647232,0.528,0.384
7038.777118670146,0.512,0.384
7038.777383693059,0.528,0.392
7038.777648715973,0.536,0.4
7038.777913738886,0.512,0.384
7038.7781787618005,0.504,0.4
7038.778443784714,0.528,0.384
7038.7787088076275,0.512,0.384
7038.778973830541,0.528,0.392
7038.779238853454,0.528,0.384
7038.779503876368,0.504,0.376
7038.779768899281,0.504,0.384
7038.780033922196,0.512,0.392
7038.780298945109,0.504,0.392
7038.780563968023,0.52,0.4
7038.780828990936,0.52,0.4
7038.78109401385,0.496,0.384
7038.781359036763,0.504,0.392
7038.781624059677,0.52,0.384
7038.781889082591,0.512,0.376
7038.782154105505,0.52,0.392
7038.782419128418,0.512,0.392
7038.7826841513315,0.528,0.4
7038.782949174245,0.512,0.392
7038.7832141971585,0.536,0.4
7038.783479220073,0.504,0.4
7038.783744242986,0.52,0.392
7038.7840092659,0.504,0.392
7038.784274288813,0.52,0.4
7038.784539311727,0.504,0.392
7038.78480433464,0.512,0.4
7038.785069357554,0.504,0.392
7038.785334380468,0.528,0.384
7038.785599403382,0.512,0.384
7038.785864426295,0.528,0.392
7038.786129449209,0.528,0.384
7038.786394472122,0.496,0.376
7038.786659495036,0.504,0.384
7038.786924517949,0.528,0.4
7038.787189540863,0.512,0.384
7038.787454563777,0.528,0.392
7038.78771958669,0.528,0.384
7038.787984609604,0.512,0.376
7038.788249632517,0.512,0.384
7038.788514655431,0.52,0.376
7038.788779678344,0.512,0.376
7038.789044701259,0.528,0.392
7038.789309724172,0.504,0.392
7038.789574747086,0.52,0.384
7038.789839769999,0.504,0.384
7038.790104792913,0.528,0.392
7038.790369815826,0.512,0.384
7038.79063483874,0.528,0.392
7038.790899861654,0.512,0.392
7038.7911648845675,0.52,0.376
7038.791429907481,0.512,0.376
7038.791694930394,0.536,0.392
7038.791959953308,0.512,0.384
7038.792224976221,0.528,0.4
7038.792489999135,0.504,0.384
7038.792755022049,0.52,0.384
7038.793020044963,0.512,0.384
7038.793285067876,0.528,0.392
7038.79355009079,0.512,0.384
7038.793815113703,0.528,0.392
7038.794080136617,0.512,0.384
7038.794345159531,0.528,0.392
7038.794610182445,0.52,0.384
7038.794875205358,0.536,0.392
7038.7951402282715,0.528,0.384
7038.795405251185,0.504,0.392
7038.7956702740985,0.504,0.384
7038.795935297012,0.512,0.392
7038.796200319926,0.52,0.384
7038.79646534284,0.504,0.392
7038.796730365753,0.512,0.392
7038.796995388667,0.536,0.384
7038.79726041158,0.536,0.392
7038.797525434494,0.512,0.376
7038.797790457407,0.512,0.384
7038.798055480322,0.52,0.4
7038.798320503235,0.512,0.384
7038.798585526149,0.52,0.376
7038.798850549062,0.512,0.376
7038.799115571976,0.52,0.392
7038.799380594889,0.512,0.384
7038.7996456178025,0.528,0.368
7038.799910640717,0.512,0.368
7038.80017566363,0.52,0.296
7038.800440686544,0.512,0.296
7038.800705709457,0.52,0.14400000000000002
7038.800970732371,0.512,0.14400000000000002
7038.801235755284,0.528,0.048
7038.801500778198,0.528,0.048
7038.801765801112,0.512,0.008
7038.802030824026,0.512,0.008
7038.802295846939,0.52,-0.008
7038.802560869853,0.512,0.0
7038.802825892766,0.528,-0.008
7038.80309091568,0.512,0.0
7038.803355938594,0.528,-0.016
7038.8036209615075,0.512,0.0
7038.803885984421,0.52,-0.016
7038.804151007334,0.512,-0.016
7038.804416030248,0.536,0.0
7038.804681053161,0.528,-0.016
7038.804946076075,0.504,0.0
7038.805211098989,0.512,0.0
7038.805476121903,0.52,-0.016
7038.805741144816,0.512,0.0
7038.80600616773,0.536,-0.016
7038.806271190643,0.512,0.0
7038.806536213557,0.52,-0.016
7038.80680123647,0.512,-0.016
7038.807066259385,0.536,0.0
7038.807331282298,0.528,-0.016
7038.8075963052115,0.504,0.0
7038.807861328125,0.504,0.0
7038.8081263510385,0.512,-0.016
7038.808391373952,0.504,-0.016
7038.808656396865,0.512,0.0
7038.80892141978,0.504,0.0
7038.809186442693,0.512,-0.016
7038.809451465607,0.504,0.0
7038.80971648852,0.52,-0.016
7038.809981511434,0.504,-0.016
7038.810246534347,0.52,0.0
7038.810511557261,0.504,-0.016
7038.810776580175,0.528,0.0
7038.811041603089,0.512,0.0
7038.811306626002,0.528,-0.016
7038.811571648916,0.512,0.0
7038.811836671829,0.52,-0.016
7038.8121016947425,0.52,0.0
7038.812366717656,0.504,-0.016
7038.81263174057,0.512,0.0
7038.812896763484,0.528,-0.016
7038.813161786397,0.512,0.0
7038.813426809311,0.528,-0.016
7038.813691832224,0.512,0.0
7038.813956855138,0.528,-0.016
7038.814221878052,0.528,0.0
7038.814486900966,0.512,-0.016
7038.814751923879,0.512,0.0
7038.815016946793,0.528,-0.016
7038.815281969706,0.512,-0.016
7038.81554699262,0.52,0.0
7038.815812015533,0.512,-0.016
7038.8160770384475,0.528,0.0
7038.816342061361,0.536,-0.016
7038.816607084274,0.504,0.0
7038.816872107188,0.504,0.0
7038.817137130101,0.52,-0.016
7038.817402153015,0.504,0.0
7038.817667175928,0.52,-0.016
7038.817932198843,0.512,-0.016
7038.818197221756,0.52,0.0
7038.81846224467,0.512,0.0
7038.818727267583,0.528,-0.016
7038.818992290497,0.536,0.0
7038.81925731341,0.504,-0.016
7038.819522336324,0.504,0.0
7038.819787359238,0.52,-0.016
7038.8200523821515,0.504,-0.016
7038.820317405065,0.52,0.0
7038.8205824279785,0.512,-0.016
7038.820847450892,0.528,0.0
7038.821112473805,0.512,0.0
7038.821377496719,0.528,-0.016
7038.821642519633,0.528,0.0
7038.821907542547,0.512,-0.016
7038.82217256546,0.528,0.0
7038.822437588374,0.504,-0.016
7038.822702611287,0.504,-0.016
7038.822967634201,0.528,0.0
7038.823232657115,0.536,-0.016
7038.823497680029,0.512,0.0
7038.823762702942,0.512,0.0
7038.824027725856,0.528,-0.016
7038.824292748769,0.512,-0.016
7038.8245577716825,0.528,0.0
7038.824822794596,0.528,-0.016
7038.82508781751,0.504,0.0
7038.825352840424,0.504,-0.008
7038.825617863337,0.512,-0.016
7038.825882886251,0.512,-0.016
7038.826147909164,0.52,0.0
7038.826412932078,0.512,-0.016
7038.826677954991,0.52,-0.008
7038.826942977906,0.512,-0.016
7038.827208000819,0.528,0.0
7038.827473023733,0.52,-0.016
7038.827738046646,0.504,0.0
7038.82800306956,0.504,-0.016
7038.828268092473,0.512,-0.008
7038.828533115387,0.504,-0.016
7038.828798138301,0.528,0.0
7038.829063161214,0.512,0.0
7038.829328184128,0.528,-0.016
7038.829593207041,0.528,0.0
7038.829858229955,0.504,-0.016
7038.830123252868,0.504,-0.016
7038.830388275782,0.52,0.0
7038.830653298696,0.504,0.0
7038.83091832161,0.512,-0.016
7038.831183344523,0.504,-0.016
7038.831448367437,0.52,0.0
7038.83171339035,0.512,-0.016
7038.831978413264,0.528,-0.008
7038.832243436177,0.512,0.0
7038.8325084590915,0.528,-0.016
7038.832773482005,0.528,-0.016
7038.8330385049185,0.504,-0.008
7038.833303527832,0.504,-0.008
7038.833568550745,0.512,-0.016
7038.833833573659,0.504,-0.008
7038.834098596573,0.512,-0.016
7038.834363619487,0.496,-0.008
7038.8346286424,0.52,-0.016
7038.834893665314,0.52,-0.016
7038.835158688227,0.504,-0.008
7038.835423711141,0.504,-0.016
7038.835688734054,0.512,0.0
7038.835953756969,0.504,-0.016
7038.836218779882,0.52,0.0
7038.836483802796,0.512,-0.016
7038.836748825709,0.52,-0.008
7038.8370138486225,0.512,-0.016
7038.837278871536,0.528,0.0
7038.8375438944495,0.512,-0.008
7038.837808917364,0.528,-0.016
7038.838073940277,0.512,-0.016
7038.838338963191,0.528,0.0
7038.838603986104,0.528,0.0
7038.838869009018,0.504,-0.016
7038.839134031931,0.504,-0.016
7038.839399054845,0.52,0.0
7038.839664077759,0.528,-0.016
7038.839929100673,0.512,0.0
7038.840194123586,0.512,-0.016
7038.8404591465,0.528,0.0
7038.840724169413,0.512,-0.016
7038.840989192327,0.528,0.0
7038.84125421524,0.52,-0.016
7038.841519238154,0.504,0.0
7038.841784261068,0.504,-0.016
7038.842049283981,0.512,0.0
7038.842314306895,0.504,-0.008
7038.842579329808,0.52,-0.016
7038.842844352722,0.512,-0.016
7038.843109375636,0.52,-0.008
7038.84337439855,0.512,-0.008
7038.843639421463,0.528,-0.016
7038.843904444377,0.536,-0.016
7038.84416946729,0.504,0.0
7038.844434490204,0.52,-0.016
7038.844699513117,0.496,0.0
7038.8449645360315,0.496,-0.016
7038.845229558945,0.512,0.0
7038.8454945818585,0.512,-0.016
7038.845759604772,0.52,0.0
7038.846024627685,0.512,-0.008
7038.846289650599,0.528,-0.016
7038.846554673512,0.528,-0.016
7038.846819696427,0.504,-0.008
7038.84708471934,0.504,-0.016
7038.847349742254,0.528,0.0
7038.847614765167,0.512,-0.008
7038.847879788081,0.52,-0.016
7038.848144810994,0.512,-0.016
7038.848409833908,0.536,-0.008
7038.848674856822,0.536,-0.016
7038.848939879736,0.504,0.0
7038.849204902649,0.496,-0.016
7038.8494699255625,0.52,-0.008
7038.849734948476,0.512,-0.008
7038.8499999713895,0.496,-0.016
7038.850264994303,0.504,-0.008
7038.850530017217,0.528,-0.016
7038.850795040131,0.512,0.0
7038.851060063044,0.528,-0.016
7038.851325085958,0.512,-0.008
7038.851590108871,0.528,-0.016
7038.851855131785,0.512,-0.016
7038.852120154698,0.52,-0.008
7038.852385177613,0.512,-0.016
7038.852650200526,0.52,0.0
7038.85291522344,0.512,0.0
7038.853180246353,0.52,-0.016
7038.853445269267,0.512,-0.016
7038.85371029218,0.52,-0.008
7038.853975315094,0.512,-0.008
7038.854240338008,0.528,-0.016
7038.854505360921,0.52,-0.016
7038.854770383835,0.512,-0.008
7038.855035406748,0.512,-0.016
7038.855300429662,0.52,-0.008
7038.855565452575,0.512,-0.016
7038.85583047549,0.528,-0.008
7038.856095498403,0.512,-0.016
7038.856360521317,0.528,-0.008
7038.85662554423,0.512,-0.008
7038.856890567144,0.52,-0.016
7038.857155590057,0.512,-0.008
7038.857420612971,0.528,-0.016
7038.857685635885,0.512,-0.016
7038.8579506587985,0.52,0.0
7038.858215681712,0.528,-0.008
7038.858480704625,0.504,-0.016
7038.858745727539,0.504,-0.008
7038.859010750452,0.528,-0.016
7038.859275773366,0.512,-0.016
7038.85954079628,0.528,0.0
7038.859805819194,0.52,-0.016
7038.860070842107,0.504,0.0
7038.860335865021,0.512,-0.008
7038.860600887934,0.528,-0.016
7038.860865910848,0.52,-0.016
7038.861130933761,0.504,0.0
7038.861395956676,0.504,-0.016
7038.861660979589,0.512,0.0
7038.8619260025025,0.504,-0.016
7038.862191025416,0.52,0.0
7038.8624560483295,0.504,-0.016
7038.862721071243,0.52,0.0
7038.862986094157,0.512,-0.016
7038.863251117071,0.528,0.0
7038.863516139984,0.512,-0.016
7038.863781162898,0.528,0.0
7038.864046185811,0.512,-0.016
7038.864311208725,0.528,0.0
7038.864576231638,0.512,-0.008
7038.864841254553,0.528,-0.016
7038.865106277466,0.52,-0.016
7038.86537130038,0.504,-0.008
7038.865636323293,0.504,-0.016
7038.865901346207,0.528,0.0
7038.86616636912,0.512,-0.008
7038.8664313920335,0.52,0.032
7038.866696414948,0.512,0.032
7038.866961437861,0.528,0.136
7038.867226460775,0.512,0.14400000000000002
7038.867491483688,0.536,0.28
7038.867756506602,0.52,0.28
7038.868021529515,0.504,0.36
7038.868286552429,0.504,0.36
7038.868551575343,0.52,0.376
7038.868816598257,0.504,0.376
7038.86908162117,0.512,0.392
7038.869346644084,0.504,0.392
7038.869611666997,0.512,0.376
7038.869876689911,0.512,0.384
7038.870141712824,0.504,0.392
7038.8704067357385,0.504,0.392
7038.870671758652,0.52,0.368
7038.870936781565,0.504,0.368
7038.871201804479,0.528,0.384
7038.871466827392,0.512,0.384
7038.871731850306,0.528,0.4
7038.871996873219,0.512,0.392
7038.872261896134,0.528,0.376
7038.872526919047,0.512,0.384
7038.872791941961,0.52,0.368
7038.873056964874,0.512,0.376
7038.873321987788,0.528,0.392
7038.873587010701,0.512,0.384
7038.873852033616,0.536,0.4
7038.874117056529,0.528,0.392
7038.8743820794425,0.504,0.4
7038.874647102356,0.504,0.4
7038.8749121252695,0.512,0.384
7038.875177148183,0.504,0.392
7038.875442171096,0.512,0.4
7038.875707194011,0.504,0.4
7038.875972216924,0.52,0.392
7038.876237239838,0.504,0.392
7038.876502262751,0.528,0.4
7038.876767285665,0.512,0.384
7038.877032308578,0.528,0.4
7038.877297331492,0.512,0.392
7038.877562354406,0.528,0.4
7038.87782737732,0.504,0.392
7038.878092400233,0.528,0.4
7038.878357423147,0.512,0.4
7038.87862244606,0.528,0.384
7038.8788874689735,0.512,0.4
7038.879152491887,0.528,0.384
7038.879417514801,0.512,0.392
7038.879682537715,0.52,0.4
7038.879947560628,0.52,0.392
7038.880212583542,0.512,0.4
7038.880477606455,0.512,0.4
7038.880742629369,0.528,0.384
7038.881007652282,0.536,0.4
7038.881272675197,0.504,0.384
7038.88153769811,0.512,0.392
7038.881802721024,0.496,0.392
7038.882067743937,0.504,0.392
7038.882332766851,0.52,0.384
7038.882597789764,0.504,0.392
7038.8828628126785,0.52,0.384
7038.883127835592,0.504,0.384
7038.883392858505,0.512,0.392
7038.883657881419,0.504,0.392
7038.883922904332,0.512,0.368
7038.884187927246,0.504,0.384
7038.884452950159,0.52,0.392
7038.884717973074,0.504,0.392
7038.884982995987,0.52,0.4
7038.885248018901,0.512,0.4
7038.885513041814,0.528,0.384
7038.885778064728,0.528,0.384
7038.886043087641,0.512,0.392
7038.886308110555,0.512,0.384
7038.886573133469,0.528,0.384
7038.8868381563825,0.512,0.384
7038.887103179296,0.536,0.392
7038.8873682022095,0.52,0.384
7038.887633225123,0.504,0.384
7038.887898248036,0.496,0.384
7038.88816327095,0.52,0.392
7038.888428293864,0.504,0.392
7038.888693316778,0.52,0.376
7038.888958339691,0.504,0.384
7038.889223362605,0.512,0.368
7038.889488385518,0.504,0.376
7038.889753408432,0.512,0.4
7038.890018431345,0.504,0.384
7038.89028345426,0.512,0.392
7038.890548477173,0.504,0.392
7038.890813500087,0.52,0.384
7038.891078523,0.512,0.4
7038.8913435459135,0.528,0.384
7038.891608568827,0.528,0.392
7038.8918735917405,0.504,0.384
7038.892138614655,0.504,0.384
7038.892403637568,0.52,0.384
7038.892668660482,0.504,0.384
7038.892933683395,0.528,0.376
7038.893198706309,0.512,0.384
7038.893463729222,0.528,0.376
7038.893728752137,0.52,0.376
7038.89399377505,0.504,0.4
7038.894258797964,0.504,0.384
7038.894523820877,0.52,0.4
7038.894788843791,0.512,0.384
7038.895053866704,0.528,0.4
7038.895318889618,0.528,0.4
7038.895583912532,0.504,0.392
7038.895848935445,0.504,0.392
7038.896113958359,0.52,0.384
7038.896378981272,0.512,0.384
7038.896644004186,0.528,0.392
7038.896909027099,0.512,0.384
7038.897174050013,0.528,0.392
7038.897439072927,0.504,0.376
7038.897704095841,0.52,0.392
7038.897969118754,0.512,0.384
7038.898234141668,0.52,0.392
7038.898499164581,0.512,0.384
7038.898764187495,0.528,0.392
7038.899029210408,0.512,0.384
7038.8992942333225,0.528,0.376
7038.899559256236,0.528,0.384
7038.8998242791495,0.512,0.376
7038.900089302063,0.536,0.384
7038.900354324976,0.512,0.4
7038.90061934789,0.504,0.4
7038.900884370803,0.52,0.384
7038.901149393718,0.504,0.4
7038.901414416631,0.52,0.392
7038.901679439545,0.504,0.4
7038.901944462458,0.52,0.384
7038.902209485372,0.512,0.384
7038.902474508285,0.528,0.384
7038.9027395312,0.52,0.384
7038.903004554113,0.536,0.392
7038.903269577027,0.52,0.384
7038.90353459994,0.528,0.368
7038.9037996228535,0.512,0.376
7038.904064645767,0.528,0.392
7038.9043296686805,0.52,0.392
7038.904594691595,0.504,0.384
7038.904859714508,0.504,0.384
7038.905124737422,0.52,0.392
7038.905389760335,0.512,0.392
7038.905654783249,0.528,0.384
7038.905919806162,0.528,0.392
7038.906184829076,0.504,0.376
7038.90644985199,0.504,0.376
7038.906714874904,0.52,0.4
7038.906979897817,0.504,0.384
7038.907244920731,0.52,0.392
7038.907509943644,0.512,0.384
7038.907774966558,0.528,0.368
7038.908039989471,0.528,0.368
7038.908305012385,0.512,0.4
7038.908570035299,0.512,0.4
7038.908835058212,0.528,0.384
7038.909100081126,0.52,0.392
7038.909365104039,0.504,0.392
7038.909630126953,0.512,0.392
7038.909895149866,0.528,0.384
7038.910160172781,0.504,0.384
7038.910425195694,0.52,0.376
7038.910690218608,0.504,0.376
7038.910955241521,0.528,0.392
7038.911220264435,0.512,0.392
7038.911485287348,0.528,0.384
7038.911750310262,0.536,0.392
7038.912015333176,0.512,0.4
7038.9122803560895,0.512,0.4
7038.912545379003,0.536,0.384
7038.912810401916,0.52,0.4
7038.91307542483,0.528,0.384
7038.913340447743,0.52,0.384
7038.913605470658,0.536,0.384
7038.913870493571,0.52,0.384
7038.914135516485,0.528,0.392
7038.914400539398,0.52,0.384
7038.914665562312,0.528,0.384
7038.914930585225,0.52,0.376
7038.915195608139,0.536,0.392
7038.915460631053,0.52,0.4
7038.915725653967,0.528,0.384
7038.91599067688,0.52,0.384
7038.9162556997935,0.536,0.392
7038.916520722707,0.52,0.384
7038.9167857456205,0.528,0.392
7038.917050768534,0.52,0.384
7038.917315791448,0.528,0.384
7038.917580814362,0.52,0.376
7038.917845837275,0.536,0.392
7038.918110860189,0.52,0.384
7038.918375883102,0.536,0.384
7038.918640906016,0.536,0.392
7038.918905928929,0.512,0.376
7038.919170951844,0.52,0.384
7038.919435974757,0.536,0.376
7038.919700997671,0.52,0.376
7038.919966020584,0.536,0.392
7038.920231043498,0.52,0.392
7038.920496066411,0.536,0.376
7038.9207610893245,0.536,0.4
7038.921026112239,0.52,0.384
7038.921291135152,0.528,0.4
7038.921556158066,0.52,0.384
7038.921821180979,0.52,0.384
7038.922086203893,0.536,0.368
7038.922351226806,0.52,0.384
7038.922616249721,0.528,0.4
7038.922881272634,0.52,0.384
7038.923146295548,0.536,0.376
7038.923411318461,0.52,0.376
7038.923676341375,0.536,0.384
7038.923941364288,0.52,0.4
7038.924206387202,0.536,0.384
7038.924471410116,0.52,0.384
7038.9247364330295,0.536,0.376
7038.925001455943,0.52,0.384
7038.925266478856,0.528,0.4
7038.92553150177,0.52,0.392
7038.925796524683,0.536,0.392
7038.926061547597,0.52,0.4
7038.926326570511,0.528,0.384
7038.926591593425,0.52,0.392
7038.926856616338,0.536,0.384
7038.927121639252,0.52,0.384
7038.927386662165,0.536,0.392
7038.927651685079,0.536,0.376
7038.927916707992,0.512,0.4
7038.9281817309065,0.512,0.392
7038.92844675382,0.528,0.384
7038.9287117767335,0.528,0.392
7038.928976799647,0.504,0.376
7038.9292418225605,0.512,0.368
7038.929506845474,0.528,0.392
7038.929771868387,0.504,0.384
7038.930036891302,0.528,0.4
7038.930301914215,0.512,0.392
7038.930566937129,0.528,0.376
7038.930831960042,0.52,0.376
7038.931096982956,0.504,0.392
7038.931362005869,0.504,0.392
7038.931627028783,0.52,0.376
7038.931892051697,0.512,0.392
7038.932157074611,0.52,0.36
7038.932422097524,0.512,0.36
7038.932687120438,0.528,0.296
7038.932952143351,0.52,0.296
7038.9332171662645,0.504,0.14400000000000002
7038.933482189179,0.512,0.136
7038.933747212092,0.528,0.04
7038.934012235006,0.512,0.04
7038.934277257919,0.528,0.0
7038.934542280833,0.536,0.008
7038.934807303746,0.504,-0.008
7038.93507232666,0.504,0.0
7038.935337349574,0.52,-0.008
7038.935602372488,0.504,0.0
7038.935867395401,0.528,-0.016
7038.936132418315,0.52,0.0
7038.936397441228,0.528,-0.016
7038.936662464142,0.52,0.0
7038.936927487055,0.528,-0.016
7038.9371925099695,0.52,0.0
7038.937457532883,0.536,-0.016
7038.937722555796,0.52,0.0
7038.93798757871,0.528,-0.008
7038.938252601623,0.52,0.0
7038.938517624537,0.528,-0.016
7038.93878264745,0.52,0.0
7038.939047670365,0.536,-0.016
7038.939312693278,0.52,0.0
7038.939577716192,0.536,-0.016
7038.939842739105,0.52,0.0
7038.940107762019,0.528,-0.016
7038.940372784932,0.52,0.0
7038.940637807846,0.536,-0.016
7038.94090283076,0.52,0.0
7038.9411678536735,0.528,-0.016
7038.941432876587,0.52,0.0
7038.9416978995005,0.536,-0.016
7038.941962922414,0.52,0.0
7038.942227945327,0.536,-0.016
7038.942492968242,0.52,-0.016
7038.942757991155,0.536,0.0
7038.943023014069,0.52,0.0
7038.943288036982,0.536,-0.016
7038.943553059896,0.528,-0.016
7038.943818082809,0.52,0.0
7038.944083105723,0.528,0.0
7038.944348128637,0.52,-0.016
7038.944613151551,0.512,0.0
7038.944878174464,0.528,-0.016
7038.945143197378,0.512,0.0
7038.945408220291,0.528,-0.016
7038.9456732432045,0.512,0.0
7038.945938266118,0.528,-0.016
7038.946203289032,0.512,0.0
7038.946468311946,0.52,-0.016
7038.946733334859,0.512,0.0
7038.946998357773,0.528,-0.016
7038.947263380686,0.512,0.0
7038.9475284036,0.536,-0.016
7038.947793426513,0.504,0.0
7038.948058449428,0.52,-0.016
7038.948323472341,0.512,-0.016
7038.948588495255,0.528,0.0
7038.948853518168,0.512,-0.016
7038.949118541082,0.528,0.0
7038.949383563995,0.52,-0.016
7038.949648586909,0.504,0.0
7038.949913609823,0.504,-0.016
7038.950178632736,0.528,0.0
7038.95044365565,0.512,-0.016
7038.950708678563,0.52,0.0
7038.950973701477,0.512,-0.016
7038.95123872439,0.528,0.0
7038.951503747304,0.512,0.0
7038.951768770218,0.528,-0.016
7038.952033793132,0.512,-0.016
7038.952298816045,0.528,0.0
7038.952563838959,0.536,-0.016
7038.952828861872,0.504,0.0
7038.953093884786,0.504,-0.016
7038.9533589077,0.52,0.0
7038.9536239306135,0.512,-0.016
7038.953888953527,0.528,0.0
7038.9541539764405,0.512,0.0
7038.954418999354,0.528,-0.016
7038.954684022267,0.512,-0.016
7038.954949045181,0.528,0.0
7038.955214068095,0.512,-0.016
7038.955479091009,0.528,0.0
7038.955744113922,0.512,-0.016
7038.956009136836,0.528,0.0
7038.956274159749,0.512,-0.016
7038.956539182663,0.528,0.0
7038.956804205576,0.512,-0.008
7038.957069228491,0.528,-0.016
7038.957334251404,0.528,0.0
7038.9575992743175,0.504,-0.016
7038.957864297231,0.512,-0.016
7038.9581293201445,0.52,0.0
7038.958394343058,0.512,-0.016
7038.9586593659715,0.528,0.0
7038.958924388886,0.512,-0.016
7038.959189411799,0.528,0.0
7038.959454434713,0.528,0.0
7038.959719457626,0.504,-0.016
7038.95998448054,0.504,0.0
7038.960249503453,0.52,-0.016
7038.960514526367,0.504,0.0
7038.960779549281,0.52,-0.016
7038.961044572195,0.512,0.0
7038.961309595108,0.536,-0.016
7038.961574618022,0.512,0.0
7038.961839640935,0.528,-0.016
7038.962104663849,0.512,-0.016
7038.962369686763,0.528,0.0
7038.962634709676,0.512,-0.008
7038.96289973259,0.528,-0.016
7038.963164755503,0.536,-0.016
7038.963429778417,0.512,0.0
7038.96369480133,0.504,-0.016
7038.963959824244,0.52,0.0
7038.964224847158,0.512,0.0
7038.964489870072,0.536,-0.016
7038.964754892985,0.528,-0.016
7038.965019915899,0.504,0.0
7038.965284938812,0.504,-0.016
7038.965549961726,0.52,0.0
7038.965814984639,0.512,-0.016
7038.9660800075535,0.536,0.0
7038.966345030467,0.504,-0.008
7038.9666100533805,0.52,-0.016
7038.966875076294,0.528,-0.016
7038.967140099207,0.504,0.0
7038.967405122121,0.504,-0.016
7038.967670145034,0.528,-0.008
7038.967935167949,0.512,-0.016
7038.968200190862,0.52,0.0
7038.968465213776,0.512,-0.016
7038.968730236689,0.52,0.0
7038.968995259603,0.512,0.0
7038.969260282516,0.528,-0.016
7038.96952530543,0.528,-0.016
7038.969790328344,0.512,-0.008
7038.9700553512575,0.512,-0.016
7038.970320374171,0.52,0.0
7038.9705853970845,0.512,-0.016
7038.970850419998,0.528,-0.008
7038.9711154429115,0.512,-0.016
7038.971380465825,0.52,-0.008
7038.971645488739,0.528,-0.016
7038.971910511653,0.504,0.0
7038.972175534566,0.512,-0.008
7038.97244055748,0.528,-0.016
7038.972705580393,0.512,-0.016
7038.972970603307,0.528,-0.008
7038.973235626221,0.52,-0.016
7038.973500649135,0.504,-0.008
7038.973765672048,0.504,-0.008
7038.974030694962,0.52,-0.016
7038.974295717875,0.512,-0.016
7038.974560740789,0.528,0.0
7038.974825763702,0.512,-0.008
7038.975090786616,0.528,-0.016
7038.97535580953,0.512,-0.016
7038.975620832443,0.528,0.0
7038.975885855357,0.512,-0.008
7038.97615087827,0.528,-0.016
7038.976415901184,0.512,-0.016
7038.976680924097,0.52,0.0
7038.976945947012,0.512,-0.016
7038.977210969925,0.528,-0.008
7038.977475992839,0.512,0.0
7038.977741015752,0.528,-0.016
7038.978006038666,0.528,0.0
7038.978271061579,0.504,-0.016
7038.978536084493,0.512,-0.016
7038.978801107407,0.528,0.0
7038.9790661303205,0.512,-0.016
7038.979331153234,0.52,0.0
7038.979596176147,0.512,-0.016
7038.979861199061,0.528,0.0
7038.980126221974,0.512,-0.016
7038.980391244888,0.52,0.0
7038.980656267802,0.512,-0.016
7038.980921290716,0.52,0.0
7038.981186313629,0.512,-0.016
7038.981451336543,0.528,-0.008
7038.981716359456,0.536,-0.008
7038.98198138237,0.504,-0.016
7038.982246405284,0.504,0.0
7038.9825114281975,0.52,-0.016
7038.982776451111,0.504,-0.008
7038.9830414740245,0.52,-0.016
7038.983306496938,0.512,-0.016
7038.9835715198515,0.528,0.0
7038.983836542765,0.512,-0.016
7038.984101565679,0.52,0.0
7038.984366588593,0.512,-0.008
7038.984631611506,0.528,-0.016
7038.98489663442,0.536,-0.016
7038.985161657333,0.504,0.0
7038.985426680247,0.504,-0.016
7038.98569170316,0.512,0.0
7038.985956726075,0.504,-0.008
7038.986221748988,0.52,-0.016
7038.986486771902,0.504,-0.016
7038.986751794815,0.512,-0.008
7038.9870168177285,0.504,-0.008
7038.987281840642,0.52,-0.016
7038.9875468635555,0.496,-0.008
7038.98781188647,0.52,-0.016
7038.988076909383,0.504,-0.016
7038.988341932297,0.52,0.0
7038.98860695521,0.52,-0.008
7038.988871978124,0.496,-0.016
7038.989137001037,0.504,-0.016
7038.989402023951,0.52,0.0
7038.989667046865,0.512,-0.008
7038.989932069779,0.496,-0.016
7038.990197092692,0.504,-0.016
7038.990462115606,0.52,0.0
7038.990727138519,0.512,-0.016
7038.990992161433,0.52,0.0
7038.991257184346,0.512,0.0
7038.9915222072605,0.528,-0.016
7038.991787230174,0.512,-0.016
7038.992052253087,0.528,0.0
7038.992317276001,0.52,-0.016
7038.992582298914,0.504,-0.008
7038.992847321828,0.504,-0.008
7038.993112344742,0.52,-0.016
7038.993377367656,0.504,-0.016
7038.993642390569,0.512,-0.008
7038.993907413483,0.504,-0.016
7038.994172436396,0.528,0.0
7038.99443745931,0.52,-0.016
7038.994702482223,0.504,0.0
7038.9949675051375,0.512,-0.016
7038.995232528051,0.528,-0.008
7038.9954975509645,0.512,-0.008
7038.995762573878,0.528,-0.016
7038.9960275967915,0.512,-0.016
7038.996292619705,0.52,0.0
7038.996557642618,0.512,-0.016
7038.996822665533,0.528,0.0
7038.997087688446,0.512,-0.016
7038.99735271136,0.52,-0.008
7038.997617734273,0.512,-0.016
7038.997882757187,0.528,-0.008
7038.9981477801,0.512,-0.016
7038.998412803014,0.536,0.0
7038.998677825928,0.528,-0.008
7038.998942848842,0.512,0.032
7038.999207871755,0.512,0.032
7038.9994728946685,0.528,0.136
7038.999737917582,0.512,0.152
7039.0000029404955,0.528,0.28800000000000003
7039.000267963409,0.512,0.296
7039.000532986323,0.528,0.352
7039.000798009237,0.528,0.352
7039.00106303215,0.504,0.368
7039.001328055064,0.512,0.368
7039.001593077977,0.528,0.384
7039.001858100891,0.512,0.384
7039.002123123805,0.528,0.392
7039.002388146719,0.52,0.384
7039.002653169632,0.504,0.376
7039.002918192546,0.504,0.384
7039.003183215459,0.528,0.376
7039.003448238373,0.52,0.376
7039.003713261286,0.536,0.384
7039.0039782842005,0.52,0.376
7039.004243307114,0.536,0.4
7039.004508330027,0.52,0.384
7039.004773352941,0.536,0.4
7039.005038375854,0.52,0.392
7039.005303398768,0.536,0.4
7039.005568421681,0.52,0.392
7039.005833444596,0.528,0.4
7039.006098467509,0.52,0.392
7039.006363490423,0.536,0.392
7039.006628513336,0.52,0.392
7039.00689353625,0.528,0.4
7039.007158559163,0.52,0.392
7039.007423582077,0.536,0.384
7039.007688604991,0.52,0.384
7039.0079536279045,0.536,0.392
7039.008218650818,0.52,0.384
7039.0084836737315,0.528,0.392
7039.008748696645,0.52,0.384
7039.009013719558,0.536,0.384
7039.009278742472,0.52,0.392
7039.009543765386,0.528,0.376
7039.0098087883,0.52,0.384
7039.010073811213,0.536,0.376
7039.010338834127,0.536,0.376
7039.01060385704,0.52,0.392
7039.010868879954,0.528,0.4
7039.011133902867,0.512,0.376
7039.011398925782,0.528,0.376
7039.011663948695,0.512,0.392
7039.0119289716085,0.512,0.376
7039.012193994522,0.528,0.4
7039.0124590174355,0.504,0.392
7039.012724040349,0.52,0.392
7039.012989063263,0.512,0.392
7039.013254086177,0.52,0.4
7039.01351910909,0.512,0.392
7039.013784132004,0.528,0.384
7039.014049154917,0.52,0.384
7039.014314177831,0.512,0.392
7039.014579200744,0.512,0.384
7039.014844223659,0.528,0.384
7039.015109246572,0.512,0.384
7039.015374269486,0.528,0.392
7039.015639292399,0.512,0.392
7039.015904315313,0.528,0.376
7039.016169338226,0.52,0.376
7039.0164343611395,0.528,0.392
7039.016699384054,0.528,0.384
7039.016964406967,0.504,0.392
7039.017229429881,0.52,0.384
7039.017494452794,0.504,0.392
7039.017759475708,0.528,0.392
7039.018024498621,0.512,0.384
7039.018289521535,0.512,0.392
7039.018554544449,0.528,0.384
7039.018819567363,0.512,0.392
7039.019084590276,0.52,0.376
7039.01934961319,0.512,0.384
7039.019614636103,0.528,0.376
7039.019879659017,0.512,0.368
7039.02014468193,0.52,0.384
7039.0204097048445,0.512,0.384
7039.020674727758,0.528,0.392
7039.0209397506715,0.512,0.392
7039.021204773585,0.52,0.384
7039.021469796498,0.52,0.384
7039.021734819412,0.528,0.384
7039.021999842326,0.52,0.384
7039.02226486524,0.504,0.368
7039.022529888153,0.504,0.376
7039.022794911067,0.528,0.392
7039.02305993398,0.512,0.384
7039.023324956894,0.52,0.392
7039.023589979807,0.512,0.384
7039.023855002722,0.528,0.376
7039.024120025635,0.512,0.368
7039.0243850485485,0.528,0.392
7039.024650071462,0.512,0.384
7039.0249150943755,0.52,0.384
7039.025180117289,0.536,0.376
7039.0254451402025,0.504,0.392
7039.025710163117,0.504,0.376
7039.02597518603,0.52,0.4
7039.026240208944,0.512,0.4
7039.026505231857,0.52,0.384
7039.026770254771,0.512,0.392
7039.027035277684,0.528,0.376
7039.027300300598,0.512,0.384
7039.027565323512,0.52,0.376
7039.027830346426,0.512,0.384
7039.028095369339,0.528,0.376
7039.028360392253,0.512,0.384
7039.028625415166,0.528,0.376
7039.0288904380795,0.512,0.376
7039.029155460993,0.536,0.392
7039.029420483907,0.544,0.392
7039.029685506821,0.512,0.384
7039.029950529734,0.528,0.392
7039.030215552648,0.504,0.384
7039.030480575561,0.512,0.384
7039.030745598475,0.528,0.392
7039.031010621388,0.512,0.392
7039.031275644303,0.528,0.4
7039.031540667216,0.512,0.392
7039.03180569013,0.528,0.4
7039.032070713043,0.536,0.4
7039.032335735957,0.504,0.384
7039.03260075887,0.504,0.392
7039.0328657817845,0.512,0.4
7039.033130804698,0.504,0.392
7039.0333958276115,0.52,0.392
7039.033660850525,0.504,0.392
7039.033925873438,0.52,0.4
7039.034190896352,0.512,0.392
7039.034455919265,0.528,0.384
7039.03472094218,0.512,0.392
7039.034985965093,0.528,0.376
7039.035250988007,0.52,0.392
7039.03551601092,0.536,0.376
7039.035781033834,0.52,0.384
7039.036046056747,0.504,0.368
7039.036311079661,0.512,0.384
7039.036576102575,0.52,0.4
7039.0368411254885,0.512,0.392
7039.037106148402,0.52,0.384
7039.0373711713155,0.512,0.384
7039.037636194229,0.528,0.4
7039.0379012171425,0.536,0.4
7039.038166240056,0.512,0.384
7039.03843126297,0.504,0.392
7039.038696285884,0.536,0.4
7039.038961308797,0.536,0.4
7039.039226331711,0.504,0.384
7039.039491354624,0.504,0.384
7039.039756377538,0.52,0.384
7039.040021400451,0.504,0.384
7039.040286423366,0.52,0.392
7039.040551446279,0.512,0.384
7039.040816469193,0.528,0.376
7039.041081492106,0.512,0.392
7039.0413465150195,0.52,0.376
7039.041611537933,0.512,0.376
7039.041876560847,0.528,0.392
7039.042141583761,0.512,0.392
7039.042406606674,0.528,0.4
7039.042671629588,0.528,0.4
7039.042936652501,0.512,0.384
7039.043201675415,0.504,0.384
7039.043466698328,0.52,0.4
7039.043731721243,0.504,0.392
7039.043996744156,0.528,0.4
7039.04426176707,0.528,0.392
7039.044526789983,0.512,0.4
7039.044791812897,0.512,0.4
7039.04505683581,0.528,0.384
7039.045321858724,0.512,0.384
7039.045586881638,0.528,0.392
7039.0458519045515,0.512,0.392
7039.046116927465,0.536,0.376
7039.053375482559,0.52,-0.008
7039.053623305559,0.528,0.0
7039.053871128559,0.528,0.0
7039.054118951559,0.512,-0.008
7039.054366774559,0.52,0.0
7039.054614597559,0.528,-0.016
7039.0548624205585,0.52,0.0
7039.055110243559,0.536,-0.016
7039.055358066559,0.528,-0.008
7039.055605889559,0.512,0.0
7039.055853712559,0.52,0.0
7039.056101535559,0.528,-0.016
7039.056349358559,0.52,-0.016
7039.056597181559,0.536,0.0
7039.056845004558,0.528,0.0
7039.057092827558,0.512,-0.016
7039.057340650558,0.52,0.0
7039.057588473558,0.528,-0.008
7039.057836296558,0.536,0.0
7039.058084119559,0.512,-0.016
7039.058331942559,0.528,-0.008
7039.0585797655585,0.512,0.024
7039.058827588558,0.512,0.024
7039.059075411558,0.528,0.128
7039.059323234558,0.52,0.14400000000000002
7039.059571057558,0.536,0.28
7039.059818880558,0.528,0.28800000000000003
7039.060066703558,0.52,0.352
7039.060314526558,0.528,0.36
7039.060562349558,0.512,0.376
7039.0608101725575,0.528,0.384
7039.061057995557,0.52,0.4
7039.061305818558,0.52,0.392
7039.061553641558,0.528,0.4
7039.061801464558,0.52,0.392
7039.062049287558,0.528,0.4
7039.062297110558,0.52,0.392
7039.062544933558,0.528,0.4
7039.062792756557,0.536,0.392
7039.063040579557,0.512,0.4
7039.063288402557,0.528,0.4
7039.063536225557,0.512,0.384
7039.063784048557,0.52,0.4
7039.064031871557,0.536,0.384
7039.064279694558,0.528,0.392
7039.0645275175575,0.512,0.376
7039.064775340557,0.52,0.4
7039.065023163557,0.536,0.392
7039.065270986557,0.52,0.392
7039.065518809557,0.528,0.4
7039.065766632557,0.52,0.384
7039.066014455557,0.536,0.4
7039.066262278557,0.528,0.384
7039.066510101557,0.512,0.4
7039.066757924556,0.52,0.384
7039.067005747556,0.528,0.4
7039.067253570556,0.528,0.392
7039.067501393557,0.512,0.4
7039.067749216557,0.512,0.4
7039.067997039557,0.52,0.384
7039.068244862557,0.512,0.384
7039.0684926855565,0.528,0.392
7039.068740508556,0.528,0.392
7039.068988331556,0.504,0.40800000000000003
7039.069236154556,0.496,0.4
7039.069483977556,0.52,0.392
7039.069731800556,0.504,0.4
7039.069979623556,0.52,0.384
7039.070227446556,0.52,0.384
7039.0704752695565,0.504,0.4
7039.070723092556,0.504,0.392
7039.070970915556,0.52,0.4
7039.071218738556,0.504,0.384
7039.071466561556,0.52,0.392
7039.071714384556,0.512,0.384
7039.071962207556,0.528,0.4
7039.072210030556,0.512,0.392
7039.0724578535555,0.528,0.384
7039.072705676555,0.52,0.384
7039.072953499555,0.496,0.40800000000000003
7039.073201322555,0.504,0.392
7039.073449145555,0.52,0.4
7039.073696968556,0.528,0.4
7039.073944791556,0.504,0.384
7039.074192614556,0.496,0.392
7039.0744404375555,0.512,0.40800000000000003
7039.074688260555,0.512,0.392
7039.074936083555,0.52,0.40800000000000003
7039.075183906555,0.512,0.40800000000000003
7039.075431729555,0.528,0.392
7039.075679552555,0.512,0.392
7039.075927375555,0.52,0.4
7039.076175198555,0.512,0.392
7039.076423021555,0.536,0.40800000000000003
7039.076670844555,0.496,0.4
7039.076918667555,0.52,0.40800000000000003
7039.077166490555,0.496,0.392
7039.077414313555,0.52,0.40800000000000003
7039.077662136555,0.528,0.392
7039.077909959555,0.504,0.40800000000000003
7039.078157782555,0.536,0.40800000000000003
7039.0784056055545,0.504,0.392
7039.078653428554,0.512,0.4
7039.078901251554,0.496,0.392
7039.079149074554,0.504,0.40800000000000003
7039.079396897554,0.52,0.392
7039.079644720554,0.512,0.40800000000000003
7039.079892543555,0.528,0.392
7039.080140366555,0.496,0.392
7039.0803881895545,0.512,0.40800000000000003
7039.080636012554,0.512,0.392
7039.080883835554,0.496,0.40800000000000003
7039.081131658554,0.504,0.392
7039.081379481554,0.512,0.4
7039.081627304554,0.512,0.40800000000000003
7039.081875127554,0.528,0.392
7039.082122950554,0.528,0.40800000000000003
7039.0823707735535,0.504,0.392
7039.082618596553,0.512,0.392
7039.082866419554,0.496,0.40800000000000003
7039.083114242554,0.496,0.40800000000000003
7039.083362065554,0.52,0.392
7039.083609888554,0.504,0.392
7039.083857711554,0.52,0.40800000000000003
7039.084105534554,0.512,0.40800000000000003
7039.0843533575535,0.52,0.392
7039.084601180553,0.52,0.40800000000000003
7039.084849003553,0.496,0.392
7039.085096826553,0.512,0.40800000000000003
7039.085344649553,0.528,0.392
7039.085592472553,0.52,0.392
7039.085840295553,0.536,0.40800000000000003
7039.086088118554,0.528,0.392
7039.086335941553,0.512,0.40800000000000003
7039.086583764553,0.52,0.4
7039.086831587553,0.528,0.392
7039.087079410553,0.512,0.4
7039.087327233553,0.528,0.392
7039.087575056553,0.52,0.392
7039.087822879553,0.536,0.40800000000000003
7039.088070702553,0.52,0.40800000000000003
7039.0883185255525,0.528,0.392
7039.088566348552,0.52,0.40800000000000003
7039.088814171552,0.528,0.392
7039.089061994553,0.52,0.392
7039.089309817553,0.528,0.40800000000000003
7039.089557640553,0.52,0.40800000000000003
7039.089805463553,0.528,0.392
7039.090053286553,0.52,0.392
7039.0903011095525,0.536,0.4
7039.090548932552,0.536,0.376
7039.090796755552,0.512,0.392
7039.091044578552,0.512,0.392
7039.091292401552,0.536,0.4
7039.091540224552,0.52,0.4
7039.091788047552,0.528,0.392
7039.092035870552,0.512,0.4
7039.092283693552,0.528,0.384
7039.092531516552,0.528,0.376
7039.092779339552,0.512,0.4
7039.093027162552,0.52,0.40800000000000003
7039.093274985552,0.536,0.392
7039.093522808552,0.52,0.392
7039.093770631552,0.536,0.40800000000000003
7039.094018454552,0.52,0.392
7039.0942662775515,0.504,0.4
7039.094514100551,0.512,0.40800000000000003
7039.094761923551,0.528,0.392
7039.095009746551,0.52,0.392
7039.095257569552,0.496,0.40800000000000003
7039.095505392552,0.496,0.4
7039.095753215552,0.52,0.392
7039.096001038552,0.512,0.392
7039.096248861551,0.528,0.4
7039.096496684551,0.512,0.4
7039.096744507551,0.528,0.392
7039.096992330551,0.512,0.392
7039.097240153551,0.528,0.40800000000000003
7039.097487976551,0.528,0.4
7039.097735799551,0.504,0.40800000000000003
7039.097983622551,0.504,0.4
7039.0982314455505,0.52,0.392
7039.098479268551,0.504,0.392
7039.098727091551,0.52,0.40800000000000003
7039.098974914551,0.512,0.392
7039.099222737551,0.528,0.40800000000000003
7039.099470560551,0.512,0.392
7039.099718383551,0.52,0.40800000000000003
7039.099966206551,0.512,0.4
7039.10021402955,0.528,0.392
7039.10046185255,0.528,0.392
7039.10070967555,0.504,0.40800000000000003
7039.10095749855,0.496,0.4
7039.10120532155,0.52,0.392
7039.101453144551,0.504,0.392
7039.101700967551,0.512,0.40800000000000003
7039.1019487905505,0.512,0.40800000000000003
7039.10219661355,0.496,0.392
7039.10244443655,0.504,0.392
7039.10269225955,0.52,0.40800000000000003
7039.10294008255,0.528,0.4
7039.10318790555,0.504,0.40800000000000003
7039.10343572855,0.512,0.4
7039.10368355155,0.496,0.392
7039.10393137455,0.504,0.392
7039.1041791975495,0.52,0.4
7039.104427020549,0.512,0.392
7039.10467484355,0.504,0.40800000000000003
7039.10492266655,0.512,0.40800000000000003
7039.10517048955,0.496,0.392
7039.10541831255,0.512,0.392
7039.10566613555,0.496,0.40800000000000003
7039.1059139585495,0.512,0.392
7039.106161781549,0.504,0.40800000000000003
7039.106409604549,0.504,0.392
7039.106657427549,0.52,0.40800000000000003
7039.106905250549,0.512,0.392
7039.107153073549,0.52,0.40800000000000003
7039.107400896549,0.504,0.392
7039.10764871955,0.528,0.40800000000000003
7039.1078965425495,0.512,0.392
7039.108144365549,0.52,0.40800000000000003
7039.108392188549,0.52,0.40800000000000003
7039.108640011549,0.504,0.392
7039.108887834549,0.512,0.392
7039.109135657549,0.536,0.40800000000000003
7039.109383480549,0.52,0.40800000000000003
7039.109631303549,0.496,0.392
7039.109879126549,0.52,0.392
7039.110126949548,0.496,0.40800000000000003
7039.110374772548,0.504,0.392
7039.110622595548,0.52,0.40800000000000003
7039.110870418549,0.512,0.40800000000000003
7039.111118241549,0.52,0.392
7039.111366064549,0.52,0.392
7039.111613887549,0.512,0.40800000000000003
7039.1118617105485,0.512,0.4
7039.112109533548,0.528,0.392
7039.112357356548,0.528,0.4
7039.112605179548,0.512,0.392
7039.112853002548,0.52,0.392
7039.113100825548,0.496,0.40800000000000003
7039.113348648548,0.496,0.392
7039.113596471548,0.512,0.4
7039.1138442945485,0.504,0.4
7039.114092117548,0.52,0.384
7039.114339940548,0.512,0.376
7039.114587763548,0.536,0.392
7039.114835586548,0.536,0.392
7039.115083409548,0.512,0.4
7039.115331232548,0.512,0.384
7039.115579055548,0.496,0.4
7039.1158268785475,0.504,0.384
7039.116074701547,0.52,0.4
7039.116322524547,0.512,0.384
7039.116570347547,0.528,0.4
7039.116818170547,0.512,0.384
7039.117065993548,0.528,0.376
7039.117313816548,0.512,0.384
7039.117561639548,0.52,0.4
7039.1178094625475,0.528,0.4
7039.118057285547,0.504,0.384
7039.118305108547,0.512,0.392
7039.118552931547,0.52,0.376
7039.118800754547,0.512,0.4
7039.119048577547,0.52,0.392
7039.119296400547,0.512,0.4
7039.119544223547,0.536,0.384
7039.1197920465465,0.52,0.376
7039.120039869547,0.496,0.392
7039.120287692547,0.496,0.376
7039.120535515547,0.512,0.312
7039.120783338547,0.512,0.312
7039.121031161547,0.496,0.168
7039.121278984547,0.496,0.16
7039.121526807547,0.512,0.056
7039.1217746305465,0.504,0.048
7039.122022453546,0.528,0.008
7039.122270276546,0.52,0.016
7039.122518099546,0.504,-0.008
7039.122765922546,0.512,0.0
7039.123013745546,0.52,-0.008
7039.123261568547,0.512,-0.008
7039.123509391547,0.52,0.0
7039.1237572145465,0.528,-0.008
7039.124005037546,0.496,0.0
7039.124252860546,0.504,-0.008
7039.124500683546,0.52,0.0
7039.124748506546,0.496,0.0
7039.124996329546,0.512,-0.008
7039.125244152546,0.496,-0.008
7039.125491975546,0.52,0.0
7039.1257397985455,0.504,-0.008
7039.125987621545,0.52,0.0
7039.126235444546,0.536,0.0
7039.126483267546,0.504,-0.008
7039.126731090546,0.504,0.0
7039.126978913546,0.52,-0.008
7039.127226736546,0.512,0.0
7039.127474559546,0.528,-0.008
7039.1277223825455,0.512,-0.008
7039.127970205545,0.528,0.0
7039.128218028545,0.512,-0.008
7039.128465851545,0.496,0.0
7039.128713674545,0.512,0.0
7039.128961497545,0.496,-0.008
7039.129209320545,0.496,0.0
7039.129457143546,0.52,-0.016
7039.129704966545,0.52,0.0
7039.129952789545,0.504,-0.016
7039.130200612545,0.512,0.0
7039.130448435545,0.536,-0.016
7039.130696258545,0.52,0.0
7039.130944081545,0.504,-0.016
7039.131191904545,0.504,0.0
7039.131439727545,0.512,-0.016
7039.1316875505445,0.512,0.0
7039.131935373544,0.52,-0.008
7039.132183196544,0.504,-0.008
7039.132431019545,0.52,0.0
7039.132678842545,0.512,0.0
7039.132926665545,0.528,-0.008
7039.133174488545,0.52,0.0
7039.133422311545,0.504,-0.008
7039.133670134544,0.512,0.0
7039.133917957544,0.496,-0.008
7039.134165780544,0.496,-0.008
7039.134413603544,0.528,0.0
7039.134661426544,0.512,0.0
7039.134909249544,0.528,-0.008
7039.135157072544,0.512,-0.008
7039.135404895544,0.528,0.0
7039.135652718544,0.528,-0.008
7039.135900541544,0.504,0.0
7039.136148364544,0.52,0.0
7039.136396187544,0.512,-0.008
7039.136644010544,0.512,-0.008
7039.136891833544,0.52,0.0
7039.137139656544,0.512,0.0
7039.137387479544,0.536,-0.008
7039.1376353025435,0.528,-0.008
7039.137883125543,0.504,0.0
7039.138130948543,0.512,0.0
7039.138378771543,0.52,-0.016
7039.138626594544,0.512,-0.008
7039.138874417544,0.528,0.0
7039.139122240544,0.512,0.0
7039.1393700635435,0.528,-0.008
7039.139617886543,0.504,-0.008
7039.139865709543,0.52,0.0
7039.140113532543,0.512,-0.008
7039.140361355543,0.528,0.0
7039.140609178543,0.512,0.0
7039.140857001543,0.528,-0.008
7039.141104824543,0.52,-0.008
7039.141352647543,0.504,0.0
7039.1416004705425,0.512,0.0
7039.141848293543,0.496,-0.008
7039.142096116543,0.504,-0.008
7039.142343939543,0.528,0.0
7039.142591762543,0.512,0.0
7039.142839585543,0.528,-0.008
7039.143087408543,0.504,-0.008
7039.143335231543,0.528,0.0
7039.143583054542,0.536,0.0
7039.143830877542,0.504,-0.008
7039.144078700542,0.504,0.0
7039.144326523542,0.512,-0.008
7039.144574346542,0.496,-0.008
7039.144822169543,0.528,0.0
7039.145069992543,0.512,-0.016
7039.1453178155425,0.528,0.0
7039.145565638542,0.528,0.0
7039.145813461542,0.504,-0.008
7039.146061284542,0.512,0.0
7039.146309107542,0.528,-0.008
7039.146556930542,0.504,-0.008
7039.146804753542,0.52,0.0
7039.147052576542,0.52,-0.008
7039.147300399542,0.504,0.0
7039.147548222541,0.512,-0.008
7039.147796045541,0.52,0.0
7039.148043868542,0.528,-0.008
7039.148291691542,0.496,0.0
7039.148539514542,0.496,0.0
7039.148787337542,0.512,-0.016
7039.149035160542,0.512,0.0
7039.1492829835415,0.528,-0.008
7039.149530806541,0.496,0.0
7039.149778629541,0.52,-0.008
7039.150026452541,0.512,-0.008
7039.150274275541,0.52,0.0
7039.150522098541,0.512,-0.008
7039.150769921541,0.52,0.0
7039.151017744542,0.512,0.0
7039.1512655675415,0.52,-0.008
7039.151513390541,0.512,0.0
7039.151761213541,0.528,-0.016
7039.152009036541,0.52,-0.008
7039.152256859541,0.496,0.0
7039.152504682541,0.496,-0.008
7039.152752505541,0.512,0.0
7039.153000328541,0.504,-0.008
7039.1532481515405,0.528,0.0
7039.15349597454,0.512,0.0
7039.15374379754,0.52,-0.008
7039.15399162054,0.512,-0.008
7039.154239443541,0.52,0.0
7039.154487266541,0.52,0.0
7039.154735089541,0.504,-0.008
7039.154982912541,0.512,-0.016
7039.1552307355405,0.52,0.0
7039.15547855854,0.512,-0.008
7039.15572638154,0.528,0.0
7039.15597420454,0.512,-0.008
7039.15622202754,0.528,0.0
7039.15646985054,0.512,0.0
7039.15671767354,0.52,-0.016
7039.15696549654,0.52,-0.008
7039.1572133195405,0.504,0.0
7039.15746114254,0.504,0.0
7039.15770896554,0.52,-0.008
7039.15795678854,0.52,0.0
7039.15820461154,0.504,-0.008
7039.15845243454,0.512,0.0
7039.15870025754,0.52,-0.008
7039.15894808054,0.528,0.0
7039.1591959035395,0.504,-0.016
7039.159443726539,0.512,-0.008
7039.159691549539,0.528,0.0
7039.159939372539,0.528,0.0
7039.160187195539,0.504,-0.008
7039.16043501854,0.504,0.0
7039.16068284154,0.528,-0.016
7039.16093066454,0.512,-0.008
7039.1611784875395,0.528,0.0
7039.161426310539,0.504,-0.008
7039.161674133539,0.52,0.0
7039.161921956539,0.504,0.0
7039.162169779539,0.52,-0.008
7039.162417602539,0.512,0.0
7039.162665425539,0.52,-0.008
7039.162913248539,0.528,-0.008
7039.1631610715385,0.504,0.0
7039.163408894539,0.504,0.0
7039.163656717539,0.52,-0.008
7039.163904540539,0.512,-0.008
7039.164152363539,0.528,0.0
7039.164400186539,0.52,0.0
7039.164648009539,0.512,-0.008
7039.164895832539,0.512,0.0
7039.1651436555385,0.536,-0.016
7039.165391478538,0.512,0.0
7039.165639301538,0.536,-0.008
7039.165887124538,0.52,-0.008
7039.166134947538,0.528,0.0
7039.166382770538,0.52,0.0
7039.166630593539,0.528,-0.008
7039.166878416539,0.536,0.0
7039.167126239538,0.512,-0.008
7039.167374062538,0.512,-0.008
7039.167621885538,0.528,0.0
7039.167869708538,0.512,0.0
7039.168117531538,0.52,-0.008
7039.168365354538,0.512,-0.008
7039.168613177538,0.528,0.0
7039.168861000538,0.512,0.0
7039.1691088235375,0.52,-0.016
7039.169356646537,0.512,0.0
7039.169604469538,0.528,-0.016
7039.169852292538,0.504,0.0
7039.170100115538,0.528,-0.016
7039.170347938538,0.52,0.0
7039.170595761538,0.504,-0.016
7039.170843584538,0.512,-0.008
7039.1710914075375,0.504,0.0
7039.171339230537,0.504,0.0
7039.171587053537,0.528,-0.008
7039.171834876537,0.528,-0.008
7039.172082699537,0.504,0.0
7039.172330522537,0.512,-0.008
7039.172578345537,0.52,0.0
7039.1728261685375,0.52,0.0
7039.173073991537,0.504,-0.016
7039.173321814537,0.512,0.0
7039.173569637537,0.528,-0.008
7039.173817460537,0.512,0.0
7039.174065283537,0.536,-0.016
7039.174313106537,0.52,0.0
7039.174560929537,0.536,-0.016
7039.174808752537,0.52,0.0
7039.1750565755365,0.536,-0.016
7039.175304398536,0.528,0.0
7039.175552221536,0.512,-0.016
7039.175800044537,0.52,0.0
7039.176047867537,0.536,-0.016
7039.176295690537,0.536,0.0
7039.176543513537,0.512,-0.016
7039.176791336537,0.512,0.0
7039.177039159536,0.536,-0.016
7039.177286982536,0.52,0.0
7039.177534805536,0.536,-0.008
7039.177782628536,0.512,-0.008
7039.178030451536,0.536,0.0
7039.178278274536,0.512,-0.008
7039.178526097536,0.528,0.0
7039.178773920536,0.512,0.0
7039.179021743536,0.528,-0.008
7039.179269566536,0.504,0.0
7039.179517389536,0.528,-0.008
7039.179765212536,0.504,-0.008
7039.180013035536,0.52,0.0
7039.180260858536,0.512,0.0
7039.180508681536,0.528,-0.016
7039.180756504536,0.512,0.0
7039.181004327535,0.528,-0.008
7039.181252150535,0.504,0.0
7039.181499973535,0.528,-0.016
7039.181747796535,0.504,-0.008
7039.181995619536,0.52,0.0
7039.182243442536,0.512,-0.008
7039.182491265536,0.52,0.016
7039.1827390885355,0.52,0.016
7039.182986911535,0.504,0.128
7039.183234734535,0.512,0.14400000000000002
7039.183482557535,0.52,0.28
7039.183730380535,0.528,0.28800000000000003
7039.183978203535,0.504,0.352
7039.184226026535,0.504,0.36
7039.184473849535,0.512,0.384
7039.184721672535,0.504,0.376
7039.1849694955345,0.528,0.392
7039.185217318535,0.528,0.368
7039.185465141535,0.504,0.392
7039.185712964535,0.512,0.392
7039.185960787535,0.528,0.40800000000000003
7039.186208610535,0.504,0.40800000000000003
7039.186456433535,0.52,0.392
7039.1867042565345,0.528,0.4
7039.186952079534,0.504,0.392
7039.187199902534,0.512,0.4
7039.187447725534,0.52,0.40800000000000003
7039.187695548534,0.512,0.4
7039.187943371534,0.528,0.392
7039.188191194535,0.528,0.40800000000000003
7039.188439017535,0.504,0.392
7039.1886868405345,0.504,0.392
7039.188934663534,0.52,0.40800000000000003
7039.189182486534,0.512,0.4
7039.189430309534,0.528,0.392
7039.189678132534,0.512,0.4
7039.189925955534,0.496,0.392
7039.190173778534,0.504,0.392
7039.190421601534,0.512,0.4
7039.190669424534,0.504,0.4
7039.190917247533,0.528,0.40800000000000003
7039.191165070533,0.528,0.392
7039.191412893534,0.512,0.40800000000000003
7039.191660716534,0.52,0.392
7039.191908539534,0.504,0.40800000000000003
7039.192156362534,0.504,0.392
7039.192404185534,0.512,0.40800000000000003
7039.1926520085335,0.496,0.4
7039.192899831533,0.512,0.392
7039.193147654533,0.504,0.392
7039.193395477533,0.52,0.40800000000000003
7039.193643300533,0.504,0.4
7039.193891123533,0.528,0.392
7039.194138946533,0.512,0.40800000000000003
7039.194386769534,0.528,0.392
7039.1946345925335,0.52,0.4
7039.194882415533,0.504,0.392
7039.195130238533,0.512,0.392
7039.195378061533,0.528,0.40800000000000003
7039.195625884533,0.512,0.392
7039.195873707533,0.528,0.40800000000000003
7039.196121530533,0.512,0.392
7039.196369353533,0.528,0.40800000000000003
7039.1966171765325,0.528,0.40800000000000003
7039.196864999532,0.496,0.392
7039.197112822532,0.504,0.4
7039.197360645532,0.52,0.40800000000000003
7039.197608468533,0.512,0.392
7039.197856291533,0.52,0.40800000000000003
7039.198104114533,0.52,0.392
7039.198351937533,0.504,0.40800000000000003
7039.1985997605325,0.512,0.392
7039.198847583532,0.52,0.40800000000000003
7039.199095406532,0.52,0.4
7039.199343229532,0.504,0.392
7039.199591052532,0.504,0.4
7039.199838875532,0.52,0.392
7039.200086698532,0.496,0.392
7039.200334521532,0.52,0.4
7039.200582344532,0.536,0.40800000000000003
7039.200830167532,0.512,0.392
7039.201077990532,0.52,0.40800000000000003
7039.201325813532,0.536,0.392
7039.201573636532,0.536,0.392
7039.201821459532,0.512,0.376
7039.202069282532,0.52,0.384
7039.202317105532,0.536,0.40800000000000003
7039.2025649285315,0.52,0.40800000000000003
7039.202812751531,0.528,0.392
7039.203060574531,0.52,0.392
7039.203308397531,0.528,0.384
7039.203556220531,0.528,0.384
7039.203804043532,0.512,0.392
7039.204051866532,0.504,0.384
7039.204299689532,0.52,0.4
7039.2045475125315,0.512,0.384
7039.204795335531,0.528,0.4
7039.205043158531,0.52,0.384
7039.205290981531,0.504,0.392
7039.205538804531,0.504,0.392
7039.205786627531,0.528,0.4
7039.206034450531,0.512,0.392
7039.206282273531,0.528,0.4
7039.2065300965305,0.52,0.4
7039.206777919531,0.496,0.384
7039.207025742531,0.504,0.392
7039.207273565531,0.52,0.384
7039.207521388531,0.528,0.384
7039.207769211531,0.504,0.4
7039.208017034531,0.504,0.4
7039.208264857531,0.536,0.384
7039.2085126805305,0.536,0.392
7039.20876050353,0.512,0.384
7039.20900832653,0.52,0.384
7039.20925614953,0.528,0.4
7039.20950397253,0.52,0.392
7039.20975179553,0.528,0.40800000000000003
7039.209999618531,0.52,0.4
7039.210247441531,0.528,0.384
7039.21049526453,0.512,0.392
7039.21074308753,0.536,0.384
7039.21099091053,0.536,0.392
7039.21123873353,0.512,0.40800000000000003
7039.21148655653,0.528,0.392
7039.21173437953,0.512,0.40800000000000003
7039.21198220253,0.52,0.392
7039.21223002553,0.528,0.4
7039.2124778485295,0.52,0.392
7039.212725671529,0.536,0.40800000000000003
7039.21297349453,0.536,0.392
7039.21322131753,0.52,0.40800000000000003
7039.21346914053,0.52,0.40800000000000003
7039.21371696353,0.536,0.392
7039.21396478653,0.528,0.392
7039.21421260953,0.52,0.4
7039.214460432529,0.52,0.4
7039.214708255529,0.512,0.392
7039.214956078529,0.52,0.4
7039.215203901529,0.536,0.40800000000000003
7039.215451724529,0.52,0.4
7039.215699547529,0.536,0.392
7039.215947370529,0.512,0.392
7039.2161951935295,0.528,0.40800000000000003
7039.216443016529,0.536,0.40800000000000003
7039.216690839529,0.512,0.392
7039.216938662529,0.52,0.392
7039.217186485529,0.528,0.40800000000000003
7039.217434308529,0.52,0.392
7039.217682131529,0.528,0.40800000000000003
7039.217929954529,0.52,0.4
7039.218177777529,0.536,0.384
7039.2184256005285,0.528,0.384
7039.218673423528,0.52,0.4
7039.218921246528,0.52,0.392
7039.219169069529,0.528,0.4
7039.219416892529,0.52,0.40800000000000003
7039.219664715529,0.536,0.392
7039.219912538529,0.52,0.40800000000000003
7039.2201603615285,0.536,0.384
7039.220408184528,0.536,0.384
7039.220656007528,0.52,0.392
7039.220903830528,0.52,0.392
7039.221151653528,0.528,0.40800000000000003
7039.221399476528,0.512,0.392
7039.221647299528,0.536,0.4
7039.221895122528,0.52,0.392
7039.222142945528,0.536,0.4
7039.222390768528,0.52,0.4
7039.222638591528,0.536,0.392
7039.222886414528,0.536,0.4
7039.223134237528,0.52,0.392
7039.223382060528,0.536,0.4
7039.223629883528,0.512,0.384
7039.223877706528,0.528,0.392
7039.224125529528,0.512,0.4
7039.224373352527,0.536,0.4
7039.224621175527,0.512,0.392
7039.224868998527,0.52,0.392
7039.225116821527,0.536,0.384
7039.225364644528,0.52,0.384
7039.225612467528,0.528,0.4
7039.225860290528,0.52,0.4
7039.2261081135275,0.528,0.392
7039.226355936527,0.52,0.392
7039.226603759527,0.536,0.384
7039.226851582527,0.528,0.384
7039.227099405527,0.512,0.4
7039.227347228527,0.512,0.4
7039.227595051527,0.536,0.384
7039.227842874527,0.536,0.384
7039.228090697527,0.512,0.4
7039.228338520526,0.512,0.392
7039.228586343527,0.528,0.392
7039.228834166527,0.52,0.384
7039.229081989527,0.536,0.4
7039.229329812527,0.528,0.4
7039.229577635527,0.512,0.384
7039.229825458527,0.52,0.384
7039.2300732815265,0.536,0.4
7039.230321104526,0.52,0.40800000000000003
7039.230568927526,0.528,0.392
7039.230816750526,0.52,0.40800000000000003
7039.231064573526,0.528,0.392
7039.231312396526,0.528,0.4
7039.231560219527,0.512,0.392
7039.231808042527,0.52,0.392
7039.2320558655265,0.536,0.4
7039.232303688526,0.512,0.392
7039.232551511526,0.536,0.384
7039.232799334526,0.52,0.4
7039.233047157526,0.536,0.392
7039.233294980526,0.536,0.4
7039.233542803526,0.512,0.384
7039.233790626526,0.52,0.384
7039.2340384495255,0.528,0.392
7039.234286272525,0.52,0.384
7039.234534095525,0.528,0.4
7039.234781918526,0.52,0.4
7039.235029741526,0.528,0.384
7039.235277564526,0.528,0.384
7039.235525387526,0.512,0.40800000000000003
7039.235773210526,0.512,0.40800000000000003
7039.2360210335255,0.536,0.392
7039.236268856525,0.528,0.4
7039.236516679525,0.512,0.384
7039.236764502525,0.512,0.376
7039.237012325525,0.528,0.392
7039.237260148525,0.504,0.392
7039.237507971525,0.528,0.4
7039.237755794526,0.512,0.4
7039.2380036175255,0.528,0.392
7039.238251440525,0.504,0.392
7039.238499263525,0.52,0.4
7039.238747086525,0.528,0.384
7039.238994909525,0.512,0.4
7039.239242732525,0.504,0.392
7039.239490555525,0.52,0.4
7039.239738378525,0.52,0.392
7039.2399862015245,0.504,0.384
7039.240234024524,0.504,0.376
7039.240481847524,0.528,0.392
7039.240729670524,0.512,0.4
7039.240977493525,0.528,0.384
7039.241225316525,0.528,0.384
7039.241473139525,0.504,0.40800000000000003
7039.241720962525,0.512,0.40800000000000003
7039.2419687855245,0.52,0.392
7039.242216608524,0.512,0.4
7039.242464431524,0.52,0.40800000000000003
7039.242712254524,0.52,0.40800000000000003
7039.242960077524,0.504,0.392
7039.243207900524,0.52,0.392
7039.243455723524,0.504,0.392
7039.243703546524,0.52,0.392
7039.243951369524,0.496,0.376
7039.244199192524,0.504,0.376
7039.244447015524,0.528,0.312
7039.244694838524,0.512,0.304
7039.244942661524,0.528,0.16
7039.245190484524,0.528,0.16
7039.245438307524,0.512,0.056
7039.245686130524,0.504,0.056
7039.2459339535235,0.528,0.016
7039.246181776523,0.512,0.016
7039.246429599523,0.536,-0.008
7039.246677422523,0.512,-0.008
7039.246925245523,0.496,0.0
7039.247173068524,0.496,0.0
7039.247420891524,0.52,-0.008
7039.247668714524,0.52,-0.008
7039.247916537523,0.504,0.0
7039.248164360523,0.512,0.0
7039.248412183523,0.52,-0.008
7039.248660006523,0.512,0.0
7039.248907829523,0.528,-0.008
7039.249155652523,0.512,0.0
7039.249403475523,0.528,-0.008
7039.249651298523,0.512,0.0
7039.2498991215225,0.504,-0.008
7039.250146944523,0.504,-0.008
7039.250394767523,0.512,0.0
7039.250642590523,0.504,-0.008
7039.250890413523,0.52,0.0
7039.251138236523,0.512,0.0
7039.251386059523,0.528,-0.008
7039.251633882523,0.528,0.0
7039.2518817055225,0.504,-0.008
7039.252129528522,0.504,-0.008
7039.252377351522,0.52,0.0
7039.252625174522,0.512,-0.008
7039.252872997522,0.52,0.0
7039.253120820522,0.504,0.0
7039.253368643523,0.528,-0.008
7039.2536164665225,0.512,-0.008
7039.253864289522,0.52,0.0
7039.254112112522,0.52,-0.008
7039.254359935522,0.496,0.0
7039.254607758522,0.504,-0.008
7039.254855581522,0.512,0.0
7039.255103404522,0.496,-0.008
7039.255351227522,0.52,0.0
7039.255599050522,0.512,0.0
7039.2558468735215,0.528,-0.008
7039.256094696521,0.504,0.0
7039.256342519522,0.52,-0.008
7039.256590342522,0.52,0.0
7039.256838165522,0.512,-0.008
7039.257085988522,0.52,-0.008
7039.257333811522,0.504,0.0
7039.257581634522,0.52,0.0
7039.257829457521,0.512,-0.008
7039.258077280521,0.504,0.0
7039.258325103521,0.528,-0.008
7039.258572926521,0.512,-0.008
7039.258820749521,0.528,0.0
7039.259068572521,0.528,-0.008
7039.259316395521,0.504,0.0
7039.2595642185215,0.52,-0.008
7039.259812041521,0.504,0.0
7039.260059864521,0.512,0.0
7039.260307687521,0.52,-0.008
7039.260555510521,0.512,0.0
7039.260803333521,0.504,-0.008
7039.261051156521,0.52,-0.008
7039.261298979521,0.504,0.0
7039.261546802521,0.528,-0.008
7039.26179462552,0.504,0.0
7039.26204244852,0.52,0.0
7039.26229027152,0.504,-0.008
7039.262538094521,0.528,-0.008
7039.262785917521,0.504,0.0
7039.263033740521,0.504,0.0
7039.263281563521,0.52,-0.008
7039.2635293865205,0.512,0.0
7039.26377720952,0.528,-0.008
7039.26402503252,0.52,-0.016
7039.26427285552,0.512,0.0
7039.26452067852,0.52,-0.008
7039.26476850152,0.496,0.0
7039.26501632452,0.504,0.0
7039.26526414752,0.52,-0.008
7039.26551197052,0.52,0.0
7039.26575979352,0.504,-0.008
7039.26600761652,0.512,-0.008
7039.26625543952,0.528,0.0
7039.26650326252,0.528,-0.008
7039.26675108552,0.504,0.0
7039.26699890852,0.504,-0.008
7039.26724673152,0.52,0.0
7039.2674945545195,0.512,0.0
7039.267742377519,0.52,-0.008
7039.267990200519,0.512,-0.008
7039.268238023519,0.528,0.0
7039.268485846519,0.528,0.0
7039.26873366952,0.504,-0.016
7039.26898149252,0.496,0.0
7039.26922931552,0.512,-0.016
7039.2694771385195,0.496,0.0
7039.269724961519,0.512,-0.008
7039.269972784519,0.504,-0.008
7039.270220607519,0.512,0.0
7039.270468430519,0.504,0.0
7039.270716253519,0.52,-0.008
7039.270964076519,0.52,0.0
7039.271211899519,0.504,-0.008
7039.271459722519,0.528,-0.008
7039.271707545518,0.512,0.0
7039.271955368519,0.52,-0.008
7039.272203191519,0.512,0.0
7039.272451014519,0.512,0.0
7039.272698837519,0.528,-0.008
7039.272946660519,0.512,-0.008
7039.273194483519,0.52,0.0
7039.2734423065185,0.512,0.0
7039.273690129518,0.528,-0.008
7039.273937952518,0.512,-0.016
7039.274185775518,0.528,0.0
7039.274433598518,0.52,-0.008
7039.274681421518,0.496,0.0
7039.274929244519,0.512,0.0
7039.275177067519,0.496,-0.016
7039.2754248905185,0.504,0.0
7039.275672713518,0.52,-0.008
7039.275920536518,0.528,0.0
7039.276168359518,0.504,-0.008
7039.276416182518,0.496,0.0
7039.276664005518,0.512,-0.008
7039.276911828518,0.52,-0.008
7039.277159651518,0.504,0.0
7039.2774074745175,0.512,-0.008
7039.277655297517,0.536,0.0
7039.277903120517,0.512,0.0
7039.278150943518,0.504,-0.016
7039.278398766518,0.504,0.0
7039.278646589518,0.52,-0.016
7039.278894412518,0.504,0.0
7039.279142235518,0.52,-0.016
7039.2793900585175,0.512,0.0
7039.279637881517,0.528,-0.016
7039.279885704517,0.496,-0.008
7039.280133527517,0.528,0.0
7039.280381350517,0.512,0.0
7039.280629173517,0.528,-0.008
7039.280876996517,0.504,0.0
7039.281124819518,0.52,-0.016
7039.281372642517,0.52,0.0
7039.281620465517,0.496,-0.008
7039.281868288517,0.496,0.0
7039.282116111517,0.512,-0.016
7039.282363934517,0.512,0.0
7039.282611757517,0.528,-0.008
7039.282859580517,0.512,0.0
7039.283107403517,0.536,-0.016
7039.2833552265165,0.504,0.0
7039.283603049516,0.528,-0.008
7039.283850872516,0.512,0.0
7039.284098695516,0.528,-0.016
7039.284346518517,0.52,0.0
7039.284594341517,0.504,-0.016
7039.284842164517,0.512,-0.008
7039.285089987517,0.528,0.0
7039.2853378105165,0.528,-0.008
7039.285585633516,0.504,0.0
7039.285833456516,0.512,0.0
7039.286081279516,0.496,-0.008
7039.286329102516,0.512,0.0
7039.286576925516,0.496,-0.008
7039.286824748516,0.504,-0.008
7039.287072571516,0.512,0.0
7039.287320394516,0.512,0.0
7039.287568217516,0.496,-0.016
7039.287816040516,0.504,-0.008
7039.288063863516,0.512,0.0
7039.288311686516,0.512,0.0
7039.288559509516,0.528,-0.016
7039.288807332516,0.528,0.0
7039.289055155516,0.504,-0.016
7039.2893029785155,0.496,0.0
7039.289550801515,0.512,-0.008
7039.289798624515,0.496,0.0
7039.290046447515,0.512,-0.008
7039.290294270515,0.504,0.0
7039.290542093516,0.52,-0.016
7039.290789916516,0.512,0.0
7039.291037739516,0.528,-0.008
7039.291285562515,0.504,0.0
7039.291533385515,0.528,-0.008
7039.291781208515,0.512,0.0
7039.292029031515,0.528,-0.008
7039.292276854515,0.512,0.0
7039.292524677515,0.504,-0.008
7039.292772500515,0.52,-0.008
7039.293020323515,0.504,0.0
7039.2932681465145,0.496,0.0
7039.293515969515,0.512,-0.016
7039.293763792515,0.504,0.0
7039.294011615515,0.528,-0.016
7039.294259438515,0.52,0.0
7039.294507261515,0.504,-0.016
7039.294755084515,0.512,-0.008
7039.295002907515,0.52,0.0
7039.295250730514,0.528,-0.008
7039.295498553514,0.496,0.0
7039.295746376514,0.496,0.0
7039.295994199514,0.512,-0.008
7039.296242022514,0.512,0.0
7039.296489845514,0.496,-0.008
7039.296737668515,0.512,0.0
7039.2969854915145,0.496,-0.016
7039.297233314514,0.504,0.0
7039.297481137514,0.528,-0.016
7039.297728960514,0.528,0.0
7039.297976783514,0.504,-0.008
7039.298224606514,0.504,0.0
7039.298472429514,0.512,-0.016
7039.298720252514,0.504,0.0
7039.298968075514,0.52,-0.008
7039.2992158985135,0.512,0.0
7039.299463721513,0.52,-0.016
7039.299711544514,0.512,-0.008
7039.299959367514,0.528,0.0
7039.300207190514,0.512,0.0
7039.300455013514,0.528,-0.016
7039.300702836514,0.52,0.0
7039.300950659514,0.504,-0.016
7039.301198482513,0.512,0.0
7039.301446305513,0.52,-0.016
7039.301694128513,0.512,0.0
7039.301941951513,0.52,-0.016
7039.302189774513,0.536,-0.008
7039.302437597513,0.504,0.0
7039.302685420513,0.512,-0.016
7039.3029332435135,0.528,0.0
7039.303181066513,0.512,-0.008
7039.303428889513,0.504,0.0
7039.303676712513,0.512,-0.008
7039.303924535513,0.504,0.0
7039.304172358513,0.512,0.0
7039.304420181513,0.496,-0.016
7039.304668004513,0.496,0.0
7039.304915827513,0.512,-0.016
7039.305163650512,0.496,0.0
7039.305411473512,0.512,-0.016
7039.305659296512,0.504,0.0
7039.305907119513,0.528,-0.008
7039.306154942513,0.512,0.0
7039.306402765513,0.536,0.024
7039.306650588513,0.528,0.016
7039.3068984115125,0.504,0.128
7039.307146234512,0.504,0.136
7039.307394057512,0.52,0.272
7039.307641880512,0.52,0.28
7039.307889703512,0.504,0.36
7039.308137526512,0.504,0.36
7039.308385349512,0.52,0.392
7039.308633172512,0.512,0.4
7039.308880995512,0.528,0.384
7039.309128818512,0.504,0.392
7039.309376641512,0.528,0.384
7039.309624464512,0.528,0.392
7039.309872287512,0.504,0.40800000000000003
7039.310120110512,0.504,0.4
7039.310367933512,0.52,0.392
7039.310615756512,0.512,0.4
7039.3108635795115,0.528,0.392
7039.311111402511,0.512,0.40800000000000003
7039.311359225511,0.528,0.392
7039.311607048511,0.52,0.392
7039.311854871511,0.496,0.40800000000000003
7039.312102694512,0.512,0.40800000000000003
7039.312350517512,0.528,0.392
7039.312598340512,0.528,0.4
7039.3128461635115,0.512,0.392
7039.313093986511,0.528,0.40800000000000003
7039.313341809511,0.496,0.392
7039.313589632511,0.504,0.40800000000000003
7039.313837455511,0.52,0.392
7039.314085278511,0.512,0.392
7039.314333101511,0.528,0.40800000000000003
7039.314580924511,0.512,0.4
7039.314828747511,0.52,0.40800000000000003
7039.31507657051,0.512,0.40800000000000003
7039.315324393511,0.528,0.392
7039.315572216511,0.536,0.392
7039.315820039511,0.504,0.4
7039.316067862511,0.512,0.4
7039.316315685511,0.528,0.384
7039.316563508511,0.512,0.384
7039.3168113315105,0.52,0.392
7039.31705915451,0.52,0.40800000000000003
7039.31730697751,0.504,0.392
7039.31755480051,0.512,0.4
7039.31780262351,0.52,0.384
7039.31805044651,0.512,0.384
7039.318298269511,0.52,0.4
7039.318546092511,0.528,0.392
7039.3187939155105,0.504,0.384
7039.31904173851,0.52,0.384
7039.31928956151,0.504,0.4
7039.31953738451,0.512,0.40800000000000003
7039.31978520751,0.528,0.392
7039.32003303051,0.52,0.40800000000000003
7039.32028085351,0.496,0.392
7039.32052867651,0.512,0.392
7039.3207764995095,0.496,0.40800000000000003
7039.321024322509,0.504,0.4
7039.321272145509,0.512,0.40800000000000003
7039.32151996851,0.496,0.4
7039.32176779151,0.512,0.384
7039.32201561451,0.504,0.4
7039.32226343751,0.52,0.384
7039.32251126051,0.512,0.392
7039.3227590835095,0.52,0.376
7039.323006906509,0.512,0.376
7039.323254729509,0.528,0.392
7039.323502552509,0.512,0.392
7039.323750375509,0.528,0.40800000000000003
7039.323998198509,0.512,0.392
7039.324246021509,0.52,0.40800000000000003
7039.32449384451,0.528,0.40800000000000003
7039.324741667509,0.512,0.384
7039.324989490509,0.528,0.384
7039.325237313509,0.504,0.40800000000000003
7039.325485136509,0.504,0.392
7039.325732959509,0.52,0.40800000000000003
7039.325980782509,0.512,0.40800000000000003
7039.326228605509,0.536,0.392
7039.326476428509,0.52,0.392
7039.3267242515085,0.504,0.4
7039.326972074508,0.504,0.4
7039.327219897508,0.52,0.384
7039.327467720508,0.512,0.384
7039.327715543509,0.536,0.392
7039.327963366509,0.512,0.392
7039.328211189509,0.496,0.4
7039.328459012509,0.512,0.392
7039.3287068355085,0.528,0.384
7039.328954658508,0.512,0.384
7039.329202481508,0.504,0.4
7039.329450304508,0.504,0.392
7039.329698127508,0.52,0.384
7039.329945950508,0.512,0.384
7039.330193773508,0.528,0.40800000000000003
7039.330441596508,0.512,0.384
7039.330689419508,0.496,0.4
7039.330937242508,0.504,0.384
7039.331185065508,0.52,0.4
7039.331432888508,0.496,0.376
7039.331680711508,0.512,0.392
7039.331928534508,0.512,0.392
7039.332176357508,0.496,0.392
7039.332424180508,0.504,0.4
7039.3326720035075,0.52,0.384
7039.332919826507,0.504,0.376
7039.333167649507,0.52,0.392
7039.333415472507,0.504,0.384
7039.333663295507,0.512,0.4
7039.333911118508,0.504,0.4
7039.334158941508,0.52,0.384
7039.334406764508,0.512,0.392
7039.334654587507,0.52,0.384
7039.334902410507,0.512,0.392
7039.335150233507,0.52,0.376
7039.335398056507,0.52,0.376
7039.335645879507,0.496,0.392
7039.335893702507,0.512,0.392
7039.336141525507,0.528,0.384
7039.336389348507,0.52,0.384
7039.3366371715065,0.504,0.392
7039.336884994507,0.504,0.392
7039.337132817507,0.528,0.4
7039.337380640507,0.528,0.392
7039.337628463507,0.504,0.384
7039.337876286507,0.504,0.392
7039.338124109507,0.52,0.376
7039.338371932507,0.52,0.384
7039.338619755506,0.504,0.4
7039.338867578506,0.512,0.40800000000000003
7039.339115401506,0.528,0.392
7039.339363224506,0.52,0.4
7039.339611047506,0.504,0.392
7039.339858870506,0.52,0.4
7039.340106693507,0.528,0.384
7039.3403545165065,0.528,0.4
7039.340602339506,0.52,0.384
7039.340850162506,0.52,0.384
7039.341097985506,0.536,0.4
7039.341345808506,0.52,0.392
7039.341593631506,0.536,0.40800000000000003
7039.341841454506,0.52,0.40800000000000003
7039.342089277506,0.528,0.392
7039.342337100506,0.52,0.4
7039.3425849235055,0.536,0.392
7039.342832746505,0.52,0.392
7039.343080569506,0.528,0.4
7039.343328392506,0.52,0.384
7039.343576215506,0.528,0.4
7039.343824038506,0.52,0.392
7039.344071861506,0.536,0.384
7039.3443196845055,0.536,0.392
7039.344567507505,0.52,0.4
7039.344815330505,0.52,0.40800000000000003
7039.345063153505,0.528,0.392
7039.345310976505,0.528,0.40800000000000003
7039.345558799505,0.512,0.392
7039.345806622505,0.52,0.4
7039.346054445505,0.528,0.392
7039.3463022685055,0.512,0.4
7039.346550091505,0.536,0.384
7039.346797914505,0.52,0.384
7039.347045737505,0.536,0.4
7039.347293560505,0.52,0.4
7039.347541383505,0.536,0.384
7039.347789206505,0.52,0.392
7039.348037029505,0.528,0.40800000000000003
7039.348284852505,0.52,0.392
7039.348532675504,0.536,0.40800000000000003
7039.348780498504,0.52,0.4
7039.349028321504,0.536,0.40800000000000003
7039.349276144505,0.52,0.40800000000000003
7039.349523967505,0.536,0.392
7039.349771790505,0.52,0.40800000000000003
7039.350019613505,0.536,0.392
7039.3502674365045,0.536,0.4
7039.350515259504,0.512,0.384
7039.372803449631,0.504,-0.016
7039.373058592479,0.528,0.0
7039.3733137353265,0.52,-0.016
7039.3735688781735,0.504,-0.008
7039.373824021021,0.512,0.0
7039.374079163869,0.52,-0.016
7039.374334306717,0.512,-0.016
7039.374589449565,0.528,-0.008
7039.374844592412,0.504,-0.008
7039.37509973526,0.52,-0.016
7039.375354878108,0.512,-0.016
7039.375610020956,0.528,0.0
7039.375865163803,0.512,-0.016
7039.376120306651,0.528,-0.008
7039.3763754494985,0.512,-0.016
7039.376630592346,0.528,-0.008
7039.376885735194,0.512,-0.016
7039.377140878041,0.528,0.0
7039.377396020889,0.52,-0.016
7039.377651163737,0.504,0.0
7039.377906306585,0.504,-0.008
7039.378161449433,0.52,0.024
7039.37841659228,0.512,0.016
7039.378671735128,0.528,0.12
7039.378926877976,0.512,0.128
7039.3791820208235,0.528,0.28
7039.37943716367,0.512,0.28800000000000003
7039.379692306518,0.52,0.36
7039.379947449366,0.52,0.36
7039.380202592214,0.504,0.392
7039.380457735062,0.496,0.384
7039.380712877909,0.512,0.4
7039.380968020757,0.504,0.4
7039.381223163605,0.512,0.384
7039.381478306453,0.504,0.384
7039.381733449301,0.52,0.40800000000000003
7039.3819885921475,0.512,0.4
7039.382243734995,0.528,0.384
7039.382498877843,0.512,0.384
7039.382754020691,0.528,0.40800000000000003
7039.383009163538,0.52,0.4
7039.383264306386,0.504,0.41600000000000004
7039.383519449234,0.512,0.4
7039.383774592082,0.528,0.41600000000000004
7039.38402973493,0.512,0.40800000000000003
7039.384284877777,0.52,0.384
7039.384540020625,0.504,0.384
7039.3847951634725,0.52,0.4
7039.38505030632,0.504,0.4
7039.385305449168,0.52,0.392
7039.385560592015,0.512,0.392
7039.385815734863,0.528,0.40800000000000003
7039.386070877711,0.512,0.392
7039.386326020559,0.536,0.40800000000000003
7039.386581163406,0.52,0.392
7039.386836306254,0.504,0.40800000000000003
7039.387091449102,0.504,0.4
7039.38734659195,0.52,0.384
7039.3876017347975,0.496,0.4
7039.3878568776445,0.512,0.40800000000000003
7039.388112020492,0.52,0.40800000000000003
7039.38836716334,0.504,0.392
7039.388622306188,0.512,0.4
7039.388877449036,0.528,0.384
7039.389132591883,0.528,0.384
7039.389387734731,0.504,0.4
7039.389642877579,0.512,0.392
7039.389898020427,0.52,0.40800000000000003
7039.390153163274,0.512,0.392
7039.390408306122,0.528,0.40800000000000003
7039.3906634489695,0.528,0.40800000000000003
7039.390918591817,0.504,0.392
7039.391173734665,0.512,0.40800000000000003
7039.391428877512,0.496,0.392
7039.39168402036,0.504,0.392
7039.391939163208,0.52,0.4
7039.392194306056,0.504,0.4
7039.392449448904,0.52,0.384
7039.392704591751,0.512,0.4
7039.392959734599,0.528,0.41600000000000004
7039.393214877447,0.52,0.4
7039.393470020294,0.496,0.392
7039.393725163142,0.504,0.392
7039.393980305989,0.52,0.4
7039.394235448837,0.512,0.4
7039.394490591685,0.52,0.40800000000000003
7039.394745734533,0.512,0.40800000000000003
7039.39500087738,0.52,0.40800000000000003
7039.395256020228,0.504,0.40800000000000003
7039.395511163076,0.52,0.4
7039.395766305924,0.512,0.40800000000000003
7039.3960214487715,0.52,0.392
7039.3962765916185,0.504,0.392
7039.396531734466,0.52,0.4
7039.396786877314,0.512,0.392
7039.397042020162,0.52,0.40800000000000003
7039.39729716301,0.496,0.40800000000000003
7039.397552305857,0.52,0.392
7039.397807448705,0.512,0.4
7039.398062591553,0.52,0.384
7039.398317734401,0.512,0.392
7039.398572877248,0.52,0.41600000000000004
7039.398828020096,0.512,0.41600000000000004
7039.3990831629435,0.528,0.4
7039.399338305791,0.528,0.41600000000000004
7039.399593448639,0.504,0.4
7039.399848591486,0.504,0.41600000000000004
7039.400103734334,0.52,0.4
7039.400358877182,0.512,0.41600000000000004
7039.40061402003,0.52,0.40800000000000003
7039.400869162878,0.512,0.4
7039.401124305725,0.528,0.41600000000000004
7039.401379448573,0.512,0.40800000000000003
7039.401634591421,0.528,0.4
7039.4018897342685,0.512,0.4
7039.4021448771155,0.528,0.40800000000000003
7039.402400019963,0.512,0.4
7039.402655162811,0.528,0.392
7039.402910305659,0.512,0.392
7039.403165448507,0.528,0.40800000000000003
7039.403420591354,0.504,0.392
7039.403675734202,0.512,0.40800000000000003
7039.40393087705,0.52,0.392
7039.404186019898,0.504,0.392
7039.404441162746,0.504,0.384
7039.404696305593,0.52,0.40800000000000003
7039.40495144844,0.512,0.4
7039.405206591288,0.528,0.392
7039.405461734136,0.528,0.376
7039.405716876983,0.504,0.40800000000000003
7039.405972019831,0.504,0.41600000000000004
7039.406227162679,0.52,0.392
7039.406482305527,0.504,0.392
7039.406737448375,0.52,0.40800000000000003
7039.406992591222,0.528,0.4
7039.40724773407,0.504,0.40800000000000003
7039.4075028769175,0.504,0.392
7039.407758019765,0.52,0.40800000000000003
7039.408013162613,0.504,0.392
7039.40826830546,0.52,0.40800000000000003
7039.408523448308,0.528,0.392
7039.408778591156,0.504,0.40800000000000003
7039.409033734004,0.512,0.392
7039.409288876851,0.52,0.40800000000000003
7039.409544019699,0.504,0.40800000000000003
7039.409799162547,0.512,0.392
7039.410054305395,0.52,0.4
7039.4103094482425,0.496,0.41600000000000004
7039.4105645910895,0.496,0.41600000000000004
7039.410819733937,0.52,0.40800000000000003
7039.411074876785,0.504,0.40800000000000003
7039.411330019633,0.52,0.4
7039.411585162481,0.504,0.41600000000000004
7039.411840305328,0.52,0.4
7039.412095448176,0.52,0.41600000000000004
7039.412350591024,0.504,0.4
7039.412605733872,0.504,0.4
7039.41286087672,0.52,0.40800000000000003
7039.413116019567,0.52,0.4
7039.4133711624145,0.512,0.40800000000000003
7039.413626305262,0.512,0.4
7039.41388144811,0.528,0.40800000000000003
7039.414136590957,0.52,0.4
7039.414391733805,0.504,0.40800000000000003
7039.414646876653,0.504,0.392
7039.414902019501,0.52,0.40800000000000003
7039.415157162349,0.504,0.392
7039.415412305196,0.528,0.4
7039.415667448044,0.512,0.392
7039.415922590892,0.528,0.4
7039.4161777337395,0.504,0.4
7039.416432876587,0.528,0.41600000000000004
7039.416688019434,0.52,0.40800000000000003
7039.416943162282,0.528,0.41600000000000004
7039.41719830513,0.52,0.40800000000000003
7039.417453447978,0.536,0.41600000000000004
7039.417708590825,0.52,0.40800000000000003
7039.417963733673,0.528,0.41600000000000004
7039.418218876521,0.528,0.41600000000000004
7039.418474019369,0.512,0.4
7039.418729162217,0.52,0.4
7039.4189843050635,0.528,0.41600000000000004
7039.419239447911,0.52,0.40800000000000003
7039.419494590759,0.536,0.392
7039.419749733607,0.52,0.392
7039.420004876455,0.528,0.40800000000000003
7039.420260019302,0.52,0.4
7039.42051516215,0.528,0.384
7039.420770304998,0.52,0.392
7039.421025447846,0.536,0.40800000000000003
7039.421280590693,0.52,0.4
7039.421535733541,0.528,0.392
7039.4217908763885,0.52,0.392
7039.422046019236,0.536,0.40800000000000003
7039.422301162084,0.536,0.40800000000000003
7039.422556304931,0.512,0.4
7039.422811447779,0.512,0.41600000000000004
7039.423066590627,0.528,0.392
7039.423321733475,0.528,0.40800000000000003
7039.423576876323,0.504,0.392
7039.42383201917,0.504,0.41600000000000004
7039.424087162018,0.528,0.392
7039.424342304866,0.512,0.392
7039.4245974477135,0.528,0.40800000000000003
7039.4248525905605,0.512,0.4
7039.425107733408,0.528,0.41600000000000004
7039.425362876256,0.504,0.41600000000000004
7039.425618019104,0.52,0.4
7039.425873161952,0.512,0.392
7039.426128304799,0.52,0.40800000000000003
7039.426383447647,0.512,0.392
7039.426638590495,0.528,0.40800000000000003
7039.426893733343,0.528,0.4
7039.427148876191,0.504,0.392
7039.427404019038,0.496,0.392
7039.4276591618855,0.512,0.40800000000000003
7039.427914304733,0.52,0.4
7039.428169447581,0.504,0.40800000000000003
7039.428424590428,0.504,0.4
7039.428679733276,0.52,0.392
7039.428934876124,0.52,0.392
7039.429190018972,0.504,0.40800000000000003
7039.42944516182,0.504,0.392
7039.429700304667,0.52,0.4
7039.429955447515,0.504,0.40800000000000003
7039.430210590363,0.528,0.4
7039.43046573321,0.52,0.41600000000000004
7039.430720876058,0.504,0.4
7039.430976018905,0.512,0.40800000000000003
7039.431231161753,0.528,0.4
7039.431486304601,0.512,0.40800000000000003
7039.431741447449,0.496,0.392
7039.431996590297,0.512,0.384
7039.432251733144,0.496,0.41600000000000004
7039.432506875992,0.512,0.40800000000000003
7039.43276201884,0.528,0.4
7039.4330171616875,0.504,0.40800000000000003
7039.4332723045345,0.528,0.392
7039.433527447382,0.52,0.4
7039.43378259023,0.512,0.392
7039.434037733078,0.512,0.384
7039.434292875926,0.52,0.40800000000000003
7039.434548018773,0.528,0.4
7039.434803161621,0.504,0.40800000000000003
7039.435058304469,0.504,0.40800000000000003
7039.435313447317,0.52,0.392
7039.435568590165,0.512,0.4
7039.435823733012,0.528,0.40800000000000003
7039.4360788758595,0.528,0.4
7039.436334018707,0.504,0.392
7039.436589161555,0.504,0.392
7039.436844304402,0.52,0.40800000000000003
7039.43709944725,0.528,0.392
7039.437354590098,0.512,0.392
7039.437609732946,0.496,0.384
7039.437864875794,0.52,0.41600000000000004
7039.438120018641,0.52,0.40800000000000003
7039.438375161489,0.512,0.4
7039.438630304337,0.512,0.392
7039.4388854471845,0.528,0.40800000000000003
7039.439140590032,0.52,0.392
7039.439395732879,0.496,0.41600000000000004
7039.439650875727,0.504,0.4
7039.439906018575,0.512,0.41600000000000004
7039.440161161423,0.512,0.41600000000000004
7039.44041630427,0.528,0.4
7039.440671447118,0.512,0.4
7039.440926589966,0.528,0.41600000000000004
7039.441181732814,0.512,0.41600000000000004
7039.441436875662,0.536,0.392
7039.441692018509,0.504,0.392
7039.441947161356,0.52,0.328
7039.442202304204,0.528,0.32
7039.442457447052,0.504,0.168
7039.4427125899,0.504,0.16
7039.442967732747,0.528,0.056
7039.443222875595,0.52,0.056
7039.443478018443,0.536,0.008
7039.443733161291,0.52,0.016
7039.443988304138,0.528,-0.008
7039.444243446986,0.528,0.0
7039.4444985898335,0.512,-0.008
7039.444753732681,0.52,0.0
7039.445008875529,0.528,-0.008
7039.445264018376,0.52,-0.008
7039.445519161224,0.528,0.0
7039.445774304072,0.52,0.0
7039.44602944692,0.536,-0.016
7039.446284589768,0.52,-0.016
7039.446539732615,0.528,0.0
7039.446794875463,0.52,-0.016
7039.447050018311,0.528,0.0
7039.4473051611585,0.52,-0.016
7039.4475603040055,0.536,0.0
7039.447815446853,0.536,-0.016
7039.448070589701,0.52,0.0
7039.448325732549,0.52,0.0
7039.448580875397,0.536,-0.016
7039.448836018244,0.536,0.0
7039.449091161092,0.512,-0.016
7039.44934630394,0.52,-0.016
7039.449601446788,0.528,0.0
7039.449856589636,0.52,-0.016
7039.450111732483,0.536,0.0
7039.4503668753305,0.52,-0.016
7039.450622018178,0.536,0.0
7039.450877161026,0.52,0.0
7039.451132303874,0.536,-0.016
7039.451387446721,0.512,0.0
7039.451642589569,0.528,-0.016
7039.451897732417,0.52,-0.016
7039.452152875265,0.528,0.0
7039.452408018112,0.52,-0.016
7039.45266316096,0.528,0.0
7039.452918303808,0.52,0.0
7039.4531734466555,0.536,-0.016
7039.453428589503,0.52,0.0
7039.45368373235,0.536,-0.016
7039.453938875198,0.52,-0.016
7039.454194018046,0.528,0.0
7039.454449160894,0.536,-0.016
7039.454704303742,0.512,0.0
7039.454959446589,0.512,0.0
7039.455214589437,0.536,-0.016
7039.455469732285,0.52,0.0
7039.455724875133,0.536,-0.016
7039.4559800179795,0.52,-0.016
7039.456235160827,0.536,0.0
7039.456490303675,0.52,0.0
7039.456745446523,0.536,-0.016
7039.457000589371,0.52,-0.016
7039.457255732218,0.536,0.0
7039.457510875066,0.52,0.0
7039.457766017914,0.536,-0.016
7039.458021160762,0.536,0.0
7039.45827630361,0.52,-0.016
7039.458531446457,0.512,-0.016
7039.4587865893045,0.536,0.0
7039.459041732152,0.52,-0.016
7039.459296875,0.536,0.0
7039.459552017847,0.528,-0.016
7039.459807160695,0.512,0.0
7039.460062303543,0.52,-0.016
7039.460317446391,0.536,0.0
7039.460572589239,0.52,-0.016
7039.460827732086,0.528,0.0
7039.461082874934,0.52,0.0
7039.461338017782,0.528,-0.016
7039.4615931606295,0.52,0.0
7039.461848303477,0.536,-0.016
7039.462103446324,0.52,-0.016
7039.462358589172,0.536,0.0
7039.46261373202,0.52,0.0
7039.462868874868,0.536,-0.016
7039.463124017715,0.528,-0.016
7039.463379160563,0.512,0.0
7039.463634303411,0.52,-0.016
7039.463889446259,0.536,0.0
7039.464144589107,0.536,-0.016
7039.464399731954,0.512,0.0
7039.464654874801,0.536,-0.016
7039.464910017649,0.512,0.0
7039.465165160497,0.52,-0.008
7039.465420303345,0.528,-0.016
7039.465675446192,0.536,-0.016
7039.46593058904,0.512,0.0
7039.466185731888,0.52,-0.016
7039.466440874736,0.536,0.0
7039.466696017583,0.528,-0.016
7039.466951160431,0.512,0.0
7039.4672063032785,0.512,0.0
7039.467461446126,0.528,-0.016
7039.467716588974,0.512,0.0
7039.467971731821,0.528,-0.016
7039.468226874669,0.512,-0.016
7039.468482017517,0.528,0.0
7039.468737160365,0.528,-0.008
7039.468992303213,0.504,-0.016
7039.46924744606,0.504,-0.016
7039.469502588908,0.52,0.0
7039.469757731756,0.496,-0.016
7039.4700128746035,0.512,0.0
7039.470268017451,0.512,-0.016
7039.470523160298,0.496,0.0
7039.470778303146,0.504,-0.016
7039.471033445994,0.512,0.0
7039.471288588842,0.504,-0.008
7039.471543731689,0.52,-0.016
7039.471798874537,0.512,-0.016
7039.472054017385,0.52,0.0
7039.472309160233,0.512,-0.008
7039.472564303081,0.528,-0.016
7039.472819445928,0.504,-0.016
7039.4730745887755,0.52,-0.008
7039.473329731623,0.504,-0.016
7039.473584874471,0.52,0.0
7039.473840017319,0.512,-0.016
7039.474095160166,0.52,0.0
7039.474350303014,0.512,-0.008
7039.474605445862,0.528,-0.016
7039.47486058871,0.504,-0.016
7039.475115731557,0.52,0.0
7039.475370874405,0.512,-0.016
7039.475626017253,0.52,-0.008
7039.4758811601005,0.512,-0.016
7039.476136302948,0.528,0.0
7039.476391445795,0.504,-0.016
7039.476646588643,0.52,0.0
7039.476901731491,0.512,-0.016
7039.477156874339,0.528,0.0
7039.477412017187,0.52,0.0
7039.477667160034,0.504,-0.016
7039.477922302882,0.512,-0.016
7039.47817744573,0.52,-0.008
7039.478432588578,0.512,-0.016
7039.4786877314245,0.504,-0.008
7039.478942874272,0.512,-0.016
7039.47919801712,0.528,0.0
7039.479453159968,0.536,-0.016
7039.479708302816,0.504,0.0
7039.479963445663,0.496,-0.016
7039.480218588511,0.512,-0.008
7039.480473731359,0.504,-0.016
7039.480728874207,0.528,-0.008
7039.480984017055,0.52,-0.008
7039.481239159902,0.504,-0.016
7039.4814943027495,0.512,0.0
7039.481749445597,0.528,-0.016
7039.482004588445,0.52,0.0
7039.482259731292,0.504,-0.016
7039.48251487414,0.504,-0.016
7039.482770016988,0.52,0.0
7039.483025159836,0.528,-0.016
7039.483280302684,0.504,0.0
7039.483535445531,0.504,-0.016
7039.483790588379,0.536,0.0
7039.484045731227,0.52,-0.016
7039.4843008740745,0.536,0.0
7039.484556016922,0.528,-0.016
7039.484811159769,0.512,0.0
7039.485066302617,0.512,-0.016
7039.485321445465,0.528,0.0
7039.485576588313,0.528,-0.016
7039.48583173116,0.504,0.0
7039.486086874008,0.512,-0.016
7039.486342016856,0.52,0.0
7039.486597159704,0.512,-0.008
7039.486852302552,0.52,-0.016
7039.487107445399,0.52,-0.016
7039.4873625882465,0.504,0.0
7039.487617731094,0.504,-0.016
7039.487872873942,0.512,-0.008
7039.48812801679,0.504,-0.016
7039.488383159637,0.528,-0.008
7039.488638302485,0.512,-0.016
7039.488893445333,0.528,-0.008
7039.489148588181,0.512,0.0
7039.489403731029,0.528,-0.016
7039.489658873876,0.52,-0.008
7039.489914016724,0.504,-0.016
7039.490169159571,0.52,-0.016
7039.490424302419,0.496,0.0
7039.490679445266,0.504,-0.016
7039.490934588114,0.52,-0.008
7039.491189730962,0.504,-0.016
7039.49144487381,0.52,0.0
7039.491700016658,0.528,-0.008
7039.491955159505,0.504,-0.016
7039.492210302353,0.512,-0.008
7039.492465445201,0.504,-0.016
7039.4927205880485,0.52,-0.016
7039.492975730896,0.512,0.0
7039.493230873743,0.512,-0.008
7039.493486016591,0.528,-0.016
7039.493741159439,0.52,-0.016
7039.493996302287,0.504,0.0
7039.494251445134,0.504,-0.016
7039.494506587982,0.52,-0.008
7039.49476173083,0.504,-0.016
7039.495016873678,0.512,-0.008
7039.495272016526,0.504,-0.008
7039.495527159373,0.52,-0.016
7039.4957823022205,0.52,-0.008
7039.496037445068,0.512,-0.016
7039.496292587916,0.512,-0.016
7039.496547730764,0.52,0.0
7039.496802873611,0.512,-0.016
7039.497058016459,0.52,0.0
7039.497313159307,0.512,-0.008
7039.497568302155,0.52,-0.016
7039.497823445002,0.512,-0.008
7039.49807858785,0.528,-0.016
7039.498333730698,0.512,-0.008
7039.4985888735455,0.52,-0.016
7039.498844016393,0.512,-0.008
7039.49909915924,0.528,-0.016
7039.499354302088,0.52,-0.016
7039.499609444936,0.504,0.0
7039.499864587784,0.512,-0.008
7039.500119730632,0.528,-0.016
7039.500374873479,0.512,-0.016
7039.500630016327,0.52,-0.008
7039.500885159175,0.528,-0.016
7039.501140302023,0.504,-0.008
7039.50139544487,0.512,-0.016
7039.501650587717,0.528,-0.008
7039.501905730565,0.52,-0.016
7039.502160873413,0.528,0.0
7039.502416016261,0.536,-0.016
7039.502671159108,0.512,-0.008
7039.502926301956,0.52,-0.016
7039.503181444804,0.528,-0.008
7039.503436587652,0.52,-0.016
7039.5036917305,0.536,-0.008
7039.503946873347,0.52,-0.016
7039.5042020161945,0.528,-0.008
7039.504457159042,0.528,-0.008
7039.50471230189,0.512,-0.016
7039.504967444737,0.528,-0.016
7039.505222587585,0.512,0.0
7039.505477730433,0.512,-0.008
7039.505732873281,0.528,0.024
7039.505988016129,0.512,0.016
7039.506243158976,0.528,0.12
7039.506498301824,0.52,0.128
7039.506753444672,0.496,0.28800000000000003
7039.5070085875195,0.512,0.296
7039.507263730367,0.496,0.368
7039.507518873214,0.504,0.368
7039.507774016062,0.528,0.392
7039.50802915891,0.528,0.392
7039.508284301758,0.512,0.40800000000000003
7039.508539444606,0.512,0.4
7039.508794587453,0.528,0.40800000000000003
7039.509049730301,0.528,0.4
7039.509304873149,0.496,0.41600000000000004
7039.509560015997,0.496,0.41600000000000004
7039.509815158844,0.512,0.4
7039.5100703016915,0.504,0.4
7039.510325444539,0.52,0.41600000000000004
7039.510580587387,0.504,0.41600000000000004
7039.510835730235,0.528,0.4
7039.511090873082,0.512,0.4
7039.51134601593,0.52,0.41600000000000004
7039.511601158778,0.512,0.4
7039.511856301626,0.528,0.41600000000000004
7039.512111444474,0.52,0.41600000000000004
7039.512366587321,0.496,0.4
7039.512621730169,0.496,0.4
7039.5128768730165,0.52,0.41600000000000004
7039.513132015864,0.512,0.4
7039.513387158711,0.52,0.41600000000000004
7039.513642301559,0.512,0.40800000000000003
7039.513897444407,0.52,0.40800000000000003
7039.514152587255,0.512,0.4
7039.514407730103,0.52,0.41600000000000004
7039.51466287295,0.504,0.40800000000000003
7039.514918015798,0.52,0.4
7039.515173158646,0.504,0.4
7039.515428301494,0.528,0.41600000000000004
7039.515683444341,0.52,0.4
7039.515938587188,0.504,0.41600000000000004
7039.516193730036,0.512,0.40800000000000003
7039.516448872884,0.528,0.4
7039.516704015732,0.512,0.4
7039.516959158579,0.536,0.41600000000000004
7039.517214301427,0.52,0.4
7039.517469444275,0.504,0.41600000000000004
7039.517724587123,0.512,0.4
7039.517979729971,0.52,0.41600000000000004
7039.518234872818,0.512,0.41600000000000004
7039.5184900156655,0.528,0.4
7039.518745158513,0.528,0.4
7039.519000301361,0.504,0.41600000000000004
7039.519255444209,0.496,0.4
7039.519510587056,0.52,0.41600000000000004
7039.519765729904,0.512,0.41600000000000004
7039.520020872752,0.496,0.4
7039.5202760156,0.496,0.4
7039.520531158447,0.52,0.41600000000000004
7039.520786301295,0.504,0.40800000000000003
7039.521041444143,0.52,0.4
7039.5212965869905,0.52,0.4
7039.521551729838,0.504,0.41600000000000004
7039.521806872685,0.504,0.4
7039.522062015533,0.52,0.40800000000000003
7039.522317158381,0.512,0.4
7039.522572301229,0.52,0.41600000000000004
7039.522827444077,0.512,0.4
7039.523082586924,0.52,0.41600000000000004
7039.523337729772,0.52,0.4
7039.52359287262,0.496,0.41600000000000004
7039.523848015468,0.52,0.4
7039.524103158315,0.504,0.41600000000000004
7039.5243583011625,0.504,0.4
7039.52461344401,0.496,0.41600000000000004
7039.524868586858,0.512,0.41600000000000004
7039.525123729706,0.496,0.4
7039.525378872553,0.504,0.41600000000000004
7039.525634015401,0.52,0.4
7039.525889158249,0.528,0.4
7039.526144301097,0.504,0.40800000000000003
7039.526399443945,0.512,0.4
7039.526654586792,0.52,0.392
7039.52690972964,0.512,0.4
7039.527164872487,0.528,0.392
7039.527420015335,0.52,0.4
7039.527675158183,0.504,0.392
7039.52793030103,0.528,0.4
7039.528185443878,0.504,0.392
7039.528440586726,0.528,0.392
7039.528695729574,0.504,0.40800000000000003
7039.528950872421,0.504,0.4
7039.529206015269,0.52,0.41600000000000004
7039.529461158117,0.512,0.40800000000000003
7039.5297163009645,0.496,0.392
7039.529971443812,0.504,0.4
7039.530226586659,0.52,0.392
7039.530481729507,0.528,0.392
7039.530736872355,0.504,0.40800000000000003
7039.530992015203,0.496,0.392
7039.531247158051,0.52,0.40800000000000003
7039.531502300898,0.504,0.392
7039.531757443746,0.512,0.40800000000000003
7039.532012586594,0.512,0.392
7039.532267729442,0.52,0.40800000000000003
7039.532522872289,0.52,0.4
7039.5327780151365,0.504,0.41600000000000004
7039.533033157984,0.512,0.41600000000000004
7039.533288300832,0.52,0.4
7039.53354344368,0.512,0.4
7039.533798586527,0.528,0.41600000000000004
7039.534053729375,0.512,0.4
7039.534308872223,0.528,0.41600000000000004
7039.534564015071,0.52,0.4
7039.534819157919,0.536,0.40800000000000003
7039.535074300766,0.52,0.4
7039.535329443614,0.528,0.41600000000000004
7039.5355845864615,0.52,0.4
7039.535839729309,0.536,0.41600000000000004
7039.536094872156,0.512,0.4
7039.536350015004,0.536,0.41600000000000004
7039.536605157852,0.528,0.4
7039.5368603007,0.512,0.40800000000000003
7039.537115443548,0.512,0.4
7039.537370586395,0.528,0.41600000000000004
7039.537625729243,0.512,0.4
7039.537880872091,0.528,0.41600000000000004
7039.538136014939,0.512,0.4
7039.5383911577865,0.528,0.41600000000000004
7039.538646300633,0.52,0.4
7039.538901443481,0.504,0.41600000000000004
7039.539156586329,0.504,0.41600000000000004
7039.539411729177,0.528,0.392
7039.539666872024,0.512,0.392
7039.539922014872,0.528,0.4
7039.54017715772,0.52,0.384
7039.540432300568,0.504,0.40800000000000003
7039.540687443416,0.504,0.4
7039.540942586263,0.512,0.40800000000000003
7039.5411977291105,0.512,0.4
7039.541452871958,0.528,0.40800000000000003
7039.541708014806,0.52,0.392
7039.541963157654,0.496,0.40800000000000003
7039.542218300501,0.504,0.392
7039.542473443349,0.52,0.392
7039.542728586197,0.504,0.392
7039.542983729045,0.528,0.4
7039.543238871892,0.512,0.4
7039.54349401474,0.536,0.392
7039.543749157588,0.52,0.4
7039.5440043004355,0.496,0.384
7039.544259443283,0.512,0.384
7039.54451458613,0.496,0.40800000000000003
7039.544769728978,0.496,0.4
7039.545024871826,0.52,0.41600000000000004
7039.545280014674,0.512,0.4
7039.545535157522,0.528,0.41600000000000004
7039.545790300369,0.512,0.41600000000000004
7039.546045443217,0.52,0.40800000000000003
7039.546300586065,0.512,0.4
7039.546555728913,0.528,0.41600000000000004
7039.5468108717605,0.512,0.4
7039.5470660146075,0.528,0.392
7039.547321157455,0.52,0.384
7039.547576300303,0.504,0.4
7039.547831443151,0.52,0.4
7039.548086585998,0.504,0.40800000000000003
7039.548341728846,0.512,0.40800000000000003
7039.548596871694,0.528,0.4
7039.548852014542,0.512,0.40800000000000003
7039.54910715739,0.528,0.392
7039.549362300237,0.52,0.392
7039.549617443085,0.512,0.41600000000000004
7039.5498725859325,0.512,0.4
7039.55012772878,0.52,0.41600000000000004
7039.550382871628,0.512,0.40800000000000003
7039.550638014475,0.528,0.392
7039.550893157323,0.512,0.40800000000000003
7039.551148300171,0.52,0.392
7039.551403443019,0.512,0.392
7039.551658585866,0.504,0.40800000000000003
7039.551913728714,0.496,0.4
7039.552168871562,0.52,0.392
7039.55242401441,0.504,0.392
7039.552679157257,0.512,0.40800000000000003
7039.552934300104,0.504,0.40800000000000003
7039.553189442952,0.52,0.4
7039.5534445858,0.504,0.40800000000000003
7039.553699728648,0.528,0.4
7039.553954871496,0.512,0.4
7039.554210014343,0.528,0.41600000000000004
7039.554465157191,0.528,0.41600000000000004
7039.554720300039,0.504,0.40800000000000003
7039.554975442887,0.504,0.41600000000000004
7039.555230585734,0.52,0.4
7039.5554857285815,0.496,0.4
7039.555740871429,0.512,0.40800000000000003
7039.555996014277,0.504,0.40800000000000003
7039.556251157125,0.512,0.392
7039.556506299972,0.496,0.4
7039.55676144282,0.52,0.384
7039.557016585668,0.504,0.392
7039.557271728516,0.52,0.41600000000000004
7039.557526871364,0.52,0.41600000000000004
7039.557782014211,0.504,0.4
7039.558037157059,0.512,0.4
7039.5582922999065,0.528,0.392
7039.558547442754,0.528,0.392
7039.558802585601,0.512,0.40800000000000003
7039.559057728449,0.536,0.4
7039.559312871297,0.512,0.384
7039.559568014145,0.528,0.376
7039.559823156993,0.504,0.4
7039.56007829984,0.512,0.4
7039.560333442688,0.52,0.41600000000000004
7039.560588585536,0.512,0.4
7039.560843728384,0.52,0.392
7039.5610988712315,0.536,0.392
7039.5613540140785,0.504,0.4
7039.561609156926,0.512,0.4
7039.561864299774,0.496,0.392
7039.562119442622,0.504,0.392
7039.562374585469,0.52,0.4
7039.562629728317,0.512,0.392
7039.562884871165,0.536,0.384
7039.563140014013,0.504,0.392
7039.563395156861,0.528,0.40800000000000003
7039.563650299708,0.52,0.392
7039.563905442556,0.528,0.40800000000000003
7039.564160585403,0.52,0.4
7039.564415728251,0.536,0.384
7039.564670871099,0.52,0.4
7039.564926013946,0.536,0.41600000000000004
7039.565181156794,0.52,0.41600000000000004
7039.565436299642,0.536,0.4
7039.56569144249,0.52,0.41600000000000004
7039.565946585338,0.536,0.4
7039.566201728185,0.52,0.4
7039.566456871033,0.528,0.40800000000000003
7039.5667120138805,0.536,0.40800000000000003
7039.566967156728,0.512,0.392
7039.567222299575,0.52,0.392
7039.567477442423,0.528,0.40800000000000003
7039.567732585271,0.52,0.4
7039.567987728119,0.536,0.384
7039.568242870967,0.52,0.4
7039.568498013814,0.536,0.392
7039.568753156662,0.52,0.4
7039.56900829951,0.536,0.384
7039.569263442358,0.52,0.384
7039.5695185852055,0.528,0.32
7039.5697737280525,0.52,0.312
7039.5700288709,0.528,0.168
7039.570284013748,0.52,0.168
7039.570539156596,0.536,0.056
7039.570794299443,0.512,0.056
7039.571049442291,0.536,0.016
7039.571304585139,0.536,0.016
7039.571559727987,0.52,-0.008
7039.571814870835,0.528,0.0
7039.572070013682,0.512,-0.008
7039.57232515653,0.52,0.0
7039.5725802993775,0.536,-0.016
7039.572835442225,0.52,0.0
7039.573090585073,0.536,-0.016
7039.57334572792,0.52,0.0
7039.573600870768,0.528,-0.016
7039.573856013616,0.536,0.0
7039.574111156464,0.512,-0.016
7039.574366299311,0.512,-0.016
7039.574621442159,0.528,0.0
7039.574876585007,0.512,-0.016
7039.575131727855,0.52,0.0
7039.5753868707025,0.504,0.0
7039.575642013549,0.528,-0.016
7039.575897156397,0.512,-0.008
7039.576152299245,0.528,0.0
7039.576407442093,0.528,0.0
7039.576662584941,0.512,-0.016
7039.576917727788,0.512,0.0
7039.577172870636,0.528,-0.016
7039.577428013484,0.528,0.0
7039.577683156332,0.504,-0.016
7039.577938299179,0.504,0.0
7039.5781934420265,0.52,-0.016
7039.578448584874,0.512,0.0
7039.578703727722,0.52,-0.016
7039.57895887057,0.512,0.0
7039.579214013417,0.504,-0.016
7039.579469156265,0.504,-0.016
7039.579724299113,0.512,0.0
7039.579979441961,0.504,0.0
7039.580234584809,0.52,-0.016
7039.580489727656,0.52,-0.016
7039.580744870504,0.512,0.0
7039.5810000133515,0.512,-0.016
7039.581255156199,0.528,0.0
7039.581510299046,0.528,-0.016
7039.581765441894,0.512,0.0
7039.582020584742,0.512,-0.016
7039.58227572759,0.528,0.0
7039.582530870438,0.512,0.0
7039.582786013285,0.528,-0.016
7039.583041156133,0.528,-0.016
7039.583296298981,0.512,0.0
7039.583551441829,0.528,-0.016
7039.5838065846765,0.504,0.0
7039.5840617275235,0.504,0.0
7039.584316870371,0.52,-0.016
7039.584572013219,0.512,0.0
7039.584827156067,0.52,-0.016
7039.585082298915,0.512,-0.016
7039.585337441762,0.52,0.0
7039.58559258461,0.512,0.0
7039.585847727458,0.528,-0.016
7039.586102870306,0.512,-0.016
7039.586358013153,0.528,0.0
7039.586613156001,0.528,-0.016
7039.5868682988485,0.512,0.0
7039.587123441696,0.512,0.0
7039.587378584544,0.528,-0.016
7039.587633727391,0.528,-0.016
7039.587888870239,0.512,0.0
7039.588144013087,0.512,0.0
7039.588399155935,0.528,-0.016
7039.588654298783,0.512,-0.016
7039.58890944163,0.528,0.0
7039.589164584478,0.512,-0.016
7039.589419727326,0.528,-0.008
7039.589674870173,0.52,-0.016
7039.58993001302,0.504,0.0
7039.590185155868,0.512,-0.016
7039.590440298716,0.528,0.0
7039.590695441564,0.512,-0.016
7039.590950584412,0.52,0.0
7039.591205727259,0.528,-0.016
7039.591460870107,0.504,0.0
7039.591716012955,0.512,-0.016
7039.591971155803,0.528,0.0
7039.5922262986505,0.512,-0.016
7039.5924814414975,0.528,0.0
7039.592736584345,0.512,-0.016
7039.592991727193,0.528,-0.008
7039.593246870041,0.504,0.0
7039.593502012888,0.52,-0.016
7039.593757155736,0.512,0.0
7039.594012298584,0.52,-0.016
7039.594267441432,0.528,-0.016
7039.59452258428,0.512,0.0
7039.594777727127,0.528,0.0
7039.595032869975,0.504,-0.016
7039.5952880128225,0.528,0.0
7039.59554315567,0.504,-0.016
7039.595798298518,0.512,-0.008
7039.596053441365,0.528,-0.016
7039.596308584213,0.52,0.0
7039.596563727061,0.504,-0.016
7039.596818869909,0.504,-0.016
7039.597074012756,0.512,0.0
7039.597329155604,0.504,0.0
7039.597584298452,0.52,-0.016
7039.5978394413,0.52,-0.008
7039.5980945841475,0.512,-0.016
7039.5983497269945,0.512,-0.016
7039.598604869842,0.528,0.0
7039.59886001269,0.528,-0.016
7039.599115155538,0.504,0.0
7039.599370298386,0.504,0.0
7039.599625441233,0.52,-0.016
7039.599880584081,0.512,0.0
7039.600135726929,0.496,-0.016
7039.600390869777,0.504,-0.016
7039.600646012624,0.528,0.0
7039.600901155472,0.528,-0.008
7039.601156298319,0.512,-0.016
7039.601411441167,0.528,-0.016
7039.601666584015,0.512,-0.008
7039.601921726862,0.512,-0.008
7039.60217686971,0.528,-0.016
7039.602432012558,0.512,-0.016
7039.602687155406,0.536,-0.008
7039.602942298254,0.52,-0.008
7039.603197441101,0.504,-0.016
7039.603452583949,0.504,-0.008
7039.6037077267965,0.52,-0.016
7039.603962869644,0.512,-0.008
7039.604218012492,0.528,-0.016
7039.604473155339,0.52,-0.016
7039.604728298187,0.504,-0.008
7039.604983441035,0.504,0.0
7039.605238583883,0.52,-0.016
7039.60549372673,0.512,-0.016
7039.605748869578,0.528,0.0
7039.606004012426,0.512,-0.016
7039.606259155274,0.528,0.0
7039.6065142981215,0.512,-0.008
7039.6067694409685,0.528,-0.016
7039.607024583816,0.528,-0.016
7039.607279726664,0.504,-0.008
7039.607534869512,0.512,-0.008
7039.60779001236,0.528,-0.016
7039.608045155207,0.52,-0.016
7039.608300298055,0.504,-0.008
7039.608555440903,0.504,-0.008
7039.608810583751,0.52,-0.016
7039.609065726598,0.528,-0.016
7039.609320869446,0.512,-0.008
7039.6095760122935,0.52,-0.016
7039.609831155141,0.512,-0.008
7039.610086297989,0.528,-0.016
7039.610341440836,0.504,0.0
7039.610596583684,0.504,0.0
7039.610851726532,0.52,-0.016
7039.61110686938,0.512,-0.016
7039.611362012228,0.536,0.0
7039.611617155075,0.536,0.0
7039.611872297923,0.496,-0.016
7039.612127440771,0.504,-0.016
7039.6123825836185,0.512,0.0
7039.612637726465,0.512,-0.008
7039.612892869313,0.496,-0.016
7039.613148012161,0.504,-0.016
7039.613403155009,0.512,0.0
7039.613658297857,0.504,-0.008
7039.613913440704,0.52,-0.016
7039.614168583552,0.504,-0.016
7039.6144237264,0.528,-0.008
7039.614678869248,0.512,0.0
7039.614934012096,0.528,-0.016
7039.6151891549425,0.528,-0.008
7039.61544429779,0.504,-0.016
7039.615699440638,0.504,-0.008
7039.615954583486,0.52,-0.016
7039.616209726333,0.512,-0.016
7039.616464869181,0.528,0.0
7039.616720012029,0.512,-0.008
7039.616975154877,0.528,-0.016
7039.617230297725,0.512,-0.016
7039.617485440572,0.528,-0.008
7039.61774058342,0.496,-0.008
7039.6179957262675,0.52,-0.016
7039.618250869115,0.496,0.0
7039.618506011963,0.52,-0.016
7039.61876115481,0.512,-0.016
7039.619016297658,0.528,-0.008
7039.619271440506,0.512,-0.008
7039.619526583354,0.528,-0.016
7039.619781726201,0.504,-0.008
7039.620036869049,0.52,-0.016
7039.620292011897,0.512,-0.016
7039.620547154745,0.52,0.0
7039.6208022975925,0.512,-0.008
7039.6210574404395,0.528,-0.016
7039.621312583287,0.528,-0.016
7039.621567726135,0.504,-0.008
7039.621822868983,0.504,-0.016
7039.622078011831,0.52,-0.008
7039.622333154678,0.512,-0.008
7039.622588297526,0.536,-0.016
7039.622843440374,0.52,-0.016
7039.623098583222,0.504,-0.008
7039.62335372607,0.504,-0.016
7039.623608868917,0.52,-0.008
7039.623864011764,0.496,-0.008
7039.624119154612,0.512,-0.016
7039.62437429746,0.496,-0.016
7039.624629440307,0.512,0.0
7039.624884583155,0.504,-0.016
7039.625139726003,0.528,0.0
7039.625394868851,0.512,-0.016
7039.625650011699,0.528,0.0
7039.625905154546,0.504,-0.008
7039.626160297394,0.528,-0.016
7039.6264154402415,0.512,-0.008
7039.626670583089,0.536,-0.016
7039.626925725937,0.528,-0.016
7039.627180868784,0.504,0.0
7039.627436011632,0.52,-0.008
7039.62769115448,0.496,-0.016
7039.627946297328,0.512,-0.016
7039.628201440175,0.528,0.0
7039.628456583023,0.512,-0.016
7039.628711725871,0.528,0.0
7039.628966868719,0.52,-0.016
7039.6292220115665,0.496,0.0
7039.6294771544135,0.512,-0.008
7039.629732297261,0.528,-0.016
7039.629987440109,0.512,-0.008
7039.630242582957,0.528,-0.016
7039.630497725805,0.512,-0.008
7039.630752868652,0.52,-0.016
7039.6310080115,0.512,-0.016
7039.631263154348,0.52,-0.008
7039.631518297196,0.528,-0.008
7039.631773440043,0.504,-0.016
7039.632028582891,0.504,-0.016
7039.6322837257385,0.52,0.0
7039.632538868586,0.512,-0.016
7039.632794011434,0.52,0.0
7039.633049154281,0.512,-0.008
7039.633304297129,0.52,0.016
7039.633559439977,0.512,0.016
7039.633814582825,0.528,0.12
7039.634069725673,0.512,0.128
7039.63432486852,0.528,0.28
7039.634580011368,0.52,0.28800000000000003
7039.634835154216,0.504,0.36
7039.6350902970635,0.504,0.36
7039.63534543991,0.52,0.384
7039.635600582758,0.504,0.384
7039.635855725606,0.52,0.4
7039.636110868454,0.512,0.392
7039.636366011302,0.528,0.40800000000000003
7039.636621154149,0.504,0.4
7039.636876296997,0.536,0.392
7039.637131439845,0.536,0.392
7039.637386582693,0.52,0.4
7039.637641725541,0.52,0.392
7039.6378968683875,0.536,0.40800000000000003
7039.638152011235,0.528,0.392
7039.638407154083,0.512,0.40800000000000003
7039.638662296931,0.52,0.40800000000000003
7039.638917439778,0.528,0.392
7039.639172582626,0.512,0.392
7039.639427725474,0.536,0.40800000000000003
7039.639682868322,0.52,0.392
7039.63993801117,0.536,0.40800000000000003
7039.640193154017,0.528,0.392
7039.640448296865,0.512,0.40800000000000003
7039.6407034397125,0.52,0.40800000000000003
7039.64095858256,0.528,0.4
7039.641213725408,0.52,0.4
7039.641468868255,0.536,0.392
7039.641724011103,0.52,0.392
7039.641979153951,0.536,0.40800000000000003
7039.642234296799,0.52,0.40800000000000003
7039.642489439647,0.528,0.392
7039.642744582494,0.52,0.4
7039.642999725342,0.536,0.384
7039.64325486819,0.536,0.392
7039.6435100110375,0.512,0.40800000000000003
7039.6437651538845,0.52,0.4
7039.644020296732,0.528,0.41600000000000004
7039.64427543958,0.52,0.41600000000000004
7039.644530582428,0.536,0.4
7039.644785725276,0.52,0.4
7039.645040868123,0.528,0.41600000000000004
7039.645296010971,0.52,0.4
7039.645551153819,0.536,0.41600000000000004
7039.645806296667,0.52,0.4
7039.646061439515,0.536,0.41600000000000004
7039.646316582362,0.528,0.4
7039.6465717252095,0.512,0.41600000000000004
7039.646826868057,0.528,0.41600000000000004
7039.647082010905,0.512,0.4
7039.647337153752,0.52,0.40800000000000003
7039.6475922966,0.528,0.4
7039.647847439448,0.528,0.4
7039.648102582296,0.512,0.41600000000000004
7039.648357725144,0.512,0.41600000000000004
7039.648612867991,0.528,0.4
7039.648868010839,0.512,0.4
7039.649123153687,0.528,0.41600000000000004
7039.649378296534,0.52,0.4
7039.649633439382,0.504,0.41600000000000004
7039.649888582229,0.512,0.41600000000000004
7039.650143725077,0.52,0.4
7039.650398867925,0.504,0.4
7039.650654010773,0.52,0.41600000000000004
7039.65090915362,0.504,0.4
7039.651164296468,0.512,0.41600000000000004
7039.651419439316,0.504,0.4
7039.651674582164,0.52,0.41600000000000004
7039.6519297250115,0.52,0.4
7039.6521848678585,0.496,0.41600000000000004
7039.652440010706,0.512,0.41600000000000004
7039.652695153554,0.528,0.4
7039.652950296402,0.504,0.4
7039.65320543925,0.528,0.41600000000000004
7039.653460582097,0.528,0.4
7039.653715724945,0.504,0.41600000000000004
7039.653970867793,0.504,0.41600000000000004
7039.654226010641,0.528,0.4
7039.654481153488,0.512,0.41600000000000004
7039.654736296336,0.528,0.4
7039.6549914391835,0.52,0.4
7039.655246582031,0.512,0.41600000000000004
7039.655501724879,0.512,0.41600000000000004
7039.655756867726,0.528,0.4
7039.656012010574,0.504,0.392
7039.656267153422,0.528,0.40800000000000003
7039.65652229627,0.512,0.40800000000000003
7039.656777439118,0.52,0.392
7039.657032581965,0.528,0.392
7039.657287724813,0.504,0.40800000000000003
7039.657542867661,0.52,0.40800000000000003
7039.6577980105085,0.504,0.392
7039.6580531533555,0.504,0.4
7039.658308296203,0.52,0.40800000000000003
7039.658563439051,0.52,0.40800000000000003
7039.658818581899,0.504,0.392
7039.659073724747,0.512,0.4
7039.659328867594,0.528,0.40800000000000003
7039.659584010442,0.512,0.4
7039.65983915329,0.528,0.384
7039.660094296138,0.504,0.392
7039.660349438986,0.536,0.4
7039.660604581833,0.52,0.40800000000000003
7039.66085972468,0.528,0.392
7039.661114867528,0.52,0.392
7039.661370010376,0.528,0.40800000000000003
7039.661625153224,0.52,0.4
7039.661880296071,0.528,0.41600000000000004
7039.662135438919,0.52,0.4
7039.662390581767,0.528,0.41600000000000004
7039.662645724615,0.528,0.4
7039.662900867462,0.512,0.40800000000000003
7039.66315601031,0.52,0.4
7039.6634111531575,0.536,0.392
7039.663666296005,0.528,0.4
7039.663921438853,0.512,0.384
7039.6641765817,0.52,0.384
7039.664431724548,0.528,0.4
7039.664686867396,0.52,0.4
7039.664942010244,0.528,0.40800000000000003
7039.665197153092,0.52,0.4
7039.665452295939,0.536,0.40800000000000003
7039.665707438787,0.536,0.4
7039.665962581635,0.512,0.40800000000000003
7039.6662177244825,0.52,0.4
7039.6664728673295,0.536,0.384
7039.666728010177,0.512,0.392
7039.666983153025,0.52,0.40800000000000003
7039.667238295873,0.512,0.4
7039.667493438721,0.52,0.40800000000000003
7039.667748581568,0.512,0.392
7039.668003724416,0.528,0.40800000000000003
7039.668258867264,0.512,0.40800000000000003
7039.668514010112,0.52,0.392
7039.66876915296,0.528,0.4
7039.669024295807,0.504,0.40800000000000003
7039.6692794386545,0.512,0.40800000000000003
7039.669534581502,0.528,0.4
7039.66978972435,0.512,0.40800000000000003
7039.670044867197,0.52,0.392
7039.670300010045,0.512,0.392
7039.670555152893,0.536,0.40800000000000003
7039.670810295741,0.504,0.40800000000000003
7039.671065438589,0.52,0.392
7039.671320581436,0.504,0.392
7039.671575724284,0.52,0.41600000000000004
7039.671830867132,0.512,0.40800000000000003
7039.6720860099795,0.528,0.4
7039.672341152827,0.512,0.4
7039.672596295674,0.52,0.392
7039.672851438522,0.512,0.392
7039.67310658137,0.528,0.4
7039.673361724218,0.504,0.4
7039.673616867065,0.512,0.41600000000000004
7039.673872009913,0.52,0.40800000000000003
7039.674127152761,0.504,0.41600000000000004
7039.674382295609,0.512,0.41600000000000004
7039.674637438457,0.528,0.4
7039.6748925813035,0.528,0.4
7039.675147724151,0.504,0.384
7039.675402866999,0.512,0.4
7039.675658009847,0.528,0.40800000000000003
7039.675913152695,0.52,0.4
7039.676168295542,0.512,0.41600000000000004
7039.67642343839,0.512,0.40800000000000003
7039.676678581238,0.528,0.392
7039.676933724086,0.512,0.4
7039.677188866933,0.52,0.41600000000000004
7039.677444009781,0.512,0.4
7039.6776991526285,0.536,0.40800000000000003
7039.677954295476,0.504,0.40800000000000003
7039.678209438324,0.512,0.392
7039.678464581171,0.504,0.4
7039.678719724019,0.52,0.40800000000000003
7039.686932563782,0.52,0.0
7039.687175772786,0.504,-0.016
7039.687418981791,0.52,-0.008
7039.687662190795,0.512,0.0
7039.687905399799,0.528,0.0
7039.688148608804,0.504,-0.016
7039.688391817808,0.504,-0.016
7039.688635026812,0.528,0.0
7039.688878235817,0.52,0.0
7039.6891214448215,0.512,-0.016
7039.689364653826,0.512,0.0
7039.689607862831,0.528,-0.016
7039.689851071835,0.512,0.0
7039.690094280839,0.52,-0.016
7039.690337489843,0.512,0.0
7039.690580698848,0.52,-0.008
7039.690823907852,0.504,0.0
7039.691067116856,0.528,-0.016
7039.691310325861,0.512,0.0
7039.691553534865,0.528,-0.016
7039.691796743869,0.52,-0.008
7039.692039952874,0.504,0.024
7039.692283161879,0.528,0.024
7039.692526370883,0.512,0.128
7039.692769579888,0.536,0.136
7039.693012788892,0.504,0.28
7039.693255997896,0.504,0.28800000000000003
7039.693499206901,0.528,0.368
7039.693742415905,0.536,0.376
7039.693985624909,0.512,0.4
7039.694228833914,0.52,0.392
7039.694472042918,0.496,0.40800000000000003
7039.694715251922,0.504,0.4
7039.694958460927,0.512,0.41600000000000004
7039.6952016699315,0.504,0.40800000000000003
7039.695444878936,0.528,0.424
7039.695688087941,0.512,0.40800000000000003
7039.695931296945,0.528,0.4
7039.696174505949,0.512,0.4
7039.696417714953,0.528,0.41600000000000004
7039.696660923958,0.512,0.4
7039.696904132962,0.52,0.41600000000000004
7039.697147341966,0.512,0.40800000000000003
7039.697390550971,0.528,0.41600000000000004
7039.697633759975,0.512,0.40800000000000003
7039.6978769689795,0.528,0.4
7039.6981201779845,0.52,0.40800000000000003
7039.698363386989,0.496,0.4
7039.698606595993,0.496,0.40800000000000003
7039.698849804998,0.512,0.4
7039.699093014002,0.504,0.40800000000000003
7039.699336223006,0.512,0.41600000000000004
7039.699579432011,0.496,0.41600000000000004
7039.699822641015,0.512,0.40800000000000003
7039.700065850019,0.504,0.40800000000000003
7039.700309059024,0.52,0.392
7039.700552268028,0.512,0.4
7039.700795477032,0.528,0.41600000000000004
7039.7010386860375,0.512,0.41600000000000004
7039.701281895042,0.52,0.4
7039.701525104046,0.512,0.4
7039.701768313051,0.52,0.41600000000000004
7039.702011522055,0.512,0.41600000000000004
7039.702254731059,0.528,0.4
7039.702497940063,0.528,0.40800000000000003
7039.702741149068,0.504,0.4
7039.702984358072,0.504,0.4
7039.703227567076,0.52,0.41600000000000004
7039.703470776081,0.528,0.40800000000000003
7039.703713985085,0.512,0.41600000000000004
7039.7039571940895,0.52,0.41600000000000004
7039.704200403095,0.504,0.4
7039.704443612099,0.496,0.40800000000000003
7039.704686821103,0.512,0.4
7039.704930030108,0.504,0.4
7039.705173239112,0.52,0.41600000000000004
7039.705416448116,0.504,0.40800000000000003
7039.705659657121,0.512,0.40800000000000003
7039.705902866125,0.504,0.41600000000000004
7039.706146075129,0.52,0.4
7039.706389284134,0.52,0.41600000000000004
7039.706632493138,0.504,0.4
7039.7068757021425,0.52,0.40800000000000003
7039.7071189111475,0.504,0.392
7039.707362120152,0.504,0.40800000000000003
7039.707605329156,0.52,0.424
7039.707848538161,0.512,0.40800000000000003
7039.708091747165,0.528,0.424
7039.708334956169,0.52,0.40800000000000003
7039.708578165173,0.528,0.41600000000000004
7039.708821374178,0.52,0.41600000000000004
7039.709064583182,0.536,0.4
7039.709307792186,0.52,0.41600000000000004
7039.709551001191,0.536,0.392
7039.7097942101955,0.536,0.392
7039.7100374192,0.52,0.41600000000000004
7039.710280628205,0.52,0.40800000000000003
7039.710523837209,0.528,0.41600000000000004
7039.710767046213,0.52,0.41600000000000004
7039.711010255218,0.536,0.4
7039.711253464222,0.528,0.40800000000000003
7039.711496673226,0.512,0.4
7039.711739882231,0.52,0.4
7039.711983091235,0.536,0.41600000000000004
7039.712226300239,0.536,0.41600000000000004
7039.712469509244,0.52,0.4
7039.712712718248,0.52,0.4
7039.712955927253,0.536,0.40800000000000003
7039.713199136258,0.52,0.4
7039.713442345262,0.536,0.40800000000000003
7039.713685554266,0.52,0.4
7039.713928763271,0.536,0.40800000000000003
7039.714171972275,0.52,0.4
7039.714415181279,0.528,0.40800000000000003
7039.714658390283,0.52,0.40800000000000003
7039.714901599288,0.528,0.4
7039.715144808292,0.528,0.40800000000000003
7039.715388017296,0.512,0.4
7039.715631226301,0.52,0.40800000000000003
7039.7158744353055,0.536,0.392
7039.71611764431,0.528,0.392
7039.716360853315,0.512,0.41600000000000004
7039.716604062319,0.52,0.41600000000000004
7039.716847271323,0.512,0.4
7039.717090480328,0.512,0.4
7039.717333689332,0.528,0.384
7039.717576898336,0.512,0.392
7039.717820107341,0.52,0.41600000000000004
7039.718063316345,0.528,0.41600000000000004
7039.718306525349,0.504,0.4
7039.718549734354,0.504,0.41600000000000004
7039.7187929433585,0.52,0.4
7039.719036152363,0.504,0.4
7039.719279361368,0.52,0.41600000000000004
7039.719522570372,0.504,0.4
7039.719765779376,0.512,0.40800000000000003
7039.720008988381,0.504,0.4
7039.720252197385,0.528,0.40800000000000003
7039.720495406389,0.528,0.40800000000000003
7039.720738615393,0.512,0.4
7039.720981824398,0.528,0.40800000000000003
7039.721225033402,0.496,0.392
7039.721468242406,0.504,0.4
7039.7217114514115,0.528,0.41600000000000004
7039.721954660416,0.528,0.40800000000000003
7039.72219786942,0.504,0.41600000000000004
7039.722441078425,0.504,0.41600000000000004
7039.722684287429,0.528,0.4
7039.722927496433,0.512,0.40800000000000003
7039.723170705438,0.536,0.392
7039.723413914442,0.528,0.4
7039.723657123446,0.504,0.41600000000000004
7039.723900332451,0.496,0.41600000000000004
7039.724143541455,0.512,0.4
7039.724386750459,0.504,0.4
7039.724629959464,0.52,0.41600000000000004
7039.724873168469,0.512,0.40800000000000003
7039.725116377473,0.536,0.41600000000000004
7039.725359586478,0.528,0.41600000000000004
7039.725602795482,0.504,0.4
7039.725846004486,0.504,0.4
7039.726089213491,0.512,0.392
7039.726332422495,0.512,0.392
7039.726575631499,0.536,0.40800000000000003
7039.726818840503,0.536,0.40800000000000003
7039.727062049508,0.512,0.424
7039.727305258512,0.512,0.41600000000000004
7039.7275484675165,0.528,0.4
7039.7277916765215,0.512,0.4
7039.728034885526,0.528,0.40800000000000003
7039.72827809453,0.52,0.41600000000000004
7039.728521303535,0.504,0.40800000000000003
7039.728764512539,0.512,0.424
7039.729007721543,0.528,0.40800000000000003
7039.729250930548,0.528,0.41600000000000004
7039.729494139552,0.512,0.4
7039.729737348556,0.52,0.41600000000000004
7039.729980557561,0.504,0.4
7039.730223766565,0.512,0.40800000000000003
7039.7304669755695,0.528,0.4
7039.7307101845745,0.52,0.4
7039.730953393579,0.496,0.41600000000000004
7039.731196602583,0.496,0.4
7039.731439811588,0.512,0.40800000000000003
7039.731683020592,0.504,0.4
7039.731926229596,0.52,0.40800000000000003
7039.732169438601,0.512,0.392
7039.732412647605,0.52,0.41600000000000004
7039.732655856609,0.512,0.40800000000000003
7039.732899065613,0.528,0.41600000000000004
7039.733142274618,0.512,0.4
7039.733385483622,0.528,0.41600000000000004
7039.733628692627,0.504,0.4
7039.733871901632,0.512,0.41600000000000004
7039.734115110636,0.504,0.392
7039.73435831964,0.52,0.41600000000000004
7039.734601528645,0.512,0.40800000000000003
7039.734844737649,0.528,0.424
7039.735087946653,0.512,0.41600000000000004
7039.735331155658,0.528,0.40800000000000003
7039.735574364662,0.52,0.424
7039.735817573666,0.504,0.40800000000000003
7039.736060782671,0.512,0.41600000000000004
7039.736303991675,0.528,0.40800000000000003
7039.7365472006795,0.512,0.40800000000000003
7039.7367904096845,0.528,0.4
7039.737033618689,0.512,0.4
7039.737276827693,0.52,0.40800000000000003
7039.737520036698,0.512,0.4
7039.737763245702,0.536,0.40800000000000003
7039.738006454706,0.528,0.40800000000000003
7039.738249663711,0.504,0.41600000000000004
7039.738492872715,0.504,0.40800000000000003
7039.738736081719,0.528,0.424
7039.738979290723,0.528,0.40800000000000003
7039.739222499728,0.504,0.424
7039.7394657087325,0.504,0.41600000000000004
7039.739708917737,0.52,0.4
7039.739952126742,0.52,0.4
7039.740195335746,0.536,0.41600000000000004
7039.74043854475,0.528,0.40800000000000003
7039.740681753755,0.512,0.4
7039.740924962759,0.52,0.4
7039.741168171763,0.528,0.40800000000000003
7039.741411380768,0.52,0.4
7039.741654589772,0.528,0.40800000000000003
7039.741897798776,0.52,0.4
7039.742141007781,0.528,0.40800000000000003
7039.7423842167855,0.52,0.40800000000000003
7039.74262742579,0.536,0.4
7039.742870634795,0.52,0.4
7039.743113843799,0.536,0.41600000000000004
7039.743357052803,0.52,0.4
7039.743600261808,0.536,0.41600000000000004
7039.743843470812,0.52,0.392
7039.744086679816,0.536,0.424
7039.744329888821,0.52,0.40800000000000003
7039.744573097825,0.536,0.424
7039.744816306829,0.536,0.41600000000000004
7039.745059515833,0.52,0.392
7039.745302724838,0.52,0.392
7039.745545933843,0.536,0.40800000000000003
7039.745789142847,0.52,0.40800000000000003
7039.746032351852,0.536,0.41600000000000004
7039.746275560856,0.52,0.40800000000000003
7039.74651876986,0.528,0.424
7039.746761978865,0.52,0.41600000000000004
7039.747005187869,0.536,0.40800000000000003
7039.747248396873,0.536,0.41600000000000004
7039.747491605878,0.52,0.4
7039.747734814882,0.536,0.40800000000000003
7039.747978023886,0.52,0.41600000000000004
7039.748221232891,0.52,0.40800000000000003
7039.7484644418955,0.536,0.41600000000000004
7039.7487076509,0.52,0.41600000000000004
7039.748950859905,0.536,0.40800000000000003
7039.749194068909,0.52,0.41600000000000004
7039.749437277913,0.536,0.4
7039.749680486918,0.52,0.4
7039.749923695922,0.536,0.40800000000000003
7039.750166904926,0.528,0.4
7039.750410113931,0.512,0.41600000000000004
7039.750653322935,0.52,0.40800000000000003
7039.750896531939,0.528,0.424
7039.7511397409435,0.52,0.40800000000000003
7039.7513829499485,0.528,0.424
7039.751626158953,0.52,0.41600000000000004
7039.751869367957,0.536,0.4
7039.752112576962,0.52,0.40800000000000003
7039.752355785966,0.536,0.384
7039.75259899497,0.52,0.376
7039.752842203975,0.528,0.336
7039.753085412979,0.52,0.328
7039.753328621983,0.528,0.184
7039.753571830988,0.52,0.168
7039.753815039992,0.536,0.056
7039.754058248996,0.536,0.056
7039.7543014580015,0.512,0.008
7039.754544667006,0.52,0.016
7039.75478787601,0.504,-0.008
7039.755031085015,0.504,0.0
7039.755274294019,0.52,-0.008
7039.755517503023,0.528,-0.008
7039.755760712028,0.504,0.0
7039.756003921032,0.512,0.0
7039.756247130036,0.496,-0.008
7039.756490339041,0.496,-0.008
7039.756733548045,0.52,0.0
7039.756976757049,0.504,-0.008
7039.7572199660535,0.512,0.0
7039.757463175059,0.512,0.0
7039.757706384063,0.52,-0.008
7039.757949593067,0.528,0.0
7039.758192802072,0.504,-0.008
7039.758436011076,0.504,-0.008
7039.75867922008,0.512,0.0
7039.758922429085,0.512,0.0
7039.759165638089,0.496,-0.008
7039.759408847093,0.52,0.0
7039.759652056098,0.504,-0.008
7039.759895265102,0.512,0.0
7039.7601384741065,0.52,-0.008
7039.7603816831115,0.512,0.0
7039.760624892116,0.52,-0.008
7039.76086810112,0.512,0.0
7039.761111310125,0.528,-0.008
7039.761354519129,0.512,0.0
7039.761597728133,0.528,-0.008
7039.761840937138,0.512,0.0
7039.762084146142,0.528,-0.008
7039.762327355146,0.528,0.0
7039.762570564151,0.504,-0.008
7039.762813773155,0.504,0.0
7039.7630569821595,0.52,-0.008
7039.763300191164,0.504,0.0
7039.763543400169,0.512,-0.008
7039.763786609173,0.504,-0.008
7039.764029818177,0.52,0.0
7039.764273027182,0.512,0.0
7039.764516236186,0.528,-0.008
7039.76475944519,0.512,0.0
7039.765002654195,0.496,-0.008
7039.765245863199,0.504,0.0
7039.765489072203,0.52,-0.008
7039.765732281208,0.512,0.0
7039.765975490212,0.496,-0.008
7039.766218699217,0.504,0.0
7039.766461908222,0.512,-0.008
7039.766705117226,0.504,0.0
7039.76694832623,0.52,-0.008
7039.767191535235,0.512,0.0
7039.767434744239,0.528,-0.008
7039.767677953243,0.512,0.0
7039.767921162248,0.52,-0.016
7039.768164371252,0.52,0.0
7039.768407580256,0.504,-0.008
7039.768650789261,0.504,0.0
7039.768893998265,0.52,-0.008
7039.7691372072695,0.504,0.0
7039.769380416274,0.52,-0.008
7039.769623625279,0.528,0.0
7039.769866834283,0.504,-0.008
7039.770110043287,0.504,-0.008
7039.770353252292,0.52,0.0
7039.770596461296,0.504,0.0
7039.7708396703,0.52,-0.008
7039.771082879305,0.504,-0.008
7039.771326088309,0.528,0.0
7039.771569297313,0.512,0.0
7039.771812506318,0.528,-0.016
7039.7720557153225,0.528,0.0
7039.772298924327,0.504,-0.008
7039.772542133332,0.504,-0.016
7039.772785342336,0.528,0.0
7039.77302855134,0.536,-0.008
7039.773271760345,0.512,0.0
7039.773514969349,0.528,0.0
7039.773758178353,0.504,-0.008
7039.774001387358,0.512,0.0
7039.774244596362,0.528,-0.008
7039.774487805366,0.512,-0.008
7039.774731014371,0.528,0.0
7039.7749742233755,0.52,-0.008
7039.77521743238,0.504,0.0
7039.775460641384,0.512,0.0
7039.775703850389,0.528,-0.008
7039.775947059393,0.504,0.0
7039.776190268397,0.52,-0.008
7039.776433477402,0.512,-0.016
7039.776676686406,0.52,0.0
7039.77691989541,0.52,0.0
7039.777163104415,0.512,-0.016
7039.777406313419,0.512,0.0
7039.777649522423,0.52,-0.016
7039.777892731428,0.512,-0.008
7039.778135940433,0.528,0.0
7039.778379149437,0.512,0.0
7039.778622358442,0.528,-0.008
7039.778865567446,0.536,-0.016
7039.77910877645,0.504,0.0
7039.779351985455,0.504,0.0
7039.779595194459,0.52,-0.008
7039.779838403463,0.504,0.0
7039.780081612468,0.52,-0.016
7039.780324821472,0.52,0.0
7039.780568030476,0.512,-0.016
7039.780811239481,0.512,0.0
7039.7810544484855,0.528,-0.016
7039.78129765749,0.528,0.0
7039.781540866494,0.504,-0.016
7039.781784075499,0.504,0.0
7039.782027284503,0.52,-0.016
7039.782270493507,0.512,-0.016
7039.782513702512,0.528,0.0
7039.782756911516,0.512,0.0
7039.78300012052,0.528,-0.016
7039.783243329525,0.52,0.0
7039.783486538529,0.504,-0.008
7039.7837297475335,0.504,-0.016
7039.7839729565385,0.52,0.0
7039.784216165543,0.512,-0.008
7039.784459374547,0.528,0.0
7039.784702583552,0.52,0.0
7039.784945792556,0.504,-0.016
7039.78518900156,0.512,0.0
7039.785432210565,0.528,-0.008
7039.785675419569,0.52,-0.008
7039.785918628573,0.504,0.0
7039.786161837578,0.52,0.0
7039.786405046582,0.504,-0.016
7039.786648255586,0.504,0.0
7039.7868914645915,0.52,-0.016
7039.787134673596,0.504,0.0
7039.7873778826,0.512,-0.016
7039.787621091604,0.504,0.0
7039.787864300609,0.52,-0.016
7039.788107509613,0.512,0.0
7039.788350718617,0.496,-0.008
7039.788593927622,0.504,0.0
7039.788837136626,0.52,-0.008
7039.78908034563,0.504,0.0
7039.789323554635,0.52,-0.016
7039.789566763639,0.512,-0.016
7039.7898099726435,0.528,0.0
7039.790053181649,0.512,-0.008
7039.790296390653,0.528,0.0
7039.790539599657,0.512,-0.008
7039.790782808662,0.52,0.0
7039.791026017666,0.504,0.0
7039.79126922667,0.52,-0.016
7039.791512435675,0.504,-0.008
7039.791755644679,0.52,0.0
7039.791998853683,0.512,0.0
7039.792242062688,0.528,-0.016
7039.792485271692,0.528,0.0
7039.7927284806965,0.504,-0.008
7039.7929716897015,0.504,0.0
7039.793214898706,0.52,-0.016
7039.79345810771,0.512,0.0
7039.793701316714,0.528,-0.016
7039.793944525719,0.512,0.0
7039.794187734723,0.536,-0.016
7039.794430943727,0.504,0.0
7039.794674152732,0.52,-0.008
7039.794917361736,0.512,0.0
7039.79516057074,0.528,-0.016
7039.795403779745,0.512,0.0
7039.7956469887495,0.528,-0.016
7039.795890197754,0.528,0.0
7039.796133406759,0.504,-0.008
7039.796376615763,0.504,-0.008
7039.796619824767,0.528,0.0
7039.796863033772,0.504,0.0
7039.797106242776,0.52,-0.016
7039.79734945178,0.504,0.0
7039.797592660785,0.536,-0.016
7039.797835869789,0.52,0.0
7039.798079078793,0.528,-0.016
7039.798322287798,0.52,-0.008
7039.798565496802,0.536,0.0
7039.798808705807,0.52,0.0
7039.799051914812,0.544,-0.016
7039.799295123816,0.52,0.0
7039.79953833282,0.536,-0.016
7039.799781541824,0.52,-0.016
7039.800024750829,0.536,0.0
7039.800267959833,0.52,-0.016
7039.800511168837,0.528,0.0
7039.800754377842,0.52,0.0
7039.800997586846,0.528,-0.016
7039.80124079585,0.52,-0.016
7039.801484004855,0.528,0.0
7039.8017272138595,0.52,0.0
7039.801970422864,0.536,-0.016
7039.802213631869,0.52,0.0
7039.802456840873,0.528,-0.008
7039.802700049877,0.52,0.0
7039.802943258882,0.528,-0.016
7039.803186467886,0.52,-0.016
7039.80342967689,0.536,0.0
7039.803672885895,0.536,0.0
7039.803916094899,0.512,-0.016
7039.804159303903,0.52,0.0
7039.804402512908,0.528,-0.016
7039.8046457219125,0.52,0.0
7039.804888930917,0.536,-0.008
7039.805132139922,0.52,0.0
7039.805375348926,0.528,-0.016
7039.80561855793,0.52,-0.008
7039.805861766934,0.528,0.0
7039.806104975939,0.52,0.0
7039.806348184943,0.536,-0.016
7039.806591393947,0.52,0.0
7039.806834602952,0.528,-0.016
7039.807077811956,0.52,-0.016
7039.80732102096,0.528,0.0
7039.8075642299655,0.52,0.0
7039.80780743897,0.528,-0.016
7039.808050647974,0.52,0.0
7039.808293856979,0.528,-0.016
7039.808537065983,0.528,-0.008
7039.808780274987,0.512,0.0
7039.809023483992,0.52,-0.008
7039.809266692996,0.536,0.0
7039.809509902,0.52,-0.016
7039.809753111005,0.536,0.0
7039.809996320009,0.52,0.0
7039.810239529013,0.536,-0.016
7039.810482738018,0.536,0.0
7039.810725947023,0.52,-0.016
7039.810969156027,0.52,-0.016
7039.811212365032,0.536,0.0
7039.811455574036,0.52,0.0
7039.81169878304,0.528,-0.016
7039.811941992044,0.536,-0.016
7039.812185201049,0.52,0.0
7039.812428410053,0.52,0.0
7039.812671619057,0.536,-0.016
7039.812914828062,0.52,0.0
7039.813158037066,0.528,-0.008
7039.8134012460705,0.536,-0.008
7039.8136444550755,0.512,0.024
7039.81388766408,0.52,0.024
7039.814130873084,0.536,0.12
7039.814374082089,0.528,0.128
7039.814617291093,0.512,0.28800000000000003
7039.814860500097,0.512,0.296
7039.815103709102,0.528,0.368
7039.815346918106,0.512,0.376
7039.81559012711,0.52,0.4
7039.815833336115,0.512,0.4
7039.816076545119,0.528,0.41600000000000004
7039.8163197541235,0.512,0.40800000000000003
7039.8165629631285,0.52,0.41600000000000004
7039.816806172133,0.512,0.41600000000000004
7039.817049381137,0.528,0.40800000000000003
7039.817292590142,0.52,0.40800000000000003
7039.817535799146,0.504,0.41600000000000004
7039.81777900815,0.52,0.41600000000000004
7039.818022217154,0.496,0.4
7039.818265426159,0.496,0.40800000000000003
7039.818508635163,0.52,0.392
7039.818751844167,0.504,0.40800000000000003
7039.818995053172,0.52,0.41600000000000004
7039.819238262176,0.512,0.40800000000000003
7039.819481471181,0.528,0.424
7039.819724680186,0.504,0.40800000000000003
7039.81996788919,0.52,0.424
7039.820211098194,0.52,0.41600000000000004
7039.820454307199,0.496,0.40800000000000003
7039.820697516203,0.504,0.41600000000000004
7039.820940725207,0.52,0.4
7039.821183934212,0.504,0.4
7039.821427143216,0.528,0.41600000000000004
7039.82167035222,0.512,0.4
7039.821913561225,0.528,0.41600000000000004
7039.822156770229,0.512,0.4
7039.8223999792335,0.528,0.41600000000000004
7039.8226431882385,0.536,0.41600000000000004
7039.822886397243,0.504,0.40800000000000003
7039.823129606247,0.512,0.424
7039.823372815252,0.528,0.40800000000000003
7039.823616024256,0.512,0.40800000000000003
7039.82385923326,0.528,0.424
7039.824102442264,0.52,0.41600000000000004
7039.824345651269,0.496,0.40800000000000003
7039.824588860273,0.504,0.41600000000000004
7039.824832069277,0.536,0.40800000000000003
7039.825075278282,0.52,0.40800000000000003
7039.8253184872865,0.528,0.41600000000000004
7039.825561696291,0.52,0.41600000000000004
7039.825804905296,0.528,0.392
7039.8260481143,0.52,0.392
7039.826291323304,0.528,0.41600000000000004
7039.826534532309,0.52,0.4
7039.826777741313,0.536,0.41600000000000004
7039.827020950317,0.52,0.40800000000000003
7039.827264159322,0.528,0.392
7039.827507368326,0.52,0.4
7039.82775057733,0.528,0.41600000000000004
7039.827993786335,0.512,0.40800000000000003
7039.8282369953395,0.536,0.424
7039.828480204344,0.52,0.40800000000000003
7039.828723413349,0.512,0.424
7039.828966622353,0.512,0.40800000000000003
7039.829209831357,0.52,0.4
7039.829453040362,0.512,0.4
7039.829696249366,0.528,0.41600000000000004
7039.82993945837,0.512,0.40800000000000003
7039.830182667374,0.528,0.4
7039.830425876379,0.504,0.40800000000000003
7039.830669085383,0.52,0.41600000000000004
7039.830912294387,0.496,0.4
7039.831155503392,0.52,0.41600000000000004
7039.831398712397,0.52,0.40800000000000003
7039.831641921401,0.504,0.392
7039.831885130406,0.528,0.4
7039.83212833941,0.504,0.40800000000000003
7039.832371548414,0.504,0.4
7039.832614757419,0.528,0.41600000000000004
7039.832857966423,0.52,0.40800000000000003
7039.833101175427,0.528,0.424
7039.833344384432,0.52,0.41600000000000004
7039.833587593436,0.536,0.4
7039.83383080244,0.52,0.4
7039.834074011445,0.536,0.41600000000000004
7039.8343172204495,0.52,0.4
7039.834560429454,0.528,0.392
7039.834803638459,0.52,0.40800000000000003
7039.835046847463,0.528,0.392
7039.835290056467,0.52,0.4
7039.835533265472,0.536,0.41600000000000004
7039.835776474476,0.52,0.4
7039.83601968348,0.536,0.41600000000000004
7039.836262892484,0.528,0.41600000000000004
7039.836506101489,0.512,0.4
7039.836749310493,0.52,0.40800000000000003
7039.8369925194975,0.536,0.392
7039.8372357285025,0.528,0.4
7039.837478937507,0.52,0.41600000000000004
7039.837722146511,0.52,0.4
7039.837965355516,0.536,0.41600000000000004
7039.83820856452,0.52,0.4
7039.838451773524,0.536,0.41600000000000004
7039.838694982529,0.528,0.4
7039.838938191533,0.52,0.41600000000000004
7039.839181400537,0.52,0.4
7039.839424609542,0.536,0.41600000000000004
7039.839667818546,0.52,0.40800000000000003
7039.83991102755,0.528,0.4
7039.8401542365555,0.52,0.392
7039.84039744556,0.536,0.40800000000000003
7039.840640654564,0.52,0.4
7039.840883863569,0.528,0.41600000000000004
7039.841127072573,0.52,0.41600000000000004
7039.841370281577,0.536,0.4
7039.841613490582,0.52,0.40800000000000003
7039.841856699586,0.536,0.4
7039.84209990859,0.52,0.40800000000000003
7039.842343117594,0.528,0.424
7039.842586326599,0.528,0.40800000000000003
7039.842829535603,0.504,0.424
7039.8430727446075,0.52,0.40800000000000003
7039.843315953613,0.504,0.41600000000000004
7039.843559162617,0.512,0.40800000000000003
7039.843802371621,0.528,0.4
7039.844045580626,0.528,0.4
7039.84428878963,0.504,0.40800000000000003
7039.844531998634,0.504,0.41600000000000004
7039.844775207639,0.52,0.4
7039.845018416643,0.52,0.4
7039.845261625647,0.504,0.41600000000000004
7039.845504834652,0.504,0.41600000000000004
7039.845748043656,0.512,0.4
7039.8459912526605,0.504,0.4
7039.8462344616655,0.528,0.41600000000000004
7039.84647767067,0.512,0.40800000000000003
7039.846720879674,0.528,0.4
7039.846964088679,0.52,0.40800000000000003
7039.847207297683,0.512,0.4
7039.847450506687,0.512,0.4
7039.847693715692,0.52,0.41600000000000004
7039.847936924696,0.512,0.40800000000000003
7039.8481801337,0.52,0.424
7039.848423342704,0.512,0.41600000000000004
7039.848666551709,0.528,0.40800000000000003
7039.8489097607135,0.512,0.40800000000000003
7039.849152969718,0.528,0.4
7039.849396178723,0.52,0.40800000000000003
7039.849639387727,0.512,0.4
7039.849882596731,0.512,0.4
7039.850125805736,0.528,0.40800000000000003
7039.85036901474,0.512,0.4
7039.850612223744,0.528,0.41600000000000004
7039.850855432749,0.512,0.4
7039.851098641753,0.528,0.41600000000000004
7039.851341850757,0.528,0.4
7039.851585059762,0.504,0.41600000000000004
7039.851828268766,0.504,0.4
7039.852071477771,0.512,0.41600000000000004
7039.852314686776,0.52,0.40800000000000003
7039.85255789578,0.504,0.4
7039.852801104784,0.512,0.40800000000000003
7039.853044313789,0.52,0.392
7039.853287522793,0.512,0.4
7039.853530731797,0.528,0.41600000000000004
7039.853773940802,0.528,0.41600000000000004
7039.854017149806,0.504,0.40800000000000003
7039.85426035881,0.504,0.40800000000000003
7039.854503567814,0.52,0.392
7039.854746776819,0.512,0.40800000000000003
7039.8549899858235,0.528,0.392
7039.855233194828,0.528,0.4
7039.855476403833,0.504,0.41600000000000004
7039.855719612837,0.52,0.40800000000000003
7039.855962821841,0.504,0.41600000000000004
7039.856206030846,0.512,0.40800000000000003
7039.85644923985,0.528,0.4
7039.856692448854,0.512,0.4
7039.856935657859,0.52,0.40800000000000003
7039.857178866863,0.512,0.40800000000000003
7039.857422075867,0.52,0.392
7039.857665284872,0.512,0.392
7039.8579084938765,0.528,0.41600000000000004
7039.858151702881,0.528,0.41600000000000004
7039.858394911886,0.504,0.40800000000000003
7039.85863812089,0.504,0.40800000000000003
7039.858881329894,0.52,0.41600000000000004
7039.859124538899,0.52,0.41600000000000004
7039.859367747903,0.496,0.4
7039.859610956907,0.504,0.4
7039.859854165912,0.512,0.41600000000000004
7039.860097374916,0.504,0.41600000000000004
7039.86034058392,0.52,0.4
7039.860583792924,0.512,0.4
7039.8608270019295,0.528,0.41600000000000004
7039.861070210934,0.512,0.41600000000000004
7039.861313419938,0.52,0.40800000000000003
7039.861556628943,0.512,0.40800000000000003
7039.861799837947,0.52,0.41600000000000004
7039.862043046951,0.528,0.4
7039.862286255956,0.504,0.41600000000000004
7039.86252946496,0.512,0.4
7039.862772673964,0.496,0.40800000000000003
7039.863015882969,0.496,0.4
7039.863259091973,0.512,0.41600000000000004
7039.863502300977,0.52,0.41600000000000004
7039.863745509982,0.504,0.4
7039.863988718987,0.512,0.4
7039.864231927991,0.528,0.40800000000000003
7039.864475136996,0.512,0.40800000000000003
7039.864718346,0.52,0.392
7039.864961555004,0.52,0.4
7039.865204764009,0.504,0.40800000000000003
7039.865447973013,0.496,0.40800000000000003
7039.865691182017,0.512,0.41600000000000004
7039.865934391022,0.504,0.41600000000000004
7039.866177600026,0.512,0.4
7039.86642080903,0.504,0.40800000000000003
7039.8666640180345,0.528,0.4
7039.8669072270395,0.52,0.4
7039.867150436044,0.504,0.40800000000000003
7039.867393645048,0.512,0.4
7039.867636854053,0.528,0.41600000000000004
7039.867880063057,0.512,0.40800000000000003
7039.868123272061,0.52,0.41600000000000004
7039.868366481066,0.512,0.4
7039.86860969007,0.528,0.40800000000000003
7039.868852899074,0.512,0.4
7039.869096108079,0.528,0.40800000000000003
7039.869339317083,0.512,0.4
7039.8695825260875,0.528,0.40800000000000003
7039.8698257350925,0.528,0.41600000000000004
7039.870068944097,0.504,0.4
7039.870312153101,0.504,0.40800000000000003
7039.870555362106,0.512,0.424
7039.87079857111,0.504,0.41600000000000004
7039.871041780114,0.52,0.4
7039.871284989119,0.504,0.4
7039.871528198123,0.52,0.41600000000000004
7039.871771407127,0.52,0.41600000000000004
7039.872014616132,0.504,0.4
7039.872257825136,0.512,0.4
7039.87250103414,0.52,0.41600000000000004
7039.872744243145,0.512,0.40800000000000003
7039.87298745215,0.528,0.424
7039.873230661154,0.528,0.424
7039.873473870158,0.504,0.40800000000000003
7039.873717079163,0.504,0.40800000000000003
7039.873960288167,0.512,0.392
7039.874203497171,0.504,0.384
7039.874446706176,0.52,0.328
7039.87468991518,0.496,0.328
7039.874933124184,0.52,0.184
7039.875176333189,0.504,0.176
7039.875419542193,0.52,0.064
7039.8756627511975,0.512,0.064
7039.8759059602025,0.528,0.016
7039.876149169207,0.512,0.016
7039.876392378211,0.528,-0.008
7039.876635587216,0.528,0.0
7039.87687879622,0.496,-0.008
7039.877122005224,0.504,0.0
7039.877365214229,0.512,-0.008
7039.877608423233,0.504,-0.008
7039.877851632237,0.512,0.0
7039.878094841242,0.504,-0.008
7039.878338050246,0.512,0.0
7039.8785812592505,0.504,0.0
7039.878824468255,0.52,-0.008
7039.87906767726,0.512,0.0
7039.879310886264,0.52,-0.008
7039.879554095268,0.512,-0.008
7039.879797304273,0.528,0.0
7039.880040513277,0.512,-0.008
7039.880283722281,0.528,0.0
7039.880526931286,0.512,0.0
7039.88077014029,0.52,-0.008
7039.881013349294,0.512,0.0
7039.881256558299,0.528,-0.008
7039.8814997673035,0.52,-0.008
7039.881742976308,0.504,0.0
7039.881986185313,0.512,-0.008
7039.882229394317,0.536,0.0
7039.882472603321,0.536,-0.008
7039.882715812326,0.504,0.0
7039.88295902133,0.52,0.0
7039.883202230334,0.504,-0.008
7039.883445439339,0.512,0.0
7039.883688648343,0.504,-0.008
7039.883931857347,0.496,0.0
7039.884175066352,0.52,-0.008
7039.884418275356,0.512,0.0
7039.884661484361,0.52,-0.008
7039.884904693365,0.512,0.0
7039.88514790237,0.52,-0.008
7039.885391111374,0.512,-0.008
7039.885634320378,0.528,0.0
7039.885877529383,0.512,-0.008
7039.886120738387,0.528,0.0
7039.886363947391,0.512,-0.008
7039.886607156396,0.52,0.0
7039.8868503654,0.512,0.0
7039.887093574404,0.528,-0.008
7039.887336783409,0.528,-0.008
7039.8875799924135,0.512,0.0
7039.887823201418,0.52,0.0
7039.888066410423,0.536,-0.008
7039.888309619427,0.512,-0.008
7039.888552828431,0.528,0.0
7039.888796037436,0.512,0.0
7039.88903924644,0.528,-0.016
7039.889282455444,0.512,0.0
7039.889525664449,0.52,-0.016
7039.889768873453,0.512,-0.008
7039.890012082457,0.528,0.0
7039.890255291462,0.512,0.0
7039.8904985004665,0.52,-0.008
7039.890741709471,0.512,-0.016
7039.890984918475,0.528,0.0
7039.89122812748,0.512,-0.016
7039.891471336484,0.536,0.0
7039.891714545488,0.528,0.0
7039.891957754493,0.504,-0.016
7039.892200963497,0.512,-0.008
7039.892444172501,0.52,0.0
7039.892687381506,0.512,0.0
7039.89293059051,0.52,-0.008
7039.893173799514,0.512,0.0
7039.8934170085195,0.528,-0.008
7039.893660217524,0.512,-0.008
7039.893903426528,0.528,0.0
7039.894146635533,0.512,0.0
7039.894389844537,0.528,-0.016
7039.894633053541,0.528,-0.008
7039.894876262546,0.504,0.0
7039.89511947155,0.504,0.0
7039.895362680554,0.512,-0.008
7039.895605889559,0.504,0.0
7039.895849098563,0.528,-0.008
7039.896092307567,0.528,-0.008
7039.896335516572,0.512,0.0
7039.896578725577,0.52,0.0
7039.896821934581,0.536,-0.008
7039.897065143585,0.528,0.0
7039.89730835259,0.512,-0.008
7039.897551561594,0.512,-0.008
7039.897794770598,0.528,0.0
7039.898037979603,0.528,0.0
7039.898281188607,0.504,-0.016
7039.898524397611,0.504,0.0
7039.898767606616,0.512,-0.008
7039.89901081562,0.504,-0.016
7039.8992540246245,0.52,0.0
7039.8994972336295,0.496,0.0
7039.899740442634,0.512,-0.008
7039.899983651638,0.52,0.0
7039.900226860643,0.504,-0.008
7039.900470069647,0.512,0.0
7039.900713278651,0.528,-0.016
7039.900956487656,0.512,0.0
7039.90119969666,0.528,-0.016
7039.901442905664,0.512,0.0
7039.901686114669,0.52,-0.016
7039.901929323673,0.512,0.0
7039.9021725326775,0.52,-0.008
7039.9024157416825,0.512,-0.016
7039.902658950687,0.52,0.0
7039.902902159691,0.512,-0.008
7039.903145368695,0.536,0.0
7039.9033885777,0.504,0.0
7039.903631786704,0.52,-0.016
7039.903874995708,0.512,0.0
7039.904118204713,0.52,-0.008
7039.904361413717,0.512,-0.016
7039.904604622721,0.528,0.0
7039.904847831726,0.512,0.0
7039.90509104073,0.528,-0.008
7039.905334249735,0.504,0.0
7039.90557745874,0.52,-0.016
7039.905820667744,0.512,0.0
7039.906063876748,0.528,-0.016
7039.906307085753,0.512,0.0
7039.906550294757,0.528,-0.008
7039.906793503761,0.504,0.0
7039.907036712766,0.512,-0.016
7039.90727992177,0.504,0.0
7039.907523130774,0.512,-0.016
7039.907766339779,0.504,0.0
7039.908009548783,0.52,-0.016
7039.9082527577875,0.512,0.0
7039.9084959667925,0.504,-0.016
7039.908739175797,0.504,0.0
7039.908982384801,0.52,-0.016
7039.909225593805,0.512,0.0
7039.90946880281,0.52,-0.008
7039.909712011814,0.512,0.0
7039.909955220818,0.528,-0.008
7039.910198429823,0.512,0.0
7039.910441638827,0.536,-0.008
7039.910684847831,0.528,0.0
7039.910928056836,0.512,-0.016
7039.9111712658405,0.52,0.0
7039.911414474845,0.528,-0.016
7039.91165768385,0.52,0.0
7039.911900892854,0.536,-0.016
7039.912144101858,0.52,0.0
7039.912387310863,0.536,-0.016
7039.912630519867,0.528,-0.016
7039.912873728871,0.52,0.0
7039.913116937876,0.52,0.0
7039.91336014688,0.536,-0.016
7039.913603355884,0.52,0.0
7039.913846564889,0.504,-0.016
7039.9140897738935,0.504,-0.016
7039.914332982898,0.52,0.0
7039.914576191903,0.512,0.0
7039.914819400907,0.528,-0.008
7039.915062609911,0.512,0.0
7039.915305818915,0.528,-0.016
7039.91554902792,0.528,0.0
7039.915792236924,0.504,-0.008
7039.916035445928,0.528,0.0
7039.916278654933,0.504,-0.016
7039.916521863937,0.504,0.0
7039.916765072941,0.52,-0.008
7039.917008281946,0.512,0.0
7039.917251490951,0.536,-0.016
7039.917494699955,0.52,0.0
7039.91773790896,0.504,-0.016
7039.917981117964,0.504,0.0
7039.918224326968,0.512,-0.016
7039.918467535973,0.504,0.0
7039.918710744977,0.528,-0.016
7039.918953953981,0.52,-0.016
7039.919197162986,0.504,0.0
7039.91944037199,0.512,0.0
7039.919683580994,0.528,-0.016
7039.919926789999,0.52,0.0
7039.9201699990035,0.512,-0.016
7039.920413208008,0.512,0.0
7039.920656417013,0.496,-0.016
7039.920899626017,0.504,0.0
7039.921142835021,0.512,-0.008
7039.921386044025,0.504,0.0
7039.92162925303,0.52,-0.016
7039.921872462034,0.504,0.0
7039.922115671038,0.52,-0.016
7039.922358880043,0.512,-0.016
7039.922602089047,0.536,0.0
7039.9228452980515,0.52,0.0
7039.9230885070565,0.504,-0.016
7039.923331716061,0.504,-0.016
7039.923574925065,0.512,0.0
7039.92381813407,0.504,-0.016
7039.924061343074,0.52,0.0
7039.924304552078,0.512,0.0
7039.924547761083,0.528,-0.008
7039.924790970087,0.512,0.0
7039.925034179091,0.528,-0.016
7039.925277388096,0.528,-0.016
7039.9255205971,0.504,0.0
7039.925763806104,0.512,-0.008
7039.9260070151095,0.528,0.0
7039.926250224114,0.504,-0.008
7039.926493433118,0.512,0.0
7039.926736642123,0.504,-0.016
7039.926979851127,0.512,0.0
7039.927223060131,0.504,-0.016
7039.927466269135,0.52,0.0
7039.92770947814,0.512,0.0
7039.927952687144,0.528,-0.016
7039.928195896148,0.528,0.0
7039.928439105153,0.504,-0.008
7039.928682314157,0.504,-0.016
7039.9289255231615,0.52,0.0
7039.9291687321665,0.528,-0.016
7039.929411941171,0.504,0.0
7039.929655150175,0.504,0.0
7039.92989835918,0.52,-0.016
7039.930141568184,0.52,-0.016
7039.930384777188,0.504,0.0
7039.930627986193,0.52,-0.016
7039.930871195197,0.504,0.0
7039.931114404201,0.52,-0.016
7039.931357613206,0.496,0.0
7039.93160082221,0.496,0.0
7039.9318440312145,0.512,-0.016
7039.9320872402195,0.504,0.0
7039.932330449224,0.52,-0.008
7039.932573658228,0.528,0.0
7039.932816867233,0.504,-0.016
7039.933060076237,0.528,-0.016
7039.933303285241,0.512,0.0
7039.933546494245,0.52,-0.008
7039.93378970325,0.528,0.0
7039.934032912254,0.52,0.0
7039.934276121258,0.536,-0.016
7039.934519330263,0.52,0.0
7039.9347625392675,0.536,-0.008
7039.935005748272,0.536,-0.008
7039.935248957277,0.512,0.016
7039.935492166281,0.52,0.024
7039.935735375285,0.536,0.12
7039.93597858429,0.52,0.128
7039.936221793294,0.528,0.28800000000000003
7039.936465002298,0.52,0.296
7039.936708211303,0.536,0.376
7039.936951420307,0.52,0.376
7039.937194629311,0.536,0.4
7039.937437838316,0.52,0.392
7039.93768104732,0.536,0.40800000000000003
7039.937924256325,0.52,0.4
7039.93816746533,0.528,0.392
7039.938410674334,0.52,0.392
7039.938653883338,0.536,0.41600000000000004
7039.938897092343,0.52,0.40800000000000003
7039.939140301347,0.536,0.424
7039.939383510351,0.52,0.424
7039.939626719355,0.536,0.4
7039.93986992836,0.536,0.40800000000000003
7039.940113137364,0.512,0.4
7039.940356346368,0.52,0.4
7039.940599555373,0.536,0.392
7039.9408427643775,0.52,0.4
7039.941085973382,0.528,0.41600000000000004
7039.941329182387,0.52,0.41600000000000004
7039.941572391391,0.536,0.4
7039.941815600395,0.52,0.40800000000000003
7039.9420588094,0.528,0.4
7039.942302018404,0.52,0.40800000000000003
7039.942545227408,0.536,0.392
7039.942788436413,0.52,0.392
7039.943031645417,0.536,0.40800000000000003
7039.943274854421,0.52,0.392
7039.943518063426,0.528,0.41600000000000004
7039.9437612724305,0.52,0.40800000000000003
7039.944004481435,0.528,0.424
7039.94424769044,0.528,0.40800000000000003
7039.944490899444,0.512,0.424
7039.944734108448,0.512,0.424
7039.944977317453,0.528,0.40800000000000003
7039.945220526457,0.528,0.41600000000000004
7039.945463735461,0.504,0.424
7039.945706944465,0.512,0.424
7039.94595015347,0.528,0.40800000000000003
7039.946193362474,0.512,0.41600000000000004
7039.946436571478,0.528,0.4
7039.9466797804835,0.512,0.4
7039.946922989488,0.528,0.41600000000000004
7039.947166198492,0.504,0.4
7039.947409407497,0.52,0.41600000000000004
7039.947652616501,0.504,0.40800000000000003
7039.947895825505,0.52,0.392
7039.94813903451,0.528,0.384
7039.948382243514,0.504,0.41600000000000004
7039.948625452518,0.504,0.41600000000000004
7039.948868661523,0.52,0.40800000000000003
7039.949111870527,0.512,0.40800000000000003
7039.949355079531,0.528,0.424
7039.949598288536,0.528,0.41600000000000004
7039.949841497541,0.504,0.4
7039.950084706545,0.512,0.40800000000000003
7039.95032791555,0.536,0.40800000000000003
7039.950571124554,0.52,0.40800000000000003
7039.950814333558,0.536,0.4
7039.951057542563,0.52,0.40800000000000003
7039.951300751567,0.536,0.4
7039.951543960571,0.536,0.4
7039.951787169575,0.52,0.41600000000000004
7039.95203037858,0.52,0.41600000000000004
7039.952273587584,0.536,0.392
7039.9525167965885,0.536,0.392
7039.9527600055935,0.52,0.41600000000000004
7039.953003214598,0.52,0.41600000000000004
7039.953246423602,0.528,0.4
7039.953489632607,0.52,0.40800000000000003
7039.953732841611,0.528,0.4
7039.953976050615,0.52,0.40800000000000003
7039.95421925962,0.528,0.4
7039.954462468624,0.536,0.41600000000000004
7039.954705677628,0.512,0.4
7039.954948886633,0.52,0.4
7039.955192095637,0.528,0.40800000000000003
7039.9554353046415,0.52,0.40800000000000003
7039.9556785136465,0.528,0.424
7039.955921722651,0.52,0.40800000000000003
7039.956164931655,0.536,0.424
7039.95640814066,0.536,0.41600000000000004
7039.956651349664,0.52,0.4
7039.956894558668,0.52,0.4
7039.957137767673,0.536,0.40800000000000003
7039.957380976677,0.52,0.40800000000000003
7039.957624185681,0.536,0.392
7039.957867394685,0.52,0.4
7039.95811060369,0.536,0.392
7039.958353812694,0.52,0.4
7039.958597021699,0.528,0.41600000000000004
7039.958840230704,0.52,0.41600000000000004
7039.959083439708,0.536,0.4
7039.959326648712,0.536,0.40800000000000003
7039.959569857717,0.512,0.392
7039.959813066721,0.52,0.40800000000000003
7039.960056275725,0.528,0.41600000000000004
7039.96029948473,0.52,0.40800000000000003
7039.960542693734,0.536,0.392
7039.960785902738,0.52,0.392
7039.961029111743,0.528,0.41600000000000004
7039.961272320747,0.52,0.41600000000000004
7039.9615155297515,0.528,0.4
7039.9617587387565,0.512,0.4
7039.962001947761,0.536,0.40800000000000003
7039.962245156765,0.52,0.40800000000000003
7039.96248836577,0.536,0.424
7039.962731574774,0.52,0.40800000000000003
7039.962974783778,0.528,0.41600000000000004
7039.963217992783,0.52,0.41600000000000004
7039.963461201787,0.536,0.424
7039.963704410791,0.52,0.41600000000000004
7039.963947619795,0.528,0.40800000000000003
7039.9641908288,0.536,0.40800000000000003
7039.9644340378045,0.512,0.41600000000000004
7039.964677246809,0.52,0.41600000000000004
7039.964920455814,0.528,0.4
7039.965163664818,0.52,0.4
7039.965406873822,0.536,0.40800000000000003
7039.965650082827,0.52,0.4
7039.965893291831,0.528,0.40800000000000003
7039.966136500835,0.528,0.392
7039.96637970984,0.512,0.40800000000000003
7039.966622918844,0.528,0.4
7039.966866127848,0.512,0.41600000000000004
7039.967109336853,0.512,0.4
7039.9673525458575,0.528,0.41600000000000004
7039.967595754862,0.536,0.4
7039.967838963867,0.512,0.41600000000000004
7039.968082172871,0.528,0.4
7039.968325381875,0.512,0.41600000000000004
7039.96856859088,0.512,0.41600000000000004
7039.968811799884,0.528,0.4
7039.969055008888,0.512,0.40800000000000003
7039.969298217893,0.496,0.4
7039.969541426897,0.496,0.4
7039.969784635901,0.52,0.392
7039.970027844905,0.512,0.392
7039.97027105391,0.528,0.40800000000000003
7039.970514262915,0.512,0.424
7039.970757471919,0.528,0.40800000000000003
7039.971000680924,0.52,0.41600000000000004
7039.971243889928,0.504,0.4
7039.971487098932,0.512,0.4
7039.971730307937,0.52,0.41600000000000004
7039.971973516941,0.512,0.4
7039.972216725945,0.528,0.40800000000000003
7039.97245993495,0.528,0.40800000000000003
7039.972703143954,0.512,0.392
7039.972946352958,0.512,0.392
7039.973189561963,0.528,0.41600000000000004
7039.9734327709675,0.528,0.41600000000000004
7039.973675979972,0.504,0.40800000000000003
7039.973919188977,0.512,0.40800000000000003
7039.974162397981,0.496,0.41600000000000004
7039.974405606985,0.512,0.392
7039.97464881599,0.528,0.41600000000000004
7039.974892024994,0.52,0.40800000000000003
7039.975135233998,0.504,0.41600000000000004
7039.975378443003,0.52,0.40800000000000003
7039.975621652007,0.512,0.4
7039.975864861011,0.512,0.40800000000000003
7039.9761080700155,0.528,0.4
7039.9763512790205,0.504,0.392
7039.976594488025,0.52,0.41600000000000004
7039.976837697029,0.512,0.424
7039.977080906034,0.528,0.4
7039.977324115038,0.512,0.4
7039.977567324042,0.528,0.41600000000000004
7039.977810533047,0.52,0.4
7039.978053742051,0.504,0.41600000000000004
7039.978296951055,0.504,0.4
7039.97854016006,0.512,0.41600000000000004
7039.998728275299,0.52,-0.016
7039.998979008396,0.536,-0.008
7039.999229741494,0.528,-0.008
7039.999480474591,0.512,-0.016
7039.9997312076885,0.512,-0.016
7039.999981940786,0.528,0.0
7040.000232673883,0.52,-0.016
7040.0004834069805,0.536,0.0
7040.000734140078,0.52,-0.008
7040.000984873175,0.536,-0.016
7040.001235606273,0.52,0.0
7040.001486339371,0.528,-0.016
7040.001737072468,0.52,-0.016
7040.0019878055655,0.536,-0.008
7040.002238538663,0.52,-0.008
7040.00248927176,0.528,-0.016
7040.0027400048575,0.52,-0.008
7040.002990737955,0.528,-0.016
7040.003241471052,0.52,-0.016
7040.00349220415,0.536,0.0
7040.003742937247,0.528,0.0
7040.003993670344,0.512,0.024
7040.004244403442,0.512,0.016
7040.004495136539,0.536,0.136
7040.004745869636,0.52,0.14400000000000002
7040.004996602734,0.528,0.272
7040.005247335831,0.52,0.28
7040.005498068928,0.528,0.34400000000000003
7040.005748802026,0.52,0.34400000000000003
7040.005999535124,0.536,0.368
7040.006250268221,0.52,0.368
7040.006501001319,0.536,0.376
7040.006751734416,0.536,0.376
7040.007002467513,0.512,0.392
7040.007253200611,0.52,0.384
7040.007503933708,0.528,0.392
7040.007754666805,0.512,0.384
7040.008005399903,0.536,0.392
7040.008256133,0.52,0.384
7040.008506866097,0.536,0.384
7040.008757599195,0.52,0.384
7040.009008332292,0.536,0.384
7040.009259065389,0.536,0.384
7040.009509798487,0.512,0.376
7040.009760531584,0.52,0.384
7040.010011264681,0.536,0.368
7040.010261997779,0.528,0.376
7040.010512730877,0.512,0.384
7040.010763463974,0.52,0.384
7040.011014197072,0.536,0.392
7040.011264930169,0.52,0.384
7040.011515663266,0.536,0.368
7040.011766396364,0.52,0.376
7040.012017129461,0.536,0.368
7040.0122678625585,0.52,0.376
7040.012518595656,0.528,0.384
7040.012769328753,0.52,0.384
7040.0130200618505,0.528,0.392
7040.013270794948,0.52,0.392
7040.013521528045,0.536,0.376
7040.013772261143,0.52,0.392
7040.01402299424,0.528,0.376
7040.014273727337,0.512,0.376
7040.014524460435,0.536,0.368
7040.014775193532,0.512,0.376
7040.015025926629,0.536,0.392
7040.0152766597275,0.52,0.384
7040.015527392825,0.536,0.4
7040.015778125922,0.512,0.384
7040.01602885902,0.536,0.376
7040.016279592117,0.52,0.384
7040.016530325214,0.528,0.376
7040.016781058312,0.536,0.368
7040.017031791409,0.512,0.384
7040.017282524506,0.52,0.384
7040.017533257604,0.536,0.4
7040.017783990701,0.512,0.376
7040.018034723798,0.536,0.392
7040.018285456896,0.52,0.376
7040.018536189993,0.528,0.392
7040.01878692309,0.536,0.376
7040.019037656188,0.512,0.368
7040.019288389285,0.536,0.376
7040.019539122382,0.512,0.384
7040.01978985548,0.52,0.384
7040.020040588578,0.528,0.4
7040.020291321675,0.52,0.384
7040.020542054773,0.528,0.384
7040.02079278787,0.52,0.392
7040.021043520967,0.536,0.376
7040.021294254065,0.52,0.392
7040.021544987162,0.536,0.376
7040.021795720259,0.52,0.384
7040.022046453357,0.528,0.376
7040.022297186454,0.52,0.392
7040.0225479195515,0.536,0.376
7040.022798652649,0.52,0.384
7040.023049385746,0.528,0.384
7040.0233001188435,0.512,0.384
7040.023550851941,0.528,0.376
7040.023801585038,0.528,0.368
7040.024052318136,0.512,0.384
7040.024303051233,0.536,0.384
7040.02455378433,0.512,0.392
7040.0248045174285,0.52,0.4
7040.025055250526,0.528,0.384
7040.025305983623,0.52,0.392
7040.0255567167205,0.528,0.384
7040.025807449818,0.528,0.376
7040.026058182915,0.512,0.392
7040.026308916013,0.52,0.384
7040.02655964911,0.536,0.392
7040.026810382207,0.52,0.384
7040.027061115305,0.528,0.392
7040.027311848402,0.52,0.392
7040.027562581499,0.528,0.384
7040.027813314597,0.528,0.384
7040.028064047694,0.512,0.4
7040.028314780791,0.52,0.384
7040.028565513889,0.504,0.4
7040.028816246986,0.512,0.392
7040.029066980083,0.528,0.384
7040.029317713182,0.528,0.384
7040.029568446279,0.496,0.392
7040.029819179376,0.504,0.392
7040.030069912474,0.528,0.376
7040.030320645571,0.52,0.392
7040.030571378668,0.512,0.368
7040.030822111766,0.512,0.368
7040.031072844863,0.52,0.392
7040.03132357796,0.512,0.392
7040.031574311058,0.52,0.376
7040.031825044155,0.512,0.384
7040.032075777252,0.504,0.376
7040.03232651035,0.504,0.376
7040.032577243447,0.512,0.384
7040.0328279765445,0.496,0.376
7040.033078709642,0.512,0.384
7040.033329442739,0.512,0.384
7040.0335801758365,0.496,0.392
7040.033830908934,0.504,0.384
7040.034081642032,0.528,0.376
7040.034332375129,0.512,0.376
7040.034583108227,0.52,0.384
7040.034833841324,0.528,0.376
7040.0350845744215,0.504,0.384
7040.035335307519,0.504,0.368
7040.035586040616,0.528,0.384
7040.0358367737135,0.512,0.376
7040.036087506811,0.52,0.384
7040.036338239908,0.512,0.384
7040.036588973006,0.52,0.4
7040.036839706103,0.512,0.4
7040.0370904392,0.52,0.384
7040.037341172298,0.528,0.384
7040.037591905395,0.504,0.384
7040.037842638492,0.496,0.376
7040.03809337159,0.52,0.392
7040.038344104687,0.52,0.392
7040.038594837784,0.504,0.376
7040.038845570883,0.512,0.384
7040.03909630398,0.528,0.368
7040.039347037077,0.512,0.368
7040.039597770175,0.528,0.384
7040.039848503272,0.52,0.384
7040.040099236369,0.504,0.376
7040.040349969467,0.504,0.376
7040.040600702564,0.512,0.376
7040.040851435661,0.52,0.376
7040.041102168759,0.496,0.392
7040.041352901856,0.504,0.376
7040.041603634953,0.52,0.384
7040.041854368051,0.512,0.384
7040.042105101148,0.52,0.376
7040.042355834245,0.512,0.376
7040.042606567343,0.52,0.384
7040.04285730044,0.512,0.384
7040.0431080335375,0.528,0.376
7040.043358766635,0.52,0.376
7040.043609499733,0.496,0.384
7040.04386023283,0.496,0.376
7040.044110965928,0.512,0.384
7040.044361699025,0.504,0.384
7040.044612432122,0.536,0.376
7040.04486316522,0.512,0.376
7040.045113898317,0.52,0.384
7040.0453646314145,0.512,0.376
7040.045615364512,0.528,0.392
7040.045866097609,0.512,0.376
7040.0461168307065,0.528,0.376
7040.046367563804,0.504,0.376
7040.046618296901,0.52,0.392
7040.046869029999,0.504,0.376
7040.047119763096,0.528,0.384
7040.047370496193,0.512,0.368
7040.047621229291,0.528,0.384
7040.047871962388,0.512,0.384
7040.048122695486,0.528,0.392
7040.048373428584,0.52,0.384
7040.048624161681,0.504,0.376
7040.048874894778,0.512,0.368
7040.049125627876,0.528,0.384
7040.049376360973,0.528,0.384
7040.04962709407,0.504,0.392
7040.049877827168,0.528,0.392
7040.050128560265,0.504,0.376
7040.050379293362,0.504,0.384
7040.05063002646,0.52,0.376
7040.050880759557,0.528,0.376
7040.051131492654,0.504,0.368
7040.051382225752,0.504,0.376
7040.051632958849,0.52,0.392
7040.051883691946,0.512,0.384
7040.052134425044,0.528,0.376
7040.052385158141,0.512,0.392
7040.052635891238,0.52,0.376
7040.052886624337,0.512,0.376
7040.053137357434,0.52,0.384
7040.053388090531,0.512,0.376
7040.053638823629,0.528,0.384
7040.053889556726,0.512,0.392
7040.054140289823,0.536,0.384
7040.054391022921,0.512,0.376
7040.054641756018,0.504,0.392
7040.054892489115,0.504,0.384
7040.055143222213,0.528,0.376
7040.05539395531,0.512,0.368
7040.0556446884075,0.52,0.376
7040.055895421505,0.512,0.368
7040.056146154602,0.52,0.384
7040.0563968876995,0.52,0.384
7040.056647620797,0.504,0.4
7040.056898353894,0.504,0.392
7040.057149086992,0.512,0.384
7040.057399820089,0.496,0.384
7040.057650553187,0.512,0.392
7040.0579012862845,0.496,0.384
7040.058152019382,0.512,0.392
7040.058402752479,0.504,0.392
7040.0586534855765,0.512,0.384
7040.058904218674,0.496,0.384
7040.059154951771,0.512,0.376
7040.059405684869,0.512,0.376
7040.059656417966,0.528,0.384
7040.059907151063,0.504,0.384
7040.060157884161,0.52,0.392
7040.060408617258,0.512,0.4
7040.060659350355,0.536,0.384
7040.060910083453,0.528,0.4
7040.06116081655,0.504,0.384
7040.061411549647,0.528,0.392
7040.061662282745,0.504,0.384
7040.061913015842,0.512,0.376
7040.062163748939,0.528,0.392
7040.062414482038,0.528,0.376
7040.062665215135,0.504,0.392
7040.062915948232,0.512,0.376
7040.06316668133,0.52,0.384
7040.063417414427,0.512,0.392
7040.063668147524,0.52,0.368
7040.063918880622,0.512,0.368
7040.064169613719,0.528,0.392
7040.064420346816,0.528,0.384
7040.064671079914,0.496,0.392
7040.064921813011,0.512,0.376
7040.065172546108,0.496,0.392
7040.065423279206,0.496,0.376
7040.065674012303,0.52,0.384
7040.0659247454005,0.512,0.384
7040.066175478498,0.496,0.368
7040.066426211595,0.512,0.36
7040.0666769446925,0.496,0.296
7040.066927677791,0.504,0.28800000000000003
7040.067178410888,0.52,0.152
7040.0674291439855,0.512,0.14400000000000002
7040.067679877083,0.528,0.04
7040.06793061018,0.52,0.04
7040.0681813432775,0.504,0.008
7040.068432076375,0.512,0.008
7040.068682809472,0.528,-0.008
7040.0689335425695,0.512,0.0
7040.069184275667,0.536,-0.016
7040.069435008764,0.52,-0.008
7040.069685741862,0.504,0.0
7040.069936474959,0.504,0.0
7040.070187208056,0.528,-0.016
7040.070437941154,0.536,0.0
7040.070688674251,0.512,-0.016
7040.070939407348,0.528,-0.016
7040.071190140446,0.504,0.0
7040.071440873543,0.496,0.0
7040.071691606641,0.512,-0.016
7040.071942339739,0.512,0.0
7040.072193072836,0.528,-0.016
7040.072443805933,0.512,0.0
7040.072694539031,0.528,-0.016
7040.072945272128,0.512,0.0
7040.073196005225,0.528,-0.016
7040.073446738323,0.504,-0.016
7040.07369747142,0.52,0.0
7040.073948204517,0.512,0.0
7040.074198937615,0.528,-0.016
7040.074449670712,0.512,0.0
7040.074700403809,0.528,-0.016
7040.074951136907,0.512,0.0
7040.075201870004,0.528,-0.016
7040.075452603101,0.512,-0.016
7040.075703336199,0.52,0.0
7040.075954069296,0.512,-0.016
7040.0762048023935,0.528,0.0
7040.076455535492,0.52,0.0
7040.076706268589,0.504,-0.016
7040.076957001686,0.512,0.0
7040.077207734784,0.52,-0.016
7040.077458467881,0.512,0.0
7040.0777092009785,0.52,-0.016
7040.077959934076,0.52,-0.016
7040.078210667173,0.512,0.0
7040.0784614002705,0.528,-0.016
7040.078712133368,0.504,0.0
7040.078962866465,0.504,0.0
7040.0792135995625,0.528,-0.016
7040.07946433266,0.512,0.0
7040.079715065757,0.528,-0.016
7040.079965798855,0.52,0.0
7040.080216531952,0.504,-0.016
7040.080467265049,0.496,0.0
7040.080717998147,0.52,-0.016
7040.080968731244,0.504,-0.016
7040.081219464342,0.512,0.0
7040.08147019744,0.504,0.0
7040.081720930537,0.52,-0.016
7040.081971663634,0.504,-0.016
7040.082222396732,0.536,0.0
7040.082473129829,0.528,-0.016
7040.082723862926,0.504,0.0
7040.082974596024,0.504,-0.008
7040.083225329121,0.512,-0.016
7040.083476062218,0.512,-0.016
7040.083726795316,0.496,-0.008
7040.083977528413,0.504,-0.008
7040.08422826151,0.512,-0.016
7040.084478994608,0.512,-0.016
7040.084729727705,0.496,0.0
7040.084980460802,0.512,-0.008
7040.0852311939,0.496,-0.016
7040.085481926997,0.496,0.0
7040.085732660095,0.512,-0.016
7040.085983393193,0.496,-0.016
7040.08623412629,0.512,-0.008
7040.086484859387,0.496,0.0
7040.086735592485,0.52,-0.016
7040.086986325582,0.512,0.0
7040.087237058679,0.528,-0.016
7040.087487791777,0.512,-0.008
7040.087738524874,0.528,-0.016
7040.0879892579715,0.504,-0.016
7040.088239991069,0.52,0.0
7040.088490724166,0.52,-0.016
7040.0887414572635,0.496,-0.008
7040.088992190361,0.52,-0.008
7040.089242923458,0.504,-0.016
7040.0894936565555,0.512,-0.016
7040.089744389653,0.528,-0.008
7040.08999512275,0.512,-0.008
7040.090245855848,0.528,-0.016
7040.090496588946,0.536,-0.016
7040.090747322043,0.504,0.0
7040.0909980551405,0.496,0.0
7040.091248788238,0.52,-0.016
7040.091499521335,0.504,0.0
7040.091750254433,0.52,-0.016
7040.09200098753,0.512,-0.008
7040.092251720627,0.528,-0.016
7040.092502453725,0.512,-0.008
7040.092753186822,0.528,-0.016
7040.093003919919,0.512,-0.016
7040.093254653017,0.496,0.0
7040.093505386114,0.512,-0.016
7040.093756119211,0.496,0.0
7040.094006852309,0.52,-0.016
7040.094257585406,0.496,0.0
7040.094508318503,0.504,0.0
7040.094759051601,0.528,-0.016
7040.095009784698,0.512,-0.016
7040.095260517796,0.52,-0.008
7040.095511250894,0.536,-0.008
7040.095761983991,0.504,-0.016
7040.096012717088,0.504,-0.008
7040.096263450186,0.52,-0.016
7040.096514183283,0.512,-0.016
7040.09676491638,0.528,-0.008
7040.097015649478,0.52,0.0
7040.097266382575,0.504,-0.016
7040.097517115672,0.504,-0.016
7040.09776784877,0.512,0.0
7040.098018581867,0.504,-0.016
7040.098269314964,0.528,-0.008
7040.098520048062,0.512,-0.008
7040.098770781159,0.528,-0.016
7040.0990215142565,0.528,-0.016
7040.099272247354,0.504,-0.008
7040.099522980451,0.512,-0.008
7040.0997737135485,0.528,-0.016
7040.100024446647,0.528,-0.008
7040.100275179744,0.504,-0.016
7040.1005259128415,0.528,-0.008
7040.100776645939,0.512,-0.016
7040.101027379036,0.512,-0.016
7040.1012781121335,0.528,0.0
7040.101528845231,0.512,-0.016
7040.101779578328,0.528,0.0
7040.102030311426,0.52,-0.016
7040.102281044523,0.504,-0.008
7040.10253177762,0.52,-0.016
7040.102782510718,0.504,0.0
7040.103033243815,0.512,-0.008
7040.103283976912,0.528,-0.016
7040.10353471001,0.512,-0.016
7040.103785443107,0.528,0.0
7040.104036176204,0.512,0.0
7040.104286909302,0.504,-0.016
7040.1045376424,0.496,-0.008
7040.104788375497,0.52,-0.016
7040.105039108595,0.504,-0.016
7040.105289841692,0.52,0.0
7040.105540574789,0.504,-0.008
7040.105791307887,0.52,-0.016
7040.106042040984,0.512,-0.016
7040.106292774081,0.528,-0.008
7040.106543507179,0.52,-0.008
7040.106794240276,0.504,-0.016
7040.107044973373,0.504,-0.008
7040.107295706471,0.512,-0.016
7040.107546439568,0.504,-0.008
7040.107797172665,0.512,-0.016
7040.108047905763,0.528,-0.016
7040.10829863886,0.504,0.0
7040.108549371957,0.504,-0.016
7040.108800105055,0.52,0.0
7040.109050838152,0.512,0.0
7040.10930157125,0.52,-0.016
7040.109552304348,0.512,-0.016
7040.109803037445,0.528,-0.008
7040.110053770542,0.512,-0.008
7040.11030450364,0.528,-0.016
7040.110555236737,0.528,-0.008
7040.1108059698345,0.504,-0.016
7040.111056702932,0.496,-0.016
7040.111307436029,0.52,-0.008
7040.1115581691265,0.512,-0.016
7040.111808902224,0.52,0.0
7040.112059635321,0.512,-0.008
7040.112310368419,0.528,-0.016
7040.112561101516,0.504,-0.008
7040.112811834613,0.52,-0.016
7040.113062567711,0.504,-0.016
7040.113313300808,0.52,-0.008
7040.113564033905,0.504,-0.016
7040.113814767003,0.52,-0.008
7040.114065500101,0.504,-0.008
7040.114316233198,0.528,-0.016
7040.114566966296,0.52,-0.008
7040.114817699393,0.504,-0.016
7040.11506843249,0.512,-0.016
7040.115319165588,0.528,0.0
7040.115569898685,0.512,-0.008
7040.115820631782,0.528,-0.016
7040.11607136488,0.504,-0.016
7040.116322097977,0.536,-0.008
7040.116572831074,0.52,-0.016
7040.116823564172,0.528,0.0
7040.117074297269,0.52,-0.008
7040.117325030366,0.528,-0.016
7040.117575763464,0.52,-0.016
7040.117826496561,0.536,-0.008
7040.118077229658,0.52,-0.008
7040.118327962756,0.528,-0.016
7040.118578695853,0.52,-0.008
7040.118829428951,0.536,-0.016
7040.119080162049,0.52,-0.008
7040.119330895146,0.528,-0.016
7040.119581628243,0.512,-0.008
7040.119832361341,0.536,-0.016
7040.120083094438,0.52,-0.008
7040.120333827535,0.536,-0.016
7040.120584560633,0.52,-0.008
7040.12083529373,0.528,-0.016
7040.1210860268275,0.52,-0.016
7040.121336759925,0.536,0.0
7040.121587493022,0.52,-0.016
7040.1218382261195,0.528,0.0
7040.122088959217,0.52,-0.016
7040.122339692314,0.536,0.0
7040.1225904254115,0.52,-0.016
7040.122841158509,0.536,0.0
7040.123091891606,0.528,-0.016
7040.1233426247045,0.52,0.0
7040.123593357802,0.52,0.0
7040.123844090899,0.536,-0.016
7040.1240948239965,0.52,-0.016
7040.124345557094,0.536,0.0
7040.124596290191,0.52,0.0
7040.124847023289,0.536,-0.016
7040.125097756386,0.536,-0.016
7040.125348489483,0.512,-0.008
7040.125599222581,0.536,0.0
7040.125849955678,0.52,-0.016
7040.126100688775,0.52,-0.008
7040.126351421873,0.536,-0.016
7040.12660215497,0.52,-0.016
7040.126852888067,0.536,0.0
7040.127103621165,0.52,-0.016
7040.127354354262,0.528,0.0
7040.127605087359,0.52,-0.008
7040.127855820457,0.528,-0.016
7040.128106553555,0.52,-0.016
7040.128357286652,0.528,0.0
7040.12860801975,0.52,-0.016
7040.128858752847,0.528,0.0
7040.129109485944,0.52,-0.008
7040.129360219042,0.528,0.024
7040.129610952139,0.528,0.024
7040.129861685236,0.512,0.128
7040.130112418334,0.52,0.136
7040.130363151431,0.536,0.28
7040.130613884528,0.536,0.28
7040.130864617626,0.52,0.352
7040.131115350723,0.52,0.352
7040.1313660838205,0.536,0.384
7040.131616816918,0.52,0.384
7040.131867550015,0.536,0.392
7040.1321182831125,0.52,0.384
7040.13236901621,0.528,0.4
7040.132619749307,0.528,0.392
7040.132870482405,0.52,0.376
7040.133121215503,0.52,0.384
7040.1333719486,0.536,0.368
7040.1336226816975,0.528,0.384
7040.133873414795,0.512,0.392
7040.134124147892,0.52,0.376
7040.1343748809895,0.536,0.392
7040.134625614087,0.536,0.376
7040.134876347184,0.512,0.392
7040.135127080282,0.52,0.384
7040.135377813379,0.528,0.392
7040.135628546476,0.52,0.376
7040.135879279574,0.528,0.384
7040.136130012671,0.52,0.376
7040.136380745768,0.536,0.384
7040.136631478866,0.536,0.384
7040.136882211963,0.512,0.376
7040.13713294506,0.512,0.384
7040.137383678158,0.528,0.368
7040.137634411256,0.52,0.368
7040.137885144353,0.528,0.392
7040.138135877451,0.52,0.376
7040.138386610548,0.536,0.384
7040.138637343645,0.52,0.384
7040.138888076743,0.528,0.368
7040.13913880984,0.52,0.376
7040.139389542937,0.536,0.392
7040.139640276035,0.512,0.384
7040.139891009132,0.536,0.392
7040.140141742229,0.52,0.392
7040.140392475327,0.528,0.376
7040.140643208424,0.52,0.376
7040.140893941521,0.536,0.384
7040.141144674619,0.528,0.376
7040.141395407716,0.52,0.384
7040.1416461408135,0.52,0.376
7040.141896873911,0.536,0.392
7040.142147607009,0.52,0.384
7040.142398340106,0.536,0.4
7040.142649073204,0.528,0.4
7040.142899806301,0.52,0.384
7040.143150539398,0.52,0.384
7040.143401272496,0.528,0.392
7040.143652005593,0.52,0.376
7040.1439027386905,0.528,0.392
7040.144153471788,0.52,0.384
7040.144404204885,0.528,0.376
7040.1446549379825,0.536,0.384
7040.14490567108,0.512,0.376
7040.145156404177,0.52,0.384
7040.145407137275,0.528,0.392
7040.145657870372,0.52,0.392
7040.145908603469,0.528,0.376
7040.146159336567,0.536,0.384
7040.146410069664,0.512,0.376
7040.146660802761,0.52,0.384
7040.1469115358595,0.536,0.376
7040.147162268957,0.528,0.368
7040.147413002054,0.52,0.384
7040.147663735152,0.512,0.376
7040.147914468249,0.528,0.4
7040.148165201346,0.52,0.384
7040.148415934444,0.536,0.4
7040.148666667541,0.52,0.384
7040.148917400638,0.528,0.384
7040.149168133736,0.52,0.376
7040.149418866833,0.536,0.392
7040.14966959993,0.536,0.384
7040.149920333028,0.512,0.384
7040.150171066125,0.52,0.384
7040.150421799222,0.528,0.392
7040.15067253232,0.52,0.376
7040.150923265417,0.536,0.384
7040.151173998514,0.52,0.376
7040.151424731612,0.528,0.384
7040.15167546471,0.52,0.392
7040.151926197807,0.536,0.368
7040.152176930905,0.52,0.376
7040.152427664002,0.536,0.392
7040.152678397099,0.52,0.384
7040.152929130197,0.528,0.376
7040.153179863294,0.528,0.376
7040.153430596391,0.52,0.384
7040.153681329489,0.52,0.376
7040.153932062586,0.536,0.392
7040.1541827956835,0.52,0.376
7040.154433528781,0.536,0.392
7040.154684261878,0.528,0.376
7040.1549349949755,0.512,0.384
7040.155185728073,0.52,0.384
7040.15543646117,0.528,0.4
7040.155687194268,0.52,0.384
7040.155937927365,0.528,0.4
7040.156188660462,0.52,0.4
7040.1564393935605,0.536,0.384
7040.156690126658,0.528,0.384
7040.156940859755,0.512,0.4
7040.1571915928525,0.52,0.392
7040.15744232595,0.528,0.376
7040.157693059047,0.52,0.376
7040.157943792145,0.528,0.368
7040.158194525242,0.512,0.376
7040.158445258339,0.528,0.4
7040.158695991437,0.512,0.4
7040.158946724534,0.52,0.384
7040.159197457631,0.52,0.392
7040.159448190729,0.496,0.376
7040.159698923826,0.512,0.392
7040.159949656923,0.496,0.376
7040.160200390021,0.496,0.376
7040.160451123118,0.52,0.392
7040.160701856215,0.512,0.376
7040.160952589314,0.52,0.392
7040.161203322411,0.512,0.384
7040.161454055508,0.528,0.4
7040.161704788606,0.512,0.392
7040.161955521703,0.528,0.376
7040.1622062548,0.528,0.368
7040.162456987898,0.504,0.384
7040.162707720995,0.504,0.384
7040.162958454092,0.512,0.392
7040.16320918719,0.504,0.392
7040.163459920287,0.528,0.392
7040.163710653384,0.512,0.4
7040.163961386482,0.528,0.384
7040.164212119579,0.504,0.392
7040.1644628526765,0.52,0.384
7040.164713585774,0.52,0.392
7040.164964318871,0.504,0.4
7040.1652150519685,0.52,0.4
7040.165465785066,0.504,0.384
7040.165716518164,0.512,0.4
7040.1659672512615,0.528,0.392
7040.166217984359,0.512,0.392
7040.166468717456,0.528,0.384
7040.1667194505535,0.512,0.4
7040.166970183651,0.496,0.384
7040.167220916748,0.504,0.392
7040.1674716498455,0.528,0.392
7040.167722382943,0.512,0.392
7040.16797311604,0.528,0.384
7040.168223849138,0.52,0.384
7040.168474582235,0.504,0.392
7040.168725315332,0.504,0.384
7040.16897604843,0.528,0.392
7040.169226781527,0.52,0.384
7040.169477514624,0.504,0.392
7040.169728247722,0.528,0.384
7040.169978980819,0.504,0.376
7040.170229713916,0.512,0.384
7040.170480447015,0.52,0.376
7040.170731180112,0.512,0.384
7040.170981913209,0.52,0.376
7040.171232646307,0.512,0.376
7040.171483379404,0.52,0.392
7040.171734112501,0.512,0.384
7040.171984845599,0.52,0.392
7040.172235578696,0.504,0.384
7040.172486311793,0.52,0.4
7040.172737044891,0.52,0.392
7040.172987777988,0.496,0.384
7040.173238511085,0.496,0.384
7040.173489244183,0.52,0.4
7040.17373997728,0.52,0.392
7040.173990710377,0.512,0.376
7040.174241443475,0.512,0.384
7040.174492176572,0.528,0.376
7040.1747429096695,0.52,0.384
7040.174993642767,0.504,0.4
7040.175244375865,0.512,0.392
7040.175495108962,0.52,0.376
7040.17574584206,0.528,0.392
7040.175996575157,0.504,0.376
7040.1762473082545,0.504,0.376
7040.176498041352,0.512,0.392
7040.176748774449,0.496,0.384
7040.1769995075465,0.52,0.392
7040.177250240644,0.512,0.384
7040.177500973741,0.528,0.392
7040.1777517068385,0.512,0.384
7040.178002439936,0.528,0.376
7040.178253173033,0.528,0.384
7040.178503906131,0.496,0.368
7040.178754639228,0.52,0.376
7040.179005372325,0.496,0.392
7040.179256105423,0.512,0.384
7040.17950683852,0.528,0.4
7040.179757571618,0.528,0.392
7040.180008304716,0.504,0.376
7040.180259037813,0.504,0.376
7040.18050977091,0.512,0.4
7040.180760504008,0.504,0.376
7040.181011237105,0.512,0.392
7040.181261970202,0.504,0.368
7040.1815127033,0.52,0.392
7040.181763436397,0.512,0.384
7040.182014169494,0.52,0.4
7040.182264902592,0.52,0.392
7040.182515635689,0.512,0.384
7040.182766368786,0.512,0.384
7040.183017101884,0.52,0.392
7040.183267834981,0.528,0.384
7040.183518568078,0.504,0.376
7040.183769301176,0.512,0.384
7040.184020034273,0.496,0.392
7040.18427076737,0.496,0.384
7040.184521500469,0.512,0.392
7040.184772233566,0.504,0.392
7040.185022966663,0.52,0.376
7040.185273699761,0.512,0.392
7040.185524432858,0.528,0.376
7040.185775165955,0.528,0.376
7040.186025899053,0.512,0.384
7040.18627663215,0.512,0.376
7040.1865273652475,0.528,0.4
7040.186778098345,0.512,0.4
7040.187028831442,0.528,0.384
7040.1872795645395,0.512,0.384
7040.187530297637,0.528,0.4
7040.187781030734,0.512,0.392
7040.1880317638315,0.528,0.384
7040.188282496929,0.512,0.384
7040.188533230026,0.52,0.392
7040.188783963124,0.512,0.384
7040.189034696221,0.528,0.392
7040.189285429319,0.536,0.384
7040.1895361624165,0.504,0.4
7040.189786895514,0.504,0.384
7040.190037628611,0.52,0.384
7040.190288361709,0.512,0.384
7040.190539094806,0.52,0.376
7040.190789827903,0.512,0.376
7040.191040561001,0.528,0.392
7040.191291294098,0.528,0.384
7040.191542027195,0.504,0.36
7040.191792760293,0.512,0.36
7040.19204349339,0.528,0.304
7040.192294226487,0.512,0.296
7040.192544959585,0.528,0.152
7040.192795692682,0.512,0.14400000000000002
7040.193046425779,0.528,0.04
7040.193297158877,0.512,0.04
7040.193547891974,0.52,0.0
7040.193798625071,0.512,0.008
7040.19404935817,0.528,-0.008
7040.194300091267,0.528,0.0
7040.194550824364,0.512,-0.016
7040.194801557462,0.536,0.0
7040.195052290559,0.504,-0.016
7040.195303023656,0.504,0.0
7040.195553756754,0.52,-0.016
7040.195804489851,0.52,0.0
7040.196055222948,0.504,-0.016
7040.196305956046,0.504,-0.016
7040.196556689143,0.52,0.0
7040.19680742224,0.512,-0.016
7040.197058155338,0.52,0.0
7040.197308888435,0.512,0.0
7040.1975596215325,0.52,-0.016
7040.19781035463,0.512,0.0
7040.198061087727,0.528,-0.016
7040.1983118208245,0.504,0.0
7040.198562553923,0.528,-0.016
7040.19881328702,0.512,0.0
7040.1990640201175,0.528,-0.016
7040.199314753215,0.512,-0.016
7040.199565486312,0.52,0.0
7040.1998162194095,0.512,0.0
7040.200066952507,0.52,-0.016
7040.200317685604,0.528,-0.016
7040.200568418702,0.504,0.0
7040.200819151799,0.504,-0.016
7040.201069884896,0.512,0.0
7040.201320617994,0.512,0.0
7040.201571351091,0.496,-0.016
7040.201822084188,0.512,0.0
7040.202072817286,0.496,-0.016
7040.202323550383,0.504,-0.016
7040.20257428348,0.528,0.0
7040.202825016578,0.528,-0.016
7040.203075749675,0.512,0.0
7040.203326482773,0.512,-0.016
7040.203577215871,0.528,0.0
7040.203827948968,0.52,0.0
7040.204078682065,0.504,-0.016
7040.204329415163,0.512,-0.016
7040.20458014826,0.528,0.0
7040.204830881357,0.528,0.0
7040.205081614455,0.504,-0.016
7040.205332347552,0.512,-0.016
7040.205583080649,0.528,0.0
7040.205833813747,0.504,0.0
7040.206084546844,0.512,-0.016
7040.206335279941,0.512,-0.016
7040.206586013039,0.52,0.0
7040.206836746136,0.512,-0.016
7040.207087479233,0.52,0.0
7040.207338212331,0.512,-0.016
7040.207588945428,0.528,0.0
7040.2078396785255,0.512,-0.016
7040.208090411624,0.52,0.0
7040.208341144721,0.512,-0.016
7040.208591877818,0.52,0.0
7040.208842610916,0.512,-0.016
7040.209093344013,0.52,0.0
7040.2093440771105,0.528,-0.016
7040.209594810208,0.504,-0.008
7040.209845543305,0.52,0.0
7040.2100962764025,0.504,-0.016
7040.2103470095,0.512,-0.016
7040.210597742597,0.52,0.0
7040.210848475695,0.512,-0.008
7040.211099208792,0.528,-0.016
7040.211349941889,0.504,-0.008
7040.211600674987,0.52,-0.016
7040.211851408084,0.512,-0.008
7040.212102141181,0.52,-0.016
7040.212352874279,0.512,-0.016
7040.212603607376,0.528,-0.008
7040.212854340474,0.512,-0.008
7040.213105073572,0.528,-0.016
7040.213355806669,0.504,-0.016
7040.213606539766,0.52,-0.008
7040.213857272864,0.504,-0.016
7040.214108005961,0.52,0.0
7040.214358739058,0.504,0.0
7040.214609472156,0.52,-0.016
7040.214860205253,0.512,-0.016
7040.21511093835,0.52,0.0
7040.215361671448,0.528,-0.016
7040.215612404545,0.504,0.0
7040.215863137642,0.512,-0.016
7040.21611387074,0.52,0.0
7040.216364603837,0.512,0.0
7040.216615336934,0.528,-0.016
7040.216866070032,0.512,0.0
7040.217116803129,0.528,-0.016
7040.217367536227,0.52,0.0
7040.217618269325,0.536,-0.016
7040.217869002422,0.52,-0.016
7040.218119735519,0.504,0.0
7040.218370468617,0.512,-0.016
7040.218621201714,0.496,0.0
7040.218871934811,0.512,-0.016
7040.219122667909,0.496,0.0
7040.219373401006,0.504,-0.016
7040.2196241341035,0.512,-0.008
7040.219874867201,0.52,-0.016
7040.220125600298,0.496,-0.008
7040.2203763333955,0.496,-0.008
7040.220627066493,0.512,-0.016
7040.22087779959,0.512,-0.008
7040.2211285326875,0.496,-0.016
7040.221379265785,0.496,-0.016
7040.221629998882,0.512,-0.008
7040.22188073198,0.504,-0.016
7040.222131465078,0.528,0.0
7040.222382198175,0.512,-0.016
7040.2226329312725,0.52,0.0
7040.22288366437,0.512,-0.008
7040.223134397467,0.52,-0.016
7040.223385130565,0.512,-0.016
7040.223635863662,0.52,0.0
7040.223886596759,0.52,-0.016
7040.224137329857,0.496,-0.008
7040.224388062954,0.496,-0.016
7040.224638796051,0.52,-0.008
7040.224889529149,0.512,-0.016
7040.225140262246,0.528,0.0
7040.225390995343,0.512,-0.008
7040.225641728441,0.52,-0.016
7040.225892461538,0.512,0.0
7040.226143194635,0.528,-0.016
7040.226393927733,0.512,-0.016
7040.22664466083,0.536,-0.008
7040.226895393928,0.528,0.0
7040.227146127026,0.512,-0.016
7040.227396860123,0.512,-0.008
7040.22764759322,0.528,-0.016
7040.227898326318,0.512,-0.008
7040.228149059415,0.528,-0.016
7040.228399792512,0.528,-0.016
7040.22865052561,0.512,-0.008
7040.228901258707,0.536,-0.008
7040.229151991804,0.504,-0.016
7040.229402724902,0.504,-0.016
7040.229653457999,0.52,-0.008
7040.2299041910965,0.528,-0.008
7040.230154924194,0.504,-0.016
7040.230405657291,0.512,-0.016
7040.2306563903885,0.528,-0.008
7040.230907123486,0.512,-0.016
7040.231157856583,0.528,0.0
7040.2314085896805,0.528,-0.016
7040.231659322779,0.504,0.0
7040.231910055876,0.512,-0.016
7040.2321607889735,0.52,0.0
7040.232411522071,0.512,-0.016
7040.232662255168,0.52,-0.008
7040.2329129882655,0.512,-0.016
7040.233163721363,0.52,-0.008
7040.23341445446,0.52,-0.008
7040.233665187558,0.512,-0.016
7040.233915920655,0.528,-0.016
7040.234166653752,0.504,-0.008
7040.23441738685,0.504,-0.008
7040.234668119947,0.528,-0.016
7040.234918853044,0.512,-0.008
7040.235169586142,0.528,-0.016
7040.235420319239,0.52,-0.008
7040.235671052336,0.504,-0.016
7040.235921785434,0.504,0.0
7040.236172518532,0.52,-0.016
7040.236423251629,0.512,0.0
7040.236673984727,0.528,-0.016
7040.236924717824,0.528,0.0
7040.237175450921,0.504,-0.016
7040.237426184019,0.504,-0.016
7040.237676917116,0.528,-0.008
7040.237927650213,0.512,-0.008
7040.238178383311,0.528,-0.016
7040.238429116408,0.512,-0.008
7040.238679849505,0.528,-0.016
7040.238930582603,0.52,-0.008
7040.2391813157,0.504,-0.016
7040.239432048797,0.504,-0.008
7040.239682781895,0.512,-0.016
7040.239933514992,0.512,-0.008
7040.2401842480895,0.496,-0.016
7040.240434981187,0.512,-0.016
7040.240685714284,0.496,-0.008
7040.240936447382,0.504,-0.008
7040.24118718048,0.528,-0.016
7040.241437913577,0.512,-0.016
7040.241688646674,0.52,-0.008
7040.241939379772,0.512,-0.016
7040.242190112869,0.52,0.0
7040.2424408459665,0.512,-0.016
7040.242691579064,0.528,0.0
7040.242942312161,0.504,-0.008
7040.2431930452585,0.52,-0.016
7040.243443778356,0.504,-0.008
7040.243694511453,0.528,-0.016
7040.243945244551,0.512,-0.016
7040.244195977648,0.528,0.0
7040.244446710745,0.512,-0.016
7040.244697443843,0.52,-0.008
7040.24494817694,0.504,-0.008
7040.245198910037,0.52,-0.016
7040.245449643135,0.52,-0.008
7040.245700376233,0.496,-0.016
7040.24595110933,0.504,-0.008
7040.246201842428,0.528,-0.016
7040.246452575525,0.512,-0.016
7040.246703308622,0.528,0.0
7040.24695404172,0.512,-0.016
7040.247204774817,0.52,0.0
7040.247455507914,0.512,-0.008
7040.247706241012,0.52,-0.016
7040.247956974109,0.512,-0.008
7040.248207707206,0.52,-0.016
7040.248458440304,0.52,0.0
7040.248709173401,0.504,-0.016
7040.248959906498,0.504,-0.008
7040.249210639596,0.512,-0.016
7040.249461372693,0.504,-0.008
7040.24971210579,0.528,-0.016
7040.249962838888,0.512,-0.008
7040.250213571985,0.528,-0.016
7040.250464305083,0.528,-0.016
7040.250715038181,0.512,-0.008
7040.250965771278,0.52,-0.008
7040.251216504375,0.504,-0.016
7040.251467237473,0.512,-0.016
7040.25171797057,0.536,0.0
7040.251968703667,0.52,0.0
7040.252219436765,0.528,-0.016
7040.252470169862,0.52,-0.016
7040.2527209029595,0.536,0.0
7040.252971636057,0.52,-0.016
7040.253222369154,0.528,0.0
7040.2534731022515,0.52,-0.016
7040.253723835349,0.536,-0.008
7040.253974568446,0.52,-0.016
7040.254225301544,0.536,0.0
7040.254476034641,0.52,-0.008
7040.254726767738,0.536,0.024
7040.2549775008365,0.528,0.016
7040.255228233934,0.512,0.128
7040.255478967031,0.52,0.136
7040.2557297001285,0.536,0.28
7040.255980433226,0.536,0.28800000000000003
7040.256231166323,0.52,0.352
7040.256481899421,0.52,0.352
7040.256732632518,0.536,0.368
7040.256983365615,0.52,0.368
7040.257234098713,0.536,0.384
7040.25748483181,0.52,0.376
7040.257735564907,0.536,0.384
7040.257986298005,0.52,0.376
7040.258237031102,0.536,0.384
7040.258487764199,0.52,0.384
7040.258738497297,0.536,0.368
7040.258989230394,0.52,0.384
7040.259239963491,0.528,0.4
7040.259490696589,0.52,0.4
7040.259741429687,0.528,0.384
7040.259992162784,0.528,0.384
7040.260242895882,0.512,0.376
7040.260493628979,0.52,0.392
7040.260744362076,0.536,0.376
7040.260995095174,0.52,0.376
7040.261245828271,0.536,0.392
7040.261496561368,0.52,0.4
7040.261747294466,0.528,0.384
7040.261998027563,0.52,0.392
7040.26224876066,0.528,0.376
7040.262499493758,0.52,0.392
7040.262750226855,0.536,0.376
7040.2630009599525,0.52,0.376
7040.26325169305,0.536,0.392
7040.263502426147,0.528,0.376
7040.2637531592445,0.512,0.392
7040.264003892342,0.52,0.384
7040.264254625439,0.536,0.4
7040.2645053585375,0.52,0.392
7040.264756091635,0.528,0.384
7040.265006824732,0.536,0.392
7040.2652575578295,0.512,0.376
7040.265508290927,0.512,0.384
7040.265759024024,0.536,0.4
7040.2660097571215,0.52,0.4
7040.266260490219,0.528,0.384
7040.266511223316,0.52,0.384
7040.266761956414,0.536,0.376
7040.267012689511,0.52,0.384
7040.267263422608,0.528,0.376
7040.267514155706,0.52,0.376
7040.267764888803,0.528,0.368
7040.2680156219,0.52,0.376
7040.268266354998,0.536,0.392
7040.268517088095,0.52,0.384
7040.268767821192,0.536,0.384
7040.26901855429,0.52,0.384
7040.269269287388,0.528,0.368
7040.269520020485,0.52,0.376
7040.269770753583,0.536,0.392
7040.27002148668,0.512,0.384
7040.270272219777,0.536,0.392
7040.270522952875,0.52,0.384
7040.270773685972,0.536,0.376
7040.271024419069,0.52,0.384
7040.271275152167,0.528,0.392
7040.271525885264,0.528,0.392
7040.271776618361,0.512,0.376
7040.272027351459,0.52,0.384
7040.272278084556,0.536,0.376
7040.272528817653,0.52,0.392
7040.272779550751,0.528,0.376
7040.273030283848,0.52,0.376
7040.2732810169455,0.536,0.384
7040.273531750043,0.52,0.384
7040.273782483141,0.536,0.4
7040.274033216238,0.52,0.384
7040.274283949336,0.536,0.4
7040.274534682433,0.52,0.384
7040.2747854155305,0.536,0.376
7040.275036148628,0.528,0.376
7040.275286881725,0.512,0.376
7040.2755376148225,0.528,0.376
7040.27578834792,0.512,0.392
7040.276039081017,0.52,0.384
7040.2762898141145,0.528,0.392
7040.276540547212,0.52,0.376
7040.276791280309,0.536,0.384
7040.277042013407,0.52,0.392
7040.277292746504,0.536,0.368
7040.277543479601,0.52,0.376
7040.277794212699,0.536,0.4
7040.278044945796,0.52,0.384
7040.278295678893,0.536,0.4
7040.278546411992,0.52,0.392
7040.278797145089,0.528,0.376
7040.279047878186,0.52,0.384
7040.279298611284,0.536,0.392
7040.279549344381,0.52,0.384
7040.279800077478,0.536,0.376
7040.280050810576,0.52,0.384
7040.280301543673,0.536,0.368
7040.28055227677,0.52,0.376
7040.280803009868,0.528,0.392
7040.281053742965,0.52,0.392
7040.281304476062,0.528,0.376
7040.28155520916,0.52,0.384
7040.281805942257,0.536,0.392
7040.282056675354,0.512,0.384
7040.282307408452,0.536,0.368
7040.282558141549,0.52,0.376
7040.282808874646,0.536,0.392
7040.283059607744,0.528,0.392
7040.283310340842,0.512,0.392
7040.283561073939,0.512,0.392
7040.283811807037,0.536,0.384
7040.284062540134,0.512,0.384
7040.284313273231,0.536,0.392
7040.284564006329,0.528,0.392
7040.284814739426,0.512,0.376
7040.2850654725235,0.52,0.384
7040.285316205621,0.504,0.392
7040.285566938718,0.512,0.384
7040.2858176718155,0.52,0.384
7040.286068404913,0.512,0.384
7040.28631913801,0.52,0.392
7040.2865698711075,0.52,0.384
7040.286820604205,0.504,0.376
7040.287071337302,0.504,0.376
7040.2873220704,0.512,0.392
7040.287572803497,0.496,0.376
7040.287823536594,0.512,0.392
7040.2880742696925,0.504,0.392
7040.28832500279,0.52,0.376
7040.288575735887,0.512,0.384
7040.288826468985,0.528,0.392
7040.289077202082,0.512,0.384
7040.289327935179,0.52,0.392
7040.289578668277,0.512,0.392
7040.289829401374,0.528,0.376
7040.290080134471,0.52,0.368
7040.290330867569,0.496,0.392
7040.290581600666,0.512,0.392
7040.290832333763,0.496,0.384
7040.291083066861,0.504,0.392
7040.291333799958,0.528,0.376
7040.291584533055,0.504,0.392
7040.291835266153,0.528,0.376
7040.29208599925,0.512,0.384
7040.292336732347,0.528,0.376
7040.292587465446,0.52,0.384
7040.292838198543,0.512,0.376
7040.29308893164,0.512,0.384
7040.293339664738,0.528,0.376
7040.293590397835,0.504,0.376
7040.293841130932,0.512,0.392
7040.29409186403,0.504,0.376
7040.294342597127,0.52,0.384
7040.294593330224,0.504,0.384
7040.294844063322,0.52,0.376
7040.295094796419,0.512,0.376
7040.295345529516,0.528,0.392
7040.295596262614,0.528,0.384
7040.295846995711,0.512,0.4
7040.2960977288085,0.504,0.392
7040.296348461906,0.512,0.384
7040.296599195003,0.504,0.376
7040.2968499281005,0.52,0.392
7040.297100661198,0.512,0.392
7040.297351394296,0.528,0.376
7040.2976021273935,0.512,0.376
7040.297852860491,0.528,0.384
7040.298103593588,0.52,0.376
7040.2983543266855,0.504,0.392
7040.298605059783,0.512,0.376
7040.29885579288,0.528,0.392
7040.299106525978,0.512,0.392
7040.299357259075,0.52,0.384
7040.309610366821,0.504,0.0
7040.309851293762,0.512,-0.016
7040.310092220704,0.504,-0.008
7040.310333147645,0.52,0.0
7040.310574074586,0.512,-0.016
7040.310815001528,0.528,0.0
7040.311055928469,0.512,0.0
7040.31129685541,0.528,-0.016
7040.3115377823515,0.512,0.0
7040.311778709292,0.528,-0.016
7040.312019636233,0.52,0.0
7040.312260563175,0.504,-0.016
7040.312501490116,0.504,0.0
7040.312742417057,0.512,-0.016
7040.312983343999,0.504,0.0
7040.31322427094,0.52,-0.008
7040.313465197881,0.496,0.0
7040.313706124823,0.52,-0.008
7040.3139470517635,0.504,-0.016
7040.3141879787045,0.512,0.0
7040.314428905646,0.512,-0.008
7040.314669832587,0.528,0.016
7040.314910759528,0.52,0.016
7040.31515168647,0.504,0.112
7040.315392613411,0.512,0.12
7040.315633540352,0.528,0.28
7040.315874467294,0.504,0.28
7040.316115394235,0.536,0.36
7040.316356321176,0.512,0.36
7040.316597248117,0.528,0.384
7040.316838175058,0.512,0.384
7040.317079101999,0.528,0.4
7040.317320028941,0.512,0.392
7040.317560955882,0.536,0.40800000000000003
7040.317801882823,0.504,0.392
7040.318042809765,0.52,0.4
7040.318283736706,0.504,0.392
7040.318524663647,0.512,0.40800000000000003
7040.318765590589,0.504,0.4
7040.3190065175295,0.52,0.4
7040.31924744447,0.528,0.392
7040.319488371412,0.504,0.40800000000000003
7040.319729298353,0.52,0.392
7040.319970225294,0.504,0.40800000000000003
7040.320211152236,0.512,0.40800000000000003
7040.320452079177,0.52,0.392
7040.320693006118,0.52,0.40800000000000003
7040.32093393306,0.504,0.392
7040.321174860001,0.528,0.392
7040.3214157869415,0.504,0.40800000000000003
7040.321656713883,0.504,0.4
7040.321897640824,0.512,0.392
7040.322138567765,0.504,0.392
7040.322379494707,0.52,0.40800000000000003
7040.322620421648,0.504,0.392
7040.322861348589,0.52,0.40800000000000003
7040.323102275531,0.512,0.40800000000000003
7040.323343202472,0.52,0.392
7040.323584129413,0.512,0.392
7040.3238250563545,0.528,0.40800000000000003
7040.324065983295,0.52,0.40800000000000003
7040.324306910236,0.504,0.392
7040.324547837178,0.52,0.4
7040.324788764119,0.504,0.40800000000000003
7040.32502969106,0.512,0.40800000000000003
7040.325270618002,0.52,0.392
7040.325511544943,0.512,0.4
7040.325752471884,0.528,0.40800000000000003
7040.325993398826,0.52,0.392
7040.326234325767,0.512,0.40800000000000003
7040.3264752527075,0.504,0.4
7040.326716179649,0.528,0.392
7040.32695710659,0.52,0.392
7040.327198033531,0.504,0.40800000000000003
7040.327438960473,0.504,0.392
7040.327679887414,0.52,0.40800000000000003
7040.327920814355,0.504,0.40800000000000003
7040.328161741297,0.512,0.392
7040.328402668238,0.504,0.392
7040.328643595179,0.528,0.40800000000000003
7040.3288845221205,0.528,0.4
7040.329125449061,0.504,0.392
7040.329366376002,0.52,0.392
7040.329607302944,0.496,0.4
7040.329848229885,0.504,0.392
7040.330089156826,0.512,0.392
7040.330330083768,0.496,0.392
7040.330571010709,0.52,0.4
7040.33081193765,0.512,0.384
7040.331052864592,0.528,0.4
7040.3312937915325,0.512,0.392
7040.331534718473,0.528,0.40800000000000003
7040.331775645415,0.504,0.4
7040.332016572356,0.52,0.384
7040.332257499297,0.512,0.384
7040.332498426239,0.528,0.392
7040.33273935318,0.504,0.384
7040.332980280121,0.52,0.4
7040.333221207063,0.512,0.384
7040.333462134004,0.52,0.392
7040.333703060945,0.512,0.376
7040.333943987886,0.52,0.4
7040.334184914827,0.504,0.40800000000000003
7040.334425841768,0.528,0.392
7040.33466676871,0.528,0.4
7040.334907695651,0.512,0.384
7040.335148622592,0.512,0.384
7040.335389549534,0.496,0.392
7040.335630476475,0.504,0.384
7040.335871403416,0.52,0.4
7040.3361123303575,0.512,0.392
7040.3363532572985,0.536,0.4
7040.336594184239,0.528,0.384
7040.336835111181,0.504,0.4
7040.337076038122,0.504,0.392
7040.337316965063,0.52,0.384
7040.337557892005,0.512,0.384
7040.337798818946,0.528,0.4
7040.338039745887,0.528,0.392
7040.338280672829,0.504,0.4
7040.33852159977,0.504,0.392
7040.3387625267105,0.52,0.392
7040.339003453652,0.504,0.392
7040.339244380593,0.528,0.392
7040.339485307534,0.512,0.384
7040.339726234476,0.528,0.392
7040.339967161417,0.528,0.384
7040.340208088358,0.504,0.4
7040.3404490153,0.528,0.384
7040.340689942241,0.512,0.376
7040.340930869182,0.52,0.392
7040.3411717961235,0.512,0.392
7040.341412723064,0.512,0.4
7040.341653650005,0.528,0.384
7040.341894576947,0.52,0.4
7040.342135503888,0.504,0.392
7040.342376430829,0.504,0.392
7040.342617357771,0.528,0.392
7040.342858284712,0.496,0.392
7040.343099211653,0.512,0.384
7040.343340138595,0.496,0.384
7040.343581065536,0.512,0.392
7040.3438219924765,0.52,0.384
7040.344062919418,0.496,0.392
7040.344303846359,0.504,0.384
7040.3445447733,0.52,0.4
7040.344785700242,0.512,0.392
7040.345026627183,0.528,0.4
7040.345267554124,0.512,0.4
7040.345508481066,0.52,0.384
7040.345749408007,0.52,0.384
7040.345990334948,0.504,0.4
7040.346231261889,0.504,0.384
7040.34647218883,0.52,0.4
7040.346713115771,0.504,0.392
7040.346954042713,0.528,0.384
7040.347194969654,0.504,0.384
7040.347435896595,0.528,0.4
7040.347676823537,0.52,0.392
7040.347917750478,0.504,0.4
7040.348158677419,0.512,0.392
7040.348399604361,0.528,0.384
7040.3486405313015,0.504,0.384
7040.348881458242,0.528,0.392
7040.349122385184,0.512,0.384
7040.349363312125,0.528,0.392
7040.349604239066,0.512,0.376
7040.349845166008,0.52,0.4
7040.350086092949,0.512,0.392
7040.35032701989,0.528,0.384
7040.350567946832,0.512,0.392
7040.350808873773,0.52,0.40800000000000003
7040.351049800714,0.512,0.392
7040.351290727655,0.528,0.4
7040.351531654596,0.52,0.392
7040.351772581537,0.504,0.40800000000000003
7040.352013508479,0.504,0.40800000000000003
7040.35225443542,0.528,0.392
7040.352495362361,0.528,0.4
7040.352736289303,0.504,0.384
7040.352977216244,0.504,0.384
7040.353218143185,0.528,0.4
7040.3534590701265,0.536,0.392
7040.353699997067,0.512,0.4
7040.353940924008,0.52,0.392
7040.35418185095,0.528,0.4
7040.354422777891,0.52,0.392
7040.354663704832,0.528,0.392
7040.354904631774,0.52,0.384
7040.355145558715,0.528,0.4
7040.355386485656,0.52,0.384
7040.355627412598,0.536,0.4
7040.355868339539,0.52,0.376
7040.3561092664795,0.528,0.392
7040.356350193421,0.52,0.384
7040.356591120362,0.528,0.40800000000000003
7040.356832047303,0.536,0.392
7040.357072974245,0.512,0.40800000000000003
7040.357313901186,0.52,0.392
7040.357554828127,0.536,0.40800000000000003
7040.357795755069,0.52,0.4
7040.35803668201,0.528,0.4
7040.358277608951,0.512,0.4
7040.3585185358925,0.536,0.40800000000000003
7040.358759462833,0.52,0.4
7040.359000389774,0.536,0.392
7040.359241316716,0.52,0.4
7040.359482243657,0.536,0.392
7040.359723170598,0.52,0.4
7040.35996409754,0.528,0.384
7040.360205024481,0.52,0.384
7040.360445951422,0.536,0.392
7040.360686878364,0.528,0.384
7040.3609278053045,0.512,0.4
7040.3611687322455,0.512,0.384
7040.361409659187,0.528,0.4
7040.361650586128,0.52,0.4
7040.361891513069,0.536,0.392
7040.362132440011,0.528,0.392
7040.362373366952,0.512,0.4
7040.362614293893,0.512,0.384
7040.362855220835,0.52,0.392
7040.363096147776,0.512,0.376
7040.363337074717,0.52,0.392
7040.363578001658,0.512,0.392
7040.363818928599,0.528,0.392
7040.36405985554,0.512,0.392
7040.364300782482,0.496,0.384
7040.364541709423,0.504,0.384
7040.364782636364,0.52,0.4
7040.365023563306,0.504,0.4
7040.365264490247,0.52,0.384
7040.365505417188,0.512,0.392
7040.36574634413,0.52,0.384
7040.3659872710705,0.504,0.384
7040.366228198011,0.512,0.392
7040.366469124953,0.512,0.4
7040.366710051894,0.528,0.384
7040.366950978835,0.512,0.392
7040.367191905777,0.528,0.384
7040.367432832718,0.528,0.384
7040.367673759659,0.504,0.4
7040.367914686601,0.528,0.392
7040.368155613542,0.504,0.40800000000000003
7040.3683965404825,0.504,0.392
7040.368637467424,0.528,0.392
7040.368878394365,0.52,0.392
7040.369119321306,0.536,0.376
7040.369360248248,0.52,0.4
7040.369601175189,0.536,0.384
7040.36984210213,0.52,0.392
7040.370083029072,0.536,0.384
7040.370323956013,0.52,0.384
7040.370564882954,0.536,0.40800000000000003
7040.3708058098955,0.52,0.392
7040.371046736836,0.528,0.4
7040.371287663777,0.528,0.4
7040.371528590719,0.52,0.4
7040.37176951766,0.52,0.40800000000000003
7040.372010444601,0.528,0.392
7040.372251371543,0.52,0.4
7040.372492298484,0.528,0.384
7040.372733225425,0.536,0.376
7040.372974152367,0.512,0.392
7040.373215079308,0.512,0.392
7040.3734560062485,0.536,0.40800000000000003
7040.37369693319,0.52,0.392
7040.373937860131,0.536,0.40800000000000003
7040.374178787072,0.52,0.40800000000000003
7040.374419714014,0.528,0.384
7040.374660640955,0.512,0.384
7040.374901567896,0.528,0.328
7040.375142494838,0.52,0.312
7040.375383421779,0.504,0.184
7040.37562434872,0.496,0.168
7040.375865275661,0.52,0.064
7040.376106202602,0.512,0.056
7040.376347129543,0.52,0.016
7040.376588056485,0.512,0.016
7040.376828983426,0.496,-0.008
7040.377069910367,0.496,0.0
7040.377310837309,0.52,-0.008
7040.37755176425,0.512,0.0
7040.377792691191,0.536,-0.008
7040.378033618133,0.528,0.0
7040.3782745450735,0.504,-0.008
7040.378515472014,0.504,0.0
7040.378756398956,0.528,-0.008
7040.378997325897,0.512,-0.008
7040.379238252838,0.528,0.0
7040.37947917978,0.512,-0.008
7040.379720106721,0.528,0.0
7040.379961033662,0.536,0.0
7040.380201960604,0.512,-0.008
7040.380442887545,0.52,0.0
7040.380683814486,0.504,-0.008
7040.380924741427,0.512,0.0
7040.381165668368,0.496,-0.008
7040.381406595309,0.496,0.0
7040.381647522251,0.512,-0.008
7040.381888449192,0.504,-0.008
7040.382129376133,0.52,0.0
7040.382370303075,0.496,0.0
7040.382611230016,0.512,-0.008
7040.382852156957,0.504,0.0
7040.3830930838985,0.512,-0.008
7040.3833340108395,0.504,0.0
7040.38357493778,0.528,-0.008
7040.383815864722,0.512,-0.008
7040.384056791663,0.528,0.0
7040.384297718604,0.52,-0.008
7040.384538645546,0.504,0.0
7040.384779572487,0.504,0.0
7040.385020499428,0.52,-0.008
7040.38526142637,0.504,0.0
7040.385502353311,0.512,-0.008
7040.3857432802515,0.504,0.0
7040.385984207193,0.52,-0.008
7040.386225134134,0.512,-0.008
7040.386466061075,0.536,0.0
7040.386706988017,0.528,0.0
7040.386947914958,0.496,-0.008
7040.387188841899,0.504,-0.008
7040.387429768841,0.52,0.0
7040.387670695782,0.504,-0.008
7040.387911622723,0.512,0.0
7040.3881525496645,0.504,-0.008
7040.388393476605,0.512,0.0
7040.388634403546,0.504,-0.008
7040.388875330488,0.512,0.0
7040.389116257429,0.504,-0.008
7040.38935718437,0.528,0.0
7040.389598111312,0.512,0.0
7040.389839038253,0.52,-0.016
7040.390079965194,0.512,-0.008
7040.390320892136,0.52,0.0
7040.3905618190765,0.528,-0.008
7040.3908027460175,0.504,0.0
7040.391043672959,0.52,-0.008
7040.3912845999,0.504,0.0
7040.391525526841,0.504,0.0
7040.391766453783,0.52,-0.008
7040.392007380724,0.52,0.0
7040.392248307665,0.512,-0.016
7040.392489234607,0.512,0.0
7040.392730161548,0.528,-0.008
7040.392971088489,0.52,-0.008
7040.39321201543,0.504,0.0
7040.393452942371,0.504,0.0
7040.393693869312,0.52,-0.008
7040.393934796254,0.512,-0.008
7040.394175723195,0.528,0.0
7040.394416650136,0.512,0.0
7040.394657577078,0.528,-0.008
7040.394898504019,0.52,0.0
7040.39513943096,0.504,-0.016
7040.395380357902,0.504,-0.016
7040.3956212848425,0.528,0.0
7040.395862211783,0.528,-0.016
7040.396103138725,0.512,0.0
7040.396344065666,0.504,-0.016
7040.396584992607,0.528,0.0
7040.396825919549,0.52,0.0
7040.39706684649,0.536,-0.008
7040.397307773431,0.52,-0.008
7040.397548700373,0.536,0.0
7040.397789627314,0.52,-0.008
7040.398030554255,0.536,0.0
7040.398271481196,0.52,0.0
7040.398512408137,0.536,-0.008
7040.398753335078,0.52,0.0
7040.39899426202,0.528,-0.008
7040.399235188961,0.528,0.0
7040.399476115902,0.512,-0.016
7040.399717042844,0.512,-0.008
7040.399957969785,0.528,0.0
7040.400198896726,0.528,0.0
7040.4004398236675,0.504,-0.008
7040.400680750608,0.504,0.0
7040.400921677549,0.52,-0.008
7040.401162604491,0.504,0.0
7040.401403531432,0.52,-0.008
7040.401644458373,0.512,0.0
7040.401885385315,0.528,-0.008
7040.402126312256,0.528,0.0
7040.402367239197,0.504,-0.008
7040.402608166139,0.504,0.0
7040.40284909308,0.52,-0.016
7040.4030900200205,0.504,-0.008
7040.403330946962,0.528,0.0
7040.403571873903,0.52,-0.008
7040.403812800844,0.504,0.0
7040.404053727786,0.504,0.0
7040.404294654727,0.52,-0.016
7040.404535581668,0.512,-0.008
7040.40477650861,0.528,0.0
7040.405017435551,0.512,0.0
7040.405258362492,0.52,-0.008
7040.4054992894335,0.528,0.0
7040.405740216374,0.504,-0.008
7040.405981143315,0.512,0.0
7040.406222070257,0.496,-0.008
7040.406462997198,0.504,0.0
7040.406703924139,0.512,-0.008
7040.406944851081,0.504,-0.008
7040.407185778022,0.512,0.0
7040.407426704963,0.504,0.0
7040.407667631905,0.52,-0.008
7040.4079085588455,0.512,0.0
7040.408149485786,0.528,-0.008
7040.408390412728,0.52,0.0
7040.408631339669,0.504,-0.016
7040.40887226661,0.504,0.0
7040.409113193552,0.512,-0.016
7040.409354120493,0.504,0.0
7040.409595047434,0.52,-0.016
7040.409835974376,0.512,0.0
7040.410076901317,0.496,-0.008
7040.410317828258,0.504,-0.008
7040.410558755199,0.528,0.0
7040.41079968214,0.512,0.0
7040.411040609081,0.528,-0.008
7040.411281536023,0.528,0.0
7040.411522462964,0.504,-0.008
7040.411763389905,0.536,-0.008
7040.412004316847,0.504,0.0
7040.412245243788,0.504,0.0
7040.412486170729,0.52,-0.016
7040.4127270976705,0.504,0.0
7040.4129680246115,0.52,-0.016
7040.413208951552,0.52,0.0
7040.413449878494,0.504,-0.008
7040.413690805435,0.504,0.0
7040.413931732376,0.528,-0.016
7040.414172659318,0.512,0.0
7040.414413586259,0.52,-0.008
7040.4146545132,0.512,-0.008
7040.414895440142,0.504,0.0
7040.415136367083,0.512,0.0
7040.4153772940235,0.528,-0.016
7040.415618220965,0.528,-0.016
7040.415859147906,0.504,0.0
7040.416100074847,0.504,0.0
7040.416341001789,0.528,-0.016
7040.41658192873,0.512,-0.016
7040.416822855671,0.528,0.0
7040.417063782613,0.512,0.0
7040.417304709554,0.536,-0.016
7040.417545636495,0.512,0.0
7040.4177865634365,0.52,-0.008
7040.418027490377,0.536,-0.008
7040.418268417318,0.504,0.0
7040.41850934426,0.504,0.0
7040.418750271201,0.528,-0.016
7040.418991198142,0.536,0.0
7040.419232125084,0.512,-0.016
7040.419473052025,0.512,0.0
7040.419713978966,0.504,-0.016
7040.419954905908,0.512,0.0
7040.420195832849,0.504,-0.008
7040.4204367597895,0.504,0.0
7040.420677686731,0.512,-0.016
7040.420918613672,0.504,0.0
7040.421159540613,0.52,-0.016
7040.421400467555,0.512,0.0
7040.421641394496,0.536,-0.016
7040.421882321437,0.504,0.0
7040.422123248379,0.52,-0.016
7040.42236417532,0.512,0.0
7040.422605102261,0.528,-0.008
7040.422846029202,0.528,-0.008
7040.423086956143,0.504,0.0
7040.423327883084,0.504,0.0
7040.423568810026,0.512,-0.016
7040.423809736967,0.504,0.0
7040.424050663908,0.528,-0.008
7040.42429159085,0.512,-0.008
7040.424532517791,0.52,0.0
7040.424773444732,0.528,0.0
7040.425014371674,0.504,-0.008
7040.4252552986145,0.512,0.0
7040.425496225555,0.504,-0.016
7040.425737152497,0.504,-0.016
7040.425978079438,0.52,0.0
7040.426219006379,0.512,0.0
7040.426459933321,0.528,-0.016
7040.426700860262,0.512,0.0
7040.426941787203,0.528,-0.016
7040.427182714145,0.528,-0.008
7040.427423641086,0.504,0.0
7040.427664568027,0.512,-0.008
7040.427905494968,0.528,0.0
7040.428146421909,0.512,0.0
7040.42838734885,0.528,-0.016
7040.428628275792,0.528,-0.008
7040.428869202733,0.504,0.0
7040.429110129674,0.504,0.0
7040.429351056616,0.528,-0.016
7040.429591983557,0.512,-0.016
7040.429832910498,0.52,0.0
7040.4300738374395,0.52,0.0
7040.4303147643805,0.504,-0.016
7040.430555691321,0.512,0.0
7040.430796618263,0.496,-0.016
7040.431037545204,0.504,-0.008
7040.431278472145,0.52,0.0
7040.431519399087,0.512,-0.008
7040.431760326028,0.52,0.0
7040.432001252969,0.52,0.0
7040.432242179911,0.504,-0.016
7040.432483106852,0.496,0.0
7040.4327240337925,0.528,-0.016
7040.432964960734,0.512,0.0
7040.433205887675,0.528,-0.016
7040.433446814616,0.512,0.0
7040.433687741558,0.528,-0.016
7040.433928668499,0.52,0.0
7040.43416959544,0.536,-0.016
7040.434410522382,0.528,-0.008
7040.434651449323,0.52,0.0
7040.434892376264,0.52,-0.008
7040.4351333032055,0.528,0.016
7040.435374230146,0.512,0.016
7040.435615157087,0.536,0.112
7040.435856084029,0.536,0.128
7040.43609701097,0.52,0.272
7040.436337937911,0.52,0.28
7040.436578864853,0.536,0.36
7040.436819791794,0.52,0.36
7040.437060718735,0.536,0.384
7040.437301645677,0.52,0.384
7040.4375425726175,0.528,0.4
7040.4377834995585,0.52,0.392
7040.4380244265,0.536,0.40800000000000003
7040.438265353441,0.52,0.392
7040.438506280382,0.536,0.40800000000000003
7040.438747207324,0.52,0.392
7040.438988134265,0.536,0.4
7040.439229061206,0.52,0.392
7040.439469988148,0.528,0.4
7040.439710915089,0.52,0.4
7040.43995184203,0.536,0.4
7040.440192768971,0.52,0.392
7040.440433695912,0.536,0.40800000000000003
7040.440674622853,0.528,0.4
7040.440915549795,0.52,0.40800000000000003
7040.441156476736,0.512,0.392
7040.441397403677,0.528,0.40800000000000003
7040.441638330619,0.52,0.4
7040.44187925756,0.536,0.40800000000000003
7040.442120184501,0.52,0.4
7040.442361111443,0.528,0.40800000000000003
7040.4426020383835,0.52,0.40800000000000003
7040.442842965324,0.536,0.392
7040.443083892266,0.52,0.392
7040.443324819207,0.536,0.4
7040.443565746148,0.52,0.4
7040.44380667309,0.528,0.40800000000000003
7040.444047600031,0.52,0.4
7040.444288526972,0.536,0.392
7040.444529453914,0.52,0.4
7040.444770380855,0.528,0.40800000000000003
7040.4450113077955,0.512,0.40800000000000003
7040.445252234737,0.536,0.392
7040.445493161678,0.52,0.392
7040.445734088619,0.528,0.40800000000000003
7040.445975015561,0.52,0.392
7040.446215942502,0.536,0.40800000000000003
7040.446456869443,0.52,0.40800000000000003
7040.446697796385,0.536,0.392
7040.446938723326,0.52,0.4
7040.447179650267,0.536,0.392
7040.4474205772085,0.52,0.392
7040.447661504149,0.536,0.40800000000000003
7040.44790243109,0.52,0.392
7040.448143358032,0.536,0.40800000000000003
7040.448384284973,0.52,0.4
7040.448625211914,0.536,0.392
7040.448866138856,0.52,0.392
7040.449107065797,0.528,0.40800000000000003
7040.449347992738,0.52,0.4
7040.44958891968,0.536,0.392
7040.449829846621,0.536,0.392
7040.4500707735615,0.512,0.40800000000000003
7040.450311700503,0.52,0.392
7040.450552627444,0.536,0.4
7040.450793554385,0.52,0.392
7040.451034481327,0.536,0.4
7040.451275408268,0.52,0.392
7040.451516335209,0.536,0.4
7040.451757262151,0.52,0.392
7040.451998189092,0.536,0.4
7040.452239116033,0.512,0.4
7040.4524800429745,0.536,0.384
7040.452720969915,0.536,0.384
7040.452961896856,0.52,0.4
7040.453202823798,0.512,0.392
7040.453443750739,0.536,0.40800000000000003
7040.45368467768,0.52,0.392
7040.453925604622,0.536,0.40800000000000003
7040.454166531563,0.52,0.392
7040.454407458504,0.528,0.384
7040.454648385446,0.512,0.384
7040.4548893123865,0.536,0.4
7040.455130239327,0.536,0.392
7040.455371166269,0.52,0.384
7040.45561209321,0.528,0.384
7040.455853020151,0.512,0.4
7040.456093947093,0.52,0.4
7040.456334874034,0.528,0.384
7040.456575800975,0.52,0.4
7040.456816727917,0.528,0.384
7040.457057654858,0.52,0.4
7040.457298581799,0.528,0.384
7040.45753950874,0.52,0.384
7040.457780435681,0.528,0.4
7040.458021362622,0.52,0.384
7040.458262289564,0.528,0.392
7040.458503216505,0.52,0.392
7040.458744143446,0.528,0.40800000000000003
7040.458985070388,0.52,0.4
7040.459225997329,0.536,0.40800000000000003
7040.45946692427,0.512,0.4
7040.4597078512115,0.536,0.392
7040.4599487781525,0.528,0.4
7040.460189705093,0.512,0.384
7040.460430632035,0.512,0.384
7040.460671558976,0.536,0.4
7040.460912485917,0.52,0.384
7040.461153412859,0.528,0.4
7040.4613943398,0.52,0.392
7040.461635266741,0.536,0.384
7040.461876193683,0.52,0.4
7040.462117120624,0.536,0.384
7040.4623580475645,0.536,0.384
7040.462598974506,0.512,0.4
7040.462839901447,0.512,0.392
7040.463080828388,0.528,0.4
7040.46332175533,0.52,0.4
7040.463562682271,0.528,0.384
7040.463803609212,0.52,0.392
7040.464044536154,0.528,0.392
7040.464285463095,0.528,0.392
7040.464526390036,0.512,0.384
7040.4647673169775,0.52,0.384
7040.465008243918,0.536,0.4
7040.465249170859,0.52,0.40800000000000003
7040.465490097801,0.528,0.392
7040.465731024742,0.52,0.4
7040.465971951683,0.528,0.40800000000000003
7040.466212878625,0.52,0.4
7040.466453805566,0.536,0.392
7040.466694732507,0.52,0.392
7040.466935659449,0.536,0.4
7040.4671765863895,0.52,0.384
7040.4674175133305,0.536,0.4
7040.467658440272,0.52,0.384
7040.467899367213,0.536,0.392
7040.468140294154,0.536,0.384
7040.468381221096,0.512,0.4
7040.468622148037,0.52,0.392
7040.468863074978,0.528,0.4
7040.46910400192,0.52,0.392
7040.469344928861,0.536,0.4
7040.469585855802,0.52,0.4
7040.469826782743,0.528,0.384
7040.470067709684,0.536,0.384
7040.470308636625,0.512,0.392
7040.470549563567,0.52,0.392
7040.470790490508,0.536,0.4
7040.471031417449,0.52,0.392
7040.471272344391,0.528,0.392
7040.471513271332,0.52,0.392
7040.471754198273,0.528,0.384
7040.471995125215,0.528,0.4
7040.4722360521555,0.512,0.384
7040.472476979096,0.52,0.384
7040.472717906038,0.528,0.4
7040.472958832979,0.52,0.392
7040.47319975992,0.536,0.384
7040.473440686862,0.52,0.384
7040.473681613803,0.536,0.376
7040.473922540744,0.52,0.376
7040.474163467686,0.536,0.40800000000000003
7040.474404394627,0.52,0.40800000000000003
7040.474645321568,0.528,0.392
7040.474886248509,0.52,0.4
7040.47512717545,0.536,0.384
7040.475368102391,0.52,0.4
7040.475609029333,0.528,0.384
7040.475849956274,0.52,0.384
7040.476090883215,0.536,0.4
7040.476331810157,0.52,0.392
7040.476572737098,0.536,0.4
7040.476813664039,0.512,0.392
7040.4770545909805,0.536,0.40800000000000003
7040.477295517921,0.52,0.392
7040.477536444862,0.536,0.40800000000000003
7040.477777371804,0.52,0.392
7040.478018298745,0.528,0.40800000000000003
7040.478259225686,0.52,0.392
7040.478500152628,0.536,0.4
7040.478741079569,0.536,0.392
7040.47898200651,0.512,0.384
7040.479222933452,0.536,0.384
7040.479463860393,0.512,0.4
7040.4797047873335,0.536,0.392
7040.479945714275,0.512,0.4
7040.480186641216,0.512,0.392
7040.480427568157,0.528,0.4
7040.480668495099,0.512,0.4
7040.48090942204,0.52,0.384
7040.481150348981,0.512,0.376
7040.481391275923,0.52,0.4
7040.481632202864,0.52,0.384
7040.481873129805,0.504,0.392
7040.4821140567465,0.496,0.392
7040.482354983687,0.52,0.40800000000000003
7040.482595910628,0.512,0.392
7040.48283683757,0.496,0.4
7040.483077764511,0.504,0.376
7040.483318691452,0.52,0.4
7040.483559618394,0.512,0.392
7040.483800545335,0.528,0.40800000000000003
7040.484041472276,0.52,0.4
7040.484282399218,0.504,0.392
7040.4845233261585,0.504,0.392
7040.4847642530995,0.512,0.40800000000000003
7040.485005180041,0.496,0.40800000000000003
7040.485246106982,0.52,0.392
7040.485487033923,0.504,0.392
7040.485727960865,0.512,0.40800000000000003
7040.485968887806,0.504,0.392
7040.486209814747,0.512,0.40800000000000003
7040.486450741689,0.512,0.392
7040.48669166863,0.528,0.40800000000000003
7040.486932595571,0.528,0.392
7040.487173522512,0.496,0.4
7040.487414449453,0.496,0.4
7040.487655376394,0.512,0.384
7040.487896303336,0.496,0.392
7040.488137230277,0.52,0.4
7040.488378157218,0.496,0.392
7040.48861908416,0.52,0.384
7040.488860011101,0.512,0.384
7040.489100938042,0.528,0.4
7040.4893418649835,0.512,0.4
7040.4895827919245,0.52,0.392
7040.489823718865,0.504,0.392
7040.490064645807,0.52,0.4
7040.490305572748,0.52,0.392
7040.490546499689,0.504,0.384
7040.490787426631,0.512,0.392
7040.491028353572,0.528,0.4
7040.491269280513,0.536,0.392
7040.491510207455,0.504,0.40800000000000003
7040.491751134396,0.504,0.4
7040.4919920613365,0.512,0.392
7040.492232988278,0.504,0.392
7040.492473915219,0.52,0.392
7040.49271484216,0.512,0.392
7040.492955769102,0.536,0.376
7040.493196696043,0.52,0.384
7040.493437622984,0.504,0.392
7040.493678549926,0.504,0.384
7040.493919476867,0.52,0.4
7040.494160403808,0.496,0.392
7040.4944013307495,0.512,0.4
7040.49464225769,0.504,0.4
7040.494883184631,0.512,0.376
7040.495124111573,0.504,0.376
7040.495365038514,0.52,0.328
7040.495605965455,0.504,0.32
7040.495846892397,0.512,0.176
7040.496087819338,0.504,0.168
7040.496328746279,0.52,0.064
7040.496569673221,0.512,0.056
7040.496810600162,0.52,0.008
7040.4970515271025,0.512,0.016
7040.497292454044,0.504,-0.008
7040.497533380985,0.504,0.0
7040.497774307926,0.52,-0.008
7040.498015234868,0.528,0.0
7040.498256161809,0.504,-0.008
7040.49849708875,0.504,0.0
7040.498738015692,0.52,-0.008
7040.498978942633,0.512,0.0
7040.499219869574,0.496,-0.008
7040.499460796515,0.504,0.0
7040.499701723456,0.528,-0.008
7040.499942650397,0.52,0.0
7040.500183577339,0.504,-0.008
7040.50042450428,0.504,0.0
7040.500665431221,0.52,-0.008
7040.500906358163,0.512,-0.008
7040.501147285104,0.528,0.0
7040.501388212045,0.52,-0.008
7040.501629138987,0.504,0.0
7040.5018700659275,0.512,-0.008
7040.502110992868,0.528,0.0
7040.50235191981,0.512,0.0
7040.502592846751,0.528,-0.008
7040.502833773692,0.52,0.0
7040.503074700634,0.504,-0.008
7040.503315627575,0.512,0.0
7040.503556554516,0.52,-0.008
7040.503797481458,0.512,0.0
7040.504038408399,0.528,-0.016
7040.50427933534,0.52,-0.016
7040.504520262281,0.504,0.0
7040.504761189222,0.504,-0.008
7040.505002116163,0.52,0.0
7040.505243043105,0.504,0.0
7040.505483970046,0.512,-0.016
7040.505724896987,0.496,0.0
7040.505965823929,0.512,-0.008
7040.50620675087,0.504,-0.008
7040.506447677811,0.512,0.0
7040.5066886047525,0.504,0.0
7040.5069295316935,0.52,-0.008
7040.507170458634,0.512,-0.008
7040.507411385576,0.528,0.0
7040.507652312517,0.52,0.0
7040.507893239458,0.504,-0.008
7040.5081341664,0.512,-0.008
7040.508375093341,0.528,0.0
7040.508616020282,0.536,-0.008
7040.508856947224,0.512,0.0
7040.509097874165,0.52,0.0
7040.5093388011055,0.496,-0.008
7040.509579728047,0.504,-0.008
7040.509820654988,0.512,0.0
7040.510061581929,0.504,0.0
7040.510302508871,0.52,-0.008
7040.510543435812,0.52,-0.008
7040.510784362753,0.504,0.0
7040.511025289695,0.504,0.0
7040.511266216636,0.528,-0.008
7040.511507143577,0.512,-0.008
7040.5117480705185,0.528,0.0
7040.511988997459,0.512,0.0
7040.5122299244,0.528,-0.008
7040.512470851342,0.512,0.0
7040.512711778283,0.536,-0.008
7040.512952705224,0.512,-0.008
7040.513193632166,0.496,0.0
7040.513434559107,0.496,-0.008
7040.513675486048,0.512,0.0
7040.51391641299,0.504,0.0
7040.5141573399305,0.52,-0.008
7040.5143982668715,0.504,0.0
7040.514639193813,0.512,-0.008
7040.514880120754,0.512,0.0
7040.515121047695,0.504,-0.016
7040.515361974637,0.504,-0.008
7040.515602901578,0.512,0.0
7040.515843828519,0.504,-0.008
7040.516084755461,0.528,0.0
7040.516325682402,0.512,-0.008
7040.516566609343,0.528,0.0
7040.516807536284,0.52,0.0
7040.517048463225,0.504,-0.016
7040.517289390166,0.512,0.0
7040.517530317108,0.496,-0.016
7040.517771244049,0.496,0.0
7040.51801217099,0.512,-0.008
7040.518253097932,0.496,-0.008
7040.518494024873,0.512,0.0
7040.518734951814,0.504,-0.008
7040.518975878756,0.512,0.0
7040.5192168056965,0.504,0.0
7040.519457732637,0.528,-0.008
7040.519698659579,0.512,0.0
7040.51993958652,0.528,-0.016
7040.520180513461,0.528,-0.008
7040.520421440403,0.512,0.0
7040.520662367344,0.512,-0.008
7040.520903294285,0.528,0.0
7040.521144221227,0.52,0.0
7040.521385148168,0.504,-0.008
7040.5216260751085,0.512,0.0
7040.52186700205,0.528,-0.008
7040.522107928991,0.52,0.0
7040.522348855932,0.496,-0.016
7040.522589782874,0.512,-0.008
7040.522830709815,0.528,0.0
7040.523071636756,0.512,-0.008
7040.523312563698,0.528,0.0
7040.523553490639,0.52,-0.008
7040.52379441758,0.504,0.0
7040.5240353445215,0.512,0.0
7040.524276271462,0.496,-0.008
7040.524517198403,0.504,0.0
7040.524758125345,0.512,-0.016
7040.524999052286,0.512,0.0
7040.525239979227,0.528,-0.008
7040.525480906169,0.512,0.0
7040.52572183311,0.52,-0.016
7040.525962760051,0.512,-0.008
7040.526203686993,0.52,0.0
7040.526444613934,0.512,0.0
7040.5266855408745,0.544,-0.008
7040.526926467816,0.536,0.0
7040.527167394757,0.504,-0.008
7040.527408321698,0.52,-0.016
7040.52764924864,0.496,0.0
7040.527890175581,0.504,0.0
7040.528131102522,0.52,-0.016
7040.528372029464,0.512,0.0
7040.528612956405,0.528,-0.008
7040.528853883346,0.512,0.0
7040.5290948102875,0.536,-0.016
7040.529335737228,0.504,-0.016
7040.529576664169,0.528,0.0
7040.529817591111,0.512,0.0
7040.530058518052,0.52,-0.008
7040.530299444993,0.512,0.0
7040.530540371935,0.52,-0.008
7040.530781298876,0.512,-0.008
7040.531022225817,0.52,0.0
7040.531263152759,0.512,0.0
7040.5315040796995,0.528,-0.016
7040.53174500664,0.512,-0.008
7040.531985933582,0.528,0.0
7040.532226860523,0.528,-0.008
7040.532467787464,0.504,0.0
7040.532708714406,0.504,0.0
7040.532949641347,0.52,-0.008
7040.533190568288,0.512,-0.008
7040.53343149523,0.528,0.0
7040.533672422171,0.512,0.0
7040.533913349112,0.528,-0.016
7040.534154276053,0.512,0.0
7040.534395202994,0.528,-0.016
7040.534636129935,0.504,0.0
7040.534877056877,0.52,-0.016
7040.535117983818,0.512,-0.008
7040.535358910759,0.52,0.0
7040.535599837701,0.512,0.0
7040.535840764642,0.52,-0.008
7040.536081691583,0.504,0.0
7040.5363226185245,0.528,-0.008
7040.5365635454655,0.52,-0.008
7040.536804472406,0.504,0.0
7040.537045399348,0.512,0.0
7040.537286326289,0.528,-0.008
7040.53752725323,0.512,-0.016
7040.537768180172,0.52,0.0
7040.538009107113,0.512,0.0
7040.538250034054,0.528,-0.016
7040.538490960996,0.528,0.0
7040.538731887937,0.504,-0.008
7040.5389728148775,0.52,0.0
7040.539213741819,0.504,-0.016
7040.53945466876,0.512,-0.008
7040.539695595701,0.52,0.0
7040.539936522643,0.52,0.0
7040.540177449584,0.504,-0.016
7040.540418376525,0.504,-0.008
7040.540659303467,0.512,0.0
7040.540900230408,0.512,-0.008
7040.541141157349,0.528,0.0
7040.5413820842905,0.528,0.0
7040.541623011231,0.504,-0.016
7040.541863938172,0.504,0.0
7040.542104865114,0.512,-0.016
7040.542345792055,0.512,0.0
7040.542586718996,0.528,-0.016
7040.542827645938,0.528,-0.016
7040.543068572879,0.504,0.0
7040.54330949982,0.504,-0.016
7040.543550426762,0.512,0.0
7040.5437913537025,0.504,-0.008
7040.5440322806435,0.512,0.0
7040.544273207585,0.496,-0.008
7040.544514134526,0.52,0.0
7040.544755061467,0.504,0.0
7040.544995988409,0.52,-0.016
7040.54523691535,0.512,-0.016
7040.545477842291,0.528,0.0
7040.545718769233,0.512,0.0
7040.545959696174,0.52,-0.016
7040.546200623115,0.52,0.0
7040.546441550056,0.496,-0.016
7040.546682476997,0.512,-0.008
7040.546923403938,0.528,0.0
7040.54716433088,0.536,-0.008
7040.547405257821,0.504,0.0
7040.547646184762,0.512,-0.008
7040.547887111704,0.528,0.0
7040.548128038645,0.512,0.0
7040.548368965586,0.528,-0.008
7040.548609892528,0.512,0.0
7040.5488508194685,0.52,-0.016
7040.549091746409,0.512,0.0
7040.549332673351,0.52,-0.016
7040.549573600292,0.528,-0.016
7040.549814527233,0.504,0.0
7040.550055454175,0.504,-0.016
7040.550296381116,0.52,0.0
7040.550537308057,0.512,0.0
7040.550778234999,0.528,-0.016
7040.55101916194,0.512,0.0
7040.551260088881,0.536,-0.008
7040.551501015822,0.512,-0.008
7040.551741942763,0.536,0.0
7040.551982869704,0.52,0.0
7040.552223796646,0.504,-0.016
7040.552464723587,0.504,0.0
7040.552705650528,0.512,-0.016
7040.55294657747,0.512,0.0
7040.553187504411,0.528,-0.016
7040.553428431352,0.512,0.0
7040.5536693582935,0.528,-0.016
7040.553910285234,0.512,0.0
7040.554151212175,0.528,-0.016
7040.554392139117,0.512,0.0
7040.554633066058,0.528,-0.016
7040.554873992999,0.512,-0.008
7040.555114919941,0.536,0.0
7040.555355846882,0.52,-0.008
7040.555596773823,0.504,0.016
7040.555837700765,0.528,0.016
7040.556078627706,0.504,0.12
7040.5563195546465,0.504,0.12
7040.556560481588,0.52,0.28
7040.556801408529,0.512,0.28
7040.55704233547,0.528,0.36
7040.557283262412,0.528,0.36
7040.557524189353,0.504,0.392
7040.557765116294,0.504,0.384
7040.558006043236,0.52,0.4
7040.558246970177,0.52,0.392
7040.558487897118,0.504,0.40800000000000003
7040.5587288240595,0.504,0.392
7040.558969751,0.512,0.4
7040.559210677941,0.504,0.392
7040.559451604883,0.528,0.40800000000000003
7040.559692531824,0.528,0.40800000000000003
7040.559933458765,0.512,0.392
7040.560174385707,0.512,0.4
7040.560415312648,0.528,0.40800000000000003
7040.560656239589,0.528,0.392
7040.560897166531,0.512,0.40800000000000003
7040.5611380934715,0.52,0.4
7040.5613790204125,0.536,0.40800000000000003
7040.561619947354,0.52,0.4
7040.561860874295,0.528,0.40800000000000003
7040.562101801236,0.52,0.40800000000000003
7040.562342728178,0.536,0.4
7040.562583655119,0.52,0.40800000000000003
7040.56282458206,0.536,0.4
7040.563065509002,0.52,0.40800000000000003
7040.563306435943,0.536,0.4
7040.563547362884,0.52,0.392
7040.563788289825,0.536,0.40800000000000003
7040.564029216766,0.52,0.4
7040.564270143707,0.528,0.4
7040.564511070649,0.52,0.4
7040.56475199759,0.528,0.392
7040.564992924531,0.52,0.4
7040.565233851473,0.536,0.4
7040.565474778414,0.528,0.4
7040.565715705355,0.512,0.40800000000000003
7040.565956632297,0.52,0.4
7040.5661975592375,0.528,0.40800000000000003
7040.566438486178,0.52,0.4
7040.56667941312,0.536,0.40800000000000003
7040.566920340061,0.52,0.4
7040.567161267002,0.528,0.40800000000000003
7040.567402193944,0.536,0.392
7040.567643120885,0.512,0.40800000000000003
7040.567884047826,0.512,0.4
7040.568124974768,0.536,0.40800000000000003
7040.568365901709,0.52,0.40800000000000003
7040.5686068286495,0.536,0.392
7040.568847755591,0.536,0.40800000000000003
7040.569088682532,0.52,0.4
7040.569329609473,0.52,0.392
7040.569570536415,0.528,0.40800000000000003
7040.569811463356,0.536,0.40800000000000003
7040.570052390297,0.52,0.4
7040.570293317239,0.512,0.40800000000000003
7040.57053424418,0.536,0.4
7040.570775171121,0.528,0.4
7040.5710160980625,0.512,0.40800000000000003
7040.571257025003,0.512,0.4
7040.571497951944,0.52,0.40800000000000003
7040.571738878886,0.52,0.4
7040.571979805827,0.504,0.4
7040.572220732768,0.504,0.4
7040.57246165971,0.52,0.40800000000000003
7040.572702586651,0.512,0.40800000000000003
7040.572943513592,0.528,0.392
7040.573184440534,0.536,0.392
7040.573425367475,0.504,0.40800000000000003
7040.5736662944155,0.496,0.4
7040.573907221357,0.52,0.40800000000000003
7040.574148148298,0.512,0.40800000000000003
7040.574389075239,0.528,0.392
7040.574630002181,0.52,0.4
7040.574870929122,0.536,0.40800000000000003
7040.575111856063,0.512,0.392
7040.575352783005,0.536,0.4
7040.575593709946,0.52,0.4
7040.575834636887,0.528,0.384
7040.576075563828,0.52,0.384
7040.576316490769,0.536,0.40800000000000003
7040.57655741771,0.52,0.392
7040.576798344652,0.536,0.4
7040.577039271593,0.512,0.4
7040.577280198534,0.528,0.384
7040.577521125476,0.52,0.384
7040.577762052417,0.536,0.392
7040.578002979358,0.536,0.384
7040.5782439063,0.52,0.40800000000000003
7040.5784848332405,0.512,0.392
7040.578725760181,0.536,0.4
7040.578966687123,0.52,0.392
7040.579207614064,0.536,0.392
7040.579448541005,0.52,0.4
7040.579689467947,0.536,0.384
7040.579930394888,0.536,0.384
7040.580171321829,0.512,0.4
7040.580412248771,0.52,0.4
7040.580653175712,0.536,0.4
7040.580894102653,0.52,0.40800000000000003
7040.581135029594,0.528,0.384
7040.581375956535,0.52,0.4
7040.581616883476,0.528,0.384
7040.581857810418,0.52,0.392
7040.582098737359,0.528,0.40800000000000003
7040.5823396643,0.52,0.392
7040.582580591242,0.536,0.40800000000000003
7040.582821518183,0.528,0.384
7040.583062445124,0.512,0.4
7040.5833033720655,0.52,0.392
7040.5835442990065,0.528,0.392
7040.583785225947,0.52,0.384
7040.584026152889,0.528,0.4
7040.58426707983,0.52,0.384
7040.584508006771,0.536,0.4
7040.584748933713,0.52,0.392
7040.584989860654,0.536,0.4
7040.585230787595,0.52,0.4
7040.585471714537,0.528,0.392
7040.585712641478,0.52,0.392
7040.5859535684185,0.536,0.4
7040.58619449536,0.52,0.392
7040.586435422301,0.528,0.4
7040.586676349242,0.52,0.392
7040.586917276184,0.528,0.4
7040.587158203125,0.512,0.4
7040.587399130066,0.536,0.384
7040.587640057008,0.52,0.384
7040.587880983949,0.528,0.40800000000000003
7040.58812191089,0.528,0.40800000000000003
7040.5883628378315,0.512,0.4
7040.588603764772,0.512,0.4
7040.588844691713,0.528,0.392
7040.589085618655,0.512,0.392
7040.589326545596,0.528,0.392
7040.589567472537,0.528,0.392
7040.589808399479,0.512,0.384
7040.59004932642,0.52,0.384
7040.590290253361,0.536,0.4
7040.590531180303,0.528,0.384
7040.5907721072435,0.512,0.40800000000000003
7040.5910130341845,0.52,0.4
7040.591253961126,0.536,0.40800000000000003
7040.591494888067,0.52,0.4
7040.591735815008,0.528,0.392
7040.59197674195,0.52,0.4
7040.592217668891,0.536,0.384
7040.592458595832,0.52,0.384
7040.592699522774,0.528,0.4
7040.592940449715,0.52,0.4
7040.593181376656,0.528,0.40800000000000003
7040.593422303597,0.52,0.4
7040.593663230538,0.528,0.40800000000000003
7040.593904157479,0.52,0.4
7040.594145084421,0.528,0.40800000000000003
7040.594386011362,0.536,0.40800000000000003
7040.594626938303,0.512,0.4
7040.594867865245,0.512,0.40800000000000003
7040.595108792186,0.536,0.392
7040.595349719127,0.528,0.392
7040.595590646069,0.512,0.4
7040.5958315730095,0.512,0.392
7040.59607249995,0.528,0.4
7040.596313426892,0.512,0.392
7040.596554353833,0.528,0.384
7040.596795280774,0.512,0.384
7040.597036207716,0.52,0.4
7040.597277134657,0.512,0.384
7040.597518061598,0.528,0.4
7040.59775898854,0.52,0.392
7040.597999915481,0.504,0.40800000000000003
7040.598240842422,0.504,0.40800000000000003
7040.598481769363,0.52,0.392
7040.605758428574,0.512,-0.016
7040.606028964321,0.528,0.0
7040.606299500068,0.512,0.0
7040.606570035815,0.528,-0.016
7040.606840571562,0.536,-0.016
7040.60711110731,0.504,0.0
7040.607381643057,0.512,-0.016
7040.6076521788045,0.528,0.0
7040.607922714551,0.512,-0.016
7040.608193250298,0.528,-0.008
7040.608463786046,0.512,-0.016
7040.608734321793,0.528,0.0
7040.60900485754,0.512,-0.016
7040.609275393287,0.528,0.0
7040.6095459290345,0.512,-0.016
7040.609816464782,0.528,0.0
7040.610087000529,0.512,-0.016
7040.610357536276,0.528,0.0
7040.610628072023,0.512,-0.016
7040.610898607771,0.528,0.0
7040.611169143518,0.512,-0.008
7040.6114396792655,0.528,0.016
7040.611710215012,0.528,0.024
7040.611980750759,0.504,0.112
7040.612251286507,0.512,0.12
7040.612521822254,0.496,0.272
7040.612792358001,0.504,0.28
7040.613062893748,0.52,0.368
7040.6133334294955,0.512,0.368
7040.613603965243,0.528,0.4
7040.61387450099,0.512,0.4
7040.614145036737,0.528,0.41600000000000004
7040.614415572484,0.512,0.40800000000000003
7040.614686108232,0.528,0.41600000000000004
7040.614956643979,0.52,0.40800000000000003
7040.615227179726,0.504,0.424
7040.615497715473,0.504,0.40800000000000003
7040.61576825122,0.512,0.41600000000000004
7040.616038786968,0.504,0.41600000000000004
7040.616309322715,0.52,0.4
7040.616579858462,0.504,0.4
7040.616850394209,0.52,0.40800000000000003
7040.617120929956,0.512,0.4
7040.617391465704,0.528,0.40800000000000003
7040.617662001451,0.512,0.40800000000000003
7040.617932537198,0.536,0.4
7040.618203072945,0.528,0.4
7040.6184736086925,0.504,0.40800000000000003
7040.61874414444,0.504,0.4
7040.619014680187,0.52,0.40800000000000003
7040.619285215934,0.504,0.40800000000000003
7040.619555751681,0.528,0.4
7040.619826287429,0.528,0.40800000000000003
7040.620096823176,0.512,0.392
7040.6203673589225,0.512,0.4
7040.62063789467,0.528,0.40800000000000003
7040.620908430417,0.512,0.4
7040.621178966165,0.528,0.40800000000000003
7040.621449501912,0.512,0.40800000000000003
7040.621720037659,0.528,0.4
7040.621990573406,0.52,0.4
7040.622261109153,0.504,0.40800000000000003
7040.622531644901,0.504,0.4
7040.622802180648,0.512,0.40800000000000003
7040.623072716395,0.504,0.4
7040.623343252142,0.528,0.40800000000000003
7040.62361378789,0.52,0.4
7040.623884323637,0.528,0.40800000000000003
7040.624154859383,0.52,0.4
7040.624425395131,0.504,0.40800000000000003
7040.624695930878,0.504,0.392
7040.624966466626,0.52,0.40800000000000003
7040.625237002373,0.504,0.384
7040.62550753812,0.528,0.4
7040.625778073867,0.512,0.4
7040.626048609614,0.52,0.41600000000000004
7040.626319145362,0.512,0.40800000000000003
7040.626589681109,0.528,0.41600000000000004
7040.626860216856,0.528,0.41600000000000004
7040.627130752603,0.512,0.4
7040.6274012883505,0.512,0.40800000000000003
7040.627671824098,0.52,0.392
7040.627942359845,0.512,0.4
7040.628212895592,0.528,0.40800000000000003
7040.628483431339,0.512,0.4
7040.628753967087,0.528,0.40800000000000003
7040.629024502834,0.512,0.40800000000000003
7040.6292950385805,0.52,0.392
7040.629565574328,0.512,0.4
7040.629836110075,0.528,0.41600000000000004
7040.630106645823,0.528,0.41600000000000004
7040.63037718157,0.504,0.4
7040.630647717317,0.504,0.4
7040.630918253064,0.512,0.40800000000000003
7040.631188788811,0.504,0.40800000000000003
7040.631459324559,0.52,0.392
7040.631729860306,0.504,0.4
7040.632000396053,0.52,0.392
7040.6322709318,0.512,0.384
7040.6325414675475,0.52,0.40800000000000003
7040.632812003295,0.52,0.4
7040.633082539041,0.504,0.40800000000000003
7040.633353074789,0.504,0.40800000000000003
7040.633623610536,0.52,0.4
7040.633894146284,0.504,0.4
7040.634164682031,0.52,0.40800000000000003
7040.6344352177775,0.504,0.40800000000000003
7040.634705753525,0.528,0.392
7040.634976289272,0.52,0.40800000000000003
7040.63524682502,0.504,0.392
7040.635517360767,0.504,0.40800000000000003
7040.635787896514,0.52,0.41600000000000004
7040.636058432261,0.512,0.41600000000000004
7040.6363289680085,0.528,0.4
7040.636599503756,0.52,0.40800000000000003
7040.636870039502,0.536,0.41600000000000004
7040.63714057525,0.52,0.40800000000000003
7040.637411110997,0.504,0.424
7040.637681646745,0.504,0.40800000000000003
7040.637952182492,0.52,0.41600000000000004
7040.6382227182385,0.512,0.40800000000000003
7040.638493253986,0.52,0.41600000000000004
7040.638763789733,0.512,0.40800000000000003
7040.639034325481,0.528,0.41600000000000004
7040.639304861228,0.52,0.41600000000000004
7040.639575396975,0.512,0.4
7040.639845932722,0.52,0.4
7040.640116468469,0.504,0.392
7040.640387004217,0.504,0.392
7040.640657539963,0.52,0.40800000000000003
7040.640928075711,0.504,0.41600000000000004
7040.641198611458,0.528,0.40800000000000003
7040.6414691472055,0.512,0.40800000000000003
7040.641739682953,0.528,0.424
7040.642010218699,0.512,0.41600000000000004
7040.642280754447,0.528,0.40800000000000003
7040.642551290194,0.504,0.40800000000000003
7040.642821825942,0.52,0.4
7040.643092361689,0.504,0.4
7040.6433628974355,0.512,0.392
7040.643633433183,0.504,0.384
7040.64390396893,0.52,0.40800000000000003
7040.644174504678,0.504,0.4
7040.644445040424,0.52,0.41600000000000004
7040.644715576172,0.512,0.40800000000000003
7040.644986111919,0.496,0.41600000000000004
7040.645256647666,0.52,0.41600000000000004
7040.645527183414,0.504,0.4
7040.64579771916,0.52,0.40800000000000003
7040.646068254908,0.536,0.4
7040.646338790655,0.52,0.4
7040.6466093264025,0.536,0.40800000000000003
7040.64687986215,0.52,0.392
7040.647150397896,0.536,0.40800000000000003
7040.647420933644,0.536,0.4
7040.647691469391,0.52,0.40800000000000003
7040.647962005139,0.52,0.40800000000000003
7040.648232540886,0.536,0.392
7040.648503076633,0.536,0.384
7040.64877361238,0.52,0.41600000000000004
7040.649044148127,0.52,0.41600000000000004
7040.649314683875,0.528,0.4
7040.649585219621,0.528,0.4
7040.649855755369,0.52,0.392
7040.650126291116,0.52,0.392
7040.6503968268635,0.536,0.40800000000000003
7040.650667362611,0.52,0.392
7040.650937898357,0.536,0.40800000000000003
7040.651208434105,0.528,0.384
7040.651478969852,0.52,0.40800000000000003
7040.6517495056,0.52,0.41600000000000004
7040.652020041347,0.528,0.4
7040.6522905770935,0.52,0.4
7040.652561112841,0.536,0.392
7040.652831648588,0.536,0.40800000000000003
7040.653102184336,0.512,0.384
7040.653372720082,0.52,0.392
7040.65364325583,0.512,0.40800000000000003
7040.653913791577,0.512,0.41600000000000004
7040.654184327324,0.528,0.4
7040.654454863072,0.536,0.40800000000000003
7040.654725398818,0.504,0.392
7040.654995934566,0.504,0.392
7040.655266470313,0.52,0.40800000000000003
7040.6555370060605,0.512,0.4
7040.655807541808,0.528,0.41600000000000004
7040.656078077554,0.528,0.40800000000000003
7040.656348613302,0.504,0.41600000000000004
7040.656619149049,0.512,0.40800000000000003
7040.656889684797,0.52,0.41600000000000004
7040.657160220543,0.52,0.40800000000000003
7040.6574307562905,0.504,0.41600000000000004
7040.657701292038,0.512,0.40800000000000003
7040.657971827785,0.504,0.41600000000000004
7040.658242363533,0.504,0.40800000000000003
7040.658512899279,0.536,0.392
7040.658783435027,0.536,0.4
7040.659053970774,0.512,0.392
7040.659324506521,0.504,0.4
7040.659595042269,0.52,0.40800000000000003
7040.659865578015,0.52,0.4
7040.660136113763,0.504,0.40800000000000003
7040.66040664951,0.52,0.40800000000000003
7040.660677185258,0.536,0.392
7040.660947721004,0.52,0.392
7040.661218256751,0.536,0.41600000000000004
7040.661488792499,0.52,0.4
7040.661759328246,0.536,0.41600000000000004
7040.662029863994,0.52,0.40800000000000003
7040.66230039974,0.536,0.4
7040.662570935488,0.52,0.4
7040.662841471235,0.536,0.40800000000000003
7040.663112006982,0.52,0.392
7040.66338254273,0.536,0.40800000000000003
7040.663653078476,0.536,0.40800000000000003
7040.663923614224,0.52,0.4
7040.664194149971,0.52,0.4
7040.6644646857185,0.536,0.40800000000000003
7040.664735221465,0.52,0.4
7040.665005757212,0.536,0.40800000000000003
7040.66527629296,0.52,0.40800000000000003
7040.665546828707,0.528,0.4
7040.665817364455,0.52,0.40800000000000003
7040.666087900201,0.536,0.392
7040.6663584359485,0.536,0.4
7040.666628971696,0.52,0.41600000000000004
7040.666899507443,0.52,0.41600000000000004
7040.667170043191,0.536,0.4
7040.667440578937,0.52,0.40800000000000003
7040.667711114685,0.536,0.4
7040.667981650432,0.528,0.4
7040.668252186179,0.52,0.40800000000000003
7040.668522721927,0.52,0.4
7040.668793257673,0.536,0.392
7040.669063793421,0.528,0.392
7040.669334329168,0.52,0.41600000000000004
7040.6696048649155,0.52,0.40800000000000003
7040.669875400662,0.536,0.41600000000000004
7040.670145936409,0.52,0.40800000000000003
7040.670416472157,0.536,0.41600000000000004
7040.670687007904,0.52,0.40800000000000003
7040.670957543652,0.536,0.41600000000000004
7040.671228079398,0.52,0.41600000000000004
7040.6714986151455,0.536,0.4
7040.671769150893,0.52,0.4
7040.67203968664,0.536,0.4
7040.672310222388,0.52,0.4
7040.672580758134,0.536,0.40800000000000003
7040.672851293882,0.52,0.40800000000000003
7040.673121829629,0.528,0.384
7040.6733923653765,0.52,0.384
7040.673662901123,0.536,0.40800000000000003
7040.67393343687,0.52,0.4
7040.674203972618,0.536,0.41600000000000004
7040.674474508365,0.52,0.40800000000000003
7040.674745044113,0.536,0.4
7040.675015579859,0.52,0.4
7040.6752861156065,0.536,0.40800000000000003
7040.675556651354,0.52,0.4
7040.675827187101,0.536,0.40800000000000003
7040.676097722849,0.52,0.40800000000000003
7040.676368258595,0.536,0.392
7040.676638794343,0.52,0.392
7040.67690933009,0.536,0.40800000000000003
7040.677179865837,0.536,0.4
7040.677450401584,0.52,0.41600000000000004
7040.677720937331,0.52,0.41600000000000004
7040.677991473079,0.536,0.392
7040.678262008826,0.52,0.4
7040.6785325445735,0.536,0.384
7040.67880308032,0.52,0.392
7040.679073616067,0.528,0.328
7040.679344151815,0.52,0.328
7040.679614687562,0.528,0.176
7040.67988522331,0.52,0.168
7040.680155759056,0.528,0.064
7040.6804262948035,0.52,0.056
7040.680696830551,0.536,0.008
7040.680967366298,0.52,0.016
7040.681237902045,0.528,-0.008
7040.681508437792,0.52,-0.008
7040.68177897354,0.528,0.0
7040.682049509287,0.52,-0.008
7040.682320045034,0.536,0.0
7040.682590580781,0.536,0.0
7040.682861116528,0.512,-0.008
7040.683131652276,0.536,-0.016
7040.683402188023,0.504,0.0
7040.6836727237705,0.504,-0.008
7040.683943259517,0.528,0.0
7040.684213795264,0.536,0.0
7040.684484331012,0.504,-0.016
7040.684754866759,0.512,0.0
7040.685025402506,0.52,-0.016
7040.685295938253,0.536,0.0
7040.685566474001,0.512,-0.016
7040.685837009748,0.528,0.0
7040.686107545495,0.504,-0.016
7040.686378081242,0.504,0.0
7040.686648616989,0.52,-0.016
7040.686919152737,0.512,0.0
7040.687189688484,0.528,-0.016
7040.6874602242315,0.536,-0.008
7040.687730759978,0.512,0.0
7040.688001295725,0.512,0.0
7040.688271831473,0.496,-0.016
7040.68854236722,0.504,0.0
7040.688812902968,0.52,-0.008
7040.689083438714,0.512,0.0
7040.6893539744615,0.528,-0.008
7040.689624510209,0.52,0.0
7040.689895045956,0.512,-0.016
7040.690165581703,0.512,0.0
7040.69043611745,0.528,-0.016
7040.690706653198,0.512,0.0
7040.690977188945,0.528,-0.016
7040.691247724692,0.504,-0.016
7040.691518260439,0.52,0.0
7040.691788796186,0.512,0.0
7040.692059331934,0.528,-0.016
7040.692329867681,0.512,0.0
7040.6926004034285,0.528,-0.016
7040.692870939175,0.512,0.0
7040.693141474922,0.528,-0.016
7040.69341201067,0.504,0.0
7040.693682546417,0.528,-0.016
7040.693953082164,0.52,-0.008
7040.694223617911,0.512,0.0
7040.6944941536585,0.528,-0.016
7040.694764689406,0.512,0.0
7040.695035225153,0.512,0.0
7040.6953057609,0.528,-0.016
7040.695576296647,0.528,0.0
7040.695846832395,0.504,-0.016
7040.696117368142,0.504,0.0
7040.696387903889,0.512,-0.016
7040.696658439636,0.504,-0.016
7040.696928975383,0.52,0.0
7040.697199511131,0.512,-0.016
7040.697470046878,0.52,0.0
7040.697740582625,0.512,-0.016
7040.698011118372,0.528,0.0
7040.6982816541195,0.512,-0.016
7040.698552189867,0.528,0.0
7040.698822725614,0.512,0.0
7040.699093261361,0.52,-0.016
7040.699363797108,0.528,-0.016
7040.699634332856,0.512,0.0
7040.699904868603,0.512,0.0
7040.70017540435,0.528,-0.016
7040.700445940097,0.528,-0.016
7040.700716475844,0.512,0.0
7040.700987011592,0.512,0.0
7040.701257547339,0.536,-0.016
7040.701528083086,0.512,0.0
7040.701798618833,0.528,-0.016
7040.70206915458,0.52,-0.016
7040.702339690328,0.504,0.0
7040.702610226075,0.504,0.0
7040.702880761822,0.52,-0.016
7040.703151297569,0.504,-0.016
7040.7034218333165,0.528,0.0
7040.703692369064,0.512,-0.016
7040.703962904811,0.528,0.0
7040.704233440558,0.512,-0.016
7040.704503976305,0.528,0.0
7040.704774512053,0.528,-0.016
7040.7050450478,0.504,0.0
7040.7053155835465,0.504,-0.016
7040.705586119294,0.52,0.0
7040.705856655041,0.512,-0.016
7040.706127190789,0.536,0.0
7040.706397726536,0.512,0.0
7040.706668262283,0.52,-0.016
7040.70693879803,0.528,-0.016
7040.707209333777,0.512,0.0
7040.707479869525,0.512,-0.016
7040.707750405272,0.528,-0.008
7040.708020941019,0.52,-0.016
7040.708291476766,0.536,0.0
7040.7085620125135,0.52,-0.016
7040.708832548261,0.536,0.0
7040.709103084008,0.528,-0.016
7040.709373619755,0.52,0.0
7040.709644155502,0.528,-0.008
7040.70991469125,0.512,-0.016
7040.710185226997,0.52,-0.016
7040.710455762744,0.536,0.0
7040.710726298491,0.536,-0.016
7040.710996834238,0.512,0.0
7040.711267369986,0.512,-0.016
7040.711537905733,0.52,0.0
7040.71180844148,0.528,-0.016
7040.712078977227,0.512,0.0
7040.7123495129745,0.512,0.0
7040.712620048722,0.52,-0.016
7040.712890584469,0.512,0.0
7040.713161120216,0.52,-0.016
7040.713431655963,0.512,-0.016
7040.713702191711,0.528,0.0
7040.713972727458,0.512,-0.016
7040.7142432632045,0.528,0.0
7040.714513798952,0.512,-0.016
7040.714784334699,0.528,0.0
7040.715054870447,0.528,-0.016
7040.715325406194,0.512,0.0
7040.715595941941,0.504,-0.016
7040.715866477688,0.52,0.0
7040.716137013435,0.512,-0.016
7040.716407549183,0.528,0.0
7040.71667808493,0.512,0.0
7040.716948620677,0.536,-0.016
7040.717219156424,0.512,-0.016
7040.7174896921715,0.504,0.0
7040.717760227919,0.504,0.0
7040.718030763665,0.52,-0.016
7040.718301299413,0.512,-0.016
7040.71857183516,0.528,0.0
7040.718842370908,0.512,-0.016
7040.719112906655,0.528,0.0
7040.7193834424015,0.512,-0.016
7040.719653978149,0.528,0.0
7040.719924513896,0.512,-0.016
7040.720195049644,0.528,0.0
7040.720465585391,0.512,-0.016
7040.720736121138,0.528,0.0
7040.721006656885,0.512,-0.016
7040.721277192632,0.504,0.0
7040.72154772838,0.512,-0.016
7040.721818264126,0.528,0.0
7040.722088799874,0.52,-0.016
7040.722359335621,0.504,0.0
7040.722629871369,0.504,-0.016
7040.722900407116,0.52,0.0
7040.723170942862,0.512,-0.016
7040.72344147861,0.528,0.0
7040.723712014357,0.512,0.0
7040.723982550105,0.528,-0.016
7040.724253085852,0.512,-0.016
7040.724523621599,0.52,0.0
7040.724794157346,0.512,-0.016
7040.725064693093,0.52,0.0
7040.725335228841,0.504,-0.016
7040.725605764587,0.52,0.0
7040.725876300335,0.504,-0.016
7040.726146836082,0.52,0.0
7040.7264173718295,0.512,-0.016
7040.726687907577,0.528,-0.008
7040.726958443323,0.528,-0.016
7040.727228979071,0.504,0.0
7040.727499514818,0.52,-0.016
7040.727770050566,0.504,0.0
7040.728040586313,0.504,-0.016
7040.7283111220595,0.52,0.0
7040.728581657807,0.512,-0.016
7040.728852193554,0.528,0.0
7040.729122729302,0.512,-0.016
7040.729393265049,0.528,0.0
7040.729663800796,0.512,0.0
7040.729934336543,0.528,-0.016
7040.73020487229,0.512,-0.016
7040.730475408038,0.528,-0.008
7040.730745943784,0.528,-0.016
7040.731016479532,0.512,0.0
7040.731287015279,0.536,-0.016
7040.7315575510265,0.504,0.0
7040.731828086774,0.504,0.0
7040.73209862252,0.52,-0.016
7040.732369158268,0.512,0.0
7040.732639694015,0.528,-0.016
7040.732910229763,0.512,0.0
7040.73318076551,0.528,-0.016
7040.7334513012565,0.512,0.0
7040.733721837004,0.528,-0.016
7040.733992372751,0.52,-0.008
7040.734262908499,0.512,-0.016
7040.734533444245,0.504,-0.016
7040.734803979993,0.512,-0.008
7040.73507451574,0.504,-0.016
7040.7353450514875,0.512,0.0
7040.735615587235,0.504,-0.016
7040.735886122981,0.52,0.0
7040.736156658729,0.512,-0.016
7040.736427194476,0.52,0.0
7040.736697730224,0.512,0.0
7040.736968265971,0.528,-0.016
7040.7372388017175,0.512,-0.016
7040.737509337465,0.528,-0.008
7040.737779873212,0.512,-0.016
7040.73805040896,0.528,0.0
7040.738320944706,0.512,-0.016
7040.738591480454,0.52,0.0
7040.738862016201,0.512,-0.016
7040.739132551948,0.52,0.0
7040.739403087696,0.512,-0.016
7040.739673623442,0.528,0.0
7040.73994415919,0.52,-0.016
7040.740214694937,0.504,0.0
7040.7404852306845,0.504,0.0
7040.740755766432,0.52,-0.016
7040.741026302178,0.504,0.0
7040.741296837926,0.528,-0.016
7040.741567373673,0.512,-0.016
7040.741837909421,0.528,0.0
7040.742108445167,0.512,-0.016
7040.7423789809145,0.528,0.0
7040.742649516662,0.528,-0.016
7040.742920052409,0.504,0.0
7040.743190588157,0.504,-0.008
7040.743461123903,0.512,-0.016
7040.743731659651,0.504,-0.016
7040.744002195398,0.528,-0.008
7040.744272731145,0.512,-0.016
7040.744543266893,0.536,0.0
7040.744813802639,0.512,0.0
7040.745084338387,0.528,-0.016
7040.745354874134,0.52,0.0
7040.7456254098815,0.536,-0.016
7040.745895945628,0.52,-0.016
7040.746166481375,0.528,0.0
7040.746437017123,0.52,-0.008
7040.74670755287,0.536,0.016
7040.746978088618,0.52,0.024
7040.747248624364,0.536,0.12
7040.747519160112,0.52,0.128
7040.747789695859,0.536,0.28
7040.748060231606,0.52,0.28800000000000003
7040.748330767354,0.536,0.368
7040.7486013031,0.52,0.368
7040.748871838848,0.536,0.4
7040.749142374595,0.52,0.4
7040.7494129103425,0.536,0.40800000000000003
7040.74968344609,0.52,0.4
7040.749953981836,0.536,0.41600000000000004
7040.750224517584,0.52,0.40800000000000003
7040.750495053331,0.536,0.41600000000000004
7040.750765589079,0.52,0.40800000000000003
7040.751036124825,0.536,0.41600000000000004
7040.7513066605725,0.52,0.40800000000000003
7040.75157719632,0.528,0.41600000000000004
7040.751847732067,0.52,0.40800000000000003
7040.752118267815,0.528,0.41600000000000004
7040.752388803561,0.52,0.41600000000000004
7040.752659339309,0.528,0.40800000000000003
7040.752929875056,0.52,0.41600000000000004
7040.753200410803,0.536,0.40800000000000003
7040.753470946551,0.52,0.40800000000000003
7040.753741482297,0.536,0.41600000000000004
7040.754012018045,0.52,0.40800000000000003
7040.754282553792,0.536,0.41600000000000004
7040.7545530895395,0.52,0.40800000000000003
7040.754823625286,0.536,0.41600000000000004
7040.755094161033,0.52,0.41600000000000004
7040.755364696781,0.536,0.40800000000000003
7040.755635232528,0.52,0.40800000000000003
7040.755905768276,0.536,0.41600000000000004
7040.756176304022,0.52,0.40800000000000003
7040.7564468397695,0.536,0.41600000000000004
7040.756717375517,0.52,0.40800000000000003
7040.756987911264,0.536,0.40800000000000003
7040.757258447012,0.52,0.40800000000000003
7040.757528982758,0.528,0.41600000000000004
7040.757799518506,0.52,0.40800000000000003
7040.758070054253,0.536,0.41600000000000004
7040.75834059,0.528,0.40800000000000003
7040.758611125747,0.512,0.41600000000000004
7040.758881661494,0.536,0.40800000000000003
7040.759152197242,0.512,0.41600000000000004
7040.759422732989,0.52,0.40800000000000003
7040.759693268737,0.504,0.41600000000000004
7040.759963804483,0.504,0.40800000000000003
7040.76023434023,0.52,0.41600000000000004
7040.760504875978,0.504,0.40800000000000003
7040.760775411725,0.52,0.424
7040.761045947473,0.512,0.40800000000000003
7040.761316483219,0.528,0.41600000000000004
7040.761587018967,0.52,0.40800000000000003
7040.761857554714,0.504,0.41600000000000004
7040.762128090461,0.504,0.40800000000000003
7040.762398626208,0.512,0.40800000000000003
7040.762669161955,0.504,0.40800000000000003
7040.762939697703,0.52,0.41600000000000004
7040.76321023345,0.512,0.40800000000000003
7040.7634807691975,0.504,0.41600000000000004
7040.763751304944,0.504,0.40800000000000003
7040.764021840691,0.52,0.41600000000000004
7040.764292376439,0.512,0.40800000000000003
7040.764562912186,0.52,0.41600000000000004
7040.764833447934,0.512,0.40800000000000003
7040.76510398368,0.528,0.4
7040.7653745194275,0.504,0.4
7040.765645055175,0.52,0.40800000000000003
7040.765915590922,0.504,0.4
7040.766186126669,0.52,0.392
7040.766456662416,0.512,0.392
7040.766727198164,0.52,0.40800000000000003
7040.766997733911,0.512,0.4
7040.767268269658,0.528,0.41600000000000004
7040.767538805405,0.512,0.41600000000000004
7040.767809341152,0.528,0.4
7040.7680798769,0.52,0.4
7040.768350412647,0.504,0.40800000000000003
7040.7686209483945,0.504,0.40800000000000003
7040.768891484141,0.512,0.392
7040.769162019888,0.52,0.4
7040.769432555636,0.504,0.40800000000000003
7040.769703091383,0.504,0.4
7040.769973627131,0.52,0.392
7040.770244162877,0.512,0.40800000000000003
7040.7705146986245,0.52,0.392
7040.770785234372,0.512,0.4
7040.771055770119,0.536,0.41600000000000004
7040.771326305866,0.528,0.40800000000000003
7040.771596841613,0.504,0.41600000000000004
7040.771867377361,0.504,0.41600000000000004
7040.772137913108,0.528,0.4
7040.7724084488555,0.52,0.4
7040.772678984602,0.512,0.40800000000000003
7040.772949520349,0.504,0.4
7040.773220056097,0.528,0.40800000000000003
7040.773490591844,0.512,0.40800000000000003
7040.773761127592,0.528,0.392
7040.774031663338,0.528,0.40800000000000003
7040.7743021990855,0.512,0.392
7040.774572734833,0.528,0.392
7040.77484327058,0.512,0.40800000000000003
7040.775113806327,0.512,0.392
7040.775384342074,0.536,0.40800000000000003
7040.775654877822,0.504,0.40800000000000003
7040.775925413569,0.512,0.4
7040.776195949316,0.504,0.40800000000000003
7040.776466485063,0.52,0.40800000000000003
7040.77673702081,0.512,0.40800000000000003
7040.777007556558,0.528,0.424
7040.777278092305,0.512,0.41600000000000004
7040.7775486280525,0.528,0.4
7040.777819163799,0.528,0.4
7040.778089699546,0.512,0.40800000000000003
7040.778360235294,0.528,0.40800000000000003
7040.778630771041,0.504,0.392
7040.778901306788,0.504,0.392
7040.779171842535,0.528,0.41600000000000004
7040.7794423782825,0.512,0.41600000000000004
7040.77971291403,0.528,0.4
7040.779983449777,0.512,0.40800000000000003
7040.780253985524,0.536,0.392
7040.780524521271,0.528,0.392
7040.780795057019,0.504,0.40800000000000003
7040.781065592766,0.504,0.40800000000000003
7040.781336128513,0.528,0.392
7040.78160666426,0.512,0.392
7040.781877200007,0.528,0.40800000000000003
7040.782147735755,0.528,0.40800000000000003
7040.782418271502,0.504,0.392
7040.782688807249,0.504,0.4
7040.782959342996,0.52,0.40800000000000003
7040.783229878743,0.504,0.40800000000000003
7040.783500414491,0.52,0.41600000000000004
7040.783770950238,0.504,0.40800000000000003
7040.784041485985,0.52,0.41600000000000004
7040.784312021732,0.504,0.40800000000000003
7040.78458255748,0.52,0.4
7040.784853093227,0.512,0.4
7040.785123628974,0.52,0.40800000000000003
7040.785394164721,0.512,0.4
7040.785664700468,0.528,0.41600000000000004
7040.785935236216,0.512,0.40800000000000003
7040.786205771963,0.528,0.392
7040.78647630771,0.512,0.392
7040.786746843457,0.528,0.4
7040.787017379204,0.512,0.40800000000000003
7040.787287914952,0.528,0.384
7040.787558450699,0.512,0.4
7040.787828986446,0.528,0.41600000000000004
7040.788099522193,0.528,0.40800000000000003
7040.7883700579405,0.512,0.41600000000000004
7040.788640593688,0.512,0.40800000000000003
7040.788911129435,0.528,0.41600000000000004
7040.789181665182,0.512,0.41600000000000004
7040.789452200929,0.528,0.40800000000000003
7040.789722736677,0.536,0.40800000000000003
7040.789993272424,0.504,0.40800000000000003
7040.790263808171,0.504,0.40800000000000003
7040.790534343918,0.528,0.41600000000000004
7040.790804879665,0.512,0.40800000000000003
7040.791075415413,0.528,0.41600000000000004
7040.79134595116,0.52,0.40800000000000003
7040.791616486907,0.512,0.41600000000000004
7040.791887022654,0.512,0.40800000000000003
7040.792157558401,0.52,0.41600000000000004
7040.792428094149,0.512,0.40800000000000003
7040.792698629896,0.52,0.40800000000000003
7040.792969165643,0.512,0.4
7040.79323970139,0.536,0.41600000000000004
7040.7935102371375,0.528,0.4
7040.793780772885,0.504,0.40800000000000003
7040.794051308632,0.512,0.4
7040.794321844379,0.52,0.40800000000000003
7040.794592380126,0.512,0.4
7040.794862915874,0.528,0.40800000000000003
7040.795133451621,0.512,0.4
7040.7954039873675,0.528,0.40800000000000003
7040.795674523115,0.528,0.4
7040.795945058862,0.512,0.40800000000000003
7040.79621559461,0.528,0.40800000000000003
7040.796486130357,0.504,0.4
7040.796756666104,0.512,0.4
7040.797027201851,0.528,0.40800000000000003
7040.7972977375985,0.504,0.4
7040.797568273346,0.52,0.4
7040.797838809093,0.52,0.40800000000000003
7040.79810934484,0.536,0.384
7040.798379880587,0.536,0.384
7040.798650416335,0.52,0.4
7040.798920952082,0.52,0.4
7040.7991914878285,0.536,0.40800000000000003
7040.799462023576,0.52,0.40800000000000003
7040.799732559323,0.536,0.4
7040.800003095071,0.52,0.392
7040.800273630818,0.528,0.40800000000000003
7040.800544166565,0.52,0.392
7040.800814702312,0.528,0.40800000000000003
7040.801085238059,0.52,0.4
7040.801355773807,0.536,0.41600000000000004
7040.801626309554,0.52,0.41600000000000004
7040.801896845301,0.536,0.40800000000000003
7040.802167381048,0.52,0.40800000000000003
7040.8024379167955,0.528,0.41600000000000004
7040.802708452543,0.52,0.41600000000000004
7040.802978988289,0.536,0.40800000000000003
7040.803249524037,0.52,0.41600000000000004
7040.803520059784,0.528,0.4
7040.803790595532,0.52,0.40800000000000003
7040.804061131279,0.536,0.4
7040.8043316670255,0.536,0.4
7040.804602202773,0.52,0.40800000000000003
7040.80487273852,0.52,0.4
7040.805143274268,0.536,0.40800000000000003
7040.805413810015,0.52,0.40800000000000003
7040.805684345762,0.536,0.4
7040.805954881509,0.52,0.4
7040.806225417256,0.536,0.40800000000000003
7040.806495953004,0.52,0.40800000000000003
7040.80676648875,0.536,0.392
7040.807037024498,0.52,0.40800000000000003
7040.807307560245,0.536,0.4
7040.8075780959925,0.52,0.40800000000000003
7040.80784863174,0.536,0.4
7040.808119167486,0.52,0.4
7040.808389703234,0.536,0.40800000000000003
7040.808660238981,0.52,0.41600000000000004
7040.808930774729,0.528,0.4
7040.809201310476,0.528,0.4
7040.809471846223,0.52,0.392
7040.80974238197,0.52,0.40800000000000003
7040.810012917717,0.528,0.392
7040.810283453465,0.52,0.392
7040.810553989212,0.536,0.40800000000000003
7040.810824524959,0.52,0.4
7040.811095060706,0.536,0.41600000000000004
7040.8113655964535,0.52,0.424
7040.811636132201,0.536,0.4
7040.811906667947,0.52,0.40800000000000003
7040.812177203695,0.536,0.4
7040.812447739442,0.52,0.4
7040.81271827519,0.536,0.392
7040.812988810937,0.52,0.40800000000000003
7040.8132593466835,0.536,0.392
7040.813529882431,0.52,0.4
7040.813800418178,0.536,0.392
7040.814070953926,0.528,0.392
7040.814341489673,0.512,0.32
7040.81461202542,0.512,0.312
7040.814882561167,0.52,0.176
7040.815153096914,0.528,0.168
7040.815423632662,0.504,0.064
7040.815694168408,0.512,0.056
7040.815964704156,0.528,0.008
7040.816235239903,0.512,0.016
7040.8165057756505,0.528,-0.008
7040.816776311398,0.52,-0.008
7040.817046847144,0.512,0.0
7040.817317382892,0.512,0.0
7040.817587918639,0.528,-0.008
7040.817858454387,0.512,0.0
7040.818128990134,0.536,-0.016
7040.8183995258805,0.536,0.0
7040.818670061628,0.504,-0.016
7040.818940597375,0.504,0.0
7040.819211133123,0.52,-0.016
7040.819481668869,0.504,-0.016
7040.819752204617,0.52,0.0
7040.820022740364,0.512,-0.016
7040.820293276111,0.528,0.0
7040.820563811859,0.512,-0.016
7040.820834347605,0.504,0.0
7040.821104883353,0.504,-0.016
7040.8213754191,0.52,0.0
7040.821645954848,0.512,0.0
7040.821916490595,0.52,-0.016
7040.822187026341,0.512,0.0
7040.822457562089,0.52,-0.016
7040.822728097836,0.512,0.0
7040.822998633584,0.528,-0.016
7040.82326916933,0.536,0.0
7040.823539705078,0.504,-0.016
7040.823810240825,0.504,0.0
7040.824080776572,0.52,-0.016
7040.82435131232,0.512,0.0
7040.824621848066,0.528,-0.016
7040.824892383814,0.528,0.0
7040.825162919561,0.504,-0.008
7040.8254334553085,0.504,0.0
7040.825703991056,0.528,-0.016
7040.825974526802,0.512,0.0
7040.82624506255,0.528,-0.016
7040.826515598297,0.528,0.0
7040.826786134045,0.512,-0.016
7040.827056669791,0.512,0.0
7040.8273272055385,0.528,-0.016
7040.827597741286,0.512,0.0
7040.827868277033,0.528,-0.016
7040.828138812781,0.512,0.0
7040.828409348527,0.528,-0.016
7040.828679884275,0.512,0.0
7040.828950420022,0.528,-0.016
7040.829220955769,0.512,0.0
7040.829491491517,0.528,-0.016
7040.829762027263,0.52,-0.016
7040.830032563011,0.504,0.0
7040.830303098758,0.504,0.0
7040.8305736345055,0.52,-0.016
7040.830844170253,0.52,-0.016
7040.831114705999,0.504,0.0
7040.831385241747,0.504,0.0
7040.831655777494,0.512,-0.016
7040.831926313242,0.512,-0.016
7040.832196848988,0.536,0.0
7040.8324673847355,0.536,0.0
7040.832737920483,0.52,-0.016
7040.83300845623,0.52,-0.016
7040.833278991978,0.536,0.0
7040.833549527724,0.52,-0.016
7040.833820063472,0.528,0.0
7040.834090599219,0.52,-0.016
7040.8343611349665,0.536,0.0
7040.834631670714,0.52,-0.016
7040.83490220646,0.536,0.0
7040.835172742208,0.536,0.0
7040.835443277955,0.52,-0.016
7040.835713813703,0.52,0.0
7040.835984349449,0.536,-0.016
7040.8362548851965,0.528,-0.016
7040.836525420944,0.52,0.0
7040.836795956691,0.52,0.0
7040.837066492439,0.536,-0.016
7040.837337028185,0.52,-0.016
7040.837607563933,0.528,0.0
7040.83787809968,0.52,-0.016
7040.838148635427,0.536,0.0
7040.838419171175,0.528,0.0
7040.838689706921,0.52,-0.016
7040.838960242669,0.52,-0.016
7040.839230778416,0.536,0.0
7040.8395013141635,0.544,-0.016
7040.83977184991,0.512,0.0
7040.840042385657,0.528,-0.016
7040.840312921405,0.512,0.0
7040.840583457152,0.512,0.0
7040.8408539929,0.528,-0.016
7040.841124528646,0.528,0.0
7040.8413950643935,0.504,-0.016
7040.841665600141,0.512,-0.016
7040.841936135888,0.528,0.0
7040.842206671636,0.512,-0.016
7040.842477207382,0.52,0.0
7040.84274774313,0.512,-0.016
7040.843018278877,0.528,0.0
7040.843288814624,0.512,-0.016
7040.843559350371,0.528,0.0
7040.843829886118,0.512,-0.016
7040.844100421866,0.528,0.0
7040.844370957613,0.528,-0.016
7040.8446414933605,0.512,0.0
7040.844912029107,0.512,-0.016
7040.845182564854,0.528,0.0
7040.845453100602,0.512,-0.016
7040.845723636349,0.536,0.0
7040.845994172097,0.504,-0.016
7040.846264707843,0.52,0.0
7040.846535243591,0.504,0.0
7040.846805779338,0.52,-0.016
7040.847076315085,0.512,-0.016
7040.847346850832,0.52,0.0
7040.847617386579,0.528,-0.016
7040.847887922327,0.504,0.0
7040.848158458074,0.504,-0.016
7040.8484289938215,0.512,0.0
7040.848699529568,0.504,0.0
7040.848970065315,0.52,-0.016
7040.849240601063,0.512,-0.008
7040.84951113681,0.528,-0.016
7040.849781672558,0.504,0.0
7040.850052208304,0.52,-0.016
7040.8503227440515,0.528,-0.016
7040.850593279799,0.504,0.0
7040.850863815546,0.512,0.0
7040.851134351294,0.528,-0.016
7040.85140488704,0.512,-0.008
7040.851675422788,0.52,-0.016
7040.851945958535,0.512,-0.016
7040.852216494282,0.536,0.0
7040.852487030029,0.512,-0.016
7040.852757565776,0.504,0.0
7040.853028101524,0.512,-0.016
7040.853298637271,0.528,0.0
7040.8535691730185,0.512,0.0
7040.853839708765,0.536,-0.016
7040.854110244512,0.536,-0.016
7040.85438078026,0.504,0.0
7040.854651316007,0.512,-0.016
7040.854921851755,0.528,0.0
7040.855192387501,0.528,-0.016
7040.8554629232485,0.512,0.0
7040.855733458996,0.512,-0.016
7040.856003994743,0.528,0.0
7040.85627453049,0.528,-0.016
7040.856545066237,0.512,-0.008
7040.856815601985,0.528,-0.008
7040.857086137732,0.504,-0.016
7040.857356673479,0.504,-0.016
7040.857627209226,0.512,0.0
7040.857897744973,0.512,-0.016
7040.858168280721,0.528,0.0
7040.858438816468,0.512,-0.016
7040.858709352216,0.528,0.0
7040.858979887962,0.512,-0.016
7040.859250423709,0.528,0.0
7040.859520959457,0.512,-0.016
7040.859791495204,0.528,0.0
7040.860062030951,0.536,-0.016
7040.860332566698,0.504,0.0
7040.860603102446,0.504,-0.016
7040.860873638193,0.52,0.0
7040.86114417394,0.504,-0.016
7040.861414709687,0.52,-0.008
7040.861685245434,0.504,-0.016
7040.861955781182,0.52,0.0
7040.862226316929,0.504,-0.016
7040.8624968526765,0.512,0.0
7040.862767388423,0.504,-0.016
7040.86303792417,0.52,0.0
7040.863308459918,0.512,-0.016
7040.863578995665,0.536,0.0
7040.863849531412,0.52,-0.016
7040.864120067159,0.528,0.0
7040.8643906029065,0.528,-0.016
7040.864661138654,0.52,0.0
7040.864931674401,0.52,0.0
7040.865202210148,0.528,-0.016
7040.865472745895,0.52,-0.016
7040.865743281643,0.536,0.0
7040.86601381739,0.536,0.0
7040.866284353137,0.52,-0.016
7040.866554888884,0.536,-0.016
7040.866825424631,0.512,-0.008
7040.867095960379,0.52,-0.016
7040.867366496126,0.536,0.0
7040.867637031873,0.528,-0.016
7040.86790756762,0.52,-0.008
7040.868178103367,0.52,-0.016
7040.868448639115,0.536,0.0
7040.868719174862,0.52,-0.016
7040.868989710609,0.528,0.0
7040.869260246356,0.52,-0.008
7040.8695307821035,0.536,-0.016
7040.869801317851,0.528,-0.008
7040.870071853598,0.52,-0.016
7040.870342389345,0.52,-0.016
7040.870612925092,0.536,0.0
7040.87088346084,0.528,-0.008
7040.871153996587,0.512,-0.016
7040.8714245323345,0.528,-0.016
7040.871695068081,0.512,0.0
7040.871965603828,0.512,-0.016
7040.872236139576,0.536,-0.008
7040.872506675323,0.528,-0.016
7040.87277721107,0.504,0.0
7040.873047746817,0.52,-0.016
7040.8733182825645,0.504,0.0
7040.873588818312,0.504,-0.016
7040.873859354059,0.52,0.0
7040.874129889806,0.504,-0.016
7040.874400425553,0.528,0.0
7040.874670961301,0.52,-0.016
7040.874941497048,0.512,0.0
7040.875212032795,0.512,-0.016
7040.875482568542,0.52,-0.008
7040.875753104289,0.512,0.0
7040.876023640037,0.52,-0.016
7040.876294175784,0.512,-0.016
7040.876564711531,0.528,0.0
7040.876835247278,0.52,-0.016
7040.877105783025,0.512,0.0
7040.877376318773,0.528,-0.008
7040.87764685452,0.504,-0.016
7040.877917390267,0.504,-0.016
7040.878187926014,0.52,0.0
7040.8784584617615,0.512,-0.016
7040.878728997509,0.528,0.0
7040.878999533256,0.512,-0.008
7040.879270069003,0.528,-0.016
7040.87954060475,0.52,-0.016
7040.879811140498,0.504,0.0
7040.880081676245,0.504,0.0
7040.8803522119915,0.52,-0.016
7040.880622747739,0.512,0.0
7040.880893283486,0.528,-0.016
7040.881163819234,0.512,-0.008
7040.881434354981,0.504,0.0
7040.881704890728,0.504,-0.008
7040.881975426475,0.52,0.016
7040.882245962222,0.504,0.024
7040.88251649797,0.52,0.112
7040.882787033717,0.512,0.12
7040.883057569464,0.528,0.28
7040.883328105211,0.512,0.28
7040.883598640959,0.536,0.36
7040.883869176706,0.528,0.368
7040.884139712452,0.504,0.392
7040.8844102482,0.504,0.384
7040.884680783947,0.52,0.4
7040.884951319695,0.504,0.40800000000000003
7040.885221855442,0.52,0.392
7040.885492391189,0.512,0.392
7040.885762926936,0.528,0.40800000000000003
7040.886033462683,0.512,0.392
7040.886303998431,0.528,0.40800000000000003
7040.886574534178,0.512,0.4
7040.886845069925,0.528,0.41600000000000004
7040.887115605672,0.52,0.40800000000000003
7040.8873861414195,0.504,0.424
7040.887656677167,0.504,0.40800000000000003
7040.887927212913,0.52,0.4
7040.888197748661,0.512,0.392
7040.888468284408,0.528,0.40800000000000003
7040.888738820156,0.528,0.40800000000000003
7040.889009355903,0.504,0.4
7040.8892798916495,0.504,0.4
7040.889550427397,0.52,0.40800000000000003
7040.889820963144,0.504,0.40800000000000003
7040.890091498892,0.52,0.4
7040.890362034639,0.504,0.4
7040.890632570386,0.52,0.40800000000000003
7040.890903106133,0.504,0.4
7040.89117364188,0.52,0.40800000000000003
7040.891444177628,0.512,0.4
7040.891714713375,0.528,0.40800000000000003
7040.891985249122,0.512,0.392
7040.892255784869,0.528,0.40800000000000003
7040.8925263206165,0.512,0.40800000000000003
7040.892796856364,0.528,0.41600000000000004
7040.89306739211,0.536,0.41600000000000004
7040.893337927858,0.512,0.40800000000000003
7040.893608463605,0.512,0.41600000000000004
7040.893878999353,0.528,0.4
7040.8941495351,0.536,0.40800000000000003
7040.8944200708465,0.504,0.4
7040.894690606594,0.504,0.4
7040.894961142341,0.512,0.40800000000000003
7040.895231678089,0.504,0.392
7040.895502213836,0.528,0.41600000000000004
7040.895772749583,0.512,0.4
7040.89604328533,0.528,0.41600000000000004
7040.8963138210775,0.512,0.4
7040.896584356825,0.528,0.40800000000000003
7040.896854892571,0.528,0.4
7040.897125428319,0.512,0.40800000000000003
7040.897395964066,0.512,0.4
7040.897666499814,0.528,0.41600000000000004
7040.897937035561,0.504,0.40800000000000003
7040.8982075713075,0.536,0.392
7040.898478107055,0.528,0.4
7040.898748642802,0.52,0.41600000000000004
7040.89901917855,0.536,0.4
7040.899289714297,0.52,0.41600000000000004
7040.899560250044,0.52,0.4
7040.899830785791,0.528,0.41600000000000004
7040.900101321538,0.52,0.392
7040.900371857286,0.536,0.40800000000000003
7040.900642393032,0.52,0.40800000000000003
7040.90091292878,0.536,0.41600000000000004
7040.901183464527,0.52,0.41600000000000004
7040.9014540002745,0.536,0.40800000000000003
7040.901724536022,0.536,0.40800000000000003
7040.901995071768,0.52,0.41600000000000004
7040.902265607516,0.52,0.40800000000000003
7040.902536143263,0.536,0.41600000000000004
7040.902806679011,0.536,0.40800000000000003
7040.903077214758,0.52,0.41600000000000004
7040.9033477505045,0.536,0.40800000000000003
7040.903618286252,0.52,0.41600000000000004
7040.903888821999,0.52,0.40800000000000003
7040.904159357747,0.536,0.41600000000000004
7040.904429893493,0.528,0.40800000000000003
7040.904700429241,0.52,0.41600000000000004
7040.904970964988,0.52,0.41600000000000004
7040.905241500735,0.528,0.40800000000000003
7040.905512036483,0.52,0.40800000000000003
7040.905782572229,0.528,0.41600000000000004
7040.906053107977,0.52,0.40800000000000003
7040.906323643724,0.536,0.41600000000000004
7040.9065941794715,0.52,0.41600000000000004
7040.906864715219,0.528,0.40800000000000003
7040.907135250965,0.52,0.40800000000000003
7040.907405786713,0.528,0.41600000000000004
7040.90767632246,0.528,0.40800000000000003
7040.907946858208,0.512,0.41600000000000004
7040.908217393954,0.512,0.40800000000000003
7040.908487929702,0.528,0.41600000000000004
7040.908758465449,0.52,0.40800000000000003
7040.909029001196,0.512,0.41600000000000004
7040.909299536944,0.512,0.40800000000000003
7040.90957007269,0.528,0.41600000000000004
7040.909840608438,0.528,0.40800000000000003
7040.910111144185,0.512,0.41600000000000004
7040.9103816799325,0.528,0.40800000000000003
7040.91065221568,0.504,0.41600000000000004
7040.910922751426,0.528,0.40800000000000003
7040.911193287174,0.504,0.41600000000000004
7040.911463822921,0.52,0.40800000000000003
7040.911734358669,0.504,0.41600000000000004
7040.912004894416,0.504,0.40800000000000003
7040.9122754301625,0.52,0.41600000000000004
7040.91254596591,0.512,0.41600000000000004
7040.912816501657,0.52,0.40800000000000003
7040.913087037405,0.512,0.40800000000000003
7040.913357573151,0.52,0.41600000000000004
7040.913628108899,0.512,0.41600000000000004
7040.913898644646,0.52,0.4
7040.914169180393,0.512,0.40800000000000003
7040.914439716141,0.536,0.4
7040.914710251887,0.52,0.40800000000000003
7040.914980787635,0.504,0.41600000000000004
7040.915251323382,0.496,0.4
7040.9155218591295,0.52,0.41600000000000004
7040.915792394877,0.504,0.40800000000000003
7040.916062930623,0.52,0.392
7040.916333466371,0.512,0.40800000000000003
7040.916604002118,0.528,0.40800000000000003
7040.916874537866,0.536,0.40800000000000003
7040.917145073612,0.512,0.40800000000000003
7040.9174156093595,0.52,0.40800000000000003
7040.917686145107,0.504,0.41600000000000004
7040.917956680854,0.52,0.40800000000000003
7040.918227216602,0.536,0.41600000000000004
7040.918497752348,0.52,0.40800000000000003
7040.918768288096,0.528,0.41600000000000004
7040.919038823843,0.52,0.40800000000000003
7040.91930935959,0.536,0.41600000000000004
7040.919579895338,0.52,0.40800000000000003
7040.919850431084,0.528,0.41600000000000004
7040.920120966832,0.52,0.40800000000000003
7040.920391502579,0.536,0.424
7040.920662038327,0.52,0.40800000000000003
7040.920932574073,0.544,0.41600000000000004
7040.92120310982,0.52,0.40800000000000003
7040.921473645568,0.528,0.41600000000000004
7040.921744181315,0.52,0.40800000000000003
7040.922014717063,0.536,0.41600000000000004
7040.922285252809,0.52,0.40800000000000003
7040.922555788557,0.528,0.424
7040.922826324304,0.52,0.40800000000000003
7040.923096860051,0.536,0.41600000000000004
7040.923367395799,0.52,0.40800000000000003
7040.923637931545,0.536,0.41600000000000004
7040.923908467293,0.52,0.40800000000000003
7040.92417900304,0.536,0.41600000000000004
7040.9244495387875,0.52,0.40800000000000003
7040.924720074534,0.536,0.41600000000000004
7040.924990610281,0.52,0.40800000000000003
7040.925261146029,0.528,0.41600000000000004
7040.925531681776,0.536,0.40800000000000003
7040.925802217524,0.512,0.41600000000000004
7040.92607275327,0.512,0.40800000000000003
7040.9263432890175,0.52,0.41600000000000004
7040.926613824765,0.528,0.40800000000000003
7040.926884360512,0.504,0.41600000000000004
7040.92715489626,0.512,0.41600000000000004
7040.927425432006,0.528,0.40800000000000003
7040.927695967754,0.512,0.41600000000000004
7040.927966503501,0.536,0.40800000000000003
7040.928237039248,0.52,0.40800000000000003
7040.928507574995,0.536,0.41600000000000004
7040.928778110742,0.52,0.41600000000000004
7040.92904864649,0.536,0.40800000000000003
7040.929319182237,0.52,0.41600000000000004
7040.9295897179845,0.536,0.40800000000000003
7040.929860253731,0.52,0.40800000000000003
7040.930130789478,0.536,0.41600000000000004
7040.952389717102,0.528,0.0
7040.952620174686,0.504,-0.016
7040.95285063227,0.504,0.0
7040.953081089854,0.512,-0.016
7040.953311547439,0.504,-0.016
7040.953542005022,0.512,0.0
7040.953772462606,0.504,0.0
7040.954002920191,0.52,-0.016
7040.9542333777745,0.512,0.0
7040.954463835358,0.528,-0.016
7040.954694292943,0.512,-0.016
7040.9549247505265,0.528,0.0
7040.955155208111,0.512,0.0
7040.955385665695,0.528,-0.016
7040.955616123279,0.512,0.0
7040.955846580863,0.528,-0.016
7040.956077038447,0.52,0.0
7040.9563074960315,0.544,-0.008
7040.956537953615,0.52,0.0
7040.956768411199,0.504,-0.016
7040.956998868784,0.504,-0.008
7040.957229326367,0.52,0.024
7040.957459783952,0.504,0.024
7040.957690241536,0.528,0.128
7040.957920699119,0.52,0.136
7040.958151156704,0.528,0.272
7040.958381614288,0.512,0.28
7040.958612071871,0.528,0.36
7040.958842529456,0.52,0.36
7040.95907298704,0.528,0.384
7040.959303444624,0.52,0.376
7040.959533902208,0.536,0.4
7040.959764359792,0.52,0.392
7040.959994817376,0.536,0.4
7040.96022527496,0.52,0.4
7040.960455732545,0.536,0.384
7040.960686190128,0.52,0.392
7040.960916647712,0.536,0.4
7040.961147105297,0.52,0.392
7040.96137756288,0.528,0.384
7040.961608020464,0.52,0.384
7040.961838478049,0.536,0.4
7040.9620689356325,0.512,0.4
7040.962299393217,0.544,0.392
7040.962529850801,0.536,0.4
7040.9627603083845,0.52,0.384
7040.962990765969,0.52,0.392
7040.963221223553,0.528,0.4
7040.9634516811375,0.52,0.392
7040.963682138721,0.536,0.384
7040.963912596305,0.52,0.392
7040.9641430538895,0.536,0.4
7040.964373511473,0.52,0.4
7040.964603969057,0.536,0.392
7040.964834426642,0.52,0.40800000000000003
7040.965064884225,0.536,0.384
7040.96529534181,0.52,0.4
7040.965525799394,0.536,0.384
7040.965756256977,0.52,0.4
7040.965986714562,0.536,0.384
7040.966217172146,0.52,0.384
7040.96644762973,0.536,0.40800000000000003
7040.966678087314,0.536,0.4
7040.966908544898,0.512,0.392
7040.967139002482,0.52,0.4
7040.967369460066,0.528,0.40800000000000003
7040.967599917651,0.52,0.4
7040.967830375234,0.528,0.392
7040.968060832818,0.52,0.392
7040.968291290403,0.528,0.4
7040.968521747986,0.52,0.4
7040.96875220557,0.536,0.384
7040.968982663155,0.52,0.384
7040.9692131207385,0.528,0.4
7040.969443578323,0.528,0.4
7040.969674035907,0.512,0.392
7040.9699044934905,0.512,0.392
7040.970134951075,0.528,0.392
7040.970365408659,0.512,0.392
7040.9705958662435,0.528,0.384
7040.970826323827,0.512,0.392
7040.971056781411,0.52,0.40800000000000003
7040.9712872389955,0.504,0.392
7040.971517696579,0.528,0.4
7040.971748154163,0.504,0.392
7040.9719786117475,0.52,0.4
7040.972209069331,0.512,0.392
7040.972439526916,0.52,0.376
7040.9726699845,0.52,0.392
7040.972900442083,0.504,0.40800000000000003
7040.973130899668,0.528,0.4
7040.973361357252,0.512,0.40800000000000003
7040.973591814836,0.512,0.40800000000000003
7040.97382227242,0.544,0.4
7040.974052730004,0.528,0.4
7040.974283187588,0.504,0.392
7040.974513645172,0.504,0.392
7040.974744102757,0.52,0.4
7040.97497456034,0.512,0.392
7040.975205017924,0.528,0.4
7040.975435475509,0.512,0.392
7040.975665933092,0.528,0.4
7040.975896390676,0.512,0.392
7040.976126848261,0.528,0.40800000000000003
7040.976357305844,0.512,0.4
7040.976587763429,0.528,0.384
7040.976818221013,0.512,0.384
7040.9770486785965,0.528,0.40800000000000003
7040.977279136181,0.512,0.392
7040.977509593765,0.528,0.40800000000000003
7040.977740051349,0.52,0.4
7040.977970508933,0.504,0.40800000000000003
7040.978200966517,0.512,0.4
7040.9784314241015,0.528,0.392
7040.978661881685,0.52,0.4
7040.978892339269,0.504,0.392
7040.9791227968535,0.504,0.4
7040.979353254437,0.512,0.4
7040.979583712022,0.504,0.4
7040.979814169606,0.52,0.40800000000000003
7040.980044627189,0.504,0.4
7040.980275084774,0.528,0.40800000000000003
7040.980505542358,0.512,0.4
7040.980735999942,0.536,0.392
7040.980966457526,0.528,0.40800000000000003
7040.98119691511,0.512,0.392
7040.981427372694,0.504,0.40800000000000003
7040.981657830278,0.52,0.392
7040.981888287862,0.512,0.392
7040.982118745446,0.528,0.392
7040.98234920303,0.512,0.392
7040.982579660615,0.52,0.384
7040.982810118198,0.512,0.392
7040.983040575782,0.536,0.4
7040.983271033367,0.536,0.4
7040.98350149095,0.504,0.392
7040.983731948535,0.504,0.392
7040.983962406119,0.52,0.4
7040.984192863702,0.504,0.4
7040.984423321287,0.536,0.384
7040.984653778871,0.528,0.4
7040.984884236455,0.504,0.392
7040.985114694039,0.504,0.40800000000000003
7040.985345151623,0.528,0.392
7040.985575609207,0.512,0.4
7040.985806066791,0.52,0.392
7040.986036524375,0.512,0.4
7040.9862669819595,0.528,0.392
7040.986497439543,0.528,0.4
7040.986727897128,0.512,0.384
7040.9869583547115,0.512,0.392
7040.987188812295,0.528,0.40800000000000003
7040.98741926988,0.512,0.4
7040.987649727464,0.536,0.384
7040.987880185048,0.512,0.4
7040.988110642632,0.528,0.384
7040.988341100216,0.512,0.392
7040.9885715578,0.528,0.40800000000000003
7040.988802015384,0.536,0.40800000000000003
7040.989032472968,0.504,0.392
7040.989262930552,0.536,0.40800000000000003
7040.989493388136,0.52,0.392
7040.989723845721,0.504,0.40800000000000003
7040.989954303304,0.536,0.392
7040.990184760888,0.512,0.4
7040.990415218473,0.528,0.4
7040.990645676056,0.528,0.392
7040.990876133641,0.504,0.40800000000000003
7040.991106591225,0.512,0.4
7040.991337048808,0.504,0.40800000000000003
7040.991567506393,0.504,0.40800000000000003
7040.991797963977,0.512,0.392
7040.992028421561,0.512,0.4
7040.992258879145,0.496,0.40800000000000003
7040.992489336729,0.504,0.4
7040.992719794313,0.52,0.392
7040.992950251897,0.528,0.40800000000000003
7040.993180709481,0.504,0.392
7040.9934111670655,0.504,0.4
7040.993641624649,0.52,0.4
7040.993872082234,0.504,0.4
7040.9941025398175,0.528,0.40800000000000003
7040.994332997401,0.512,0.40800000000000003
7040.994563454986,0.528,0.392
7040.99479391257,0.512,0.392
7040.995024370154,0.528,0.40800000000000003
7040.995254827738,0.504,0.40800000000000003
7040.995485285322,0.52,0.392
7040.995715742906,0.512,0.392
7040.99594620049,0.52,0.40800000000000003
7040.996176658074,0.512,0.4
7040.996407115658,0.536,0.40800000000000003
7040.996637573242,0.528,0.4
7040.996868030827,0.512,0.4
7040.99709848841,0.512,0.40800000000000003
7040.997328945994,0.528,0.392
7040.997559403579,0.512,0.4
7040.997789861162,0.52,0.4
7040.998020318747,0.512,0.4
7040.998250776331,0.528,0.40800000000000003
7040.998481233914,0.52,0.4
7040.998711691499,0.504,0.40800000000000003
7040.998942149083,0.528,0.392
7040.999172606666,0.504,0.40800000000000003
7040.999403064251,0.504,0.4
7040.999633521835,0.52,0.40800000000000003
7040.999863979419,0.512,0.392
7041.000094437003,0.528,0.40800000000000003
7041.000324894587,0.512,0.40800000000000003
7041.000555352171,0.528,0.392
7041.000785809755,0.512,0.4
7041.00101626734,0.528,0.40800000000000003
7041.0012467249235,0.512,0.40800000000000003
7041.001477182507,0.528,0.392
7041.001707640092,0.504,0.4
7041.0019380976755,0.52,0.392
7041.00216855526,0.536,0.4
7041.002399012844,0.504,0.4
7041.002629470428,0.504,0.4
7041.002859928012,0.52,0.4
7041.003090385596,0.504,0.40800000000000003
7041.00332084318,0.52,0.392
7041.003551300764,0.504,0.40800000000000003
7041.003781758348,0.52,0.392
7041.004012215933,0.512,0.392
7041.004242673516,0.528,0.384
7041.0044731311,0.512,0.4
7041.004703588685,0.52,0.384
7041.004934046268,0.512,0.392
7041.005164503853,0.528,0.376
7041.005394961437,0.512,0.384
7041.00562541902,0.52,0.4
7041.005855876605,0.528,0.392
7041.006086334189,0.512,0.4
7041.006316791772,0.512,0.392
7041.006547249357,0.528,0.384
7041.006777706941,0.512,0.384
7041.007008164525,0.52,0.40800000000000003
7041.007238622109,0.528,0.4
7041.007469079693,0.504,0.40800000000000003
7041.007699537277,0.504,0.40800000000000003
7041.007929994861,0.512,0.4
7041.008160452446,0.512,0.392
7041.008390910029,0.528,0.40800000000000003
7041.008621367613,0.536,0.392
7041.008851825198,0.512,0.4
7041.0090822827815,0.512,0.392
7041.009312740366,0.528,0.392
7041.00954319795,0.528,0.392
7041.0097736555335,0.504,0.4
7041.010004113118,0.504,0.392
7041.010234570702,0.52,0.4
7041.010465028286,0.512,0.392
7041.01069548587,0.528,0.4
7041.010925943454,0.52,0.384
7041.0111564010385,0.504,0.4
7041.011386858622,0.504,0.392
7041.011617316206,0.528,0.384
7041.011847773791,0.52,0.4
7041.012078231374,0.512,0.384
7041.012308688959,0.512,0.392
7041.012539146543,0.528,0.4
7041.012769604126,0.504,0.392
7041.013000061711,0.52,0.4
7041.013230519295,0.504,0.392
7041.013460976878,0.528,0.4
7041.013691434463,0.512,0.392
7041.013921892047,0.52,0.384
7041.014152349631,0.512,0.4
7041.014382807215,0.536,0.376
7041.014613264799,0.528,0.376
7041.014843722383,0.512,0.304
7041.015074179967,0.528,0.304
7041.015304637552,0.504,0.168
7041.015535095135,0.504,0.16
7041.015765552719,0.52,0.064
7041.015996010304,0.504,0.056
7041.0162264678875,0.512,0.008
7041.016456925471,0.504,0.016
7041.016687383056,0.52,-0.008
7041.0169178406395,0.512,-0.008
7041.017148298224,0.52,0.0
7041.017378755808,0.528,0.0
7041.017609213392,0.504,-0.016
7041.017839670976,0.504,0.0
7041.01807012856,0.512,-0.008
7041.0183005861445,0.504,0.0
7041.018531043728,0.52,-0.008
7041.018761501312,0.512,-0.008
7041.018991958897,0.528,0.0
7041.01922241648,0.512,0.0
7041.019452874065,0.536,-0.008
7041.019683331649,0.52,0.0
7041.019913789232,0.504,-0.008
7041.020144246817,0.52,0.0
7041.020374704401,0.504,-0.016
7041.020605161984,0.504,-0.008
7041.020835619569,0.52,0.0
7041.021066077153,0.512,0.0
7041.021296534737,0.528,-0.008
7041.021526992321,0.528,-0.008
7041.021757449905,0.512,0.0
7041.021987907489,0.528,0.0
7041.022218365073,0.504,-0.008
7041.022448822658,0.504,-0.008
7041.022679280241,0.512,0.0
7041.022909737825,0.504,-0.008
7041.02314019541,0.52,0.0
7041.023370652993,0.504,0.0
7041.023601110577,0.512,-0.008
7041.023831568162,0.52,0.0
7041.0240620257455,0.504,-0.008
7041.02429248333,0.504,0.0
7041.024522940914,0.528,-0.008
7041.0247533984975,0.512,0.0
7041.024983856082,0.528,-0.016
7041.025214313666,0.528,-0.008
7041.0254447712505,0.504,0.0
7041.025675228834,0.504,-0.008
7041.025905686418,0.52,0.0
7041.0261361440025,0.512,-0.008
7041.026366601586,0.528,0.0
7041.026597059171,0.512,-0.008
7041.026827516755,0.528,0.0
7041.027057974338,0.504,-0.008
7041.027288431923,0.52,0.0
7041.027518889507,0.512,-0.008
7041.02774934709,0.536,0.0
7041.027979804675,0.512,-0.008
7041.028210262259,0.528,0.0
7041.028440719843,0.536,0.0
7041.028671177427,0.504,-0.008
7041.028901635011,0.504,0.0
7041.029132092595,0.528,-0.008
7041.029362550179,0.512,0.0
7041.029593007764,0.528,-0.008
7041.029823465347,0.512,0.0
7041.030053922931,0.528,-0.008
7041.030284380516,0.512,0.0
7041.030514838099,0.528,-0.008
7041.030745295683,0.512,0.0
7041.030975753268,0.536,-0.008
7041.031206210851,0.52,0.0
7041.031436668436,0.504,-0.008
7041.03166712602,0.504,-0.008
7041.0318975836035,0.52,0.0
7041.032128041188,0.512,0.0
7041.032358498772,0.536,-0.008
7041.032588956356,0.528,0.0
7041.03281941394,0.512,-0.016
7041.033049871524,0.512,-0.008
7041.0332803291085,0.536,0.0
7041.033510786692,0.512,0.0
7041.033741244276,0.52,-0.016
7041.0339717018605,0.512,0.0
7041.034202159444,0.528,-0.008
7041.034432617029,0.512,0.0
7041.034663074613,0.528,-0.016
7041.034893532196,0.536,0.0
7041.035123989781,0.512,-0.008
7041.035354447365,0.528,-0.008
7041.035584904949,0.504,0.0
7041.035815362533,0.504,0.0
7041.036045820117,0.536,-0.016
7041.036276277701,0.512,-0.008
7041.036506735285,0.528,0.0
7041.03673719287,0.504,0.0
7041.036967650453,0.536,-0.008
7041.037198108037,0.52,0.0
7041.037428565622,0.536,-0.016
7041.037659023205,0.52,-0.008
7041.037889480789,0.536,0.0
7041.038119938374,0.536,0.0
7041.038350395957,0.52,-0.008
7041.038580853542,0.52,0.0
7041.038811311126,0.536,-0.008
7041.0390417687095,0.52,0.0
7041.039272226294,0.536,-0.008
7041.039502683878,0.528,0.0
7041.039733141462,0.512,-0.016
7041.039963599046,0.52,-0.008
7041.04019405663,0.504,0.0
7041.0404245142145,0.512,-0.008
7041.040654971798,0.504,0.0
7041.040885429382,0.504,0.0
7041.0411158869665,0.528,-0.016
7041.04134634455,0.512,0.0
7041.041576802135,0.52,-0.016
7041.041807259719,0.512,-0.008
7041.042037717302,0.52,0.0
7041.042268174887,0.512,-0.008
7041.042498632471,0.528,0.0
7041.042729090055,0.528,0.0
7041.042959547639,0.512,-0.008
7041.043190005223,0.512,0.0
7041.043420462807,0.528,-0.016
7041.043650920391,0.512,0.0
7041.043881377976,0.528,-0.016
7041.044111835559,0.536,-0.008
7041.044342293143,0.504,0.0
7041.044572750728,0.512,0.0
7041.044803208311,0.52,-0.016
7041.045033665895,0.512,-0.008
7041.04526412348,0.528,0.0
7041.045494581063,0.512,0.0
7041.045725038648,0.536,-0.016
7041.045955496232,0.504,-0.008
7041.046185953815,0.52,0.0
7041.0464164114,0.512,0.0
7041.046646868984,0.528,-0.016
7041.046877326568,0.528,0.0
7041.047107784152,0.504,-0.016
7041.047338241736,0.504,0.0
7041.04756869932,0.512,-0.016
7041.047799156904,0.504,-0.016
7041.048029614488,0.536,0.0
7041.0482600720725,0.528,0.0
7041.048490529656,0.504,-0.016
7041.048720987241,0.512,0.0
7041.0489514448245,0.496,-0.008
7041.049181902408,0.512,0.0
7041.049412359993,0.504,-0.016
7041.049642817577,0.504,0.0
7041.049873275161,0.528,-0.008
7041.050103732745,0.512,-0.008
7041.050334190329,0.528,0.0
7041.050564647913,0.512,0.0
7041.050795105497,0.528,-0.016
7041.051025563081,0.512,0.0
7041.051256020665,0.528,-0.016
7041.051486478249,0.504,0.0
7041.051716935834,0.52,-0.016
7041.051947393417,0.512,0.0
7041.052177851001,0.528,-0.016
7041.052408308586,0.536,0.0
7041.052638766169,0.512,-0.016
7041.052869223754,0.504,-0.008
7041.053099681338,0.528,0.0
7041.053330138921,0.512,0.0
7041.053560596506,0.528,-0.008
7041.05379105409,0.52,0.0
7041.054021511674,0.536,-0.008
7041.054251969258,0.512,0.0
7041.054482426842,0.528,-0.016
7041.054712884426,0.52,0.0
7041.05494334201,0.504,-0.016
7041.055173799594,0.512,0.0
7041.055404257178,0.52,-0.016
7041.055634714762,0.512,0.0
7041.055865172347,0.528,-0.016
7041.0560956299305,0.512,0.0
7041.056326087514,0.528,-0.016
7041.056556545099,0.512,0.0
7041.0567870026825,0.52,-0.008
7041.057017460267,0.528,0.0
7041.057247917851,0.512,-0.016
7041.057478375435,0.504,0.0
7041.057708833019,0.52,-0.016
7041.057939290603,0.52,0.0
7041.058169748187,0.512,-0.016
7041.058400205771,0.536,0.0
7041.058630663355,0.512,-0.016
7041.05886112094,0.504,0.0
7041.059091578523,0.52,-0.016
7041.059322036107,0.504,-0.016
7041.059552493692,0.528,0.0
7041.059782951275,0.52,0.0
7041.06001340886,0.536,-0.016
7041.060243866444,0.52,0.0
7041.060474324027,0.536,-0.008
7041.060704781612,0.52,-0.008
7041.060935239196,0.536,0.0
7041.06116569678,0.52,0.0
7041.061396154364,0.536,-0.016
7041.061626611948,0.52,0.0
7041.061857069532,0.536,-0.008
7041.062087527116,0.52,0.0
7041.0623179847,0.536,-0.016
7041.062548442284,0.52,0.0
7041.062778899868,0.536,-0.016
7041.063009357453,0.52,0.0
7041.0632398150365,0.528,-0.008
7041.06347027262,0.52,0.0
7041.063700730205,0.528,-0.016
7041.0639311877885,0.52,0.0
7041.064161645373,0.528,-0.016
7041.064392102957,0.52,0.0
7041.064622560541,0.536,-0.016
7041.064853018125,0.52,0.0
7041.065083475709,0.536,-0.008
7041.065313933293,0.52,0.0
7041.065544390877,0.528,-0.016
7041.065774848461,0.52,0.0
7041.066005306046,0.528,-0.016
7041.066235763629,0.52,0.0
7041.066466221213,0.536,-0.016
7041.066696678798,0.536,0.0
7041.066927136381,0.52,-0.008
7041.067157593966,0.52,0.0
7041.06738805155,0.536,-0.016
7041.067618509133,0.536,-0.008
7041.067848966718,0.52,0.0
7041.068079424302,0.52,0.0
7041.068309881885,0.536,-0.016
7041.06854033947,0.52,0.0
7041.068770797054,0.528,-0.016
7041.069001254638,0.52,0.0
7041.069231712222,0.536,-0.016
7041.069462169806,0.52,0.0
7041.06969262739,0.528,-0.016
7041.069923084974,0.52,-0.016
7041.070153542559,0.536,0.0
7041.070384000142,0.52,0.0
7041.070614457726,0.528,-0.016
7041.070844915311,0.52,0.0
7041.0710753728945,0.528,-0.008
7041.071305830479,0.52,-0.016
7041.071536288063,0.536,0.0
7041.0717667456465,0.52,-0.008
7041.071997203231,0.536,0.0
7041.072227660815,0.52,-0.008
7041.072458118399,0.528,0.024
7041.072688575983,0.536,0.024
7041.072919033567,0.512,0.128
7041.0731494911515,0.52,0.136
7041.073379948735,0.536,0.28800000000000003
7041.073610406319,0.536,0.296
7041.073840863904,0.52,0.36
7041.074071321487,0.52,0.368
7041.074301779072,0.536,0.392
7041.074532236656,0.52,0.392
7041.074762694239,0.536,0.4
7041.074993151824,0.52,0.4
7041.075223609408,0.536,0.392
7041.075454066991,0.528,0.392
7041.075684524576,0.52,0.40800000000000003
7041.07591498216,0.536,0.4
7041.076145439744,0.52,0.40800000000000003
7041.076375897328,0.52,0.392
7041.076606354912,0.536,0.40800000000000003
7041.076836812496,0.52,0.4
7041.07706727008,0.536,0.40800000000000003
7041.077297727665,0.52,0.40800000000000003
7041.077528185248,0.536,0.4
7041.077758642832,0.52,0.392
7041.077989100417,0.528,0.40800000000000003
7041.0782195580005,0.52,0.4
7041.078450015585,0.528,0.40800000000000003
7041.078680473169,0.52,0.4
7041.0789109307525,0.528,0.40800000000000003
7041.079141388337,0.52,0.4
7041.079371845921,0.536,0.4
7041.0796023035045,0.512,0.40800000000000003
7041.079832761089,0.528,0.4
7041.080063218673,0.512,0.40800000000000003
7041.0802936762575,0.528,0.392
7041.080524133841,0.528,0.392
7041.080754591425,0.504,0.40800000000000003
7041.0809850490095,0.504,0.40800000000000003
7041.081215506593,0.52,0.392
7041.081445964178,0.512,0.4
7041.081676421762,0.528,0.4
7041.081906879345,0.504,0.4
7041.08213733693,0.528,0.40800000000000003
7041.082367794514,0.52,0.40800000000000003
7041.082598252097,0.536,0.392
7041.082828709682,0.52,0.4
7041.083059167266,0.536,0.384
7041.08328962485,0.52,0.384
7041.083520082434,0.536,0.4
7041.083750540018,0.528,0.392
7041.083980997602,0.52,0.4
7041.084211455186,0.536,0.384
7041.084441912771,0.52,0.4
7041.084672370354,0.52,0.384
7041.084902827938,0.536,0.40800000000000003
7041.085133285523,0.52,0.4
7041.085363743106,0.536,0.40800000000000003
7041.08559420069,0.52,0.4
7041.085824658275,0.536,0.40800000000000003
7041.0860551158585,0.52,0.40800000000000003
7041.086285573443,0.536,0.392
7041.086516031027,0.52,0.4
7041.0867464886105,0.536,0.384
7041.086976946195,0.52,0.4
7041.087207403779,0.528,0.376
7041.0874378613635,0.52,0.384
7041.087668318947,0.528,0.40800000000000003
7041.087898776531,0.52,0.40800000000000003
7041.0881292341155,0.536,0.4
7041.088359691699,0.52,0.40800000000000003
7041.088590149284,0.528,0.392
7041.088820606868,0.52,0.392
7041.089051064451,0.528,0.4
7041.089281522036,0.52,0.392
7041.08951197962,0.536,0.384
7041.089742437203,0.52,0.392
7041.089972894788,0.536,0.384
7041.090203352372,0.52,0.392
7041.090433809956,0.536,0.40800000000000003
7041.09066426754,0.52,0.392
7041.090894725124,0.528,0.4
7041.091125182708,0.52,0.4
7041.091355640292,0.536,0.384
7041.091586097877,0.536,0.40800000000000003
7041.09181655546,0.52,0.392
7041.092047013044,0.52,0.392
7041.092277470629,0.536,0.4
7041.092507928212,0.52,0.4
7041.092738385796,0.536,0.392
7041.092968843381,0.536,0.4
7041.093199300964,0.52,0.384
7041.093429758549,0.52,0.392
7041.093660216133,0.528,0.384
7041.0938906737165,0.52,0.384
7041.094121131301,0.536,0.4
7041.094351588885,0.52,0.392
7041.094582046469,0.536,0.4
7041.094812504053,0.52,0.4
7041.095042961637,0.536,0.384
7041.0952734192215,0.52,0.392
7041.095503876805,0.536,0.40800000000000003
7041.09573433439,0.528,0.4
7041.0959647919735,0.512,0.40800000000000003
7041.096195249557,0.52,0.40800000000000003
7041.096425707142,0.528,0.392
7041.096656164726,0.536,0.4
7041.096886622309,0.512,0.392
7041.097117079894,0.512,0.392
7041.097347537478,0.528,0.4
7041.097577995062,0.52,0.392
7041.097808452646,0.504,0.392
7041.09803891023,0.512,0.392
7041.098269367814,0.528,0.384
7041.098499825398,0.512,0.392
7041.098730282983,0.528,0.4
7041.098960740566,0.52,0.40800000000000003
7041.09919119815,0.536,0.392
7041.099421655735,0.52,0.4
7041.099652113318,0.504,0.384
7041.099882570902,0.504,0.392
7041.100113028487,0.528,0.40800000000000003
7041.10034348607,0.512,0.40800000000000003
7041.100573943655,0.528,0.392
7041.100804401239,0.504,0.40800000000000003
7041.1010348588225,0.52,0.392
7041.101265316407,0.52,0.4
7041.101495773991,0.504,0.384
7041.101726231575,0.504,0.384
7041.101956689159,0.512,0.376
7041.102187146743,0.504,0.392
7041.1024176043275,0.528,0.376
7041.102648061911,0.528,0.376
7041.102878519495,0.512,0.4
7041.1031089770795,0.512,0.392
7041.103339434663,0.528,0.40800000000000003
7041.103569892248,0.512,0.4
7041.1038003498315,0.528,0.384
7041.104030807415,0.528,0.384
7041.104261265,0.512,0.392
7041.104491722584,0.512,0.384
7041.104722180168,0.536,0.4
7041.104952637752,0.504,0.40800000000000003
7041.105183095336,0.52,0.392
7041.10541355292,0.496,0.392
7041.105644010504,0.52,0.392
7041.105874468089,0.504,0.4
7041.106104925672,0.52,0.384
7041.106335383256,0.52,0.384
7041.106565840841,0.504,0.40800000000000003
7041.106796298424,0.512,0.392
7041.107026756008,0.528,0.4
7041.107257213593,0.512,0.4
7041.107487671176,0.528,0.384
7041.107718128761,0.512,0.384
7041.107948586345,0.528,0.4
7041.108179043928,0.512,0.40800000000000003
7041.108409501513,0.52,0.4
7041.108639959097,0.512,0.40800000000000003
7041.108870416681,0.528,0.392
7041.109100874265,0.536,0.392
7041.109331331849,0.512,0.4
7041.109561789433,0.504,0.4
7041.109792247017,0.528,0.392
7041.110022704601,0.512,0.392
7041.1102531621855,0.52,0.384
7041.110483619769,0.512,0.40800000000000003
7041.110714077354,0.528,0.392
7041.1109445349375,0.512,0.40800000000000003
7041.111174992521,0.528,0.392
7041.111405450106,0.536,0.392
7041.11163590769,0.512,0.4
7041.111866365274,0.504,0.4
7041.112096822858,0.52,0.384
7041.112327280442,0.512,0.384
7041.112557738026,0.52,0.40800000000000003
7041.11278819561,0.512,0.4
7041.113018653195,0.528,0.4
7041.113249110778,0.512,0.4
7041.113479568362,0.528,0.4
7041.113710025947,0.512,0.40800000000000003
7041.11394048353,0.528,0.392
7041.114170941114,0.52,0.392
7041.114401398699,0.504,0.4
7041.114631856282,0.512,0.384
7041.114862313867,0.528,0.4
7041.115092771451,0.512,0.4
7041.115323229034,0.528,0.384
7041.115553686619,0.512,0.384
7041.115784144203,0.528,0.392
7041.116014601787,0.512,0.392
7041.116245059371,0.52,0.40800000000000003
7041.116475516955,0.512,0.4
7041.116705974539,0.528,0.392
7041.116936432123,0.512,0.384
7041.117166889707,0.528,0.4
7041.117397347291,0.52,0.384
7041.117627804875,0.504,0.4
7041.11785826246,0.504,0.392
7041.1180887200435,0.528,0.4
7041.118319177627,0.512,0.4
7041.118549635212,0.52,0.392
7041.1187800927955,0.512,0.4
7041.11901055038,0.528,0.384
7041.119241007964,0.512,0.384
7041.119471465548,0.52,0.40800000000000003
7041.119701923132,0.52,0.4
7041.119932380716,0.528,0.392
7041.1201628383,0.528,0.392
7041.120393295884,0.504,0.41600000000000004
7041.120623753468,0.528,0.40800000000000003
7041.120854211053,0.512,0.392
7041.121084668636,0.512,0.392
7041.12131512622,0.52,0.392
7041.121545583805,0.52,0.392
7041.121776041388,0.504,0.384
7041.122006498973,0.504,0.392
7041.122236956557,0.536,0.392
7041.12246741414,0.52,0.392
7041.122697871725,0.536,0.4
7041.122928329309,0.512,0.392
7041.123158786893,0.52,0.4
7041.123389244477,0.528,0.392
7041.123619702061,0.504,0.392
7041.123850159645,0.504,0.384
7041.124080617229,0.52,0.4
7041.124311074813,0.512,0.392
7041.124541532397,0.528,0.4
7041.124771989981,0.512,0.4
7041.125002447566,0.528,0.384
7041.1252329051495,0.52,0.384
7041.125463362733,0.504,0.384
7041.125693820318,0.504,0.384
7041.1259242779015,0.528,0.392
7041.126154735486,0.512,0.384
7041.12638519307,0.528,0.4
7041.126615650654,0.52,0.4
7041.126846108238,0.504,0.40800000000000003
7041.127076565822,0.504,0.40800000000000003
7041.127307023406,0.512,0.392
7041.12753748099,0.504,0.392
7041.127767938574,0.512,0.4
7041.127998396159,0.504,0.4
7041.128228853742,0.528,0.384
7041.128459311326,0.512,0.392
7041.128689768911,0.528,0.376
7041.128920226494,0.512,0.376
7041.129150684079,0.536,0.4
7041.129381141663,0.528,0.4
7041.129611599246,0.504,0.376
7041.129842056831,0.512,0.368
7041.130072514415,0.52,0.312
7041.130302971999,0.512,0.304
7041.130533429583,0.528,0.16
7041.130763887167,0.52,0.152
7041.130994344751,0.504,0.056
7041.131224802335,0.504,0.048
7041.131455259919,0.52,0.008
7041.131685717503,0.504,0.016
7041.131916175087,0.528,-0.008
7041.132146632672,0.512,0.0
7041.132377090255,0.528,-0.008
7041.132607547839,0.528,-0.008
7041.132838005424,0.504,0.0
7041.1330684630075,0.512,0.0
7041.133298920592,0.528,-0.008
7041.133529378176,0.512,-0.008
7041.1337598357595,0.528,0.0
7041.133990293344,0.52,-0.008
7041.134220750928,0.504,0.0
7041.134451208512,0.512,0.0
7041.134681666096,0.528,-0.008
7041.13491212368,0.512,-0.008
7041.1351425812645,0.528,0.0
7041.135373038848,0.52,0.0
7041.135603496432,0.512,-0.008
7041.135833954017,0.512,-0.008
7041.1360644116,0.52,0.0
7041.136294869185,0.512,0.0
7041.136525326769,0.52,-0.016
7041.136755784352,0.52,0.0
7041.136986241937,0.504,-0.008
7041.137216699521,0.504,-0.008
7041.137447157104,0.52,0.0
7041.137677614689,0.504,0.0
7041.137908072273,0.52,-0.008
7041.138138529857,0.512,0.0
7041.138368987441,0.536,-0.008
7041.138599445025,0.528,0.0
7041.138829902609,0.504,-0.008
7041.139060360193,0.504,0.0
7041.139290817778,0.52,-0.008
7041.139521275361,0.504,0.0
7041.139751732945,0.52,-0.008
7041.13998219053,0.536,0.0
7041.140212648113,0.512,-0.008
7041.140443105698,0.512,0.0
7041.140673563282,0.52,-0.008
7041.1409040208655,0.512,0.0
7041.14113447845,0.528,-0.008
7041.141364936034,0.512,0.0
7041.1415953936175,0.528,-0.008
7041.141825851202,0.512,-0.008
7041.142056308786,0.528,0.0
7041.1422867663705,0.52,-0.008
7041.142517223954,0.504,0.0
7041.142747681538,0.504,0.0
7041.1429781391225,0.52,-0.008
7041.143208596706,0.512,0.0
7041.143439054291,0.52,-0.008
7041.143669511875,0.512,0.0
7041.143899969458,0.528,-0.008
7041.144130427043,0.512,0.0
7041.144360884627,0.528,-0.008
7041.14459134221,0.512,0.0
7041.144821799795,0.52,-0.016
7041.145052257379,0.512,-0.008
7041.145282714963,0.528,0.0
7041.145513172547,0.512,0.0
7041.145743630131,0.52,-0.008
7041.145974087715,0.512,-0.008
7041.146204545299,0.528,0.0
7041.146435002884,0.512,0.0
7041.146665460467,0.536,-0.016
7041.146895918051,0.52,-0.008
7041.147126375636,0.504,0.0
7041.147356833219,0.504,-0.008
7041.147587290804,0.528,0.0
7041.147817748388,0.52,0.0
7041.1480482059715,0.504,-0.016
7041.148278663556,0.504,0.0
7041.14850912114,0.52,-0.008
7041.1487395787235,0.504,-0.008
7041.148970036308,0.52,0.0
7041.149200493892,0.504,-0.008
7041.1494309514765,0.52,0.0
7041.14966140906,0.504,0.0
7041.149891866644,0.512,-0.008
7041.1501223242285,0.504,-0.008
7041.150352781812,0.512,0.0
7041.150583239397,0.504,0.0
7041.150813696981,0.512,-0.008
7041.151044154564,0.504,0.0
7041.151274612149,0.52,-0.008
7041.151505069733,0.512,0.0
7041.151735527316,0.528,-0.016
7041.151965984901,0.512,-0.008
7041.152196442485,0.528,0.0
7041.152426900069,0.512,0.0
7041.152657357653,0.528,-0.008
7041.152887815237,0.504,-0.008
7041.153118272821,0.536,0.0
7041.153348730405,0.512,0.0
7041.15357918799,0.52,-0.016
7041.153809645573,0.512,0.0
7041.154040103157,0.528,-0.016
7041.154270560742,0.512,0.0
7041.154501018325,0.528,-0.016
7041.154731475909,0.512,0.0
7041.154961933494,0.528,-0.016
7041.155192391077,0.512,0.0
7041.155422848662,0.528,-0.016
7041.155653306246,0.52,0.0
7041.1558837638295,0.496,-0.008
7041.156114221414,0.504,-0.016
7041.156344678998,0.52,0.0
7041.156575136582,0.504,-0.008
7041.156805594166,0.52,0.0
7041.15703605175,0.504,0.0
7041.1572665093345,0.52,-0.016
7041.157496966918,0.512,0.0
7041.157727424503,0.528,-0.008
7041.1579578820865,0.512,0.0
7041.15818833967,0.528,-0.016
7041.158418797255,0.512,0.0
7041.158649254839,0.528,-0.016
7041.158879712422,0.512,0.0
7041.159110170007,0.528,-0.016
7041.159340627591,0.512,0.0
7041.159571085175,0.52,-0.008
7041.159801542759,0.512,0.0
7041.160032000343,0.528,-0.016
7041.160262457927,0.536,0.0
7041.160492915511,0.504,-0.008
7041.160723373096,0.504,0.0
7041.160953830679,0.528,-0.016
7041.161184288263,0.512,-0.008
7041.161414745848,0.52,0.0
7041.161645203431,0.512,0.0
7041.161875661015,0.52,-0.008
7041.1621061186,0.512,-0.016
7041.162336576183,0.528,0.0
7041.162567033768,0.512,0.0
7041.162797491352,0.528,-0.016
7041.163027948935,0.512,0.0
7041.16325840652,0.528,-0.016
7041.163488864104,0.536,0.0
7041.163719321688,0.512,-0.008
7041.163949779272,0.504,0.0
7041.164180236856,0.52,-0.016
7041.16441069444,0.512,0.0
7041.164641152024,0.52,-0.016
7041.164871609609,0.512,0.0
7041.1651020671925,0.528,-0.008
7041.165332524776,0.512,-0.008
7041.165562982361,0.528,0.0
7041.1657934399445,0.52,0.0
7041.166023897528,0.504,-0.016
7041.166254355113,0.512,0.0
7041.166484812697,0.52,-0.008
7041.166715270281,0.512,-0.008
7041.166945727865,0.528,0.0
7041.167176185449,0.512,0.0
7041.167406643033,0.504,-0.016
7041.167637100617,0.504,0.0
7041.167867558202,0.512,-0.016
7041.168098015785,0.504,0.0
7041.168328473369,0.512,-0.016
7041.168558930954,0.504,0.0
7041.168789388537,0.512,-0.016
7041.169019846121,0.504,0.0
7041.169250303706,0.52,-0.016
7041.169480761289,0.504,-0.008
7041.169711218874,0.528,0.0
7041.169941676458,0.512,0.0
7041.170172134041,0.528,-0.016
7041.170402591626,0.504,0.0
7041.17063304921,0.52,-0.016
7041.170863506794,0.504,-0.008
7041.171093964378,0.528,0.0
7041.171324421962,0.52,-0.016
7041.171554879546,0.504,0.0
7041.17178533713,0.504,0.0
7041.172015794714,0.52,-0.016
7041.1722462522985,0.504,-0.016
7041.172476709882,0.512,0.0
7041.172707167467,0.504,0.0
7041.1729376250505,0.52,-0.016
7041.173168082634,0.512,-0.016
7041.173398540219,0.528,0.0
7041.173628997803,0.512,0.0
7041.173859455387,0.52,-0.016
7041.174089912971,0.512,-0.016
7041.174320370555,0.528,0.0
7041.174550828139,0.512,-0.008
7041.174781285723,0.52,0.0
7041.175011743308,0.496,0.0
7041.175242200891,0.52,-0.016
7041.175472658475,0.504,0.0
7041.17570311606,0.52,-0.016
7041.175933573643,0.504,0.0
7041.176164031227,0.528,-0.016
7041.176394488812,0.512,-0.016
7041.176624946395,0.528,0.0
7041.17685540398,0.512,-0.008
7041.177085861564,0.528,0.0
7041.177316319147,0.544,0.0
7041.177546776732,0.512,-0.008
7041.177777234316,0.504,-0.008
7041.1780076919,0.52,0.0
7041.178238149484,0.52,0.0
7041.178468607068,0.504,-0.008
7041.178699064652,0.504,-0.008
7041.178929522236,0.52,0.0
7041.17915997982,0.512,0.0
7041.179390437404,0.528,-0.016
7041.179620894988,0.528,0.0
7041.179851352573,0.504,-0.016
7041.1800818101565,0.504,0.0
7041.18031226774,0.512,-0.016
7041.180542725325,0.504,0.0
7041.1807731829085,0.52,-0.016
7041.181003640493,0.504,0.0
7041.181234098077,0.528,-0.016
7041.181464555661,0.512,-0.016
7041.181695013245,0.528,0.0
7041.181925470829,0.536,0.0
7041.1821559284135,0.512,-0.016
7041.182386385997,0.504,0.0
7041.182616843581,0.52,-0.016
7041.182847301166,0.504,0.0
7041.183077758749,0.512,-0.016
7041.183308216333,0.504,0.0
7041.183538673918,0.528,-0.016
7041.183769131501,0.512,-0.016
7041.183999589086,0.528,0.0
7041.18423004667,0.536,0.0
7041.184460504253,0.504,-0.016
7041.184690961838,0.512,0.0
7041.184921419422,0.528,-0.016
7041.185151877006,0.528,0.0
7041.18538233459,0.52,-0.016
7041.185612792174,0.52,-0.016
7041.185843249758,0.528,0.0
7041.186073707342,0.52,0.0
7041.186304164926,0.536,-0.016
7041.18653462251,0.52,-0.008
7041.186765080094,0.528,0.0
7041.186995537679,0.52,0.0
7041.187225995262,0.536,-0.008
7041.187456452846,0.52,-0.008
7041.187686910431,0.536,0.024
7041.1879173680145,0.52,0.016
7041.188147825599,0.536,0.128
7041.188378283183,0.52,0.14400000000000002
7041.1886087407665,0.528,0.28800000000000003
7041.188839198351,0.52,0.28800000000000003
7041.189069655935,0.536,0.376
7041.189300113519,0.52,0.368
7041.189530571103,0.528,0.392
7041.189761028687,0.52,0.392
7041.1899914862715,0.536,0.392
7041.190221943855,0.52,0.392
7041.190452401439,0.536,0.4
7041.190682859024,0.52,0.4
7041.190913316607,0.536,0.384
7041.191143774192,0.52,0.392
7041.191374231776,0.536,0.4
7041.191604689359,0.52,0.392
7041.191835146944,0.528,0.4
7041.192065604528,0.52,0.4
7041.192296062112,0.528,0.384
7041.192526519696,0.52,0.384
7041.19275697728,0.536,0.4
7041.192987434864,0.52,0.392
7041.193217892448,0.536,0.4
7041.193448350032,0.52,0.392
7041.193678807616,0.528,0.4
7041.1939092652,0.52,0.392
7041.194139722785,0.536,0.392
7041.194370180368,0.528,0.392
7041.194600637952,0.52,0.392
7041.194831095537,0.52,0.392
7041.1950615531205,0.536,0.384
7041.195292010705,0.52,0.384
7041.195522468289,0.536,0.40800000000000003
7041.1957529258725,0.536,0.40800000000000003
7041.195983383457,0.52,0.392
7041.196213841041,0.52,0.392
7041.196444298625,0.536,0.392
7041.196674756209,0.52,0.4
7041.196905213793,0.528,0.384
7041.1971356713775,0.536,0.384
7041.197366128961,0.512,0.4
7041.197596586545,0.52,0.4
7041.19782704413,0.536,0.392
7041.198057501713,0.52,0.384
7041.198287959298,0.536,0.4
7041.198518416882,0.52,0.384
7041.198748874465,0.536,0.4
7041.19897933205,0.52,0.40800000000000003
7041.199209789634,0.528,0.392
7041.199440247218,0.52,0.4
7041.199670704802,0.528,0.384
7041.199901162386,0.52,0.384
7041.20013161997,0.528,0.40800000000000003
7041.200362077554,0.52,0.4
7041.200592535138,0.536,0.40800000000000003
7041.200822992722,0.52,0.40800000000000003
7041.201053450306,0.536,0.392
7041.201283907891,0.52,0.392
7041.201514365474,0.536,0.384
7041.201744823058,0.52,0.384
7041.201975280643,0.536,0.40800000000000003
7041.202205738226,0.52,0.392
7041.202436195811,0.528,0.40800000000000003
7041.202666653395,0.52,0.4
7041.2028971109785,0.536,0.384
7041.203127568563,0.52,0.392
7041.203358026147,0.536,0.4
7041.2035884837305,0.52,0.392
7041.203818941315,0.536,0.4
7041.204049398899,0.52,0.4
7041.2042798564835,0.528,0.392
7041.204510314067,0.52,0.4
7041.204740771651,0.536,0.384
7041.2049712292355,0.52,0.392
7041.205201686819,0.536,0.4
7041.205432144404,0.52,0.392
7041.205662601988,0.536,0.4
7041.205893059571,0.52,0.392
7041.206123517156,0.536,0.384
7041.20635397474,0.52,0.392
7041.206584432323,0.536,0.4
7041.206814889908,0.52,0.392
7041.207045347492,0.536,0.384
7041.207275805076,0.52,0.384
7041.20750626266,0.536,0.40800000000000003
7041.207736720244,0.52,0.4
7041.207967177828,0.536,0.384
7041.208197635412,0.52,0.384
7041.208428092997,0.528,0.376
7041.20865855058,0.52,0.376
7041.208889008164,0.528,0.4
7041.209119465749,0.52,0.4
7041.209349923332,0.528,0.392
7041.209580380917,0.52,0.392
7041.209810838501,0.536,0.40800000000000003
7041.2100412960845,0.52,0.4
7041.210271753669,0.528,0.40800000000000003
7041.210502211253,0.52,0.4
7041.2107326688365,0.528,0.40800000000000003
7041.210963126421,0.52,0.40800000000000003
7041.211193584005,0.536,0.4
7041.211424041589,0.52,0.4
7041.211654499173,0.536,0.40800000000000003
7041.211884956757,0.52,0.4
7041.2121154143415,0.528,0.40800000000000003
7041.212345871925,0.536,0.4
7041.21257632951,0.512,0.40800000000000003
7041.2128067870935,0.512,0.40800000000000003
7041.213037244677,0.528,0.4
7041.213267702262,0.512,0.4
7041.213498159846,0.528,0.392
7041.213728617429,0.512,0.40800000000000003
7041.213959075014,0.528,0.392
7041.214189532598,0.512,0.4
7041.214419990182,0.528,0.40800000000000003
7041.214650447766,0.528,0.4
7041.21488090535,0.504,0.40800000000000003
7041.215111362934,0.504,0.4
7041.215341820518,0.52,0.40800000000000003
7041.215572278103,0.512,0.40800000000000003
7041.215802735686,0.496,0.392
7041.21603319327,0.496,0.4
7041.216263650855,0.52,0.384
7041.216494108438,0.512,0.392
7041.216724566023,0.528,0.40800000000000003
7041.216955023607,0.512,0.4
7041.21718548119,0.528,0.40800000000000003
7041.217415938775,0.504,0.392
7041.217646396359,0.512,0.4
7041.2178768539425,0.504,0.392
7041.218107311527,0.52,0.392
7041.218337769111,0.504,0.392
7041.218568226695,0.528,0.384
7041.218798684279,0.512,0.384
7041.219029141863,0.52,0.392
7041.2192595994475,0.536,0.384
7041.219490057031,0.512,0.4
7041.219720514616,0.504,0.392
7041.2199509721995,0.52,0.40800000000000003
7041.220181429783,0.512,0.392
7041.220411887368,0.496,0.4
7041.220642344952,0.504,0.392
7041.220872802535,0.52,0.4
7041.22110326012,0.512,0.392
7041.221333717704,0.528,0.4
7041.221564175288,0.512,0.4
7041.221794632872,0.536,0.40800000000000003
7041.222025090456,0.528,0.4
7041.22225554804,0.504,0.392
7041.222486005624,0.504,0.392
7041.222716463209,0.52,0.384
7041.222946920792,0.512,0.384
7041.223177378376,0.528,0.40800000000000003
7041.223407835961,0.512,0.40800000000000003
7041.223638293544,0.536,0.392
7041.223868751128,0.512,0.392
7041.224099208713,0.536,0.4
7041.224329666296,0.536,0.392
7041.224560123881,0.504,0.40800000000000003
7041.224790581465,0.512,0.4
7041.225021039048,0.496,0.392
7041.225251496633,0.504,0.4
7041.225481954217,0.528,0.392
7041.225712411801,0.512,0.384
7041.225942869385,0.52,0.4
7041.226173326969,0.512,0.392
7041.226403784553,0.528,0.4
7041.226634242137,0.512,0.392
7041.226864699722,0.52,0.384
7041.2270951573055,0.512,0.384
7041.227325614889,0.528,0.4
7041.227556072474,0.52,0.40800000000000003
7041.2277865300575,0.504,0.392
7041.228016987641,0.512,0.392
7041.228247445226,0.528,0.4
7041.22847790281,0.512,0.392
7041.228708360394,0.528,0.40800000000000003
7041.237911701202,0.512,-0.016
7041.238171013792,0.528,0.0
7041.2384303263825,0.536,-0.016
7041.238689638973,0.512,0.0
7041.238948951563,0.504,0.0
7041.239208264152,0.528,-0.016
7041.239467576742,0.512,0.0
7041.239726889332,0.52,-0.016
7041.239986201922,0.512,-0.016
7041.240245514512,0.528,0.0
7041.240504827102,0.504,0.0
7041.240764139692,0.52,-0.016
7041.241023452282,0.512,-0.016
7041.241282764872,0.528,0.0
7041.241542077462,0.504,-0.016
7041.2418013900515,0.536,0.0
7041.2420607026415,0.528,0.0
7041.242320015232,0.504,-0.016
7041.242579327822,0.504,-0.016
7041.242838640412,0.52,0.0
7041.243097953002,0.512,-0.008
7041.243357265592,0.528,0.024
7041.243616578182,0.512,0.024
7041.243875890772,0.536,0.12
7041.244135203361,0.512,0.136
7041.244394515951,0.536,0.28
7041.244653828541,0.528,0.28800000000000003
7041.244913141131,0.512,0.36
7041.245172453721,0.512,0.36
7041.245431766311,0.528,0.384
7041.2456910789015,0.536,0.384
7041.2459503914915,0.52,0.392
7041.246209704082,0.52,0.392
7041.246469016671,0.536,0.4
7041.246728329261,0.536,0.392
7041.246987641851,0.52,0.4
7041.247246954441,0.52,0.4
7041.247506267031,0.536,0.384
7041.247765579621,0.52,0.392
7041.248024892211,0.536,0.384
7041.248284204801,0.52,0.384
7041.248543517391,0.536,0.392
7041.248802829981,0.528,0.4
7041.24906214257,0.52,0.392
7041.2493214551605,0.528,0.392
7041.249580767751,0.52,0.384
7041.249840080341,0.528,0.392
7041.250099392931,0.52,0.384
7041.250358705521,0.52,0.384
7041.250618018111,0.536,0.392
7041.250877330701,0.52,0.392
7041.251136643291,0.536,0.4
7041.25139595588,0.536,0.4
7041.25165526847,0.52,0.384
7041.25191458106,0.52,0.392
7041.25217389365,0.536,0.384
7041.25243320624,0.528,0.384
7041.25269251883,0.52,0.384
7041.25295183142,0.52,0.384
7041.2532111440105,0.536,0.376
7041.253470456601,0.52,0.384
7041.25372976919,0.536,0.376
7041.25398908178,0.52,0.384
7041.25424839437,0.536,0.4
7041.25450770696,0.52,0.392
7041.25476701955,0.536,0.384
7041.25502633214,0.52,0.392
7041.25528564473,0.536,0.376
7041.25554495732,0.536,0.384
7041.25580426991,0.52,0.4
7041.2560635825,0.52,0.4
7041.256322895089,0.536,0.384
7041.2565822076795,0.52,0.392
7041.2568415202695,0.536,0.376
7041.25710083286,0.536,0.392
7041.25736014545,0.52,0.4
7041.25761945804,0.52,0.4
7041.25787877063,0.536,0.384
7041.25813808322,0.52,0.384
7041.25839739581,0.536,0.4
7041.258656708399,0.528,0.4
7041.258916020989,0.52,0.384
7041.259175333579,0.52,0.384
7041.259434646169,0.536,0.4
7041.259693958759,0.528,0.384
7041.259953271349,0.52,0.4
7041.260212583939,0.52,0.4
7041.260471896529,0.536,0.384
7041.2607312091195,0.528,0.384
7041.26099052171,0.52,0.392
7041.261249834299,0.528,0.376
7041.261509146889,0.52,0.4
7041.261768459479,0.52,0.392
7041.262027772069,0.536,0.384
7041.262287084659,0.52,0.392
7041.262546397249,0.536,0.384
7041.262805709839,0.536,0.392
7041.263065022429,0.52,0.376
7041.263324335019,0.52,0.368
7041.263583647608,0.528,0.392
7041.263842960198,0.52,0.384
7041.2641022727885,0.536,0.392
7041.2643615853785,0.52,0.384
7041.264620897969,0.536,0.392
7041.264880210559,0.52,0.392
7041.265139523149,0.536,0.384
7041.265398835739,0.536,0.384
7041.265658148329,0.52,0.4
7041.265917460918,0.52,0.4
7041.266176773508,0.536,0.392
7041.266436086098,0.52,0.392
7041.266695398688,0.536,0.392
7041.266954711278,0.52,0.4
7041.267214023868,0.528,0.384
7041.267473336458,0.52,0.392
7041.267732649048,0.528,0.392
7041.2679919616385,0.52,0.392
7041.2682512742285,0.536,0.4
7041.268510586818,0.536,0.392
7041.268769899408,0.52,0.4
7041.269029211998,0.536,0.392
7041.269288524588,0.52,0.4
7041.269547837178,0.528,0.392
7041.269807149768,0.52,0.4
7041.270066462358,0.52,0.392
7041.270325774948,0.536,0.384
7041.270585087538,0.52,0.392
7041.270844400127,0.536,0.384
7041.271103712717,0.536,0.384
7041.271363025307,0.52,0.384
7041.2716223378975,0.52,0.4
7041.271881650488,0.536,0.376
7041.272140963078,0.52,0.376
7041.272400275668,0.536,0.392
7041.272659588258,0.52,0.392
7041.272918900848,0.536,0.384
7041.273178213437,0.52,0.392
7041.273437526027,0.536,0.384
7041.273696838617,0.52,0.384
7041.273956151207,0.536,0.392
7041.274215463797,0.52,0.384
7041.274474776387,0.536,0.392
7041.274734088977,0.52,0.384
7041.274993401567,0.536,0.384
7041.275252714157,0.528,0.392
7041.2755120267475,0.52,0.376
7041.275771339337,0.528,0.384
7041.276030651927,0.52,0.4
7041.276289964517,0.528,0.4
7041.276549277107,0.52,0.384
7041.276808589697,0.52,0.384
7041.277067902287,0.536,0.392
7041.277327214877,0.528,0.384
7041.277586527467,0.512,0.392
7041.277845840057,0.512,0.392
7041.278105152646,0.528,0.384
7041.278364465236,0.536,0.384
7041.278623777826,0.504,0.376
7041.2788830904165,0.504,0.376
7041.2791424030065,0.52,0.392
7041.279401715597,0.512,0.392
7041.279661028187,0.528,0.4
7041.279920340777,0.504,0.392
7041.280179653367,0.528,0.40800000000000003
7041.280438965957,0.512,0.40800000000000003
7041.280698278546,0.528,0.392
7041.280957591136,0.512,0.40800000000000003
7041.281216903726,0.52,0.392
7041.281476216316,0.528,0.4
7041.281735528906,0.512,0.392
7041.281994841496,0.512,0.392
7041.282254154086,0.528,0.4
7041.282513466676,0.52,0.4
7041.282772779266,0.504,0.384
7041.283032091856,0.504,0.392
7041.283291404446,0.512,0.384
7041.283550717036,0.504,0.384
7041.283810029626,0.52,0.392
7041.284069342216,0.504,0.384
7041.284328654806,0.528,0.392
7041.284587967396,0.528,0.392
7041.284847279986,0.512,0.376
7041.285106592576,0.528,0.392
7041.285365905165,0.512,0.384
7041.285625217755,0.52,0.392
7041.285884530345,0.504,0.376
7041.286143842935,0.504,0.384
7041.2864031555255,0.52,0.4
7041.2866624681155,0.512,0.4
7041.286921780706,0.52,0.384
7041.287181093296,0.512,0.392
7041.287440405886,0.528,0.376
7041.287699718476,0.52,0.376
7041.287959031065,0.512,0.392
7041.288218343655,0.504,0.4
7041.288477656245,0.52,0.384
7041.288736968835,0.536,0.392
7041.288996281425,0.504,0.384
7041.289255594015,0.504,0.384
7041.289514906605,0.52,0.384
7041.289774219195,0.512,0.384
7041.290033531785,0.52,0.376
7041.290292844375,0.512,0.4
7041.290552156965,0.528,0.384
7041.290811469555,0.512,0.392
7041.291070782145,0.528,0.376
7041.291330094735,0.504,0.376
7041.291589407325,0.52,0.384
7041.291848719915,0.52,0.376
7041.292108032505,0.512,0.392
7041.292367345095,0.512,0.4
7041.292626657684,0.528,0.376
7041.292885970274,0.52,0.392
7041.293145282864,0.504,0.376
7041.293404595454,0.512,0.4
7041.293663908044,0.52,0.392
7041.2939232206345,0.536,0.4
7041.294182533225,0.512,0.384
7041.294441845815,0.52,0.384
7041.294701158405,0.512,0.392
7041.294960470995,0.512,0.392
7041.295219783584,0.528,0.376
7041.295479096174,0.512,0.384
7041.295738408764,0.528,0.4
7041.295997721354,0.528,0.392
7041.296257033944,0.512,0.384
7041.296516346534,0.504,0.384
7041.296775659124,0.52,0.384
7041.297034971714,0.528,0.384
7041.297294284304,0.512,0.376
7041.2975535968935,0.512,0.376
7041.297812909484,0.52,0.392
7041.298072222074,0.512,0.384
7041.298331534664,0.536,0.4
7041.298590847254,0.528,0.392
7041.298850159844,0.504,0.376
7041.299109472434,0.512,0.376
7041.299368785024,0.528,0.4
7041.299628097614,0.512,0.4
7041.299887410204,0.528,0.384
7041.300146722793,0.536,0.392
7041.300406035383,0.504,0.384
7041.300665347973,0.512,0.392
7041.300924660563,0.528,0.376
7041.3011839731535,0.512,0.384
7041.3014432857435,0.528,0.4
7041.301702598334,0.512,0.392
7041.301961910924,0.536,0.4
7041.302221223514,0.504,0.392
7041.302480536103,0.52,0.384
7041.302739848693,0.512,0.376
7041.302999161283,0.504,0.392
7041.303258473873,0.504,0.392
7041.303517786463,0.52,0.40800000000000003
7041.303777099053,0.504,0.392
7041.304036411643,0.512,0.4
7041.304295724233,0.512,0.392
7041.304555036823,0.504,0.4
7041.3048143494125,0.504,0.392
7041.3050736620025,0.52,0.392
7041.305332974593,0.512,0.4
7041.305592287183,0.528,0.384
7041.305851599773,0.528,0.392
7041.306110912363,0.512,0.376
7041.306370224953,0.512,0.384
7041.306629537543,0.528,0.4
7041.306888850133,0.512,0.392
7041.307148162723,0.528,0.4
7041.307407475312,0.52,0.4
7041.307666787902,0.504,0.376
7041.307926100492,0.496,0.376
7041.308185413082,0.52,0.304
7041.308444725672,0.504,0.296
7041.3087040382625,0.536,0.16
7041.3089633508525,0.512,0.16
7041.309222663443,0.528,0.056
7041.309481976033,0.512,0.048
7041.309741288622,0.528,0.016
7041.310000601212,0.512,0.008
7041.310259913802,0.528,-0.008
7041.310519226392,0.528,-0.008
7041.310778538982,0.504,0.0
7041.311037851572,0.504,0.0
7041.311297164162,0.528,-0.016
7041.311556476752,0.512,-0.008
7041.311815789342,0.528,0.0
7041.312075101931,0.512,0.0
7041.3123344145215,0.528,-0.016
7041.312593727112,0.512,0.0
7041.312853039702,0.528,-0.016
7041.313112352292,0.512,0.0
7041.313371664882,0.528,-0.016
7041.313630977472,0.512,-0.016
7041.313890290062,0.528,0.0
7041.314149602652,0.512,0.0
7041.314408915242,0.528,-0.008
7041.314668227831,0.52,-0.008
7041.314927540421,0.512,0.0
7041.315186853011,0.52,0.0
7041.315446165601,0.512,-0.016
7041.315705478191,0.52,-0.008
7041.315964790781,0.512,0.0
7041.3162241033715,0.512,0.0
7041.316483415962,0.52,-0.016
7041.316742728552,0.512,-0.008
7041.317002041141,0.528,0.0
7041.317261353731,0.504,0.0
7041.317520666321,0.528,-0.008
7041.317779978911,0.512,0.0
7041.318039291501,0.528,-0.016
7041.318298604091,0.52,0.0
7041.318557916681,0.512,-0.008
7041.318817229271,0.52,-0.008
7041.319076541861,0.536,0.0
7041.319335854451,0.512,-0.008
7041.3195951670405,0.52,0.0
7041.3198544796305,0.512,0.0
7041.320113792221,0.528,-0.008
7041.320373104811,0.512,0.0
7041.320632417401,0.536,-0.016
7041.320891729991,0.512,0.0
7041.321151042581,0.528,-0.016
7041.321410355171,0.528,-0.008
7041.321669667761,0.504,0.0
7041.32192898035,0.504,0.0
7041.32218829294,0.512,-0.016
7041.32244760553,0.504,0.0
7041.32270691812,0.52,-0.008
7041.32296623071,0.512,0.0
7041.3232255433,0.528,-0.008
7041.3234848558905,0.528,-0.016
7041.3237441684805,0.504,0.0
7041.324003481071,0.504,-0.016
7041.32426279366,0.512,0.0
7041.32452210625,0.504,-0.008
7041.32478141884,0.512,0.0
7041.32504073143,0.512,0.0
7041.32530004402,0.504,-0.016
7041.32555935661,0.504,0.0
7041.3258186692,0.52,-0.016
7041.32607798179,0.504,0.0
7041.32633729438,0.52,-0.016
7041.32659660697,0.52,0.0
7041.326855919559,0.496,-0.008
7041.3271152321495,0.504,0.0
7041.3273745447395,0.52,-0.016
7041.32763385733,0.512,0.0
7041.32789316992,0.52,-0.016
7041.32815248251,0.528,0.0
7041.3284117951,0.512,-0.016
7041.32867110769,0.512,-0.016
7041.32893042028,0.528,0.0
7041.329189732869,0.512,0.0
7041.329449045459,0.528,-0.016
7041.329708358049,0.536,-0.016
7041.329967670639,0.504,0.0
7041.330226983229,0.496,0.0
7041.330486295819,0.512,-0.016
7041.330745608409,0.512,-0.016
7041.3310049209995,0.52,0.0
7041.3312642335895,0.512,0.0
7041.331523546179,0.528,-0.016
7041.331782858769,0.52,0.0
7041.332042171359,0.536,-0.016
7041.332301483949,0.536,0.0
7041.332560796539,0.504,-0.016
7041.332820109129,0.504,0.0
7041.333079421719,0.52,-0.016
7041.333338734309,0.504,0.0
7041.333598046899,0.52,-0.016
7041.333857359489,0.504,-0.016
7041.334116672078,0.512,0.0
7041.334375984668,0.504,0.0
7041.3346352972585,0.52,-0.016
7041.334894609849,0.528,-0.016
7041.335153922439,0.512,0.0
7041.335413235029,0.512,-0.016
7041.335672547619,0.528,0.0
7041.335931860209,0.512,0.0
7041.336191172799,0.528,-0.016
7041.336450485388,0.528,0.0
7041.336709797978,0.504,-0.016
7041.336969110568,0.512,0.0
7041.337228423158,0.528,-0.016
7041.337487735748,0.512,-0.016
7041.337747048338,0.528,0.0
7041.338006360928,0.52,0.0
7041.338265673518,0.512,-0.016
7041.3385249861085,0.512,-0.016
7041.338784298699,0.528,0.0
7041.339043611288,0.512,-0.008
7041.339302923878,0.528,0.0
7041.339562236468,0.512,-0.016
7041.339821549058,0.528,0.0
7041.340080861648,0.512,0.0
7041.340340174238,0.528,-0.016
7041.340599486828,0.52,0.0
7041.340858799418,0.512,-0.016
7041.341118112008,0.512,-0.016
7041.341377424597,0.52,0.0
7041.341636737187,0.512,-0.016
7041.3418960497775,0.52,0.0
7041.3421553623675,0.512,0.0
7041.342414674958,0.544,-0.016
7041.342673987548,0.528,0.0
7041.342933300138,0.504,-0.016
7041.343192612728,0.504,0.0
7041.343451925318,0.512,-0.016
7041.343711237907,0.504,0.0
7041.343970550497,0.52,-0.016
7041.344229863087,0.504,0.0
7041.344489175677,0.52,-0.016
7041.344748488267,0.504,-0.016
7041.345007800857,0.52,0.0
7041.345267113447,0.512,0.0
7041.345526426037,0.528,-0.016
7041.3457857386275,0.512,0.0
7041.3460450512175,0.52,-0.016
7041.346304363807,0.512,-0.016
7041.346563676397,0.52,0.0
7041.346822988987,0.512,0.0
7041.347082301577,0.528,-0.016
7041.347341614167,0.52,0.0
7041.347600926757,0.504,-0.016
7041.347860239347,0.528,-0.016
7041.348119551937,0.512,0.0
7041.348378864527,0.512,-0.016
7041.348638177116,0.528,0.0
7041.348897489706,0.512,-0.016
7041.349156802296,0.52,0.0
7041.3494161148865,0.512,-0.016
7041.3496754274765,0.528,0.0
7041.349934740067,0.512,-0.016
7041.350194052657,0.528,0.0
7041.350453365247,0.512,-0.016
7041.350712677837,0.528,0.0
7041.350971990426,0.52,-0.016
7041.351231303016,0.512,0.0
7041.351490615606,0.512,0.0
7041.351749928196,0.528,-0.016
7041.352009240786,0.528,-0.016
7041.352268553376,0.504,0.0
7041.352527865966,0.528,-0.016
7041.352787178556,0.504,0.0
7041.353046491146,0.512,-0.016
7041.3533058037365,0.528,0.0
7041.353565116326,0.512,-0.016
7041.353824428916,0.528,0.0
7041.354083741506,0.528,0.0
7041.354343054096,0.512,-0.016
7041.354602366686,0.504,-0.016
7041.354861679276,0.52,0.0
7041.355120991866,0.504,-0.016
7041.355380304456,0.528,0.0
7041.355639617046,0.536,0.0
7041.355898929635,0.512,-0.016
7041.356158242225,0.512,0.0
7041.356417554815,0.528,-0.016
7041.356676867405,0.512,-0.016
7041.3569361799955,0.528,0.0
7041.357195492586,0.512,-0.016
7041.357454805176,0.52,0.0
7041.357714117766,0.512,0.0
7041.357973430356,0.528,-0.016
7041.358232742946,0.512,-0.016
7041.358492055535,0.536,0.0
7041.358751368125,0.528,-0.008
7041.359010680715,0.512,-0.016
7041.359269993305,0.504,-0.016
7041.359529305895,0.52,0.0
7041.359788618485,0.512,0.0
7041.360047931075,0.528,-0.016
7041.360307243665,0.504,-0.016
7041.360566556255,0.52,0.0
7041.360825868845,0.512,-0.016
7041.361085181435,0.528,0.0
7041.361344494025,0.528,-0.016
7041.361603806615,0.512,0.0
7041.361863119205,0.504,-0.016
7041.362122431795,0.52,0.0
7041.362381744385,0.512,0.0
7041.362641056975,0.528,-0.016
7041.362900369565,0.528,-0.016
7041.363159682154,0.512,0.0
7041.363418994744,0.504,0.0
7041.363678307334,0.52,-0.016
7041.363937619924,0.504,0.0
7041.3641969325145,0.52,-0.016
7041.3644562451045,0.528,0.0
7041.364715557695,0.512,-0.016
7041.364974870285,0.512,0.0
7041.365234182875,0.528,-0.016
7041.365493495465,0.528,0.0
7041.365752808054,0.512,-0.016
7041.366012120644,0.504,-0.016
7041.366271433234,0.528,0.0
7041.366530745824,0.504,0.0
7041.366790058414,0.528,-0.016
7041.367049371004,0.512,0.0
7041.367308683594,0.528,-0.016
7041.367567996184,0.52,0.0
7041.367827308774,0.528,-0.016
7041.368086621364,0.52,-0.016
7041.368345933954,0.504,0.0
7041.368605246544,0.512,0.0
7041.368864559134,0.504,-0.016
7041.369123871724,0.504,-0.016
7041.369383184314,0.512,0.0
7041.369642496904,0.504,-0.016
7041.369901809494,0.512,0.0
7041.370161122084,0.504,-0.008
7041.370420434673,0.528,-0.016
7041.370679747263,0.512,-0.016
7041.370939059853,0.528,0.0
7041.371198372443,0.52,-0.016
7041.371457685033,0.512,0.0
7041.3717169976235,0.512,-0.016
7041.3719763102135,0.528,0.0
7041.372235622804,0.528,-0.016
7041.372494935394,0.504,0.0
7041.372754247984,0.504,-0.008
7041.373013560573,0.536,0.024
7041.373272873163,0.536,0.024
7041.373532185753,0.504,0.128
7041.373791498343,0.52,0.136
7041.374050810933,0.496,0.28
7041.374310123523,0.504,0.28800000000000003
7041.374569436113,0.52,0.352
7041.374828748703,0.504,0.352
7041.375088061293,0.52,0.384
7041.3753473738825,0.512,0.376
7041.375606686473,0.528,0.376
7041.375865999063,0.504,0.376
7041.376125311653,0.52,0.4
7041.376384624243,0.512,0.392
7041.376643936833,0.528,0.40800000000000003
7041.376903249423,0.536,0.40800000000000003
7041.377162562013,0.512,0.392
7041.377421874603,0.512,0.4
7041.377681187193,0.504,0.384
7041.377940499782,0.512,0.4
7041.378199812372,0.504,0.384
7041.378459124962,0.512,0.384
7041.378718437552,0.536,0.392
7041.378977750142,0.52,0.384
7041.3792370627325,0.536,0.384
7041.379496375323,0.528,0.392
7041.379755687913,0.512,0.376
7041.380015000503,0.512,0.384
7041.380274313092,0.528,0.392
7041.380533625682,0.52,0.384
7041.380792938272,0.512,0.4
7041.381052250862,0.512,0.392
7041.381311563452,0.528,0.4
7041.381570876042,0.512,0.4
7041.381830188632,0.528,0.384
7041.382089501222,0.528,0.384
7041.382348813812,0.504,0.4
7041.3826081264015,0.52,0.392
7041.3828674389915,0.504,0.4
7041.383126751582,0.512,0.4
7041.383386064172,0.504,0.384
7041.383645376762,0.504,0.384
7041.383904689352,0.536,0.376
7041.384164001942,0.528,0.384
7041.384423314532,0.52,0.4
7041.384682627122,0.52,0.392
7041.384941939712,0.536,0.4
7041.385201252301,0.52,0.392
7041.385460564891,0.536,0.40800000000000003
7041.385719877481,0.536,0.4
7041.385979190071,0.52,0.392
7041.386238502661,0.528,0.4
7041.3864978152515,0.512,0.392
7041.3867571278415,0.512,0.4
7041.387016440432,0.52,0.392
7041.387275753022,0.52,0.392
7041.387535065611,0.504,0.4
7041.387794378201,0.504,0.392
7041.388053690791,0.528,0.4
7041.388313003381,0.52,0.4
7041.388572315971,0.536,0.392
7041.388831628561,0.536,0.40800000000000003
7041.389090941151,0.52,0.384
7041.389350253741,0.52,0.376
7041.389609566331,0.536,0.392
7041.38986887892,0.52,0.392
7041.3901281915105,0.536,0.392
7041.3903875041005,0.52,0.392
7041.390646816691,0.536,0.40800000000000003
7041.390906129281,0.52,0.392
7041.391165441871,0.536,0.4
7041.391424754461,0.52,0.4
7041.391684067051,0.536,0.384
7041.391943379641,0.536,0.392
7041.392202692231,0.52,0.384
7041.39246200482,0.536,0.384
7041.39272131741,0.52,0.4
7041.39298063,0.52,0.384
7041.39323994259,0.536,0.4
7041.39349925518,0.528,0.384
7041.39375856777,0.52,0.376
7041.3940178803605,0.52,0.392
7041.3942771929505,0.536,0.376
7041.394536505541,0.536,0.384
7041.39479581813,0.52,0.4
7041.39505513072,0.52,0.4
7041.39531444331,0.536,0.392
7041.3955737559,0.528,0.392
7041.39583306849,0.52,0.40800000000000003
7041.39609238108,0.528,0.4
7041.39635169367,0.52,0.384
7041.39661100626,0.528,0.392
7041.39687031885,0.52,0.376
7041.39712963144,0.52,0.384
7041.397388944029,0.536,0.376
7041.3976482566195,0.52,0.384
7041.39790756921,0.528,0.384
7041.3981668818,0.52,0.384
7041.39842619439,0.528,0.392
7041.39868550698,0.52,0.384
7041.39894481957,0.536,0.392
7041.39920413216,0.52,0.384
7041.39946344475,0.536,0.392
7041.399722757339,0.52,0.384
7041.399982069929,0.528,0.4
7041.400241382519,0.52,0.384
7041.400500695109,0.536,0.4
7041.400760007699,0.528,0.384
7041.401019320289,0.52,0.384
7041.401278632879,0.52,0.384
7041.4015379454695,0.528,0.392
7041.40179725806,0.52,0.392
7041.402056570649,0.536,0.384
7041.402315883239,0.536,0.384
7041.402575195829,0.52,0.392
7041.402834508419,0.52,0.392
7041.403093821009,0.528,0.384
7041.403353133599,0.52,0.392
7041.403612446189,0.536,0.384
7041.403871758779,0.528,0.384
7041.404131071369,0.52,0.392
7041.404390383959,0.512,0.384
7041.404649696548,0.536,0.392
7041.4049090091385,0.52,0.384
7041.4051683217285,0.536,0.392
7041.405427634319,0.52,0.384
7041.405686946909,0.536,0.392
7041.405946259499,0.528,0.376
7041.406205572089,0.512,0.392
7041.406464884679,0.512,0.4
7041.406724197269,0.528,0.384
7041.406983509858,0.512,0.392
7041.407242822448,0.536,0.384
7041.407502135038,0.528,0.384
7041.407761447628,0.512,0.4
7041.408020760218,0.52,0.392
7041.408280072808,0.536,0.4
7041.408539385398,0.52,0.40800000000000003
7041.4087986979885,0.536,0.392
7041.4090580105785,0.528,0.40800000000000003
7041.409317323168,0.52,0.392
7041.409576635758,0.52,0.392
7041.409835948348,0.536,0.40800000000000003
7041.410095260938,0.52,0.392
7041.410354573528,0.536,0.384
7041.410613886118,0.52,0.384
7041.410873198708,0.536,0.4
7041.411132511298,0.52,0.376
7041.411391823888,0.536,0.4
7041.411651136478,0.52,0.392
7041.411910449067,0.528,0.4
7041.412169761657,0.52,0.4
7041.4124290742475,0.536,0.384
7041.4126883868375,0.528,0.392
7041.412947699428,0.52,0.376
7041.413207012018,0.52,0.376
7041.413466324608,0.536,0.392
7041.413725637198,0.536,0.392
7041.413984949788,0.52,0.384
7041.414244262377,0.52,0.384
7041.414503574967,0.536,0.4
7041.414762887557,0.512,0.392
7041.415022200147,0.536,0.384
7041.415281512737,0.512,0.392
7041.415540825327,0.528,0.384
7041.415800137917,0.52,0.376
7041.416059450507,0.504,0.4
7041.4163187630975,0.504,0.392
7041.4165780756875,0.52,0.392
7041.416837388277,0.512,0.4
7041.417096700867,0.528,0.384
7041.417356013457,0.528,0.392
7041.417615326047,0.512,0.384
7041.417874638637,0.512,0.384
7041.418133951227,0.528,0.4
7041.418393263817,0.528,0.392
7041.418652576407,0.512,0.384
7041.418911888997,0.512,0.384
7041.419171201586,0.528,0.392
7041.419430514176,0.512,0.384
7041.419689826766,0.52,0.392
7041.4199491393565,0.512,0.384
7041.420208451947,0.528,0.4
7041.420467764537,0.528,0.392
7041.420727077127,0.512,0.4
7041.420986389717,0.536,0.392
7041.421245702307,0.512,0.40800000000000003
7041.421505014896,0.512,0.40800000000000003
7041.421764327486,0.528,0.392
7041.422023640076,0.512,0.392
7041.422282952666,0.528,0.40800000000000003
7041.422542265256,0.528,0.4
7041.422801577846,0.504,0.384
7041.423060890436,0.504,0.384
7041.423320203026,0.512,0.376
7041.423579515616,0.512,0.392
7041.4238388282065,0.528,0.384
7041.424098140796,0.52,0.392
7041.424357453386,0.504,0.4
7041.424616765976,0.504,0.392
7041.424876078566,0.52,0.384
7041.425135391156,0.512,0.376
7041.425394703746,0.528,0.392
7041.425654016336,0.512,0.392
7041.425913328926,0.528,0.392
7041.426172641516,0.512,0.392
7041.426431954105,0.528,0.4
7041.426691266695,0.528,0.4
7041.426950579285,0.504,0.392
7041.4272098918755,0.528,0.392
7041.4274692044655,0.512,0.392
7041.427728517056,0.52,0.392
7041.427987829646,0.512,0.40800000000000003
7041.428247142236,0.504,0.392
7041.428506454826,0.528,0.40800000000000003
7041.428765767415,0.512,0.392
7041.429025080005,0.528,0.392
7041.429284392595,0.512,0.392
7041.429543705185,0.528,0.4
7041.429803017775,0.512,0.392
7041.430062330365,0.528,0.4
7041.430321642955,0.52,0.392
7041.430580955545,0.512,0.4
7041.430840268135,0.512,0.392
7041.4310995807255,0.52,0.4
7041.431358893315,0.512,0.392
7041.431618205905,0.528,0.392
7041.431877518495,0.512,0.392
7041.432136831085,0.528,0.4
7041.432396143675,0.512,0.392
7041.432655456265,0.52,0.4
7041.432914768855,0.512,0.392
7041.433174081445,0.528,0.4
7041.433433394035,0.512,0.392
7041.433692706624,0.528,0.392
7041.433952019214,0.512,0.392
7041.434211331804,0.528,0.4
7041.434470644394,0.52,0.392
7041.4347299569845,0.536,0.4
7041.4349892695745,0.528,0.392
7041.435248582165,0.504,0.4
7041.435507894755,0.504,0.392
7041.435767207345,0.512,0.4
7041.436026519935,0.504,0.392
7041.436285832524,0.528,0.4
7041.436545145114,0.512,0.392
7041.436804457704,0.52,0.392
7041.437063770294,0.512,0.392
7041.437323082884,0.528,0.384
7041.437582395474,0.512,0.384
7041.437841708064,0.528,0.312
7041.438101020654,0.512,0.312
7041.438360333244,0.52,0.168
7041.438619645834,0.512,0.16
7041.438878958424,0.528,0.056
7041.439138271014,0.512,0.048
7041.439397583604,0.504,0.008
7041.439656896194,0.512,0.008
7041.439916208784,0.504,-0.008
7041.440175521374,0.504,0.0
7041.440434833964,0.52,-0.008
7041.440694146554,0.504,-0.008
7041.440953459143,0.52,0.0
7041.441212771733,0.504,0.0
7041.441472084323,0.52,-0.016
7041.441731396913,0.504,0.0
7041.441990709503,0.528,-0.008
7041.4422500220935,0.504,0.0
7041.442509334684,0.52,-0.008
7041.442768647274,0.512,0.0
7041.443027959864,0.52,-0.008
7041.443287272454,0.512,0.0
7041.443546585043,0.528,-0.008
7041.443805897633,0.512,0.0
7041.444065210223,0.528,-0.008
7041.444324522813,0.512,0.0
7041.444583835403,0.52,-0.008
7041.444843147993,0.512,-0.008
7041.445102460583,0.528,0.0
7041.445361773173,0.512,0.0
7041.445621085763,0.528,-0.016
7041.4458803983525,0.536,0.0
7041.446139710943,0.512,-0.008
7041.446399023533,0.52,0.0
7041.446658336123,0.504,-0.016
7041.446917648713,0.528,0.0
7041.447176961303,0.512,-0.016
7041.447436273893,0.528,-0.016
7041.447695586483,0.504,0.0
7041.447954899073,0.504,0.0
7041.448214211662,0.528,-0.016
7041.448473524252,0.512,0.0
7041.448732836842,0.52,-0.016
7041.448992149432,0.52,0.0
7041.449251462022,0.512,-0.016
7041.4495107746125,0.512,0.0
7041.4497700872025,0.52,-0.016
7041.450029399793,0.528,0.0
7041.450288712383,0.504,-0.016
7041.450548024973,0.504,0.0
7041.450807337562,0.512,-0.008
7041.451066650152,0.512,-0.016
7041.451325962742,0.496,0.0
7041.451585275332,0.504,-0.016
7041.451844587922,0.52,0.0
7041.452103900512,0.512,-0.016
7041.452363213102,0.504,0.0
7041.452622525692,0.504,-0.016
7041.452881838282,0.512,0.0
7041.4531411508715,0.504,0.0
7041.453400463462,0.52,-0.016
7041.453659776052,0.504,0.0
7041.453919088642,0.52,-0.016
7041.454178401232,0.504,0.0
7041.454437713822,0.512,-0.016
7041.454697026412,0.504,0.0
7041.454956339002,0.512,-0.016
7041.455215651592,0.504,0.0
7041.455474964182,0.52,-0.016
7041.455734276771,0.512,0.0
7041.455993589361,0.504,-0.016
7041.456252901951,0.504,0.0
7041.456512214541,0.52,-0.016
7041.456771527131,0.504,0.0
7041.4570308397215,0.512,-0.008
7041.4572901523115,0.504,0.0
7041.457549464902,0.528,-0.016
7041.457808777492,0.512,0.0
7041.458068090081,0.536,-0.016
7041.458327402671,0.528,0.0
7041.458586715261,0.504,-0.016
7041.458846027851,0.496,0.0
7041.459105340441,0.512,-0.016
7041.459364653031,0.504,0.0
7041.459623965621,0.52,-0.016
7041.459883278211,0.528,-0.016
7041.460142590801,0.504,0.0
7041.46040190339,0.504,0.0
7041.4606612159805,0.52,-0.016
7041.460920528571,0.512,0.0
7041.461179841161,0.528,-0.016
7041.461439153751,0.528,0.0
7041.461698466341,0.512,-0.016
7041.461957778931,0.512,0.0
7041.462217091521,0.504,-0.016
7041.462476404111,0.504,0.0
7041.462735716701,0.52,-0.016
7041.46299502929,0.52,-0.016
7041.46325434188,0.504,0.0
7041.46351365447,0.504,0.0
7041.46377296706,0.52,-0.016
7041.46403227965,0.504,-0.016
7041.46429159224,0.52,0.0
7041.4645509048305,0.528,0.0
7041.464810217421,0.512,-0.016
7041.465069530011,0.512,-0.016
7041.4653288426,0.528,0.0
7041.46558815519,0.512,-0.016
7041.46584746778,0.52,0.0
7041.46610678037,0.512,0.0
7041.46636609296,0.52,-0.016
7041.46662540555,0.512,-0.016
7041.46688471814,0.528,0.0
7041.46714403073,0.512,0.0
7041.46740334332,0.528,-0.016
7041.467662655909,0.512,0.0
7041.4679219684995,0.528,-0.016
7041.4681812810895,0.536,-0.016
7041.46844059368,0.512,0.0
7041.46869990627,0.528,0.0
7041.46895921886,0.504,-0.016
7041.46921853145,0.52,0.0
7041.46947784404,0.504,-0.016
7041.46973715663,0.504,0.0
7041.46999646922,0.52,-0.016
7041.470255781809,0.504,-0.016
7041.470515094399,0.52,0.0
7041.470774406989,0.504,-0.016
7041.471033719579,0.512,0.0
7041.471293032169,0.504,0.0
7041.471552344759,0.52,-0.016
7041.4718116573495,0.512,-0.016
7041.4720709699395,0.528,0.0
7041.47233028253,0.52,0.0
7041.472589595119,0.504,-0.016
7041.472848907709,0.504,0.0
7041.473108220299,0.52,-0.016
7041.473367532889,0.504,0.0
7041.473626845479,0.528,-0.016
7041.473886158069,0.512,0.0
7041.474145470659,0.528,-0.016
7041.474404783249,0.512,0.0
7041.474664095839,0.536,-0.016
7041.474923408429,0.504,0.0
7041.475182721018,0.52,-0.016
7041.4754420336085,0.512,-0.016
7041.475701346199,0.52,0.0
7041.475960658789,0.512,-0.016
7041.476219971379,0.528,0.0
7041.476479283969,0.512,0.0
7041.476738596559,0.528,-0.016
7041.476997909149,0.528,-0.016
7041.477257221739,0.504,0.0
7041.477516534328,0.512,0.0
7041.477775846918,0.504,-0.016
7041.478035159508,0.504,-0.016
7041.478294472098,0.52,0.0
7041.478553784688,0.504,-0.016
7041.478813097278,0.52,0.0
7041.479072409868,0.512,-0.016
7041.4793317224585,0.528,0.0
7041.4795910350485,0.504,-0.016
7041.479850347638,0.52,0.0
7041.480109660228,0.512,0.0
7041.480368972818,0.528,-0.016
7041.480628285408,0.512,-0.016
7041.480887597998,0.52,0.0
7041.481146910588,0.512,0.0
7041.481406223178,0.536,-0.016
7041.481665535768,0.504,0.0
7041.481924848358,0.52,-0.016
7041.482184160948,0.504,0.0
7041.482443473537,0.52,-0.016
7041.482702786127,0.504,-0.016
7041.4829620987175,0.512,-0.008
7041.483221411308,0.504,0.0
7041.483480723898,0.52,-0.016
7041.483740036488,0.512,0.0
7041.483999349078,0.528,-0.016
7041.484258661668,0.512,0.0
7041.484517974258,0.528,-0.016
7041.484777286847,0.536,-0.016
7041.485036599437,0.504,0.0
7041.485295912027,0.504,-0.016
7041.485555224617,0.52,0.0
7041.485814537207,0.512,0.0
7041.486073849797,0.528,-0.016
7041.486333162387,0.536,0.0
7041.486592474977,0.512,-0.016
7041.4868517875675,0.528,-0.016
7041.487111100157,0.512,0.0
7041.487370412747,0.512,0.0
7041.487629725337,0.528,-0.016
7041.487889037927,0.512,-0.016
7041.488148350517,0.528,0.0
7041.488407663107,0.528,-0.016
7041.488666975697,0.512,0.0
7041.488926288287,0.512,-0.016
7041.489185600877,0.528,0.0
7041.489444913467,0.512,-0.016
7041.489704226056,0.528,0.0
7041.489963538646,0.52,-0.016
7041.4902228512365,0.528,0.0
7041.4904821638265,0.544,-0.016
7041.490741476417,0.512,0.0
7041.491000789007,0.528,0.0
7041.491260101597,0.512,-0.016
7041.491519414187,0.512,0.0
7041.491778726777,0.528,-0.016
7041.492038039366,0.52,-0.016
7041.492297351956,0.512,0.0
7041.492556664546,0.504,0.0
7041.492815977136,0.528,-0.016
7041.493075289726,0.504,0.0
7041.493334602316,0.52,-0.016
7041.493593914906,0.504,0.0
7041.493853227496,0.52,-0.016
7041.4941125400865,0.504,0.0
7041.4943718526765,0.52,-0.016
7041.494631165266,0.512,-0.016
7041.494890477856,0.528,0.0
7041.495149790446,0.528,0.0
7041.495409103036,0.504,-0.016
7041.495668415626,0.504,-0.016
7041.495927728216,0.52,0.0
7041.496187040806,0.512,0.0
7041.496446353396,0.528,-0.016
7041.496705665986,0.512,0.0
7041.496964978575,0.528,-0.016
7041.497224291165,0.512,-0.016
7041.497483603755,0.528,0.0
7041.4977429163455,0.536,0.0
7041.498002228936,0.504,-0.016
7041.498261541526,0.504,0.0
7041.498520854116,0.512,-0.016
7041.498780166706,0.512,0.0
7041.499039479296,0.536,-0.016
7041.499298791885,0.52,0.0
7041.499558104475,0.504,-0.016
7041.499817417065,0.512,0.0
7041.500076729655,0.536,-0.016
7041.500336042245,0.512,-0.016
7041.500595354835,0.528,0.0
7041.500854667425,0.528,0.0
7041.501113980015,0.504,-0.016
7041.501373292605,0.504,0.0
7041.5016326051955,0.52,-0.016
7041.501891917785,0.528,-0.008
7041.502151230375,0.512,0.0
7041.502410542965,0.536,-0.008
7041.502669855555,0.512,0.016
7041.502929168145,0.512,0.016
7041.503188480735,0.536,0.128
7041.503447793325,0.512,0.14400000000000002
7041.503707105915,0.504,0.272
7041.503966418505,0.504,0.28
7041.504225731094,0.512,0.36
7041.504485043684,0.504,0.36
7041.504744356274,0.512,0.384
7041.505003668864,0.504,0.384
7041.5052629814545,0.52,0.392
7041.505522294045,0.504,0.392
7041.505781606635,0.52,0.384
7041.506040919225,0.512,0.384
7041.506300231815,0.52,0.4
7041.506559544404,0.512,0.392
7041.506818856994,0.528,0.4
7041.507078169584,0.528,0.392
7041.507337482174,0.504,0.392
7041.507596794764,0.512,0.392
7041.507856107354,0.528,0.4
7041.508115419944,0.512,0.392
7041.508374732534,0.528,0.4
7041.508634045124,0.512,0.392
7041.508893357714,0.528,0.4
7041.509152670304,0.512,0.392
7041.509411982894,0.52,0.392
7041.509671295484,0.512,0.392
7041.509930608074,0.528,0.4
7041.510189920664,0.512,0.392
7041.510449233254,0.536,0.392
7041.510708545844,0.52,0.392
7041.510967858434,0.512,0.40800000000000003
7041.511227171024,0.512,0.392
7041.511486483613,0.528,0.4
7041.511745796203,0.512,0.392
7041.512005108793,0.528,0.4
7041.512264421383,0.52,0.392
7041.5125237339735,0.512,0.4
7041.5127830465635,0.512,0.392
7041.513042359154,0.536,0.384
7041.513301671744,0.536,0.392
7041.513560984334,0.504,0.384
7041.513820296924,0.512,0.384
7041.514079609513,0.52,0.392
7041.514338922103,0.528,0.392
7041.514598234693,0.512,0.376
7041.514857547283,0.512,0.376
7041.515116859873,0.528,0.392
7041.515376172463,0.504,0.392
7041.515635485053,0.528,0.4
7041.515894797643,0.512,0.4
7041.516154110233,0.528,0.392
7041.516413422823,0.512,0.40800000000000003
7041.516672735413,0.536,0.392
7041.516932048003,0.528,0.392
7041.517191360593,0.504,0.4
7041.517450673183,0.512,0.392
7041.517709985773,0.504,0.4
7041.517969298363,0.52,0.4
7041.518228610953,0.504,0.384
7041.518487923543,0.512,0.384
7041.518747236132,0.544,0.384
7041.519006548722,0.52,0.384
7041.519265861312,0.536,0.392
7041.519525173902,0.52,0.384
7041.519784486492,0.536,0.376
7041.5200437990825,0.52,0.384
7041.520303111673,0.536,0.4
7041.520562424263,0.52,0.40800000000000003
7041.520821736853,0.528,0.384
7041.521081049443,0.52,0.392
7041.521340362032,0.528,0.384
7041.521599674622,0.52,0.392
7041.521858987212,0.536,0.376
7041.522118299802,0.52,0.376
7041.522377612392,0.536,0.392
7041.522636924982,0.536,0.4
7041.522896237572,0.52,0.384
7041.523155550162,0.52,0.384
7041.523414862752,0.536,0.392
7041.5236741753415,0.536,0.392
7041.523933487932,0.512,0.384
7041.524192800522,0.528,0.392
7041.524452113112,0.512,0.4
7041.524711425702,0.504,0.392
7041.524970738292,0.52,0.4
7041.525230050882,0.52,0.4
7041.525489363472,0.512,0.384
7041.525748676062,0.512,0.392
7041.526007988651,0.528,0.384
7041.526267301241,0.512,0.392
7041.526526613831,0.528,0.384
7041.526785926421,0.536,0.392
7041.527045239011,0.512,0.376
7041.527304551601,0.504,0.384
7041.5275638641915,0.52,0.4
7041.527823176782,0.504,0.4
7041.528082489372,0.52,0.392
7041.528341801962,0.512,0.392
7041.528601114551,0.528,0.4
7041.528860427141,0.512,0.392
7041.529119739731,0.536,0.384
7041.529379052321,0.512,0.384
7041.529638364911,0.528,0.392
7041.529897677501,0.512,0.384
7041.530156990091,0.528,0.392
7041.530416302681,0.52,0.384
7041.530675615271,0.504,0.392
7041.5309349278605,0.512,0.392
7041.5311942404505,0.52,0.376
7041.531453553041,0.512,0.384
7041.531712865631,0.536,0.392
7041.531972178221,0.528,0.392
7041.532231490811,0.504,0.4
7041.532490803401,0.512,0.4
7041.532750115991,0.52,0.392
7041.533009428581,0.512,0.4
7041.533268741171,0.536,0.376
7041.53352805376,0.544,0.384
7041.53378736635,0.512,0.392
7041.53404667894,0.504,0.392
7041.53430599153,0.528,0.4
7041.53456530412,0.512,0.392
7041.5348246167105,0.528,0.40800000000000003
7041.5350839293005,0.504,0.40800000000000003
7041.535343241891,0.52,0.392
7041.535602554481,0.52,0.4
7041.53586186707,0.512,0.392
7041.53612117966,0.512,0.384
7041.53638049225,0.528,0.4
7041.53663980484,0.528,0.384
7041.53689911743,0.504,0.392
7041.53715843002,0.504,0.392
7041.53741774261,0.528,0.384
7041.5376770552,0.504,0.4
7041.53793636779,0.528,0.384
7041.538195680379,0.512,0.384
7041.5384549929695,0.52,0.392
7041.53871430556,0.512,0.384
7041.53897361815,0.52,0.376
7041.53923293074,0.528,0.384
7041.53949224333,0.504,0.392
7041.53975155592,0.512,0.392
7041.54001086851,0.528,0.376
7041.5402701811,0.512,0.376
7041.54052949369,0.528,0.4
7041.540788806279,0.512,0.392
7041.541048118869,0.528,0.4
7041.541307431459,0.52,0.392
7041.541566744049,0.504,0.4
7041.541826056639,0.52,0.4
7041.542085369229,0.504,0.384
7041.5423446818195,0.504,0.392
7041.54260399441,0.52,0.376
7041.542863307,0.52,0.368
7041.543122619589,0.536,0.4
7041.543381932179,0.536,0.4
7041.543641244769,0.52,0.392
7041.543900557359,0.52,0.392
7041.544159869949,0.536,0.4
7041.544419182539,0.536,0.392
7041.544678495129,0.52,0.4
7041.544937807719,0.52,0.392
7041.545197120309,0.536,0.4
7041.545456432898,0.52,0.392
7041.545715745488,0.536,0.4
7041.5459750580785,0.536,0.384
7041.546234370669,0.52,0.4
7041.546493683259,0.528,0.384
7041.546752995849,0.52,0.392
7041.547012308439,0.528,0.384
7041.547271621029,0.52,0.392
7041.547530933619,0.52,0.384
7041.547790246209,0.528,0.392
7041.548049558798,0.52,0.392
7041.548308871388,0.536,0.384
7041.548568183978,0.52,0.392
7041.548827496568,0.536,0.392
7041.553097009659,0.512,-0.016
7041.553347797195,0.52,0.0
7041.553598584732,0.528,0.0
7041.553849372268,0.504,-0.016
7041.554100159804,0.512,0.0
7041.55435094734,0.496,-0.016
7041.554601734877,0.496,0.0
7041.554852522413,0.512,-0.008
7041.555103309949,0.504,0.0
7041.555354097485,0.512,-0.016
7041.555604885022,0.504,0.0
7041.555855672558,0.512,-0.016
7041.556106460094,0.496,0.0
7041.55635724763,0.512,-0.008
7041.556608035167,0.504,0.0
7041.556858822703,0.52,-0.016
7041.557109610239,0.512,-0.016
7041.557360397776,0.52,0.0
7041.557611185312,0.52,-0.016
7041.5578619728485,0.504,0.0
7041.558112760385,0.504,-0.008
7041.5583635479215,0.52,0.016
7041.558614335458,0.512,0.024
7041.558865122994,0.52,0.128
7041.55911591053,0.512,0.136
7041.559366698067,0.536,0.28800000000000003
7041.559617485603,0.52,0.296
7041.559868273139,0.512,0.368
7041.560119060675,0.52,0.368
7041.560369848212,0.504,0.392
7041.560620635748,0.512,0.4
7041.560871423284,0.52,0.392
7041.561122210821,0.512,0.4
7041.561372998357,0.52,0.392
7041.561623785893,0.512,0.4
7041.561874573429,0.528,0.40800000000000003
7041.562125360966,0.512,0.392
7041.562376148502,0.528,0.40800000000000003
7041.562626936038,0.512,0.392
7041.562877723574,0.528,0.40800000000000003
7041.563128511111,0.528,0.392
7041.563379298647,0.504,0.41600000000000004
7041.563630086183,0.504,0.392
7041.563880873719,0.512,0.40800000000000003
7041.564131661256,0.504,0.392
7041.5643824487925,0.52,0.40800000000000003
7041.5646332363285,0.528,0.4
7041.5648840238655,0.512,0.40800000000000003
7041.565134811402,0.52,0.4
7041.565385598938,0.504,0.40800000000000003
7041.565636386474,0.504,0.4
7041.565887174011,0.52,0.392
7041.566137961547,0.512,0.4
7041.566388749083,0.52,0.41600000000000004
7041.566639536619,0.512,0.41600000000000004
7041.566890324156,0.528,0.4
7041.567141111692,0.512,0.392
7041.567391899228,0.528,0.40800000000000003
7041.567642686764,0.512,0.392
7041.567893474301,0.528,0.40800000000000003
7041.568144261837,0.536,0.40800000000000003
7041.568395049373,0.504,0.392
7041.56864583691,0.504,0.40800000000000003
7041.568896624446,0.52,0.392
7041.569147411982,0.52,0.392
7041.569398199518,0.504,0.40800000000000003
7041.569648987055,0.512,0.40800000000000003
7041.569899774591,0.496,0.392
7041.570150562127,0.496,0.392
7041.570401349663,0.52,0.4
7041.5706521372,0.504,0.392
7041.570902924736,0.512,0.4
7041.5711537122725,0.504,0.392
7041.5714044998085,0.512,0.40800000000000003
7041.5716552873455,0.504,0.4
7041.571906074882,0.52,0.40800000000000003
7041.572156862418,0.512,0.40800000000000003
7041.572407649955,0.52,0.384
7041.572658437491,0.528,0.392
7041.572909225027,0.504,0.41600000000000004
7041.573160012563,0.504,0.41600000000000004
7041.5734108001,0.52,0.4
7041.573661587636,0.504,0.4
7041.573912375172,0.52,0.40800000000000003
7041.574163162708,0.52,0.4
7041.574413950245,0.512,0.4
7041.574664737781,0.512,0.392
7041.574915525317,0.52,0.40800000000000003
7041.575166312853,0.512,0.392
7041.57541710039,0.528,0.40800000000000003
7041.575667887926,0.512,0.4
7041.575918675462,0.528,0.41600000000000004
7041.576169462999,0.512,0.4
7041.576420250535,0.528,0.41600000000000004
7041.576671038071,0.512,0.4
7041.576921825607,0.528,0.41600000000000004
7041.577172613144,0.512,0.4
7041.57742340068,0.528,0.41600000000000004
7041.577674188216,0.528,0.41600000000000004
7041.5779249757525,0.504,0.4
7041.578175763289,0.512,0.40800000000000003
7041.5784265508255,0.528,0.41600000000000004
7041.578677338362,0.52,0.41600000000000004
7041.578928125898,0.504,0.4
7041.579178913435,0.496,0.4
7041.579429700971,0.512,0.41600000000000004
7041.579680488507,0.512,0.41600000000000004
7041.579931276044,0.52,0.40800000000000003
7041.58018206358,0.512,0.40800000000000003
7041.580432851116,0.52,0.41600000000000004
7041.580683638652,0.52,0.41600000000000004
7041.580934426189,0.504,0.40800000000000003
7041.581185213725,0.512,0.41600000000000004
7041.581436001261,0.52,0.4
7041.581686788797,0.512,0.41600000000000004
7041.581937576334,0.528,0.4
7041.58218836387,0.52,0.41600000000000004
7041.582439151406,0.512,0.4
7041.582689938942,0.512,0.41600000000000004
7041.582940726479,0.504,0.4
7041.583191514015,0.504,0.40800000000000003
7041.583442301551,0.528,0.41600000000000004
7041.583693089088,0.512,0.41600000000000004
7041.583943876624,0.528,0.4
7041.58419466416,0.504,0.4
7041.584445451696,0.528,0.41600000000000004
7041.584696239233,0.512,0.41600000000000004
7041.584947026769,0.536,0.40800000000000003
7041.5851978143055,0.504,0.4
7041.585448601842,0.528,0.41600000000000004
7041.5856993893785,0.512,0.40800000000000003
7041.585950176915,0.528,0.4
7041.586200964451,0.52,0.41600000000000004
7041.586451751987,0.512,0.4
7041.586702539524,0.52,0.40800000000000003
7041.58695332706,0.512,0.4
7041.587204114596,0.52,0.4
7041.587454902133,0.512,0.41600000000000004
7041.587705689669,0.512,0.4
7041.587956477205,0.528,0.40800000000000003
7041.588207264741,0.528,0.392
7041.588458052278,0.504,0.41600000000000004
7041.588708839814,0.504,0.4
7041.58895962735,0.528,0.41600000000000004
7041.589210414886,0.528,0.4
7041.589461202423,0.512,0.40800000000000003
7041.589711989959,0.52,0.41600000000000004
7041.589962777495,0.536,0.392
7041.590213565031,0.52,0.392
7041.590464352568,0.536,0.40800000000000003
7041.590715140104,0.52,0.392
7041.59096592764,0.536,0.41600000000000004
7041.591216715177,0.52,0.4
7041.591467502713,0.536,0.392
7041.591718290249,0.528,0.40800000000000003
7041.5919690777855,0.52,0.384
7041.5922198653225,0.52,0.392
7041.5924706528585,0.536,0.41600000000000004
7041.592721440395,0.52,0.4
7041.592972227931,0.528,0.41600000000000004
7041.593223015468,0.536,0.41600000000000004
7041.593473803004,0.52,0.4
7041.59372459054,0.52,0.40800000000000003
7041.593975378076,0.536,0.41600000000000004
7041.594226165613,0.528,0.40800000000000003
7041.594476953149,0.512,0.41600000000000004
7041.594727740685,0.52,0.41600000000000004
7041.594978528222,0.528,0.4
7041.595229315758,0.528,0.41600000000000004
7041.595480103294,0.52,0.4
7041.59573089083,0.52,0.4
7041.595981678367,0.536,0.40800000000000003
7041.596232465903,0.52,0.40800000000000003
7041.596483253439,0.536,0.40800000000000003
7041.596734040975,0.52,0.40800000000000003
7041.596984828512,0.536,0.4
7041.597235616048,0.52,0.4
7041.597486403584,0.536,0.41600000000000004
7041.59773719112,0.52,0.41600000000000004
7041.597987978657,0.528,0.4
7041.598238766193,0.52,0.4
7041.598489553729,0.536,0.41600000000000004
7041.598740341266,0.52,0.41600000000000004
7041.5989911288025,0.528,0.4
7041.5992419163385,0.536,0.4
7041.599492703875,0.512,0.41600000000000004
7041.599743491412,0.52,0.4
7041.599994278948,0.528,0.41600000000000004
7041.600245066484,0.52,0.4
7041.60049585402,0.536,0.41600000000000004
7041.600746641557,0.52,0.4
7041.600997429093,0.536,0.41600000000000004
7041.601248216629,0.52,0.4
7041.601499004165,0.536,0.41600000000000004
7041.601749791702,0.536,0.4
7041.602000579238,0.52,0.41600000000000004
7041.602251366774,0.52,0.41600000000000004
7041.602502154311,0.536,0.4
7041.602752941847,0.52,0.41600000000000004
7041.603003729383,0.536,0.4
7041.603254516919,0.528,0.4
7041.603505304456,0.52,0.41600000000000004
7041.603756091992,0.52,0.40800000000000003
7041.604006879528,0.528,0.4
7041.604257667064,0.52,0.41600000000000004
7041.604508454601,0.536,0.4
7041.604759242137,0.52,0.41600000000000004
7041.605010029673,0.536,0.4
7041.6052608172095,0.528,0.41600000000000004
7041.605511604746,0.52,0.4
7041.6057623922825,0.52,0.4
7041.606013179819,0.536,0.392
7041.6062639673555,0.52,0.4
7041.606514754892,0.528,0.40800000000000003
7041.606765542428,0.52,0.4
7041.607016329964,0.528,0.41600000000000004
7041.607267117501,0.52,0.4
7041.607517905037,0.528,0.41600000000000004
7041.607768692573,0.512,0.40800000000000003
7041.608019480109,0.528,0.41600000000000004
7041.608270267646,0.52,0.41600000000000004
7041.608521055182,0.528,0.4
7041.608771842718,0.52,0.4
7041.609022630254,0.528,0.41600000000000004
7041.609273417791,0.52,0.40800000000000003
7041.609524205327,0.536,0.4
7041.609774992863,0.52,0.4
7041.6100257804,0.536,0.40800000000000003
7041.610276567936,0.52,0.392
7041.610527355472,0.528,0.40800000000000003
7041.610778143008,0.52,0.392
7041.611028930545,0.536,0.40800000000000003
7041.611279718081,0.52,0.4
7041.611530505617,0.528,0.384
7041.611781293153,0.52,0.392
7041.61203208069,0.528,0.41600000000000004
7041.612282868226,0.512,0.4
7041.6125336557625,0.536,0.41600000000000004
7041.612784443299,0.52,0.40800000000000003
7041.6130352308355,0.528,0.4
7041.613286018372,0.52,0.40800000000000003
7041.613536805908,0.528,0.4
7041.613787593445,0.52,0.40800000000000003
7041.614038380981,0.528,0.4
7041.614289168517,0.528,0.4
7041.614539956053,0.512,0.40800000000000003
7041.61479074359,0.52,0.40800000000000003
7041.615041531126,0.536,0.392
7041.615292318662,0.52,0.392
7041.615543106198,0.536,0.40800000000000003
7041.615793893735,0.52,0.40800000000000003
7041.616044681271,0.536,0.4
7041.616295468807,0.52,0.40800000000000003
7041.616546256343,0.528,0.392
7041.61679704388,0.52,0.4
7041.617047831416,0.536,0.41600000000000004
7041.617298618952,0.52,0.4
7041.617549406489,0.536,0.41600000000000004
7041.617800194025,0.52,0.40800000000000003
7041.618050981561,0.528,0.41600000000000004
7041.618301769097,0.536,0.40800000000000003
7041.618552556634,0.52,0.4
7041.61880334417,0.52,0.40800000000000003
7041.619054131706,0.536,0.41600000000000004
7041.6193049192425,0.528,0.4
7041.6195557067795,0.512,0.41600000000000004
7041.6198064943155,0.52,0.41600000000000004
7041.620057281852,0.536,0.4
7041.620308069388,0.52,0.40800000000000003
7041.620558856925,0.536,0.392
7041.620809644461,0.52,0.384
7041.621060431997,0.536,0.32
7041.621311219534,0.512,0.312
7041.62156200707,0.536,0.168
7041.621812794606,0.52,0.16
7041.622063582142,0.528,0.048
7041.622314369679,0.52,0.048
7041.622565157215,0.536,0.008
7041.622815944751,0.52,0.016
7041.623066732287,0.528,-0.008
7041.623317519824,0.52,0.0
7041.62356830736,0.536,-0.008
7041.623819094896,0.512,-0.008
7041.624069882432,0.536,0.0
7041.624320669969,0.512,0.0
7041.624571457505,0.536,-0.008
7041.624822245041,0.52,-0.008
7041.625073032578,0.536,0.0
7041.625323820114,0.528,0.0
7041.62557460765,0.512,-0.008
7041.625825395186,0.512,0.0
7041.626076182723,0.52,-0.008
7041.6263269702595,0.504,0.0
7041.6265777577955,0.528,-0.008
7041.626828545332,0.52,0.0
7041.627079332869,0.512,-0.016
7041.627330120405,0.512,0.0
7041.627580907941,0.52,-0.016
7041.627831695477,0.512,0.0
7041.628082483014,0.528,-0.016
7041.62833327055,0.512,0.0
7041.628584058086,0.528,-0.016
7041.628834845623,0.512,-0.008
7041.629085633159,0.504,0.0
7041.629336420695,0.512,-0.016
7041.629587208231,0.496,0.0
7041.629837995768,0.496,-0.016
7041.630088783304,0.52,0.0
7041.63033957084,0.504,-0.008
7041.630590358376,0.528,0.0
7041.630841145913,0.512,-0.008
7041.631091933449,0.528,0.0
7041.631342720985,0.512,0.0
7041.631593508521,0.528,-0.008
7041.631844296058,0.52,0.0
7041.632095083594,0.504,-0.008
7041.63234587113,0.512,0.0
7041.632596658667,0.52,-0.008
7041.632847446203,0.512,0.0
7041.6330982337395,0.52,-0.008
7041.6333490212755,0.536,-0.008
7041.6335998088125,0.504,0.0
7041.633850596349,0.496,0.0
7041.634101383885,0.512,-0.008
7041.634352171421,0.512,-0.008
7041.634602958958,0.496,0.0
7041.634853746494,0.496,-0.008
7041.63510453403,0.52,0.0
7041.635355321566,0.512,0.0
7041.635606109103,0.528,-0.008
7041.635856896639,0.512,0.0
7041.636107684175,0.52,-0.008
7041.636358471712,0.52,0.0
7041.636609259248,0.496,-0.008
7041.636860046784,0.496,-0.016
7041.63711083432,0.512,0.0
7041.637361621857,0.496,-0.016
7041.637612409393,0.512,0.0
7041.637863196929,0.496,-0.008
7041.638113984465,0.52,0.0
7041.638364772002,0.52,-0.016
7041.638615559538,0.512,0.0
7041.638866347074,0.52,0.0
7041.63911713461,0.504,-0.008
7041.639367922147,0.52,-0.008
7041.639618709683,0.504,0.0
7041.6398694972195,0.512,-0.008
7041.640120284756,0.528,0.0
7041.6403710722925,0.528,0.0
7041.640621859829,0.496,-0.016
7041.640872647365,0.504,-0.008
7041.641123434902,0.52,0.0
7041.641374222438,0.496,-0.008
7041.641625009974,0.512,0.0
7041.64187579751,0.504,0.0
7041.642126585047,0.512,-0.016
7041.642377372583,0.496,-0.008
7041.642628160119,0.52,0.0
7041.642878947655,0.512,-0.008
7041.643129735192,0.528,0.0
7041.643380522728,0.512,0.0
7041.643631310264,0.528,-0.016
7041.643882097801,0.512,-0.008
7041.644132885337,0.528,0.0
7041.644383672873,0.536,0.0
7041.644634460409,0.512,-0.008
7041.644885247946,0.52,-0.008
7041.645136035482,0.496,0.0
7041.645386823018,0.504,0.0
7041.645637610554,0.52,-0.016
7041.645888398091,0.512,-0.008
7041.646139185627,0.52,0.0
7041.646389973163,0.512,0.0
7041.6466407606995,0.536,-0.016
7041.646891548236,0.52,0.0
7041.6471423357725,0.504,-0.016
7041.647393123309,0.512,-0.016
7041.6476439108455,0.52,0.0
7041.647894698382,0.512,0.0
7041.648145485918,0.52,-0.016
7041.648396273454,0.512,-0.008
7041.648647060991,0.52,0.0
7041.648897848527,0.52,0.0
7041.649148636063,0.512,-0.016
7041.649399423599,0.528,-0.008
7041.649650211136,0.504,0.0
7041.649900998672,0.512,0.0
7041.650151786208,0.528,-0.016
7041.650402573744,0.512,0.0
7041.650653361281,0.528,-0.016
7041.650904148817,0.512,-0.008
7041.651154936353,0.504,0.0
7041.65140572389,0.512,-0.008
7041.651656511426,0.496,0.0
7041.651907298962,0.496,-0.008
7041.652158086498,0.52,0.0
7041.652408874035,0.512,0.0
7041.652659661571,0.528,-0.016
7041.652910449107,0.52,-0.016
7041.653161236643,0.504,0.0
7041.65341202418,0.512,-0.016
7041.6536628117165,0.528,0.0
7041.6539135992525,0.512,0.0
7041.654164386789,0.52,-0.016
7041.654415174326,0.504,0.0
7041.654665961862,0.528,-0.016
7041.654916749398,0.512,0.0
7041.655167536935,0.528,-0.016
7041.655418324471,0.504,0.0
7041.655669112007,0.528,-0.008
7041.655919899543,0.528,-0.016
7041.65617068708,0.512,0.0
7041.656421474616,0.512,-0.016
7041.656672262152,0.528,0.0
7041.656923049688,0.512,-0.016
7041.657173837225,0.528,0.0
7041.657424624761,0.512,0.0
7041.657675412297,0.52,-0.016
7041.657926199833,0.512,0.0
7041.65817698737,0.528,-0.008
7041.658427774906,0.52,0.0
7041.658678562442,0.496,-0.016
7041.658929349979,0.504,-0.016
7041.659180137515,0.52,0.0
7041.659430925051,0.512,0.0
7041.659681712587,0.496,-0.008
7041.659932500124,0.512,-0.008
7041.66018328766,0.496,0.0
7041.6604340751965,0.512,-0.016
7041.6606848627325,0.504,0.0
7041.6609356502695,0.504,-0.008
7041.661186437806,0.512,0.0
7041.661437225342,0.504,-0.008
7041.661688012878,0.512,0.0
7041.661938800415,0.504,-0.016
7041.662189587951,0.52,0.0
7041.662440375487,0.512,0.0
7041.662691163024,0.496,-0.016
7041.66294195056,0.496,-0.016
7041.663192738096,0.512,0.0
7041.663443525632,0.504,0.0
7041.663694313169,0.52,-0.016
7041.663945100705,0.52,-0.008
7041.664195888241,0.504,0.0
7041.664446675777,0.496,0.0
7041.664697463314,0.512,-0.016
7041.66494825085,0.496,0.0
7041.665199038386,0.512,-0.016
7041.665449825922,0.496,0.0
7041.665700613459,0.512,-0.016
7041.665951400995,0.512,0.0
7041.666202188531,0.528,-0.016
7041.666452976068,0.512,0.0
7041.666703763604,0.536,-0.016
7041.66695455114,0.52,-0.008
7041.6672053386765,0.504,0.0
7041.667456126213,0.504,-0.016
7041.6677069137495,0.52,0.0
7041.667957701286,0.512,0.0
7041.668208488822,0.528,-0.016
7041.668459276359,0.512,0.0
7041.668710063895,0.528,-0.016
7041.668960851431,0.512,0.0
7041.669211638967,0.536,-0.016
7041.669462426504,0.512,-0.016
7041.66971321404,0.528,0.0
7041.669964001576,0.512,0.0
7041.670214789113,0.528,-0.016
7041.670465576649,0.512,-0.016
7041.670716364185,0.52,0.0
7041.670967151721,0.512,-0.008
7041.671217939258,0.528,0.0
7041.671468726794,0.52,-0.008
7041.67171951433,0.504,0.0
7041.671970301866,0.504,-0.016
7041.672221089403,0.52,0.0
7041.672471876939,0.512,-0.008
7041.672722664475,0.528,0.0
7041.672973452011,0.528,0.0
7041.673224239548,0.512,-0.016
7041.673475027084,0.512,0.0
7041.67372581462,0.504,-0.016
7041.673976602157,0.512,-0.008
7041.674227389693,0.496,0.0
7041.6744781772295,0.504,-0.016
7041.674728964766,0.52,0.0
7041.6749797523025,0.512,0.0
7041.675230539839,0.528,-0.016
7041.675481327375,0.512,0.0
7041.675732114911,0.528,-0.016
7041.675982902448,0.512,-0.016
7041.676233689984,0.528,0.0
7041.67648447752,0.528,0.0
7041.676735265056,0.504,-0.016
7041.676986052593,0.504,0.0
7041.677236840129,0.528,-0.016
7041.677487627665,0.52,-0.016
7041.677738415202,0.512,0.0
7041.677989202738,0.512,-0.008
7041.678239990274,0.536,0.0
7041.67849077781,0.52,0.0
7041.678741565347,0.496,-0.016
7041.678992352883,0.504,0.0
7041.679243140419,0.52,-0.016
7041.679493927955,0.504,0.0
7041.679744715492,0.528,-0.016
7041.679995503028,0.512,0.0
7041.680246290564,0.528,-0.016
7041.6804970781,0.528,0.0
7041.680747865637,0.504,-0.016
7041.680998653173,0.512,0.0
7041.6812494407095,0.528,-0.016
7041.6815002282465,0.528,-0.016
7041.6817510157825,0.512,0.0
7041.682001803319,0.512,-0.008
7041.682252590855,0.528,0.0
7041.682503378392,0.512,-0.016
7041.682754165928,0.528,0.0
7041.683004953464,0.528,-0.016
7041.683255741,0.512,0.0
7041.683506528537,0.504,-0.008
7041.683757316073,0.52,0.024
7041.684008103609,0.528,0.024
7041.684258891145,0.504,0.128
7041.684509678682,0.504,0.136
7041.684760466218,0.52,0.28800000000000003
7041.685011253754,0.512,0.296
7041.685262041291,0.52,0.368
7041.685512828827,0.512,0.368
7041.685763616363,0.52,0.392
7041.686014403899,0.512,0.384
7041.686265191436,0.528,0.4
7041.686515978972,0.52,0.384
7041.686766766508,0.504,0.4
7041.687017554044,0.504,0.4
7041.687268341581,0.52,0.41600000000000004
7041.687519129117,0.512,0.40800000000000003
7041.687769916653,0.528,0.4
7041.6880207041895,0.512,0.4
7041.6882714917265,0.528,0.41600000000000004
7041.6885222792625,0.512,0.4
7041.688773066799,0.528,0.40800000000000003
7041.689023854336,0.504,0.4
7041.689274641872,0.52,0.40800000000000003
7041.689525429408,0.504,0.4
7041.689776216944,0.52,0.40800000000000003
7041.690027004481,0.512,0.4
7041.690277792017,0.496,0.392
7041.690528579553,0.512,0.392
7041.690779367089,0.496,0.4
7041.691030154626,0.512,0.392
7041.691280942162,0.52,0.4
7041.691531729698,0.512,0.392
7041.691782517234,0.52,0.384
7041.692033304771,0.512,0.392
7041.692284092307,0.528,0.40800000000000003
7041.692534879843,0.528,0.4
7041.69278566738,0.504,0.41600000000000004
7041.693036454916,0.512,0.4
7041.693287242452,0.496,0.40800000000000003
7041.693538029988,0.496,0.40800000000000003
7041.693788817525,0.512,0.392
7041.694039605061,0.504,0.392
7041.694290392597,0.52,0.40800000000000003
7041.6945411801335,0.512,0.4
7041.69479196767,0.528,0.384
7041.6950427552065,0.528,0.392
7041.695293542743,0.512,0.40800000000000003
7041.695544330279,0.504,0.4
7041.695795117816,0.52,0.41600000000000004
7041.696045905352,0.52,0.40800000000000003
7041.696296692888,0.504,0.41600000000000004
7041.696547480425,0.504,0.41600000000000004
7041.696798267961,0.512,0.4
7041.697049055497,0.504,0.4
7041.697299843033,0.52,0.41600000000000004
7041.69755063057,0.512,0.40800000000000003
7041.697801418106,0.528,0.392
7041.698052205642,0.512,0.392
7041.698302993178,0.536,0.4
7041.698553780715,0.528,0.40800000000000003
7041.698804568251,0.496,0.41600000000000004
7041.699055355787,0.496,0.40800000000000003
7041.699306143323,0.512,0.41600000000000004
7041.69955693086,0.504,0.41600000000000004
7041.699807718396,0.528,0.4
7041.700058505932,0.52,0.40800000000000003
7041.700309293469,0.504,0.41600000000000004
7041.700560081005,0.512,0.4
7041.700810868541,0.528,0.40800000000000003
7041.701061656077,0.512,0.40800000000000003
7041.701312443614,0.528,0.4
7041.70156323115,0.512,0.4
7041.7018140186865,0.52,0.40800000000000003
7041.702064806223,0.52,0.40800000000000003
7041.7023155937595,0.512,0.4
7041.702566381296,0.52,0.4
7041.702817168832,0.504,0.392
7041.703067956368,0.504,0.384
7041.703318743905,0.52,0.40800000000000003
7041.703569531441,0.512,0.4
7041.703820318977,0.528,0.41600000000000004
7041.704071106514,0.52,0.41600000000000004
7041.70432189405,0.512,0.4
7041.704572681586,0.504,0.4
7041.704823469122,0.528,0.40800000000000003
7041.705074256659,0.512,0.40800000000000003
7041.705325044195,0.528,0.392
7041.705575831731,0.52,0.392
7041.705826619267,0.496,0.4
7041.706077406804,0.504,0.40800000000000003
7041.70632819434,0.512,0.392
7041.706578981876,0.512,0.4
7041.706829769412,0.528,0.384
7041.707080556949,0.528,0.392
7041.707331344485,0.504,0.40800000000000003
7041.707582132021,0.512,0.392
7041.707832919558,0.496,0.40800000000000003
7041.708083707094,0.504,0.4
7041.70833449463,0.512,0.392
7041.7085852821665,0.512,0.392
7041.7088360697035,0.528,0.4
7041.7090868572395,0.528,0.40800000000000003
7041.709337644776,0.512,0.4
7041.709588432312,0.512,0.392
7041.709839219849,0.536,0.40800000000000003
7041.710090007385,0.512,0.392
7041.710340794921,0.496,0.4
7041.710591582457,0.512,0.40800000000000003
7041.710842369994,0.496,0.392
7041.71109315753,0.504,0.392
7041.711343945066,0.512,0.40800000000000003
7041.711594732603,0.512,0.392
7041.711845520139,0.528,0.40800000000000003
7041.712096307675,0.528,0.4
7041.712347095211,0.504,0.392
7041.712597882748,0.504,0.4
7041.712848670284,0.52,0.41600000000000004
7041.71309945782,0.512,0.40800000000000003
7041.713350245356,0.52,0.392
7041.713601032893,0.528,0.392
7041.713851820429,0.504,0.40800000000000003
7041.714102607965,0.512,0.40800000000000003
7041.714353395501,0.496,0.4
7041.714604183038,0.52,0.41600000000000004
7041.714854970574,0.504,0.4
7041.71510575811,0.52,0.40800000000000003
7041.715356545647,0.512,0.392
7041.7156073331835,0.512,0.392
7041.7158581207195,0.52,0.40800000000000003
7041.716108908256,0.52,0.4
7041.716359695793,0.512,0.41600000000000004
7041.716610483329,0.528,0.41600000000000004
7041.716861270865,0.504,0.4
7041.717112058401,0.512,0.4
7041.717362845938,0.528,0.392
7041.717613633474,0.512,0.392
7041.71786442101,0.52,0.40800000000000003
7041.718115208546,0.504,0.392
7041.718365996083,0.52,0.40800000000000003
7041.718616783619,0.512,0.4
7041.718867571155,0.528,0.41600000000000004
7041.719118358692,0.528,0.40800000000000003
7041.719369146228,0.504,0.392
7041.719619933764,0.496,0.392
7041.7198707213,0.52,0.41600000000000004
7041.720121508837,0.504,0.41600000000000004
7041.720372296373,0.512,0.4
7041.720623083909,0.496,0.4
7041.720873871445,0.52,0.41600000000000004
7041.721124658982,0.512,0.40800000000000003
7041.721375446518,0.528,0.41600000000000004
7041.721626234054,0.504,0.4
7041.72187702159,0.52,0.41600000000000004
7041.722127809127,0.496,0.4
7041.7223785966635,0.52,0.41600000000000004
7041.7226293841995,0.504,0.41600000000000004
7041.7228801717365,0.528,0.4
7041.723130959273,0.512,0.40800000000000003
7041.723381746809,0.528,0.4
7041.723632534345,0.52,0.392
7041.723883321882,0.504,0.40800000000000003
7041.724134109418,0.504,0.41600000000000004
7041.724384896954,0.52,0.392
7041.72463568449,0.504,0.4
7041.724886472027,0.528,0.41600000000000004
7041.725137259563,0.512,0.40800000000000003
7041.725388047099,0.528,0.392
7041.725638834635,0.512,0.4
7041.725889622172,0.528,0.392
7041.726140409708,0.512,0.4
7041.726391197244,0.52,0.392
7041.726641984781,0.528,0.392
7041.726892772317,0.512,0.384
7041.727143559853,0.52,0.4
7041.727394347389,0.504,0.40800000000000003
7041.727645134926,0.512,0.4
7041.727895922462,0.52,0.41600000000000004
7041.728146709998,0.52,0.40800000000000003
7041.728397497534,0.504,0.41600000000000004
7041.728648285071,0.512,0.4
7041.728899072607,0.528,0.40800000000000003
7041.7291498601435,0.512,0.40800000000000003
7041.7294006476795,0.528,0.392
7041.7296514352165,0.512,0.4
7041.729902222753,0.528,0.384
7041.730153010289,0.512,0.392
7041.730403797826,0.528,0.4
7041.730654585362,0.528,0.4
7041.730905372898,0.512,0.41600000000000004
7041.731156160434,0.52,0.4
7041.731406947971,0.504,0.4
7041.731657735507,0.504,0.4
7041.731908523043,0.52,0.40800000000000003
7041.732159310579,0.512,0.40800000000000003
7041.732410098116,0.528,0.392
7041.732660885652,0.512,0.392
7041.732911673188,0.528,0.40800000000000003
7041.733162460724,0.52,0.4
7041.733413248261,0.504,0.392
7041.733664035797,0.536,0.392
7041.733914823333,0.504,0.384
7041.73416561087,0.504,0.384
7041.734416398406,0.52,0.41600000000000004
7041.734667185942,0.528,0.4
7041.734917973478,0.512,0.40800000000000003
7041.735168761015,0.52,0.40800000000000003
7041.735419548551,0.504,0.4
7041.735670336087,0.52,0.4
7041.7359211236235,0.504,0.40800000000000003
7041.73617191116,0.504,0.40800000000000003
7041.7364226986965,0.512,0.392
7041.736673486233,0.504,0.4
7041.736924273769,0.52,0.40800000000000003
7041.737175061306,0.52,0.40800000000000003
7041.737425848842,0.504,0.392
7041.737676636378,0.512,0.392
7041.737927423915,0.496,0.40800000000000003
7041.738178211451,0.504,0.40800000000000003
7041.738428998987,0.52,0.392
7041.738679786523,0.512,0.4
7041.73893057406,0.52,0.384
7041.739181361596,0.512,0.4
7041.739432149132,0.528,0.41600000000000004
7041.739682936668,0.504,0.41600000000000004
7041.739933724205,0.528,0.4
7041.740184511741,0.528,0.40800000000000003
7041.740435299277,0.504,0.392
7041.740686086813,0.512,0.41600000000000004
7041.74093687435,0.536,0.4
7041.741187661886,0.52,0.41600000000000004
7041.741438449422,0.536,0.4
7041.741689236959,0.52,0.40800000000000003
7041.741940024495,0.528,0.4
7041.742190812031,0.52,0.4
7041.742441599567,0.536,0.392
7041.742692387104,0.52,0.4
7041.7429431746405,0.536,0.392
7041.7431939621765,0.52,0.41600000000000004
7041.743444749713,0.528,0.392
7041.74369553725,0.52,0.392
7041.743946324786,0.528,0.41600000000000004
7041.744197112322,0.52,0.41600000000000004
7041.744447899858,0.528,0.4
7041.744698687395,0.528,0.40800000000000003
7041.744949474931,0.512,0.392
7041.745200262467,0.52,0.392
7041.745451050004,0.536,0.40800000000000003
7041.74570183754,0.52,0.40800000000000003
7041.745952625076,0.536,0.392
7041.746203412612,0.52,0.384
7041.746454200149,0.528,0.32
7041.746704987685,0.52,0.312
7041.746955775221,0.536,0.16
7041.747206562757,0.528,0.16
7041.747457350294,0.512,0.056
7041.74770813783,0.512,0.048
7041.747958925366,0.528,0.008
7041.748209712902,0.528,0.016
7041.748460500439,0.504,-0.008
7041.748711287975,0.504,-0.008
7041.748962075511,0.52,0.0
7041.749212863048,0.504,0.0
7041.749463650584,0.528,-0.008
7041.7497144381205,0.52,0.0
7041.7499652256565,0.536,-0.008
7041.7502160131935,0.536,-0.008
7041.75046680073,0.52,0.0
7041.750717588266,0.52,-0.008
7041.750968375802,0.536,0.0
7041.751219163339,0.52,0.0
7041.751469950875,0.536,-0.008
7041.751720738411,0.536,0.0
7041.751971525947,0.52,-0.008
7041.752222313484,0.52,0.0
7041.75247310102,0.528,-0.008
7041.752723888556,0.52,-0.008
7041.752974676093,0.528,0.0
7041.753225463629,0.52,0.0
7041.753476251165,0.528,-0.008
7041.753727038701,0.52,-0.008
7041.753977826238,0.536,0.0
7041.754228613774,0.52,0.0
7041.75447940131,0.536,-0.008
7041.754730188846,0.528,-0.008
7041.754980976383,0.512,0.0
7041.755231763919,0.52,0.0
7041.755482551455,0.536,-0.008
7041.755733338991,0.52,-0.008
7041.755984126528,0.536,0.0
7041.756234914064,0.536,-0.008
7041.7564857016005,0.52,0.0
7041.756736489137,0.52,0.0
7041.7569872766735,0.536,-0.008
7041.75723806421,0.528,0.0
7041.757488851746,0.52,-0.008
7041.757739639283,0.52,-0.008
7041.757990426819,0.528,0.0
7041.758241214355,0.52,0.0
7041.758492001891,0.536,-0.008
7041.758742789428,0.536,-0.008
7041.758993576964,0.52,0.0
7041.7592443645,0.536,0.0
7041.759495152036,0.52,-0.008
7041.759745939573,0.536,-0.008
7041.759996727109,0.512,0.0
7041.760247514645,0.52,0.0
7041.760498302182,0.536,-0.016
7041.760749089718,0.52,0.0
7041.760999877254,0.536,-0.016
7041.76125066479,0.52,-0.008
7041.761501452327,0.536,0.0
7041.761752239863,0.52,0.0
7041.762003027399,0.528,-0.008
7041.762253814935,0.52,0.0
7041.762504602472,0.528,-0.008
7041.762755390008,0.52,-0.008
7041.763006177544,0.528,0.0
7041.7632569650805,0.528,0.0
7041.763507752617,0.52,-0.008
7041.7637585401535,0.52,-0.016
7041.76400932769,0.528,0.0
7041.7642601152265,0.52,0.0
7041.764510902763,0.528,-0.008
7041.764761690299,0.528,0.0
7041.765012477835,0.512,-0.008
7041.765263265372,0.52,-0.008
7041.765514052908,0.536,0.0
7041.765764840444,0.536,0.0
7041.76601562798,0.52,-0.008
7041.766266415517,0.52,0.0
7041.766517203053,0.528,-0.008
7041.766767990589,0.52,-0.008
7041.767018778125,0.536,0.0
7041.767269565662,0.52,0.0
7041.767520353198,0.528,-0.008
7041.767771140734,0.52,-0.016
7041.768021928271,0.528,0.0
7041.768272715807,0.52,-0.008
7041.768523503343,0.536,0.0
7041.768774290879,0.52,0.0
7041.769025078416,0.528,-0.008
7041.769275865952,0.52,-0.016
7041.769526653488,0.536,0.0
7041.769777441024,0.528,-0.016
7041.770028228561,0.512,0.0
7041.770279016097,0.52,0.0
7041.7705298036335,0.528,-0.016
7041.77078059117,0.52,-0.008
7041.7710313787065,0.536,0.0
7041.771282166243,0.536,0.0
7041.771532953779,0.52,-0.008
7041.771783741316,0.52,0.0
7041.772034528852,0.528,-0.008
7041.772285316388,0.52,-0.008
7041.772536103924,0.536,0.0
7041.772786891461,0.52,0.0
7041.773037678997,0.536,-0.016
7041.773288466533,0.52,-0.008
7041.773539254069,0.536,0.0
7041.773790041606,0.52,0.0
7041.774040829142,0.536,-0.008
7041.774291616678,0.52,-0.008
7041.774542404214,0.528,0.0
7041.774793191751,0.528,-0.008
7041.775043979287,0.52,0.0
7041.775294766823,0.528,-0.008
7041.77554555436,0.512,0.0
7041.775796341896,0.52,0.0
7041.776047129432,0.536,-0.016
7041.776297916968,0.52,0.0
7041.776548704505,0.536,-0.008
7041.776799492041,0.52,0.0
7041.777050279577,0.536,-0.016
7041.7773010671135,0.52,-0.016
7041.7775518546505,0.536,0.0
7041.7778026421865,0.52,-0.008
7041.778053429723,0.528,0.0
7041.778304217259,0.52,0.0
7041.778555004796,0.528,-0.016
7041.778805792332,0.52,0.0
7041.779056579868,0.528,-0.016
7041.779307367405,0.52,-0.016
7041.779558154941,0.536,0.0
7041.779808942477,0.536,-0.016
7041.780059730013,0.512,0.0
7041.78031051755,0.52,-0.016
7041.780561305086,0.536,0.0
7041.780812092622,0.52,0.0
7041.781062880158,0.536,-0.016
7041.781313667695,0.52,-0.016
7041.781564455231,0.504,0.0
7041.781815242767,0.512,0.0
7041.782066030303,0.528,-0.008
7041.78231681784,0.512,-0.008
7041.782567605376,0.528,0.0
7041.782818392912,0.504,-0.008
7041.783069180449,0.528,0.0
7041.783319967985,0.512,0.0
7041.783570755521,0.528,-0.016
7041.7838215430575,0.512,-0.016
7041.784072330594,0.528,0.0
7041.7843231181305,0.528,-0.016
7041.784573905667,0.512,0.0
7041.784824693203,0.528,-0.016
7041.78507548074,0.504,0.0
7041.785326268276,0.504,-0.008
7041.785577055812,0.528,0.0
7041.785827843348,0.52,0.0
7041.786078630885,0.512,-0.016
7041.786329418421,0.512,-0.016
7041.786580205957,0.528,0.0
7041.786830993494,0.512,0.0
7041.78708178103,0.528,-0.016
7041.787332568566,0.528,0.0
7041.787583356102,0.512,-0.016
7041.787834143639,0.512,0.0
7041.788084931175,0.504,-0.016
7041.788335718711,0.512,-0.008
7041.788586506247,0.52,0.0
7041.788837293784,0.512,0.0
7041.78908808132,0.52,-0.016
7041.789338868856,0.52,-0.016
7041.789589656392,0.504,0.0
7041.789840443929,0.52,0.0
7041.790091231465,0.504,-0.016
7041.790342019001,0.528,0.0
7041.790592806538,0.504,-0.016
7041.790843594074,0.496,0.0
7041.7910943816105,0.512,-0.016
7041.791345169147,0.512,-0.016
7041.7915959566835,0.528,0.0
7041.79184674422,0.52,0.0
7041.792097531756,0.496,-0.016
7041.792348319292,0.52,-0.016
7041.792599106829,0.496,0.0
7041.792849894365,0.512,-0.008
7041.793100681901,0.52,0.0
7041.793351469437,0.512,-0.008
7041.793602256974,0.528,0.0
7041.79385304451,0.536,0.0
7041.794103832046,0.504,-0.016
7041.794354619583,0.504,0.0
7041.794605407119,0.528,-0.008
7041.794856194655,0.512,0.0
7041.795106982191,0.536,-0.016
7041.795357769728,0.52,0.0
7041.795608557264,0.504,-0.016
7041.7958593448,0.512,0.0
7041.796110132336,0.496,-0.016
7041.796360919873,0.496,0.0
7041.796611707409,0.512,-0.016
7041.796862494945,0.496,0.0
7041.797113282481,0.512,-0.016
7041.797364070018,0.504,0.0
7041.797614857554,0.512,-0.016
7041.7978656450905,0.496,-0.016
7041.7981164326275,0.512,0.0
7041.7983672201635,0.512,0.0
7041.7986180077,0.496,-0.008
7041.798868795236,0.504,-0.008
7041.799119582773,0.496,0.0
7041.799370370309,0.504,0.0
7041.799621157845,0.528,-0.008
7041.799871945381,0.52,0.0
7041.800122732918,0.504,-0.008
7041.800373520454,0.512,0.0
7041.80062430799,0.528,-0.016
7041.800875095526,0.512,0.0
7041.801125883063,0.528,-0.016
7041.801376670599,0.52,0.0
7041.801627458135,0.504,-0.016
7041.801878245672,0.512,-0.016
7041.802129033208,0.528,0.0
7041.802379820744,0.52,0.0
7041.80263060828,0.504,-0.016
7041.802881395817,0.512,0.0
7041.803132183353,0.528,-0.016
7041.803382970889,0.528,-0.016
7041.803633758425,0.496,0.0
7041.803884545962,0.504,0.0
7041.804135333498,0.496,-0.016
7041.804386121034,0.496,0.0
7041.8046369085705,0.52,-0.016
7041.8048876961075,0.512,-0.016
7041.8051384836435,0.528,0.0
7041.80538927118,0.512,0.0
7041.805640058717,0.528,-0.016
7041.805890846253,0.512,0.0
7041.806141633789,0.52,-0.016
7041.806392421325,0.528,0.0
7041.806643208862,0.512,-0.016
7041.806893996398,0.512,-0.016
7041.807144783934,0.528,0.0
7041.80739557147,0.512,0.0
7041.807646359007,0.528,-0.016
7041.807897146543,0.512,-0.008
7041.808147934079,0.528,0.0
7041.808398721615,0.52,0.0
7041.808649509152,0.496,-0.008
7041.808900296688,0.504,-0.008
7041.809151084224,0.512,0.024
7041.809401871761,0.504,0.024
7041.809652659297,0.52,0.128
7041.809903446833,0.496,0.136
7041.810154234369,0.52,0.28
7041.810405021906,0.504,0.28
7041.810655809442,0.52,0.368
7041.810906596978,0.512,0.368
7041.811157384514,0.52,0.4
7041.811408172051,0.512,0.4
7041.8116589595875,0.528,0.41600000000000004
7041.8119097471235,0.536,0.4
7041.81216053466,0.504,0.40800000000000003
7041.812411322197,0.504,0.4
7041.812662109733,0.528,0.40800000000000003
7041.812912897269,0.528,0.4
7041.813163684806,0.504,0.392
7041.813414472342,0.512,0.392
7041.813665259878,0.528,0.40800000000000003
7041.813916047414,0.512,0.4
7041.814166834951,0.528,0.40800000000000003
7041.814417622487,0.512,0.4
7041.814668410023,0.528,0.40800000000000003
7041.814919197559,0.52,0.40800000000000003
7041.815169985096,0.504,0.392
7041.815420772632,0.52,0.40800000000000003
7041.815671560168,0.512,0.392
7041.815922347704,0.52,0.392
7041.816173135241,0.512,0.40800000000000003
7041.816423922777,0.512,0.41600000000000004
7041.816674710313,0.528,0.4
7041.81692549785,0.504,0.40800000000000003
7041.817176285386,0.52,0.4
7041.817427072922,0.496,0.40800000000000003
7041.817677860458,0.512,0.392
7041.817928647995,0.504,0.4
7041.818179435531,0.52,0.392
7041.8184302230675,0.512,0.4
7041.8186810106035,0.528,0.384
7041.8189317981405,0.512,0.4
7041.819182585677,0.528,0.40800000000000003
7041.819433373213,0.52,0.40800000000000003
7041.819684160749,0.512,0.392
7041.819934948286,0.528,0.4
7041.820185735822,0.504,0.40800000000000003
7041.820436523358,0.512,0.40800000000000003
7041.820687310895,0.52,0.40800000000000003
7041.820938098431,0.52,0.41600000000000004
7041.821188885967,0.504,0.4
7041.821439673503,0.496,0.4
7041.82169046104,0.52,0.4
7041.821941248576,0.496,0.4
7041.822192036112,0.512,0.40800000000000003
7041.822442823648,0.512,0.4
7041.822693611185,0.496,0.41600000000000004
7041.822944398721,0.512,0.40800000000000003
7041.823195186257,0.496,0.41600000000000004
7041.823445973793,0.504,0.40800000000000003
7041.82369676133,0.52,0.41600000000000004
7041.823947548866,0.512,0.392
7041.824198336402,0.52,0.40800000000000003
7041.824449123939,0.512,0.392
7041.824699911475,0.528,0.40800000000000003
7041.824950699011,0.52,0.40800000000000003
7041.8252014865475,0.512,0.4
7041.8254522740845,0.528,0.40800000000000003
7041.8257030616205,0.504,0.384
7041.825953849157,0.496,0.4
7041.826204636693,0.512,0.40800000000000003
7041.82645542423,0.504,0.40800000000000003
7041.826706211766,0.52,0.41600000000000004
7041.826956999302,0.512,0.40800000000000003
7041.827207786838,0.528,0.41600000000000004
7041.827458574375,0.512,0.40800000000000003
7041.827709361911,0.52,0.41600000000000004
7041.827960149447,0.504,0.41600000000000004
7041.828210936984,0.52,0.4
7041.82846172452,0.52,0.40800000000000003
7041.828712512056,0.504,0.392
7041.828963299592,0.512,0.392
7041.829214087129,0.528,0.4
7041.829464874665,0.512,0.4
7041.829715662201,0.528,0.384
7041.829966449737,0.52,0.4
7041.830217237274,0.504,0.41600000000000004
7041.83046802481,0.536,0.40800000000000003
7041.830718812346,0.504,0.40800000000000003
7041.830969599882,0.504,0.40800000000000003
7041.831220387419,0.528,0.40800000000000003
7041.831471174955,0.52,0.40800000000000003
7041.831721962491,0.512,0.4
7041.831972750028,0.512,0.41600000000000004
7041.8322235375645,0.52,0.4
7041.8324743251005,0.512,0.40800000000000003
7041.832725112637,0.528,0.392
7041.832975900174,0.512,0.4
7041.83322668771,0.496,0.40800000000000003
7041.833477475246,0.496,0.40800000000000003
7041.833728262782,0.512,0.392
7041.833979050319,0.52,0.392
7041.834229837855,0.496,0.41600000000000004
7041.834480625391,0.512,0.4
7041.834731412927,0.52,0.4
7041.834982200464,0.512,0.392
7041.835232988,0.528,0.40800000000000003
7041.835483775536,0.512,0.392
7041.835734563073,0.528,0.40800000000000003
7041.835985350609,0.512,0.4
7041.836236138145,0.528,0.41600000000000004
7041.836486925681,0.512,0.40800000000000003
7041.836737713218,0.528,0.392
7041.836988500754,0.512,0.40800000000000003
7041.83723928829,0.52,0.4
7041.837490075826,0.512,0.41600000000000004
7041.837740863363,0.528,0.392
7041.837991650899,0.512,0.40800000000000003
7041.838242438435,0.528,0.392
7041.838493225971,0.512,0.4
7041.838744013508,0.528,0.40800000000000003
7041.8389948010445,0.504,0.4
7041.8392455885805,0.52,0.40800000000000003
7041.8394963761175,0.512,0.392
7041.839747163654,0.528,0.40800000000000003
7041.83999795119,0.528,0.392
7041.840248738726,0.504,0.40800000000000003
7041.840499526263,0.512,0.40800000000000003
7041.840750313799,0.52,0.392
7041.841001101335,0.52,0.4
7041.841251888871,0.504,0.40800000000000003
7041.841502676408,0.512,0.4
7041.841753463944,0.496,0.40800000000000003
7041.84200425148,0.504,0.40800000000000003
7041.842255039016,0.496,0.392
7041.842505826553,0.504,0.392
7041.842756614089,0.52,0.4
7041.843007401625,0.512,0.392
7041.843258189162,0.528,0.40800000000000003
7041.843508976698,0.528,0.4
7041.843759764234,0.504,0.392
7041.84401055177,0.512,0.4
7041.844261339307,0.528,0.384
7041.844512126843,0.528,0.4
7041.844762914379,0.512,0.40800000000000003
7041.845013701915,0.512,0.40800000000000003
7041.845264489452,0.528,0.392
7041.845515276988,0.528,0.392
7041.8457660645245,0.504,0.41600000000000004
7041.8460168520605,0.504,0.4
7041.8462676395975,0.52,0.40800000000000003
7041.846518427134,0.512,0.40800000000000003
7041.84676921467,0.528,0.41600000000000004
7041.847020002207,0.512,0.40800000000000003
7041.847270789743,0.528,0.41600000000000004
7041.847521577279,0.512,0.4
7041.847772364815,0.52,0.41600000000000004
7041.848023152352,0.512,0.41600000000000004
7041.848273939888,0.52,0.4
7041.848524727424,0.512,0.40800000000000003
7041.84877551496,0.504,0.392
7041.849026302497,0.504,0.392
7041.849277090033,0.52,0.40800000000000003
7041.849527877569,0.52,0.4
7041.849778665105,0.512,0.40800000000000003
7041.850029452642,0.512,0.392
7041.850280240178,0.528,0.4
7041.850531027714,0.512,0.392
7041.850781815251,0.528,0.4
7041.851032602787,0.52,0.4
7041.851283390323,0.504,0.41600000000000004
7041.851534177859,0.512,0.40800000000000003
7041.851784965396,0.504,0.41600000000000004
7041.852035752932,0.512,0.41600000000000004
7041.852286540468,0.528,0.4
7041.8525373280045,0.52,0.40800000000000003
7041.852788115541,0.504,0.392
7041.8530389030775,0.504,0.4
7041.853289690614,0.52,0.384
7041.85354047815,0.504,0.4
7041.853791265687,0.512,0.41600000000000004
