Time,Channel 1,Channel 2
12583.300918579102,0.536,-0.016
12583.301179368893,0.528,0.0
12583.301440158684,0.528,0.0
12583.301700948477,0.544,-0.016
12583.301961738269,0.528,-0.016
12583.30222252806,0.544,0.0
12583.302483317852,0.544,-0.008
12583.302744107643,0.528,-0.016
12583.303004897436,0.528,-0.016
12583.303265687227,0.552,0.0
12583.303526477019,0.536,-0.016
12583.30378726681,0.528,-0.008
12583.304048056603,0.544,-0.016
12583.304308846395,0.528,-0.008
12583.304569636186,0.536,-0.016
12583.304830425977,0.528,0.0
12583.305091215769,0.528,-0.008
12583.305352005562,0.544,-0.016
12583.305612795353,0.544,-0.016
12583.305873585145,0.528,0.0
12583.306134374936,0.544,-0.008
12583.306395164727,0.528,0.024
12583.30665595452,0.528,0.024
12583.306916744312,0.544,0.152
12583.307177534103,0.528,0.16
12583.307438323895,0.544,0.328
12583.307699113688,0.528,0.328
12583.307959903479,0.544,0.36
12583.30822069327,0.528,0.36
12583.308481483062,0.536,0.40800000000000003
12583.308742272853,0.544,0.40800000000000003
12583.309003062646,0.528,0.432
12583.309263852438,0.528,0.424
12583.309524642229,0.552,0.432
12583.30978543202,0.528,0.432
12583.310046221812,0.544,0.41600000000000004
12583.310307011605,0.528,0.41600000000000004
12583.310567801396,0.544,0.432
12583.310828591188,0.544,0.432
12583.311089380979,0.528,0.376
12583.311350170772,0.536,0.376
12583.311610960563,0.552,0.4
12583.311871750355,0.528,0.41600000000000004
12583.312132540146,0.544,0.392
12583.312393329938,0.544,0.384
12583.31265411973,0.528,0.4
12583.312914909522,0.552,0.384
12583.313175699313,0.528,0.376
12583.313436489105,0.528,0.368
12583.313697278896,0.544,0.384
12583.31395806869,0.536,0.376
12583.31421885848,0.528,0.424
12583.314479648272,0.544,0.40800000000000003
12583.314740438063,0.528,0.432
12583.315001227857,0.528,0.432
12583.315262017648,0.512,0.41600000000000004
12583.31552280744,0.536,0.424
12583.31578359723,0.512,0.384
12583.316044387022,0.52,0.392
12583.316305176815,0.512,0.384
12583.316565966607,0.512,0.4
12583.316826756398,0.504,0.424
12583.31708754619,0.504,0.424
12583.31734833598,0.52,0.44
12583.317609125774,0.504,0.44
12583.317869915565,0.52,0.41600000000000004
12583.318130705356,0.52,0.424
12583.318391495148,0.504,0.376
12583.318652284941,0.504,0.376
12583.318913074732,0.52,0.384
12583.319173864524,0.52,0.376
12583.319434654315,0.504,0.424
12583.319695444106,0.512,0.44
12583.3199562339,0.504,0.40800000000000003
12583.320217023691,0.504,0.40800000000000003
12583.320477813482,0.52,0.392
12583.320738603274,0.512,0.4
12583.320999393065,0.536,0.432
12583.321260182858,0.512,0.424
12583.32152097265,0.528,0.44
12583.32178176244,0.52,0.44
12583.322042552232,0.536,0.424
12583.322303342024,0.52,0.432
12583.322564131817,0.504,0.384
12583.322824921608,0.512,0.376
12583.3230857114,0.496,0.392
12583.32334650119,0.504,0.384
12583.323607290984,0.52,0.424
12583.323868080775,0.504,0.432
12583.324128870567,0.528,0.41600000000000004
12583.324389660358,0.512,0.44
12583.32465045015,0.504,0.41600000000000004
12583.324911239943,0.504,0.41600000000000004
12583.325172029734,0.528,0.448
12583.325432819525,0.504,0.44
12583.325693609317,0.52,0.41600000000000004
12583.325954399108,0.504,0.40800000000000003
12583.326215188901,0.52,0.384
12583.326475978693,0.512,0.392
12583.326736768484,0.528,0.41600000000000004
12583.326997558275,0.528,0.4
12583.327258348068,0.504,0.44
12583.32751913786,0.504,0.432
12583.327779927651,0.52,0.40800000000000003
12583.328040717442,0.512,0.41600000000000004
12583.328301507234,0.536,0.392
12583.328562297027,0.528,0.40800000000000003
12583.328823086818,0.504,0.424
12583.32908387661,0.504,0.40800000000000003
12583.329344666401,0.52,0.424
12583.329605456192,0.496,0.424
12583.329866245986,0.512,0.384
12583.330127035777,0.504,0.392
12583.330387825568,0.528,0.368
12583.33064861536,0.528,0.368
12583.330909405153,0.512,0.384
12583.331170194944,0.528,0.384
12583.331430984736,0.504,0.41600000000000004
12583.331691774527,0.52,0.40800000000000003
12583.331952564318,0.504,0.424
12583.332213354111,0.504,0.41600000000000004
12583.332474143903,0.52,0.432
12583.332734933694,0.528,0.424
12583.332995723486,0.504,0.392
12583.333256513277,0.504,0.376
12583.33351730307,0.536,0.392
12583.333778092861,0.52,0.4
12583.334038882653,0.504,0.432
12583.334299672444,0.504,0.432
12583.334560462237,0.528,0.41600000000000004
12583.334821252029,0.528,0.424
12583.33508204182,0.512,0.4
12583.335342831611,0.528,0.424
12583.335603621403,0.504,0.376
12583.335864411196,0.528,0.384
12583.336125200987,0.504,0.368
12583.336385990779,0.52,0.368
12583.33664678057,0.504,0.376
12583.336907570361,0.52,0.368
12583.337168360154,0.504,0.376
12583.337429149946,0.512,0.368
12583.337689939737,0.496,0.376
12583.337950729529,0.52,0.368
12583.338211519322,0.496,0.376
12583.338472309113,0.496,0.368
12583.338733098904,0.536,0.368
12583.338993888696,0.544,0.368
12583.339254678487,0.528,0.368
12583.33951546828,0.528,0.368
12583.339776258072,0.544,0.376
12583.340037047863,0.544,0.376
12583.340297837654,0.528,0.368
12583.340558627446,0.536,0.368
12583.340819417239,0.52,0.368
12583.34108020703,0.528,0.368
12583.341340996822,0.536,0.376
12583.341601786613,0.528,0.368
12583.341862576404,0.536,0.368
12583.342123366197,0.528,0.368
12583.342384155989,0.544,0.368
12583.34264494578,0.528,0.368
12583.342905735572,0.544,0.376
12583.343166525365,0.536,0.368
12583.343427315156,0.528,0.376
12583.343688104947,0.528,0.368
12583.343948894739,0.544,0.368
12583.34420968453,0.528,0.368
12583.344470474323,0.544,0.368
12583.344731264115,0.544,0.368
12583.344992053906,0.528,0.376
12583.345252843697,0.528,0.368
12583.345513633489,0.544,0.376
12583.345774423282,0.528,0.368
12583.346035213073,0.552,0.376
12583.346296002865,0.528,0.368
12583.346556792656,0.536,0.368
12583.34681758245,0.528,0.368
12583.34707837224,0.544,0.368
12583.347339162032,0.528,0.368
12583.347599951823,0.544,0.376
12583.347860741615,0.528,0.376
12583.348121531408,0.544,0.368
12583.3483823212,0.528,0.368
12583.34864311099,0.544,0.376
12583.348903900782,0.536,0.368
12583.349164690573,0.528,0.376
12583.349425480366,0.528,0.368
12583.349686270158,0.544,0.376
12583.349947059949,0.544,0.368
12583.35020784974,0.52,0.376
12583.350468639534,0.536,0.368
12583.350729429325,0.52,0.376
12583.350990219116,0.52,0.376
12583.351251008908,0.504,0.368
12583.351511798699,0.504,0.368
12583.351772588492,0.52,0.368
12583.352033378284,0.512,0.368
12583.352294168075,0.528,0.376
12583.352554957866,0.512,0.376
12583.352815747658,0.536,0.368
12583.35307653745,0.528,0.368
12583.353337327242,0.504,0.368
12583.353598117033,0.504,0.368
12583.353858906825,0.528,0.376
12583.354119696618,0.528,0.368
12583.35438048641,0.544,0.376
12583.3546412762,0.528,0.368
12583.354902065992,0.544,0.368
12583.355162855783,0.528,0.368
12583.355423645577,0.544,0.376
12583.355684435368,0.528,0.368
12583.35594522516,0.544,0.376
12583.35620601495,0.528,0.368
12583.356466804742,0.544,0.368
12583.356727594535,0.528,0.368
12583.356988384327,0.544,0.384
12583.357249174118,0.528,0.376
12583.35750996391,0.544,0.368
12583.357770753702,0.528,0.368
12583.358031543494,0.544,0.376
12583.358292333285,0.528,0.376
12583.358553123076,0.544,0.368
12583.358813912868,0.536,0.368
12583.359074702661,0.528,0.376
12583.359335492452,0.528,0.368
12583.359596282244,0.544,0.384
12583.359857072035,0.536,0.368
12583.360117861826,0.528,0.376
12583.36037865162,0.528,0.368
12583.360639441411,0.544,0.368
12583.360900231202,0.544,0.368
12583.361161020994,0.528,0.376
12583.361421810785,0.528,0.368
12583.361682600578,0.544,0.384
12583.36194339037,0.544,0.376
12583.362204180161,0.528,0.368
12583.362464969952,0.544,0.368
12583.362725759745,0.528,0.384
12583.362986549537,0.528,0.368
12583.363247339328,0.544,0.376
12583.36350812912,0.536,0.376
12583.36376891891,0.528,0.368
12583.364029708704,0.544,0.368
12583.364290498495,0.528,0.376
12583.364551288287,0.528,0.368
12583.364812078078,0.552,0.376
12583.36507286787,0.528,0.368
12583.365333657663,0.544,0.368
12583.365594447454,0.528,0.368
12583.365855237245,0.544,0.376
12583.366116027037,0.528,0.368
12583.36637681683,0.552,0.376
12583.366637606621,0.528,0.368
12583.366898396413,0.552,0.384
12583.367159186204,0.544,0.368
12583.367419975995,0.528,0.368
12583.367680765788,0.544,0.368
12583.36794155558,0.528,0.376
12583.368202345371,0.544,0.368
12583.368463135163,0.528,0.376
12583.368723924954,0.544,0.376
12583.368984714747,0.528,0.368
12583.369245504538,0.528,0.368
12583.36950629433,0.544,0.368
12583.369767084121,0.536,0.368
12583.370027873914,0.528,0.376
12583.370288663706,0.528,0.368
12583.370549453497,0.544,0.376
12583.370810243288,0.544,0.368
12583.37107103308,0.528,0.352
12583.371331822873,0.544,0.352
12583.371592612664,0.528,0.28
12583.371853402456,0.528,0.272
12583.372114192247,0.544,0.136
12583.372374982038,0.544,0.128
12583.372635771831,0.528,0.04
12583.372896561623,0.544,0.04
12583.373157351414,0.528,0.0
12583.373418141206,0.544,0.008
12583.373678930999,0.528,-0.008
12583.37393972079,0.528,-0.008
12583.374200510581,0.544,0.0
12583.374461300373,0.552,-0.008
12583.374722090164,0.528,0.0
12583.374982879957,0.528,-0.008
12583.375243669749,0.544,0.0
12583.37550445954,0.528,-0.016
12583.375765249331,0.544,0.0
12583.376026039123,0.552,-0.016
12583.376286828916,0.528,0.0
12583.376547618707,0.528,0.0
12583.376808408499,0.544,-0.016
12583.37706919829,0.544,0.0
12583.377329988083,0.528,-0.016
12583.377590777875,0.544,0.0
12583.377851567666,0.528,-0.016
12583.378112357457,0.544,-0.016
12583.378373147249,0.528,0.0
12583.378633937042,0.536,-0.008
12583.378894726833,0.544,0.0
12583.379155516624,0.536,0.0
12583.379416306416,0.544,-0.016
12583.379677096207,0.544,0.0
12583.379937886,0.528,-0.016
12583.380198675792,0.544,0.0
12583.380459465583,0.528,-0.016
12583.380720255374,0.544,-0.016
12583.380981045166,0.528,0.0
12583.381241834959,0.552,0.0
12583.38150262475,0.528,-0.016
12583.381763414542,0.552,0.0
12583.382024204333,0.528,-0.016
12583.382284994126,0.544,0.0
12583.382545783918,0.528,-0.016
12583.382806573709,0.544,0.0
12583.3830673635,0.528,-0.016
12583.383328153292,0.536,0.0
12583.383588943085,0.552,-0.016
12583.383849732876,0.552,0.0
12583.384110522667,0.528,-0.016
12583.384371312459,0.544,0.0
12583.38463210225,0.528,-0.016
12583.384892892043,0.544,-0.016
12583.385153681835,0.528,0.0
12583.385414471626,0.544,0.0
12583.385675261417,0.528,-0.016
12583.38593605121,0.544,0.0
12583.386196841002,0.528,-0.016
12583.386457630793,0.536,0.0
12583.386718420585,0.528,-0.016
12583.386979210376,0.536,0.0
12583.38724000017,0.544,-0.016
12583.38750078996,0.528,-0.016
12583.387761579752,0.552,0.0
12583.388022369543,0.528,-0.016
12583.388283159335,0.552,0.0
12583.388543949128,0.544,-0.016
12583.38880473892,0.528,0.0
12583.38906552871,0.544,-0.016
12583.389326318502,0.528,0.0
12583.389587108295,0.544,-0.016
12583.389847898086,0.536,0.0
12583.390108687878,0.544,-0.016
12583.390369477669,0.528,-0.008
12583.39063026746,0.544,-0.016
12583.390891057254,0.528,0.0
12583.391151847045,0.528,-0.016
12583.391412636836,0.544,0.0
12583.391673426628,0.544,-0.016
12583.391934216419,0.528,0.0
12583.392195006212,0.544,-0.016
12583.392455796004,0.528,0.0
12583.392716585795,0.544,-0.016
12583.392977375586,0.528,-0.008
12583.39323816538,0.528,-0.016
12583.39349895517,0.544,0.0
12583.393759744962,0.552,-0.016
12583.394020534754,0.528,0.0
12583.394281324545,0.544,-0.016
12583.394542114338,0.528,0.0
12583.39480290413,0.528,0.0
12583.39506369392,0.552,-0.016
12583.395324483712,0.544,-0.016
12583.395585273503,0.528,0.0
12583.395846063297,0.544,-0.016
12583.396106853088,0.528,0.0
12583.39636764288,0.528,-0.016
12583.39662843267,0.544,0.0
12583.396889222464,0.544,-0.016
12583.397150012255,0.528,-0.008
12583.397410802047,0.528,0.0
12583.397671591838,0.544,-0.016
12583.39793238163,0.528,-0.016
12583.398193171422,0.552,0.0
12583.398453961214,0.544,-0.016
12583.398714751005,0.528,0.0
12583.398975540797,0.544,-0.016
12583.399236330588,0.528,0.0
12583.399497120381,0.544,0.0
12583.399757910172,0.528,-0.016
12583.400018699964,0.544,-0.016
12583.400279489755,0.536,0.0
12583.400540279546,0.528,-0.016
12583.40080106934,0.544,0.0
12583.401061859131,0.536,-0.016
12583.401322648922,0.552,0.0
12583.401583438714,0.536,0.0
12583.401844228507,0.528,-0.016
12583.402105018298,0.536,-0.008
12583.40236580809,0.552,-0.016
12583.402626597881,0.552,-0.016
12583.402887387672,0.528,-0.008
12583.403148177465,0.528,-0.008
12583.403408967257,0.544,-0.016
12583.403669757048,0.544,-0.016
12583.40393054684,0.528,0.0
12583.40419133663,0.528,-0.008
12583.404452126424,0.536,-0.016
12583.404712916215,0.536,-0.016
12583.404973706007,0.544,0.0
12583.405234495798,0.544,0.0
12583.405495285591,0.528,-0.016
12583.405756075383,0.528,-0.016
12583.406016865174,0.544,0.0
12583.406277654965,0.544,0.0
12583.406538444757,0.528,-0.016
12583.40679923455,0.528,-0.008
12583.407060024341,0.544,-0.016
12583.407320814133,0.536,-0.008
12583.407581603924,0.552,-0.016
12583.407842393715,0.544,-0.008
12583.408103183509,0.528,-0.016
12583.4083639733,0.528,-0.008
12583.408624763091,0.544,-0.016
12583.408885552883,0.544,-0.016
12583.409146342676,0.528,-0.008
12583.409407132467,0.544,-0.016
12583.409667922258,0.528,-0.008
12583.40992871205,0.528,-0.016
12583.410189501841,0.544,0.0
12583.410450291634,0.544,-0.016
12583.410711081426,0.528,0.0
12583.410971871217,0.528,0.0
12583.411232661008,0.544,-0.016
12583.4114934508,0.544,-0.016
12583.411754240593,0.528,0.0
12583.412015030384,0.552,-0.016
12583.412275820176,0.528,0.0
12583.412536609967,0.536,-0.008
12583.41279739976,0.528,-0.016
12583.413058189552,0.528,-0.016
12583.413318979343,0.544,0.0
12583.413579769134,0.544,-0.016
12583.413840558926,0.528,0.0
12583.414101348719,0.544,-0.016
12583.41436213851,0.528,-0.008
12583.414622928301,0.544,-0.016
12583.414883718093,0.528,-0.008
12583.415144507884,0.536,0.0
12583.415405297677,0.504,-0.016
12583.415666087469,0.504,0.0
12583.41592687726,0.528,-0.016
12583.416187667051,0.52,-0.016
12583.416448456845,0.536,0.0
12583.416709246636,0.536,-0.016
12583.416970036427,0.512,0.0
12583.417230826219,0.512,0.0
12583.41749161601,0.536,-0.016
12583.417752405803,0.528,-0.016
12583.418013195595,0.544,0.0
12583.418273985386,0.528,-0.016
12583.418534775177,0.544,0.0
12583.418795564969,0.528,-0.016
12583.419056354762,0.552,-0.008
12583.419317144553,0.544,-0.016
12583.419577934344,0.528,-0.008
12583.419838724136,0.544,-0.016
12583.420099513927,0.528,0.0
12583.42036030372,0.528,-0.016
12583.420621093512,0.544,-0.008
12583.420881883303,0.528,-0.016
12583.421142673094,0.544,-0.008
12583.421403462888,0.544,-0.016
12583.421664252679,0.528,0.0
12583.42192504247,0.528,-0.016
12583.422185832262,0.544,0.0
12583.422446622053,0.552,0.0
12583.422707411846,0.528,-0.016
12583.422968201638,0.536,-0.016
12583.423228991429,0.504,-0.008
12583.42348978122,0.504,-0.016
12583.423750571012,0.528,0.0
12583.424011360805,0.536,-0.016
12583.424272150596,0.52,-0.008
12583.424532940388,0.528,0.0
12583.424793730179,0.504,-0.016
12583.425054519972,0.52,-0.016
12583.425315309763,0.512,0.0
12583.425576099555,0.504,0.0
12583.425836889346,0.528,-0.016
12583.426097679137,0.52,-0.008
12583.42635846893,0.504,-0.016
12583.426619258722,0.504,-0.016
12583.426880048513,0.52,-0.008
12583.427140838305,0.512,-0.016
12583.427401628096,0.528,-0.008
12583.42766241789,0.52,-0.016
12583.42792320768,0.536,0.0
12583.428183997472,0.536,-0.008
12583.428444787263,0.504,-0.016
12583.428705577056,0.504,-0.016
12583.428966366848,0.528,0.0
12583.42922715664,0.512,-0.016
12583.42948794643,0.536,-0.008
12583.429748736222,0.52,-0.008
12583.430009526015,0.536,-0.016
12583.430270315806,0.528,-0.008
12583.430531105598,0.512,-0.016
12583.43079189539,0.528,-0.016
12583.43105268518,0.52,-0.008
12583.431313474974,0.528,-0.016
12583.431574264765,0.52,0.0
12583.431835054556,0.52,0.0
12583.432095844348,0.504,-0.016
12583.43235663414,0.504,-0.016
12583.432617423932,0.52,0.0
12583.432878213724,0.504,-0.008
12583.433139003515,0.512,-0.016
12583.433399793306,0.504,-0.016
12583.4336605831,0.512,0.0
12583.43392137289,0.504,-0.008
12583.434182162682,0.512,-0.016
12583.434442952474,0.504,-0.008
12583.434703742265,0.528,-0.016
12583.434964532058,0.528,-0.016
12583.43522532185,0.504,0.0
12583.43548611164,0.504,-0.016
12583.435746901432,0.528,0.0
12583.436007691225,0.528,-0.016
12583.436268481017,0.544,0.0
12583.436529270808,0.528,-0.016
12583.4367900606,0.544,0.024
12583.43705085039,0.544,0.032
12583.437311640184,0.528,0.136
12583.437572429975,0.528,0.152
12583.437833219767,0.544,0.28
12583.438094009558,0.528,0.28800000000000003
12583.43835479935,0.544,0.34400000000000003
12583.438615589143,0.528,0.34400000000000003
12583.438876378934,0.544,0.36
12583.439137168725,0.536,0.36
12583.439397958517,0.528,0.368
12583.439658748308,0.536,0.368
12583.439919538101,0.528,0.376
12583.440180327892,0.536,0.368
12583.440441117684,0.528,0.368
12583.440701907475,0.528,0.368
12583.440962697268,0.544,0.368
12583.44122348706,0.528,0.368
12583.441484276851,0.544,0.376
12583.441745066642,0.544,0.368
12583.442005856434,0.528,0.376
12583.442266646227,0.528,0.368
12583.442527436018,0.544,0.368
12583.44278822581,0.528,0.368
12583.443049015601,0.544,0.376
12583.443309805392,0.528,0.368
12583.443570595186,0.544,0.376
12583.443831384977,0.528,0.368
12583.444092174768,0.544,0.376
12583.44435296456,0.528,0.368
12583.444613754353,0.544,0.376
12583.444874544144,0.528,0.376
12583.445135333935,0.544,0.368
12583.445396123727,0.528,0.368
12583.445656913518,0.544,0.376
12583.445917703311,0.544,0.368
12583.446178493103,0.528,0.384
12583.446439282894,0.552,0.376
12583.446700072685,0.528,0.4
12583.446960862477,0.544,0.392
12583.44722165227,0.528,0.368
12583.447482442061,0.528,0.368
12583.447743231853,0.544,0.40800000000000003
12583.448004021644,0.528,0.40800000000000003
12583.448264811437,0.544,0.432
12583.448525601229,0.528,0.432
12583.44878639102,0.552,0.40800000000000003
12583.449047180811,0.544,0.40800000000000003
12583.449307970603,0.528,0.376
12583.449568760396,0.536,0.376
12583.449829550187,0.528,0.368
12583.450090339978,0.544,0.368
12583.45035112977,0.528,0.40800000000000003
12583.450611919561,0.528,0.40800000000000003
12583.450872709354,0.544,0.432
12583.451133499146,0.528,0.41600000000000004
12583.451394288937,0.552,0.44
12583.451655078728,0.536,0.44
12583.451915868522,0.528,0.424
12583.452176658313,0.528,0.424
12583.452437448104,0.544,0.44
12583.452698237896,0.552,0.424
12583.452959027687,0.528,0.432
12583.45321981748,0.544,0.424
12583.453480607272,0.528,0.432
12583.453741397063,0.536,0.44
12583.454002186854,0.528,0.424
12583.454262976646,0.528,0.432
12583.454523766439,0.544,0.44
12583.45478455623,0.536,0.44
12583.455045346022,0.528,0.424
12583.455306135813,0.528,0.44
12583.455566925606,0.544,0.41600000000000004
12583.455827715397,0.544,0.41600000000000004
12583.456088505189,0.528,0.376
12583.45634929498,0.544,0.384
12583.456610084771,0.528,0.376
12583.456870874565,0.528,0.376
12583.457131664356,0.544,0.40800000000000003
12583.457392454147,0.544,0.40800000000000003
12583.457653243939,0.528,0.432
12583.45791403373,0.544,0.424
12583.458174823523,0.528,0.432
12583.458435613315,0.528,0.432
12583.458696403106,0.544,0.384
12583.458957192897,0.544,0.376
12583.459217982689,0.528,0.384
12583.459478772482,0.536,0.384
12583.459739562273,0.528,0.424
12583.460000352065,0.544,0.432
12583.460261141856,0.528,0.392
12583.460521931649,0.544,0.392
12583.46078272144,0.512,0.368
12583.461043511232,0.504,0.368
12583.461304301023,0.544,0.384
12583.461565090814,0.536,0.384
12583.461825880608,0.504,0.41600000000000004
12583.462086670399,0.512,0.40800000000000003
12583.46234746019,0.544,0.384
12583.462608249982,0.528,0.384
12583.462869039773,0.504,0.376
12583.463129829566,0.504,0.376
12583.463390619358,0.52,0.40800000000000003
12583.463651409149,0.504,0.40800000000000003
12583.46391219894,0.52,0.44
12583.464172988733,0.512,0.44
12583.464433778525,0.504,0.41600000000000004
12583.464694568316,0.52,0.424
12583.464955358108,0.504,0.44
12583.465216147899,0.512,0.44
12583.465476937692,0.504,0.424
12583.465737727483,0.52,0.424
12583.465998517275,0.496,0.44
12583.466259307066,0.504,0.44
12583.466520096857,0.512,0.424
12583.46678088665,0.504,0.432
12583.467041676442,0.52,0.384
12583.467302466233,0.528,0.376
12583.467563256025,0.504,0.384
12583.467824045818,0.504,0.384
12583.46808483561,0.52,0.41600000000000004
12583.4683456254,0.512,0.392
12583.468606415192,0.496,0.384
12583.468867204983,0.504,0.384
12583.469127994776,0.512,0.424
12583.469388784568,0.504,0.41600000000000004
12583.46964957436,0.512,0.432
12583.46991036415,0.512,0.424
12583.470171153942,0.496,0.392
12583.470431943735,0.512,0.4
12583.470692733526,0.496,0.424
12583.470953523318,0.496,0.40800000000000003
12583.47121431311,0.52,0.376
12583.471475102902,0.504,0.368
12583.471735892694,0.512,0.384
12583.471996682485,0.512,0.384
12583.472257472276,0.496,0.424
12583.472518262068,0.496,0.424
12583.472779051861,0.52,0.432
12583.473039841652,0.512,0.432
12583.473300631444,0.496,0.424
12583.473561421235,0.496,0.44
12583.473822211026,0.512,0.424
12583.47408300082,0.504,0.432
12583.47434379061,0.528,0.424
12583.474604580402,0.536,0.424
12583.474865370194,0.52,0.44
12583.475126159987,0.536,0.44
12583.475386949778,0.512,0.432
12583.47564773957,0.488,0.44
12583.47590852936,0.52,0.424
12583.476169319152,0.52,0.424
12583.476430108945,0.536,0.44
12583.476690898737,0.536,0.432
12583.476951688528,0.512,0.424
12583.47721247832,0.52,0.424
12583.47747326811,0.496,0.44
12583.477734057904,0.512,0.44
12583.477994847695,0.504,0.424
12583.478255637487,0.512,0.424
12583.478516427278,0.496,0.44
12583.47877721707,0.512,0.44
12583.479038006863,0.496,0.41600000000000004
12583.479298796654,0.496,0.41600000000000004
12583.479559586445,0.52,0.376
12583.479820376237,0.52,0.376
12583.48008116603,0.504,0.392
12583.480341955821,0.504,0.392
12583.480602745612,0.528,0.41600000000000004
12583.480863535404,0.52,0.4
12583.481124325195,0.528,0.376
12583.481385114988,0.512,0.392
12583.48164590478,0.536,0.41600000000000004
12583.481906694571,0.536,0.40800000000000003
12583.482167484362,0.504,0.432
12583.482428274154,0.504,0.424
12583.482689063947,0.512,0.432
12583.482949853738,0.504,0.424
12583.48321064353,0.52,0.384
12583.483471433321,0.512,0.384
12583.483732223114,0.496,0.424
12583.483993012906,0.512,0.424
12583.484253802697,0.496,0.44
12583.484514592488,0.512,0.44
12583.48477538228,0.544,0.424
12583.485036172073,0.528,0.424
12583.485296961864,0.544,0.44
12583.485557751656,0.528,0.424
12583.485818541447,0.544,0.432
12583.486079331238,0.544,0.424
12583.486340121031,0.52,0.44
12583.486600910823,0.536,0.41600000000000004
12583.486861700614,0.52,0.44
12583.487122490405,0.528,0.44
12583.487383280199,0.544,0.376
12583.48764406999,0.528,0.384
12583.487904859781,0.544,0.424
12583.488165649573,0.528,0.424
12583.488426439364,0.544,0.44
12583.488687229157,0.528,0.424
12583.488948018949,0.544,0.44
12583.48920880874,0.528,0.424
12583.489469598531,0.536,0.384
12583.489730388323,0.528,0.376
12583.489991178116,0.544,0.40800000000000003
12583.490251967907,0.544,0.4
12583.490512757699,0.528,0.424
12583.49077354749,0.528,0.424
12583.491034337283,0.544,0.44
12583.491295127074,0.528,0.424
12583.491555916866,0.544,0.432
12583.491816706657,0.528,0.44
12583.492077496448,0.544,0.41600000000000004
12583.492338286242,0.528,0.40800000000000003
12583.492599076033,0.544,0.432
12583.492859865824,0.528,0.41600000000000004
12583.493120655616,0.544,0.432
12583.493381445407,0.528,0.432
12583.4936422352,0.544,0.4
12583.493903024992,0.544,0.4
12583.494163814783,0.528,0.424
12583.494424604574,0.528,0.424
12583.494685394367,0.536,0.44
12583.494946184159,0.536,0.432
12583.49520697395,0.528,0.424
12583.495467763742,0.536,0.424
12583.495728553533,0.528,0.44
12583.495989343326,0.528,0.44
12583.496250133117,0.544,0.41600000000000004
12583.496510922909,0.528,0.424
12583.4967717127,0.544,0.44
12583.497032502491,0.544,0.432
12583.497293292285,0.52,0.40800000000000003
12583.497554082076,0.528,0.392
12583.497814871867,0.544,0.376
12583.498075661659,0.528,0.4
12583.49833645145,0.552,0.376
12583.498597241243,0.528,0.376
12583.498858031035,0.544,0.384
12583.499118820826,0.528,0.376
12583.499379610617,0.544,0.376
12583.49964040041,0.528,0.376
12583.499901190202,0.544,0.384
12583.500161979993,0.544,0.384
12583.500422769785,0.528,0.376
12583.500683559576,0.544,0.376
12583.50094434937,0.528,0.4
12583.50120513916,0.528,0.4
12583.501465928952,0.544,0.36
12583.501726718743,0.544,0.352
12583.501987508535,0.528,0.28
12583.502248298328,0.528,0.264
12583.502509088119,0.544,0.136
12583.50276987791,0.544,0.128
12583.503030667702,0.528,0.048
12583.503291457495,0.528,0.04
12583.503552247286,0.544,0.0
12583.503813037078,0.544,0.008
12583.504073826869,0.528,-0.008
12583.50433461666,0.528,-0.008
12583.504595406454,0.544,0.0
12583.504856196245,0.536,-0.008
12583.505116986036,0.528,0.0
12583.505377775828,0.536,0.0
12583.505638565619,0.528,-0.016
12583.505899355412,0.536,0.0
12583.506160145203,0.536,-0.016
12583.506420934995,0.544,0.0
12583.506681724786,0.528,-0.016
12583.50694251458,0.544,0.0
12583.50720330437,0.528,-0.016
12583.507464094162,0.544,0.0
12583.507724883953,0.528,-0.016
12583.507985673745,0.544,0.0
12583.508246463538,0.528,-0.016
12583.50850725333,0.544,-0.016
12583.50876804312,0.528,0.0
12583.509028832912,0.528,0.0
12583.509289622703,0.544,-0.016
12583.509550412497,0.528,-0.016
12583.509811202288,0.544,0.0
12583.51007199208,0.528,0.0
12583.51033278187,0.544,-0.016
12583.510593571664,0.544,-0.016
12583.510854361455,0.528,0.0
12583.511115151246,0.528,0.0
12583.511375941038,0.544,-0.016
12583.51163673083,0.536,-0.016
12583.511897520622,0.544,0.0
12583.512158310414,0.528,-0.016
12583.512419100205,0.544,0.0
12583.512679889996,0.528,0.0
12583.512940679788,0.552,-0.016
12583.513201469581,0.536,0.0
12583.513462259372,0.544,-0.016
12583.513723049164,0.528,-0.016
12583.513983838955,0.544,0.0
12583.514244628748,0.528,-0.016
12583.51450541854,0.544,0.0
12583.514766208331,0.544,0.0
12583.515026998122,0.536,-0.016
12583.515287787914,0.544,-0.016
12583.515548577707,0.528,0.0
12583.515809367498,0.528,-0.016
12583.51607015729,0.544,0.0
12583.51633094708,0.544,-0.016
12583.516591736872,0.52,0.0
12583.516852526665,0.528,-0.016
12583.517113316457,0.504,0.0
12583.517374106248,0.512,0.0
12583.51763489604,0.528,-0.016
12583.51789568583,0.544,0.0
12583.518156475624,0.52,-0.016
12583.518417265415,0.52,-0.016
12583.518678055207,0.536,0.0
12583.518938844998,0.528,-0.016
12583.519199634791,0.504,0.0
12583.519460424583,0.504,0.0
12583.519721214374,0.512,-0.016
12583.519982004165,0.504,-0.016
12583.520242793957,0.52,0.0
12583.52050358375,0.504,-0.016
12583.520764373541,0.52,0.0
12583.521025163333,0.504,-0.008
12583.521285953124,0.52,-0.016
12583.521546742915,0.52,-0.016
12583.521807532708,0.536,0.0
12583.5220683225,0.536,0.0
12583.522329112291,0.52,-0.016
12583.522589902082,0.52,-0.008
12583.522850691876,0.536,-0.016
12583.523111481667,0.528,-0.008
12583.523372271458,0.504,-0.016
12583.52363306125,0.504,0.0
12583.523893851041,0.512,-0.016
12583.524154640834,0.504,-0.016
12583.524415430626,0.528,0.0
12583.524676220417,0.512,0.0
12583.524937010208,0.504,-0.016
12583.5251978,0.504,-0.016
12583.525458589793,0.52,0.0
12583.525719379584,0.504,-0.016
12583.525980169376,0.52,0.0
12583.526240959167,0.504,-0.016
12583.52650174896,0.528,0.0
12583.526762538751,0.528,-0.016
12583.527023328543,0.512,0.0
12583.527284118334,0.512,-0.016
12583.527544908125,0.536,-0.008
12583.527805697919,0.504,-0.016
12583.52806648771,0.52,0.0
12583.528327277501,0.504,-0.016
12583.528588067293,0.52,0.0
12583.528848857084,0.52,-0.016
12583.529109646877,0.496,0.0
12583.529370436669,0.504,-0.016
12583.52963122646,0.52,0.0
12583.529892016251,0.504,-0.016
12583.530152806044,0.544,0.0
12583.530413595836,0.528,0.0
12583.530674385627,0.544,-0.016
12583.530935175419,0.528,-0.016
12583.53119596521,0.544,0.0
12583.531456755003,0.528,-0.016
12583.531717544794,0.536,-0.008
12583.531978334586,0.528,-0.016
12583.532239124377,0.536,0.0
12583.532499914169,0.528,-0.016
12583.532760703962,0.536,0.0
12583.533021493753,0.528,-0.016
12583.533282283544,0.544,0.0
12583.533543073336,0.544,-0.016
12583.533803863129,0.528,-0.008
12583.53406465292,0.528,0.0
12583.534325442712,0.544,-0.016
12583.534586232503,0.528,0.0
12583.534847022294,0.544,-0.016
12583.535107812088,0.528,0.0
12583.535368601879,0.544,-0.016
12583.53562939167,0.528,-0.016
12583.535890181462,0.536,-0.008
12583.536150971253,0.528,-0.016
12583.536411761046,0.544,0.0
12583.536672550837,0.528,-0.016
12583.536933340629,0.536,0.0
12583.53719413042,0.528,-0.008
12583.537454920212,0.544,-0.016
12583.537715710005,0.528,-0.016
12583.537976499796,0.544,0.0
12583.538237289587,0.544,0.0
12583.538498079379,0.528,-0.016
12583.538758869172,0.544,-0.008
12583.539019658963,0.528,-0.016
12583.539280448755,0.544,0.0
12583.539541238546,0.528,-0.016
12583.539802028337,0.536,-0.008
12583.54006281813,0.528,-0.016
12583.540323607922,0.528,0.0
12583.540584397713,0.544,-0.016
12583.540845187505,0.544,-0.016
12583.541105977296,0.528,0.0
12583.54136676709,0.528,-0.016
12583.54162755688,0.544,0.0
12583.541888346672,0.528,-0.016
12583.542149136463,0.544,0.0
12583.542409926256,0.528,-0.008
12583.542670716048,0.544,-0.016
12583.542931505839,0.528,-0.008
12583.54319229563,0.544,-0.016
12583.543453085422,0.528,-0.016
12583.543713875215,0.544,0.0
12583.543974665006,0.528,-0.016
12583.544235454798,0.552,-0.008
12583.544496244589,0.528,-0.016
12583.54475703438,0.544,0.0
12583.545017824174,0.536,-0.016
12583.545278613965,0.528,0.0
12583.545539403756,0.544,-0.016
12583.545800193548,0.528,0.0
12583.54606098334,0.528,-0.008
12583.546321773132,0.544,-0.016
12583.546582562924,0.544,-0.016
12583.546843352715,0.528,0.0
12583.547104142506,0.528,-0.016
12583.5473649323,0.544,0.0
12583.54762572209,0.536,-0.016
12583.547886511882,0.528,0.0
12583.548147301673,0.528,-0.016
12583.548408091465,0.544,-0.008
12583.548668881258,0.536,0.0
12583.54892967105,0.528,-0.016
12583.54919046084,0.528,-0.016
12583.549451250632,0.552,0.0
12583.549712040425,0.544,-0.016
12583.549972830217,0.52,-0.008
12583.550233620008,0.528,-0.016
12583.5504944098,0.544,-0.008
12583.55075519959,0.536,-0.008
12583.551015989384,0.512,-0.016
12583.551276779175,0.52,0.0
12583.551537568967,0.528,-0.016
12583.551798358758,0.52,-0.016
12583.55205914855,0.504,0.0
12583.552319938342,0.504,-0.008
12583.552580728134,0.52,-0.016
12583.552841517925,0.52,-0.008
12583.553102307716,0.536,-0.016
12583.55336309751,0.536,-0.008
12583.553623887301,0.52,-0.016
12583.553884677092,0.528,-0.016
12583.554145466884,0.512,-0.008
12583.554406256675,0.52,-0.016
12583.554667046468,0.504,-0.008
12583.55492783626,0.504,-0.016
12583.555188626051,0.52,-0.008
12583.555449415842,0.512,-0.016
12583.555710205634,0.544,0.0
12583.555970995427,0.536,-0.016
12583.556231785218,0.504,0.0
12583.55649257501,0.52,-0.016
12583.5567533648,0.504,0.0
12583.557014154592,0.504,-0.016
12583.557274944385,0.52,0.0
12583.557535734177,0.504,-0.016
12583.557796523968,0.512,0.0
12583.55805731376,0.504,-0.016
12583.558318103553,0.512,0.0
12583.558578893344,0.504,-0.016
12583.558839683135,0.528,0.0
12583.559100472927,0.52,-0.008
12583.559361262718,0.536,-0.016
12583.559622052511,0.536,-0.016
12583.559882842303,0.504,0.0
12583.560143632094,0.512,-0.016
12583.560404421885,0.496,0.0
12583.560665211677,0.504,-0.008
12583.56092600147,0.512,-0.016
12583.561186791261,0.512,-0.016
12583.561447581053,0.496,0.0
12583.561708370844,0.504,-0.016
12583.561969160637,0.52,0.0
12583.562229950428,0.504,-0.016
12583.56249074022,0.512,0.0
12583.562751530011,0.504,-0.008
12583.563012319803,0.528,-0.016
12583.563273109596,0.52,-0.008
12583.563533899387,0.528,-0.016
12583.563794689178,0.52,-0.016
12583.56405547897,0.536,-0.008
12583.564316268761,0.528,-0.016
12583.564577058554,0.52,-0.008
12583.564837848346,0.504,-0.016
12583.565098638137,0.536,0.0
12583.565359427928,0.52,-0.016
12583.565620217722,0.528,0.0
12583.565881007513,0.52,-0.016
12583.566141797304,0.528,0.0
12583.566402587096,0.536,0.0
12583.566663376887,0.504,-0.016
12583.56692416668,0.528,-0.008
12583.567184956471,0.504,0.032
12583.567445746263,0.504,0.024
12583.567706536054,0.512,0.136
12583.567967325846,0.504,0.14400000000000002
12583.568228115639,0.512,0.28
12583.56848890543,0.504,0.28
12583.568749695221,0.512,0.34400000000000003
12583.569010485013,0.504,0.34400000000000003
12583.569271274806,0.512,0.368
12583.569532064597,0.512,0.36
12583.569792854389,0.544,0.376
12583.57005364418,0.52,0.368
12583.570314433971,0.544,0.368
12583.570575223765,0.528,0.368
12583.570836013556,0.544,0.368
12583.571096803347,0.528,0.368
12583.571357593139,0.544,0.368
12583.57161838293,0.544,0.368
12583.571879172723,0.528,0.368
12583.572139962514,0.528,0.368
12583.572400752306,0.544,0.384
12583.572661542097,0.528,0.368
12583.57292233189,0.544,0.368
12583.573183121682,0.528,0.368
12583.573443911473,0.544,0.368
12583.573704701264,0.528,0.368
12583.573965491056,0.536,0.4
12583.574226280849,0.528,0.4
12583.57448707064,0.544,0.432
12583.574747860432,0.528,0.432
12583.575008650223,0.544,0.392
12583.575269440014,0.52,0.392
12583.575530229808,0.544,0.368
12583.575791019599,0.528,0.368
12583.57605180939,0.544,0.376
12583.576312599182,0.528,0.368
12583.576573388973,0.536,0.376
12583.576834178766,0.528,0.368
12583.577094968558,0.544,0.376
12583.577355758349,0.528,0.376
12583.57761654814,0.536,0.368
12583.577877337933,0.528,0.368
12583.578138127725,0.544,0.368
12583.578398917516,0.544,0.368
12583.578659707307,0.528,0.368
12583.578920497099,0.528,0.376
12583.579181286892,0.544,0.368
12583.579442076683,0.544,0.368
12583.579702866475,0.528,0.376
12583.579963656266,0.528,0.368
12583.580224446057,0.544,0.376
12583.58048523585,0.528,0.368
12583.580746025642,0.544,0.376
12583.581006815433,0.528,0.368
12583.581267605225,0.536,0.376
12583.581528395018,0.544,0.368
12583.58178918481,0.528,0.376
12583.5820499746,0.528,0.368
12583.582310764392,0.544,0.376
12583.582571554183,0.528,0.376
12583.582832343976,0.544,0.368
12583.583093133768,0.528,0.368
12583.58335392356,0.544,0.368
12583.58361471335,0.528,0.368
12583.583875503142,0.544,0.376
12583.584136292935,0.528,0.376
12583.584397082726,0.544,0.368
12583.584657872518,0.528,0.368
12583.584918662309,0.544,0.368
12583.585179452102,0.544,0.368
12583.585440241894,0.528,0.376
12583.585701031685,0.552,0.368
12583.585961821476,0.528,0.376
12583.586222611268,0.528,0.368
12583.58648340106,0.544,0.368
12583.586744190852,0.536,0.368
12583.587004980644,0.528,0.376
12583.587265770435,0.536,0.368
12583.587526560226,0.528,0.376
12583.58778735002,0.536,0.368
12583.58804813981,0.528,0.368
12583.588308929602,0.544,0.368
12583.588569719393,0.528,0.376
12583.588830509187,0.528,0.368
12583.589091298978,0.544,0.376
12583.58935208877,0.528,0.368
12583.58961287856,0.544,0.368
12583.589873668352,0.528,0.368
12583.590134458145,0.544,0.376
12583.590395247937,0.528,0.368
12583.590656037728,0.544,0.368
12583.59091682752,0.544,0.368
12583.59117761731,0.528,0.376
12583.591438407104,0.536,0.368
12583.591699196895,0.552,0.376
12583.591959986687,0.536,0.368
12583.592220776478,0.528,0.368
12583.592481566271,0.528,0.368
12583.592742356062,0.544,0.368
12583.593003145854,0.528,0.376
12583.593263935645,0.544,0.368
12583.593524725437,0.544,0.368
12583.59378551523,0.528,0.376
12583.594046305021,0.544,0.368
12583.594307094812,0.528,0.376
12583.594567884604,0.528,0.368
12583.594828674395,0.544,0.376
12583.595089464188,0.536,0.368
12583.59535025398,0.528,0.376
12583.595611043771,0.528,0.368
12583.595871833562,0.544,0.368
12583.596132623354,0.528,0.368
12583.596393413147,0.544,0.376
12583.596654202938,0.544,0.368
12583.59691499273,0.528,0.376
12583.597175782521,0.528,0.368
12583.597436572314,0.544,0.392
12583.597697362105,0.528,0.392
12583.597958151897,0.544,0.432
12583.598218941688,0.544,0.424
12583.59847973148,0.528,0.44
12583.598740521273,0.528,0.44
12583.599001311064,0.544,0.424
12583.599262100855,0.552,0.424
12583.599522890647,0.528,0.44
12583.599783680438,0.544,0.44
12583.600044470231,0.528,0.41600000000000004
12583.600305260023,0.536,0.40800000000000003
12583.600566049814,0.528,0.432
12583.600826839605,0.528,0.41600000000000004
12583.601087629399,0.544,0.44
12583.60134841919,0.544,0.424
12583.601609208981,0.528,0.44
12583.601869998773,0.544,0.424
12583.602130788564,0.528,0.44
12583.602391578357,0.528,0.44
12583.602652368148,0.552,0.424
12583.60291315794,0.536,0.44
12583.603173947731,0.544,0.424
12583.603434737523,0.544,0.44
12583.603695527316,0.528,0.424
12583.603956317107,0.544,0.424
12583.604217106898,0.528,0.44
12583.60447789669,0.528,0.432
12583.604738686483,0.544,0.41600000000000004
12583.604999476274,0.544,0.424
12583.605260266066,0.528,0.44
12583.605521055857,0.544,0.44
12583.605781845648,0.528,0.424
12583.606042635442,0.536,0.44
12583.606303425233,0.544,0.41600000000000004
12583.606564215024,0.544,0.432
12583.606825004816,0.528,0.40800000000000003
12583.607085794607,0.536,0.432
12583.6073465844,0.552,0.4
12583.607607374192,0.536,0.392
12583.607868163983,0.544,0.424
12583.608128953774,0.536,0.424
12583.608389743567,0.544,0.4
12583.608650533359,0.544,0.4
12583.60891132315,0.536,0.376
12583.609172112941,0.544,0.384
12583.609432902733,0.528,0.41600000000000004
12583.609693692526,0.528,0.41600000000000004
12583.609954482317,0.544,0.44
12583.610215272109,0.536,0.432
12583.6104760619,0.552,0.4
12583.610736851691,0.536,0.4
12583.610997641485,0.544,0.376
12583.611258431276,0.544,0.384
12583.611519221067,0.528,0.376
12583.611780010859,0.552,0.384
12583.612040800652,0.528,0.41600000000000004
12583.612301590443,0.544,0.41600000000000004
12583.612562380235,0.528,0.376
12583.612823170026,0.544,0.376
12583.613083959817,0.528,0.368
12583.61334474961,0.536,0.376
12583.613605539402,0.528,0.392
12583.617883443832,0.528,0.0
12583.61812582016,0.544,-0.016
12583.618368196487,0.528,0.0
12583.618610572816,0.544,-0.016
12583.618852949143,0.528,0.0
12583.61909532547,0.536,-0.016
12583.619337701797,0.536,0.0
12583.619580078124,0.528,-0.016
12583.619822454453,0.528,0.0
12583.62006483078,0.544,-0.016
12583.620307207108,0.544,0.0
12583.620549583435,0.528,-0.016
12583.620791959762,0.528,0.0
12583.62103433609,0.544,-0.016
12583.621276712418,0.528,0.0
12583.621519088745,0.544,-0.016
12583.621761465072,0.528,0.0
12583.6220038414,0.544,-0.016
12583.622246217728,0.544,0.0
12583.622488594056,0.528,-0.016
12583.622730970383,0.536,-0.008
12583.62297334671,0.528,0.016
12583.623215723037,0.544,0.016
12583.623458099366,0.528,0.096
12583.623700475693,0.528,0.10400000000000001
12583.62394285202,0.536,0.256
12583.624185228347,0.528,0.256
12583.624427604675,0.544,0.376
12583.624669981004,0.528,0.376
12583.62491235733,0.544,0.4
12583.625154733658,0.528,0.392
12583.625397109985,0.544,0.376
12583.625639486312,0.544,0.376
12583.625881862641,0.528,0.4
12583.626124238968,0.544,0.4
12583.626366615295,0.528,0.432
12583.626608991623,0.536,0.432
12583.62685136795,0.528,0.384
12583.627093744279,0.544,0.392
12583.627336120606,0.528,0.376
12583.627578496933,0.544,0.376
12583.62782087326,0.528,0.392
12583.628063249587,0.544,0.376
12583.628305625916,0.528,0.392
12583.628548002243,0.528,0.392
12583.62879037857,0.544,0.41600000000000004
12583.629032754898,0.528,0.392
12583.629275131225,0.544,0.384
12583.629517507554,0.544,0.384
12583.629759883881,0.528,0.424
12583.630002260208,0.528,0.424
12583.630244636535,0.544,0.44
12583.630487012862,0.528,0.424
12583.630729389191,0.552,0.448
12583.630971765519,0.544,0.448
12583.631214141846,0.528,0.41600000000000004
12583.631456518173,0.528,0.41600000000000004
12583.6316988945,0.544,0.44
12583.631941270829,0.544,0.432
12583.632183647156,0.528,0.41600000000000004
12583.632426023483,0.544,0.41600000000000004
12583.63266839981,0.528,0.44
12583.632910776138,0.544,0.424
12583.633153152467,0.528,0.384
12583.633395528794,0.544,0.384
12583.63363790512,0.528,0.40800000000000003
12583.633880281448,0.536,0.40800000000000003
12583.634122657775,0.528,0.44
12583.634365034104,0.536,0.448
12583.634607410431,0.528,0.424
12583.634849786758,0.536,0.41600000000000004
12583.635092163086,0.528,0.44
12583.635334539413,0.552,0.44
12583.635576915742,0.528,0.424
12583.635819292069,0.544,0.424
12583.636061668396,0.528,0.44
12583.636304044723,0.544,0.432
12583.63654642105,0.528,0.44
12583.63678879738,0.544,0.44
12583.637031173706,0.528,0.384
12583.637273550034,0.528,0.392
12583.63751592636,0.544,0.376
12583.637758302688,0.552,0.384
12583.638000679017,0.528,0.40800000000000003
12583.638243055344,0.544,0.40800000000000003
12583.638485431671,0.528,0.376
12583.638727807998,0.528,0.392
12583.638970184325,0.544,0.432
12583.639212560654,0.536,0.41600000000000004
12583.639454936982,0.544,0.448
12583.639697313309,0.536,0.424
12583.639939689636,0.544,0.44
12583.640182065963,0.552,0.424
12583.640424442292,0.528,0.44
12583.64066681862,0.544,0.432
12583.640909194946,0.528,0.448
12583.641151571273,0.544,0.432
12583.6413939476,0.528,0.448
12583.64163632393,0.528,0.44
12583.641878700257,0.552,0.432
12583.642121076584,0.544,0.44
12583.642363452911,0.528,0.424
12583.642605829238,0.528,0.432
12583.642848205567,0.544,0.44
12583.643090581894,0.544,0.432
12583.643332958221,0.528,0.448
12583.643575334549,0.528,0.44
12583.643817710876,0.544,0.41600000000000004
12583.644060087205,0.536,0.424
12583.644302463532,0.528,0.44
12583.644544839859,0.528,0.432
12583.644787216186,0.544,0.448
12583.645029592513,0.528,0.448
12583.645271968842,0.552,0.41600000000000004
12583.64551434517,0.528,0.448
12583.645756721497,0.544,0.41600000000000004
12583.645999097824,0.528,0.424
12583.64624147415,0.544,0.44
12583.64648385048,0.544,0.424
12583.646726226807,0.528,0.44
12583.646968603134,0.544,0.432
12583.647210979461,0.528,0.40800000000000003
12583.647453355788,0.536,0.424
12583.647695732117,0.544,0.44
12583.647938108445,0.544,0.432
12583.648180484772,0.528,0.448
12583.648422861099,0.536,0.44
12583.648665237426,0.528,0.392
12583.648907613755,0.536,0.392
12583.649149990082,0.552,0.376
12583.64939236641,0.544,0.376
12583.649634742736,0.528,0.392
12583.649877119064,0.528,0.384
12583.650119495393,0.544,0.424
12583.65036187172,0.528,0.40800000000000003
12583.650604248047,0.552,0.384
12583.650846624374,0.544,0.384
12583.651089000701,0.528,0.432
12583.65133137703,0.536,0.424
12583.651573753357,0.528,0.44
12583.651816129684,0.552,0.448
12583.652058506012,0.528,0.41600000000000004
12583.652300882339,0.544,0.44
12583.652543258668,0.528,0.40800000000000003
12583.652785634995,0.528,0.4
12583.653028011322,0.544,0.376
12583.65327038765,0.528,0.376
12583.653512763976,0.544,0.384
12583.653755140305,0.536,0.368
12583.653997516632,0.544,0.376
12583.65423989296,0.544,0.376
12583.654482269287,0.528,0.376
12583.654724645614,0.528,0.376
12583.654967021943,0.552,0.376
12583.65520939827,0.536,0.376
12583.655451774597,0.544,0.376
12583.655694150924,0.544,0.376
12583.655936527251,0.528,0.376
12583.65617890358,0.528,0.376
12583.656421279908,0.544,0.368
12583.656663656235,0.544,0.376
12583.656906032562,0.528,0.368
12583.657148408889,0.528,0.384
12583.657390785218,0.552,0.368
12583.657633161545,0.544,0.376
12583.657875537872,0.528,0.384
12583.6581179142,0.544,0.376
12583.658360290527,0.528,0.376
12583.658602666856,0.536,0.376
12583.658845043183,0.544,0.384
12583.65908741951,0.528,0.376
12583.659329795837,0.544,0.376
12583.659572172164,0.552,0.376
12583.659814548493,0.528,0.376
12583.66005692482,0.536,0.376
12583.660299301147,0.552,0.384
12583.660541677475,0.544,0.376
12583.660784053802,0.528,0.376
12583.66102643013,0.544,0.376
12583.661268806458,0.528,0.384
12583.661511182785,0.552,0.376
12583.661753559112,0.528,0.376
12583.66199593544,0.528,0.376
12583.662238311768,0.544,0.376
12583.662480688095,0.528,0.376
12583.662723064423,0.552,0.376
12583.66296544075,0.536,0.376
12583.663207817077,0.544,0.384
12583.663450193406,0.528,0.376
12583.663692569733,0.544,0.376
12583.66393494606,0.544,0.376
12583.664177322387,0.528,0.384
12583.664419698714,0.544,0.376
12583.664662075043,0.528,0.376
12583.66490445137,0.544,0.376
12583.665146827698,0.536,0.384
12583.665389204025,0.544,0.376
12583.665631580352,0.528,0.384
12583.665873956681,0.544,0.384
12583.666116333008,0.528,0.376
12583.666358709335,0.536,0.376
12583.666601085662,0.552,0.384
12583.66684346199,0.544,0.376
12583.667085838319,0.528,0.368
12583.667328214646,0.528,0.376
12583.667570590973,0.544,0.384
12583.6678129673,0.528,0.376
12583.668055343627,0.544,0.384
12583.668297719956,0.536,0.376
12583.668540096283,0.544,0.376
12583.66878247261,0.544,0.376
12583.669024848938,0.528,0.384
12583.669267225265,0.528,0.376
12583.669509601594,0.552,0.376
12583.66975197792,0.544,0.376
12583.669994354248,0.528,0.376
12583.670236730575,0.536,0.376
12583.670479106902,0.528,0.376
12583.670721483231,0.536,0.376
12583.670963859558,0.528,0.384
12583.671206235886,0.528,0.376
12583.671448612213,0.544,0.376
12583.67169098854,0.536,0.376
12583.671933364869,0.544,0.368
12583.672175741196,0.528,0.376
12583.672418117523,0.552,0.384
12583.67266049385,0.528,0.376
12583.672902870177,0.544,0.376
12583.673145246506,0.536,0.376
12583.673387622834,0.544,0.384
12583.67362999916,0.544,0.376
12583.673872375488,0.528,0.384
12583.674114751815,0.544,0.376
12583.674357128144,0.528,0.384
12583.674599504471,0.552,0.376
12583.674841880798,0.528,0.376
12583.675084257125,0.536,0.376
12583.675326633453,0.528,0.384
12583.675569009782,0.528,0.376
12583.675811386109,0.552,0.384
12583.676053762436,0.544,0.376
12583.676296138763,0.528,0.384
12583.67653851509,0.528,0.376
12583.67678089142,0.544,0.376
12583.677023267746,0.528,0.376
12583.677265644073,0.544,0.384
12583.6775080204,0.544,0.376
12583.677750396728,0.528,0.384
12583.677992773057,0.544,0.376
12583.678235149384,0.528,0.384
12583.678477525711,0.544,0.376
12583.678719902038,0.528,0.384
12583.678962278365,0.552,0.376
12583.679204654694,0.528,0.376
12583.679447031021,0.528,0.376
12583.679689407349,0.544,0.376
12583.679931783676,0.528,0.376
12583.680174160003,0.544,0.376
12583.680416536332,0.536,0.376
12583.680658912659,0.528,0.376
12583.680901288986,0.536,0.376
12583.681143665313,0.544,0.376
12583.68138604164,0.544,0.376
12583.68162841797,0.528,0.376
12583.681870794297,0.528,0.376
12583.682113170624,0.544,0.384
12583.682355546951,0.544,0.376
12583.682597923278,0.528,0.384
12583.682840299607,0.528,0.376
12583.683082675934,0.544,0.368
12583.683325052261,0.544,0.36
12583.683567428589,0.528,0.312
12583.683809804916,0.544,0.304
12583.684052181245,0.528,0.176
12583.684294557572,0.544,0.168
12583.684536933899,0.528,0.056
12583.684779310226,0.544,0.048
12583.685021686553,0.536,0.016
12583.685264062882,0.536,0.016
12583.68550643921,0.528,-0.008
12583.685748815536,0.544,0.0
12583.685991191864,0.528,-0.008
12583.68623356819,0.536,0.0
12583.68647594452,0.528,-0.008
12583.686718320847,0.544,-0.008
12583.686960697174,0.528,0.0
12583.687203073501,0.544,-0.008
12583.687445449828,0.528,0.0
12583.687687826157,0.544,-0.008
12583.687930202484,0.528,0.0
12583.688172578812,0.544,0.0
12583.688414955139,0.528,-0.008
12583.688657331466,0.528,-0.008
12583.688899707795,0.544,0.0
12583.689142084122,0.544,0.0
12583.68938446045,0.528,-0.008
12583.689626836776,0.544,0.0
12583.689869213104,0.528,-0.008
12583.690111589432,0.528,-0.008
12583.69035396576,0.544,0.0
12583.690596342087,0.536,0.0
12583.690838718414,0.544,-0.008
12583.691081094741,0.528,0.0
12583.69132347107,0.544,-0.008
12583.691565847397,0.544,-0.008
12583.691808223724,0.528,0.0
12583.692050600052,0.544,-0.008
12583.692292976379,0.528,0.0
12583.692535352708,0.544,0.0
12583.692777729035,0.528,-0.016
12583.693020105362,0.544,-0.016
12583.693262481689,0.528,0.0
12583.693504858016,0.528,-0.016
12583.693747234345,0.544,0.0
12583.693989610672,0.528,0.0
12583.694231987,0.552,-0.016
12583.694474363327,0.544,0.0
12583.694716739654,0.528,-0.008
12583.694959115983,0.536,-0.008
12583.69520149231,0.528,0.0
12583.695443868637,0.544,0.0
12583.695686244964,0.528,-0.016
12583.695928621291,0.536,0.0
12583.69617099762,0.528,-0.016
12583.696413373948,0.544,-0.008
12583.696655750275,0.528,0.0
12583.696898126602,0.528,0.0
12583.697140502929,0.544,-0.008
12583.697382879258,0.528,-0.008
12583.697625255585,0.544,0.0
12583.697867631912,0.528,-0.008
12583.69811000824,0.544,0.0
12583.698352384567,0.528,0.0
12583.698594760896,0.552,-0.008
12583.698837137223,0.536,0.0
12583.69907951355,0.528,-0.008
12583.699321889877,0.528,0.0
12583.699564266204,0.544,-0.016
12583.699806642533,0.528,0.0
12583.70004901886,0.544,-0.008
12583.700291395187,0.528,0.0
12583.700533771515,0.544,-0.008
12583.700776147842,0.544,-0.008
12583.70101852417,0.528,0.0
12583.701260900498,0.528,-0.008
12583.701503276825,0.552,0.0
12583.701745653152,0.544,-0.016
12583.70198802948,0.528,0.0
12583.702230405808,0.528,0.0
12583.702472782135,0.552,-0.008
12583.702715158463,0.536,0.0
12583.70295753479,0.528,-0.008
12583.703199911117,0.528,0.0
12583.703442287446,0.544,-0.008
12583.703684663773,0.536,-0.008
12583.7039270401,0.544,0.0
12583.704169416427,0.544,0.0
12583.704411792754,0.528,-0.016
12583.704654169083,0.528,-0.008
12583.70489654541,0.544,0.0
12583.705138921738,0.528,0.0
12583.705381298065,0.552,-0.016
12583.705623674392,0.544,0.0
12583.705866050721,0.528,-0.016
12583.706108427048,0.544,0.0
12583.706350803375,0.528,-0.008
12583.706593179702,0.544,0.0
12583.70683555603,0.528,-0.016
12583.707077932359,0.544,-0.008
12583.707320308686,0.528,0.0
12583.707562685013,0.528,0.0
12583.70780506134,0.544,-0.008
12583.708047437667,0.552,-0.008
12583.708289813996,0.528,0.0
12583.708532190323,0.528,0.0
12583.70877456665,0.552,-0.016
12583.709016942978,0.528,0.0
12583.709259319305,0.544,-0.016
12583.709501695634,0.544,0.0
12583.70974407196,0.528,-0.016
12583.709986448288,0.536,0.0
12583.710228824615,0.52,-0.016
12583.710471200942,0.536,0.0
12583.710713577271,0.512,-0.016
12583.710955953598,0.512,-0.008
12583.711198329926,0.528,0.0
12583.711440706253,0.52,0.0
12583.71168308258,0.536,-0.016
12583.711925458909,0.52,-0.008
12583.712167835236,0.504,0.0
12583.712410211563,0.504,0.0
12583.71265258789,0.52,-0.008
12583.712894964217,0.504,0.0
12583.713137340546,0.528,-0.008
12583.713379716874,0.504,0.0
12583.7136220932,0.52,-0.016
12583.713864469528,0.504,-0.008
12583.714106845855,0.52,0.0
12583.714349222184,0.504,-0.008
12583.714591598511,0.52,0.0
12583.714833974838,0.504,0.0
12583.715076351165,0.52,-0.016
12583.715318727493,0.512,0.0
12583.715561103822,0.504,-0.016
12583.715803480149,0.504,0.0
12583.716045856476,0.52,-0.016
12583.716288232803,0.504,0.0
12583.71653060913,0.52,-0.016
12583.71677298546,0.512,-0.008
12583.717015361786,0.504,0.0
12583.717257738113,0.504,0.0
12583.71750011444,0.52,-0.016
12583.717742490768,0.504,0.0
12583.717984867097,0.52,-0.016
12583.718227243424,0.504,-0.016
12583.718469619751,0.52,0.0
12583.718711996078,0.504,0.0
12583.718954372405,0.512,-0.008
12583.719196748734,0.52,-0.016
12583.719439125061,0.496,0.0
12583.719681501389,0.512,0.0
12583.719923877716,0.496,-0.016
12583.720166254043,0.504,0.0
12583.720408630372,0.536,-0.016
12583.720651006699,0.528,0.0
12583.720893383026,0.512,-0.016
12583.721135759353,0.504,-0.016
12583.72137813568,0.512,0.0
12583.72162051201,0.504,-0.008
12583.721862888337,0.512,0.0
12583.722105264664,0.496,-0.008
12583.72234764099,0.512,0.0
12583.722590017318,0.512,-0.016
12583.722832393647,0.496,0.0
12583.723074769974,0.512,0.0
12583.723317146301,0.496,-0.016
12583.723559522628,0.496,0.0
12583.723801898956,0.512,-0.016
12583.724044275285,0.496,0.0
12583.724286651612,0.512,-0.016
12583.724529027939,0.496,0.0
12583.724771404266,0.512,-0.016
12583.725013780593,0.512,-0.016
12583.725256156922,0.528,0.0
12583.72549853325,0.512,-0.008
12583.725740909576,0.536,0.0
12583.725983285904,0.496,0.0
12583.72622566223,0.528,-0.016
12583.72646803856,0.512,-0.016
12583.726710414887,0.528,0.0
12583.726952791214,0.528,-0.016
12583.727195167541,0.504,0.0
12583.727437543868,0.512,-0.016
12583.727679920197,0.496,0.0
12583.727922296524,0.512,0.0
12583.728164672852,0.496,-0.016
12583.728407049179,0.52,-0.016
12583.728649425506,0.496,0.0
12583.728891801835,0.504,-0.016
12583.729134178162,0.52,0.0
12583.72937655449,0.52,0.0
12583.729618930816,0.536,-0.016
12583.729861307143,0.528,0.0
12583.730103683472,0.504,-0.016
12583.7303460598,0.504,-0.016
12583.730588436127,0.512,0.0
12583.730830812454,0.52,0.0
12583.731073188781,0.496,-0.016
12583.73131556511,0.512,0.0
12583.731557941437,0.496,-0.016
12583.731800317764,0.496,-0.008
12583.732042694091,0.512,0.0
12583.732285070419,0.52,0.0
12583.732527446748,0.496,-0.016
12583.732769823075,0.496,0.0
12583.733012199402,0.512,-0.016
12583.733254575729,0.504,0.0
12583.733496952056,0.496,-0.016
12583.733739328385,0.52,-0.016
12583.733981704712,0.496,0.0
12583.73422408104,0.512,0.0
12583.734466457367,0.528,-0.016
12583.734708833694,0.528,0.0
12583.734951210023,0.512,-0.016
12583.73519358635,0.52,0.0
12583.735435962677,0.504,-0.016
12583.735678339004,0.512,-0.008
12583.735920715331,0.496,0.0
12583.73616309166,0.512,-0.016
12583.736405467987,0.496,0.0
12583.736647844315,0.504,0.0
12583.736890220642,0.496,-0.016
12583.737132596969,0.512,0.0
12583.737374973298,0.496,-0.016
12583.737617349625,0.504,0.0
12583.737859725952,0.52,-0.016
12583.73810210228,0.528,0.0
12583.738344478606,0.512,-0.016
12583.738586854935,0.52,-0.016
12583.738829231263,0.504,0.0
12583.73907160759,0.504,-0.008
12583.739313983917,0.536,0.0
12583.739556360244,0.536,0.0
12583.739798736573,0.52,-0.016
12583.7400411129,0.52,0.0
12583.740283489227,0.528,-0.016
12583.740525865554,0.52,0.0
12583.740768241882,0.536,-0.016
12583.74101061821,0.52,0.0
12583.741252994538,0.536,-0.016
12583.741495370865,0.52,0.0
12583.741737747192,0.536,-0.016
12583.74198012352,0.528,-0.016
12583.742222499848,0.504,0.0
12583.742464876175,0.512,0.0
12583.742707252502,0.504,-0.016
12583.74294962883,0.512,-0.016
12583.743192005157,0.496,0.0
12583.743434381486,0.504,-0.008
12583.743676757813,0.52,0.0
12583.74391913414,0.504,-0.008
12583.744161510467,0.496,0.016
12583.744403886794,0.504,0.016
12583.744646263123,0.496,0.12
12583.74488863945,0.504,0.12
12583.745131015778,0.512,0.296
12583.745373392105,0.512,0.296
12583.745615768432,0.496,0.384
12583.74585814476,0.496,0.384
12583.746100521088,0.52,0.424
12583.746342897415,0.512,0.41600000000000004
12583.746585273742,0.528,0.432
12583.74682765007,0.528,0.424
12583.747070026398,0.52,0.44
12583.747312402726,0.536,0.424
12583.747554779053,0.512,0.384
12583.74779715538,0.512,0.384
12583.748039531707,0.528,0.424
12583.748281908036,0.512,0.41600000000000004
12583.748524284363,0.528,0.44
12583.74876666069,0.52,0.432
12583.749009037017,0.504,0.448
12583.749251413345,0.504,0.432
12583.749493789674,0.512,0.41600000000000004
12583.749736166,0.512,0.424
12583.749978542328,0.496,0.44
12583.750220918655,0.504,0.44
12583.750463294982,0.52,0.432
12583.750705671311,0.504,0.424
12583.750948047638,0.52,0.448
12583.751190423965,0.528,0.432
12583.751432800293,0.512,0.448
12583.75167517662,0.52,0.432
12583.751917552949,0.536,0.448
12583.752159929276,0.528,0.44
12583.752402305603,0.512,0.424
12583.75264468193,0.504,0.432
12583.752887058257,0.528,0.448
12583.753129434586,0.528,0.44
12583.753371810913,0.504,0.41600000000000004
12583.75361418724,0.512,0.4
12583.753856563568,0.528,0.44
12583.754098939895,0.52,0.44
12583.754341316224,0.528,0.424
12583.754583692551,0.536,0.40800000000000003
12583.754826068878,0.512,0.376
12583.755068445205,0.512,0.376
12583.755310821532,0.504,0.384
12583.755553197861,0.504,0.368
12583.755795574189,0.52,0.376
12583.756037950516,0.512,0.368
12583.756280326843,0.528,0.376
12583.75652270317,0.528,0.376
12583.756765079499,0.512,0.376
12583.757007455826,0.512,0.376
12583.757249832153,0.504,0.376
12583.75749220848,0.504,0.376
12583.757734584808,0.52,0.376
12583.757976961137,0.512,0.376
12583.758219337464,0.504,0.384
12583.75846171379,0.504,0.376
12583.758704090118,0.52,0.384
12583.758946466445,0.512,0.376
12583.759188842774,0.496,0.368
12583.759431219101,0.512,0.376
12583.759673595428,0.496,0.384
12583.759915971756,0.504,0.384
12583.760158348083,0.512,0.376
12583.760400724412,0.512,0.376
12583.760643100739,0.496,0.376
12583.760885477066,0.496,0.376
12583.761127853393,0.512,0.376
12583.76137022972,0.496,0.376
12583.76161260605,0.512,0.384
12583.761854982376,0.504,0.376
12583.762097358704,0.496,0.376
12583.76233973503,0.52,0.376
12583.762582111358,0.496,0.384
12583.762824487687,0.496,0.376
12583.763066864014,0.512,0.376
12583.763309240341,0.504,0.376
12583.763551616668,0.52,0.376
12583.763793992995,0.504,0.384
12583.764036369324,0.496,0.368
12583.764278745652,0.496,0.376
12583.764521121979,0.512,0.376
12583.764763498306,0.496,0.376
12583.765005874633,0.52,0.376
12583.765248250962,0.528,0.376
12583.76549062729,0.496,0.384
12583.765733003616,0.504,0.376
12583.765975379943,0.52,0.384
12583.76621775627,0.52,0.376
12583.7664601326,0.504,0.384
12583.766702508927,0.504,0.376
12583.766944885254,0.496,0.384
12583.767187261581,0.496,0.376
12583.767429637908,0.52,0.384
12583.767672014237,0.52,0.376
12583.767914390564,0.496,0.376
12583.768156766891,0.496,0.376
12583.768399143219,0.52,0.384
12583.768641519546,0.512,0.376
12583.768883895875,0.536,0.368
12583.769126272202,0.528,0.376
12583.769368648529,0.512,0.384
12583.769611024856,0.504,0.376
12583.769853401183,0.528,0.384
12583.770095777512,0.52,0.376
12583.77033815384,0.504,0.376
12583.770580530167,0.504,0.376
12583.770822906494,0.528,0.376
12583.771065282821,0.528,0.376
12583.77130765915,0.504,0.368
12583.771550035477,0.504,0.376
12583.771792411804,0.52,0.376
12583.772034788131,0.512,0.376
12583.772277164459,0.52,0.384
12583.772519540787,0.512,0.376
12583.772761917115,0.536,0.376
12583.773004293442,0.528,0.376
12583.773246669769,0.536,0.384
12583.773489046096,0.528,0.376
12583.773731422425,0.536,0.368
12583.773973798752,0.52,0.376
12583.77421617508,0.544,0.384
12583.774458551406,0.528,0.376
12583.774700927734,0.544,0.376
12583.774943304063,0.528,0.376
12583.77518568039,0.536,0.384
12583.775428056717,0.528,0.376
12583.775670433044,0.544,0.384
12583.775912809371,0.536,0.376
12583.7761551857,0.528,0.384
12583.776397562027,0.528,0.376
12583.776639938354,0.544,0.384
12583.776882314682,0.528,0.368
12583.777124691009,0.544,0.384
12583.777367067338,0.544,0.376
12583.777609443665,0.528,0.384
12583.777851819992,0.528,0.376
12583.77809419632,0.544,0.384
12583.778336572646,0.528,0.384
12583.778578948975,0.544,0.368
12583.778821325302,0.528,0.376
12583.77906370163,0.536,0.384
12583.779306077957,0.528,0.384
12583.779548454284,0.544,0.376
12583.779790830613,0.528,0.376
12583.78003320694,0.544,0.376
12583.780275583267,0.528,0.376
12583.780517959594,0.544,0.376
12583.780760335922,0.528,0.376
12583.78100271225,0.544,0.376
12583.781245088578,0.528,0.376
12583.781487464905,0.544,0.376
12583.781729841232,0.528,0.376
12583.781972217559,0.544,0.376
12583.782214593888,0.528,0.376
12583.782456970215,0.544,0.376
12583.782699346542,0.528,0.376
12583.78294172287,0.544,0.384
12583.783184099197,0.528,0.376
12583.783426475526,0.544,0.392
12583.783668851853,0.528,0.376
12583.78391122818,0.536,0.376
12583.784153604507,0.528,0.376
12583.784395980834,0.544,0.384
12583.784638357163,0.528,0.376
12583.78488073349,0.544,0.384
12583.785123109818,0.544,0.376
12583.785365486145,0.528,0.376
12583.785607862472,0.528,0.376
12583.7858502388,0.544,0.376
12583.786092615128,0.536,0.376
12583.786334991455,0.528,0.384
12583.786577367782,0.528,0.384
12583.78681974411,0.536,0.4
12583.787062120438,0.536,0.384
12583.787304496766,0.528,0.4
12583.787546873093,0.528,0.4
12583.78778924942,0.544,0.432
12583.788031625747,0.544,0.44
12583.788274002076,0.528,0.41600000000000004
12583.788516378403,0.544,0.41600000000000004
12583.78875875473,0.528,0.44
12583.789001131057,0.528,0.41600000000000004
12583.789243507385,0.544,0.44
12583.789485883713,0.528,0.44
12583.78972826004,0.544,0.41600000000000004
12583.789970636368,0.528,0.41600000000000004
12583.790213012695,0.544,0.384
12583.790455389022,0.528,0.376
12583.790697765351,0.544,0.392
12583.790940141678,0.544,0.392
12583.791182518005,0.528,0.41600000000000004
12583.791424894333,0.544,0.392
12583.79166727066,0.528,0.376
12583.791909646989,0.528,0.376
12583.792152023316,0.544,0.384
12583.792394399643,0.528,0.376
12583.79263677597,0.544,0.376
12583.792879152297,0.528,0.368
12583.793121528626,0.544,0.384
12583.793363904953,0.528,0.384
12583.79360628128,0.544,0.376
12583.793848657608,0.544,0.384
12583.794091033935,0.528,0.40800000000000003
12583.794333410264,0.544,0.41600000000000004
12583.794575786591,0.528,0.384
12583.794818162918,0.552,0.392
12583.795060539245,0.528,0.376
12583.795302915572,0.544,0.376
12583.795545291901,0.528,0.376
12583.795787668229,0.528,0.376
12583.796030044556,0.544,0.368
12583.796272420883,0.536,0.376
12583.79651479721,0.528,0.376
12583.796757173539,0.536,0.376
12583.796999549866,0.528,0.384
12583.797241926193,0.544,0.376
12583.79748430252,0.528,0.376
12583.797726678848,0.544,0.376
12583.797969055177,0.528,0.368
12583.798211431504,0.528,0.376
12583.79845380783,0.544,0.384
12583.798696184158,0.528,0.376
12583.798938560485,0.544,0.384
12583.799180936814,0.528,0.384
12583.799423313141,0.544,0.376
12583.799665689468,0.544,0.376
12583.799908065796,0.528,0.384
12583.800150442123,0.528,0.376
12583.800392818452,0.552,0.384
12583.800635194779,0.544,0.376
12583.800877571106,0.528,0.376
12583.801119947433,0.528,0.376
12583.80136232376,0.552,0.392
12583.80160470009,0.544,0.368
12583.801847076416,0.528,0.384
12583.802089452744,0.544,0.368
12583.80233182907,0.528,0.384
12583.802574205398,0.528,0.368
12583.802816581727,0.544,0.376
12583.803058958054,0.536,0.368
12583.803301334381,0.544,0.384
12583.803543710708,0.528,0.376
12583.803786087035,0.544,0.384
12583.804028463364,0.528,0.384
12583.804270839692,0.552,0.368
12583.804513216019,0.544,0.36
12583.804755592346,0.528,0.304
12583.804997968673,0.528,0.296
12583.805240345002,0.552,0.176
12583.80548272133,0.552,0.168
12583.805725097656,0.528,0.056
12583.805967473983,0.544,0.056
12583.80620985031,0.528,0.016
12583.80645222664,0.528,0.016
12583.806694602967,0.552,-0.008
12583.806936979294,0.544,-0.008
12583.807179355621,0.528,0.0
12583.807421731948,0.544,-0.008
12583.807664108277,0.528,0.0
12583.807906484604,0.504,0.0
12583.808148860931,0.536,-0.008
12583.808391237259,0.528,0.0
12583.808633613586,0.512,-0.008
12583.808875989915,0.512,-0.008
12583.809118366242,0.536,0.0
12583.809360742569,0.536,0.0
12583.809603118896,0.512,-0.008
12583.809845495223,0.528,-0.008
12583.810087871552,0.552,0.0
12583.81033024788,0.528,-0.008
12583.810572624207,0.544,0.0
12583.810815000534,0.536,0.0
12583.81105737686,0.528,-0.008
12583.81129975319,0.528,-0.008
12583.811542129517,0.544,0.0
12583.811784505844,0.528,0.0
12583.812026882171,0.544,-0.008
12583.812269258498,0.528,0.0
12583.812511634827,0.544,-0.008
12583.812754011155,0.528,0.0
12583.812996387482,0.544,-0.008
12583.813238763809,0.552,-0.008
12583.813481140136,0.528,0.0
12583.813723516465,0.528,0.0
12583.813965892792,0.544,-0.008
12583.81420826912,0.544,-0.016
12583.814450645446,0.528,0.0
12583.814693021774,0.544,-0.008
12583.814935398103,0.528,0.0
12583.81517777443,0.536,0.0
12583.815420150757,0.528,-0.008
12583.815662527084,0.544,0.0
12583.815904903411,0.528,-0.008
12583.81614727974,0.544,-0.008
12583.816389656067,0.528,0.0
12583.816632032394,0.536,0.0
12583.816874408722,0.552,-0.008
12583.817116785049,0.528,0.0
12583.817359161378,0.544,-0.016
12583.817601537705,0.528,0.0
12583.817843914032,0.544,-0.008
12583.81808629036,0.552,-0.008
12583.818328666686,0.528,0.0
12583.818571043015,0.536,0.0
12583.818813419342,0.552,-0.008
12583.81905579567,0.552,0.0
12583.819298171997,0.536,-0.008
12583.819540548324,0.552,-0.008
12583.819782924653,0.528,0.0
12583.82002530098,0.544,-0.008
12583.820267677307,0.528,0.0
12583.820510053634,0.528,0.0
12583.820752429961,0.544,-0.008
12583.82099480629,0.528,-0.008
12583.821237182618,0.544,0.0
12583.821479558945,0.536,0.0
12583.821721935272,0.536,-0.016
12583.821964311599,0.536,-0.008
12583.822206687928,0.544,0.0
12583.822449064255,0.528,0.0
12583.822691440582,0.544,-0.016
12583.82293381691,0.544,0.0
12583.823176193237,0.528,-0.016
12583.823418569566,0.528,0.0
12583.823660945893,0.544,-0.008
12583.82390332222,0.544,-0.008
12583.824145698547,0.528,0.0
12583.824388074874,0.544,0.0
12583.824630451203,0.528,-0.016
12583.82487282753,0.528,0.0
12583.825115203857,0.544,-0.008
12583.825357580185,0.544,0.0
12583.825599956512,0.528,-0.016
12583.82584233284,0.528,0.0
12583.826084709168,0.544,-0.008
12583.826327085495,0.528,0.0
12583.826569461822,0.544,-0.016
12583.82681183815,0.544,0.0
12583.827054214478,0.528,-0.016
12583.827296590805,0.528,0.0
12583.827538967133,0.544,-0.008
12583.82778134346,0.528,0.0
12583.828023719787,0.552,-0.008
12583.828266096116,0.536,0.0
12583.828508472443,0.528,-0.016
12583.82875084877,0.536,-0.008
12583.828993225097,0.528,0.0
12583.829235601424,0.544,0.0
12583.829477977753,0.528,-0.008
12583.82972035408,0.536,0.0
12583.829962730408,0.552,-0.008
12583.830205106735,0.544,0.0
12583.830447483062,0.528,-0.016
12583.830689859391,0.552,0.0
12583.830932235718,0.528,-0.016
12583.831174612045,0.528,0.0
12583.831416988372,0.544,-0.016
12583.8316593647,0.544,-0.008
12583.831901741029,0.528,0.0
12583.832144117356,0.528,-0.016
12583.832386493683,0.544,0.0
12583.83262887001,0.536,-0.008
12583.832871246337,0.552,0.0
12583.833113622666,0.544,0.0
12583.833355998993,0.528,-0.016
12583.83359837532,0.528,0.0
12583.833840751648,0.552,-0.016
12583.834083127975,0.552,-0.008
12583.834325504304,0.528,0.0
12583.83456788063,0.544,0.0
12583.834810256958,0.528,-0.008
12583.835052633285,0.536,0.0
12583.835295009612,0.552,-0.008
12583.835537385941,0.544,-0.008
12583.835779762268,0.528,0.0
12583.836022138596,0.528,0.0
12583.836264514923,0.544,-0.016
12583.83650689125,0.536,0.0
12583.836749267579,0.544,-0.016
12583.836991643906,0.528,0.0
12583.837234020233,0.544,-0.016
12583.83747639656,0.528,0.0
12583.837718772887,0.552,-0.008
12583.837961149216,0.536,0.0
12583.838203525544,0.552,-0.016
12583.83844590187,0.544,-0.016
12583.838688278198,0.528,0.0
12583.838930654525,0.544,0.0
12583.839173030854,0.528,-0.016
12583.839415407181,0.528,0.0
12583.839657783508,0.552,-0.016
12583.839900159835,0.544,0.0
12583.840142536163,0.528,-0.008
12583.840384912492,0.528,0.0
12583.840627288819,0.544,-0.016
12583.840869665146,0.528,-0.008
12583.841112041473,0.552,0.0
12583.8413544178,0.528,0.0
12583.84159679413,0.544,-0.016
12583.841839170456,0.528,0.0
12583.842081546783,0.552,-0.016
12583.84232392311,0.528,0.0
12583.842566299438,0.544,-0.016
12583.842808675767,0.528,0.0
12583.843051052094,0.544,-0.008
12583.843293428421,0.544,-0.016
12583.843535804748,0.528,0.0
12583.843778181075,0.552,0.0
12583.844020557404,0.528,-0.016
12583.844262933731,0.536,-0.016
12583.844505310059,0.544,0.0
12583.844747686386,0.544,0.0
12583.844990062713,0.528,-0.016
12583.845232439042,0.528,0.0
12583.845474815369,0.544,-0.016
12583.845717191696,0.536,0.0
12583.845959568023,0.528,-0.016
12583.84620194435,0.528,0.0
12583.84644432068,0.544,-0.016
12583.846686697007,0.536,0.0
12583.846929073334,0.544,-0.016
12583.84717144966,0.544,0.0
12583.847413825988,0.528,-0.016
12583.847656202317,0.544,0.0
12583.847898578644,0.528,-0.016
12583.848140954971,0.544,0.0
12583.848383331298,0.528,-0.016
12583.848625707626,0.552,0.0
12583.848868083955,0.528,-0.016
12583.849110460282,0.544,-0.008
12583.849352836609,0.528,0.0
12583.849595212936,0.544,0.0
12583.849837589263,0.528,-0.016
12583.850079965592,0.544,0.0
12583.85032234192,0.528,-0.016
12583.850564718246,0.536,0.0
12583.850807094574,0.544,-0.016
12583.8510494709,0.544,0.0
12583.85129184723,0.528,-0.016
12583.851534223557,0.528,-0.008
12583.851776599884,0.544,0.0
12583.852018976211,0.536,0.0
12583.852261352538,0.544,-0.016
12583.852503728867,0.544,0.0
12583.852746105194,0.528,-0.016
12583.852988481522,0.544,0.0
12583.853230857849,0.528,-0.016
12583.853473234176,0.544,0.0
12583.853715610505,0.528,-0.016
12583.853957986832,0.544,0.0
12583.85420036316,0.528,-0.016
12583.854442739486,0.528,0.0
12583.854685115813,0.544,-0.016
12583.854927492142,0.544,0.0
12583.85516986847,0.528,-0.016
12583.855412244797,0.544,0.0
12583.855654621124,0.528,-0.016
12583.855896997451,0.528,-0.016
12583.85613937378,0.552,0.0
12583.856381750107,0.544,-0.016
12583.856624126434,0.528,0.0
12583.856866502761,0.528,0.0
12583.857108879089,0.544,-0.016
12583.857351255418,0.528,-0.016
12583.857593631745,0.544,0.0
12583.857836008072,0.544,-0.016
12583.858078384399,0.528,0.0
12583.858320760726,0.528,-0.016
12583.858563137055,0.544,0.0
12583.858805513382,0.544,-0.016
12583.85904788971,0.528,0.0
12583.859290266037,0.544,-0.016
12583.859532642364,0.528,0.0
12583.859775018693,0.544,0.0
12583.86001739502,0.528,-0.016
12583.860259771347,0.544,-0.016
12583.860502147674,0.528,0.0
12583.860744524001,0.528,0.0
12583.86098690033,0.544,-0.016
12583.861229276657,0.528,-0.016
12583.861471652985,0.544,0.0
12583.861714029312,0.528,0.0
12583.861956405639,0.552,-0.016
12583.862198781968,0.536,-0.016
12583.862441158295,0.528,0.0
12583.862683534622,0.544,0.0
12583.86292591095,0.528,-0.016
12583.863168287276,0.544,0.0
12583.863410663605,0.528,-0.016
12583.863653039933,0.528,-0.016
12583.86389541626,0.544,0.0
12583.864137792587,0.544,0.0
12583.864380168914,0.528,-0.016
12583.864622545243,0.528,-0.016
12583.86486492157,0.544,0.0
12583.865107297897,0.544,-0.008
12583.865349674224,0.528,0.016
12583.865592050552,0.544,0.008
12583.86583442688,0.528,0.096
12583.866076803208,0.528,0.10400000000000001
12583.866319179535,0.552,0.24
12583.866561555862,0.544,0.248
12583.86680393219,0.528,0.328
12583.867046308518,0.528,0.328
12583.867288684845,0.544,0.352
12583.867531061172,0.528,0.352
12583.8677734375,0.544,0.36
12583.868015813827,0.544,0.36
12583.868258190156,0.528,0.368
12583.868500566483,0.544,0.36
12583.86874294281,0.528,0.376
12583.868985319137,0.544,0.36
12583.869227695464,0.528,0.368
12583.869470071793,0.528,0.376
12583.86971244812,0.544,0.36
12583.869954824448,0.552,0.36
12583.870197200775,0.528,0.368
12583.870439577102,0.544,0.368
12583.87068195343,0.528,0.36
12583.870924329758,0.544,0.36
12583.871166706085,0.528,0.376
12583.871409082412,0.544,0.36
12583.87165145874,0.528,0.368
12583.871893835068,0.544,0.368
12583.872136211396,0.528,0.368
12583.872378587723,0.536,0.368
12583.87262096405,0.528,0.36
12583.872863340377,0.544,0.368
12583.873105716706,0.528,0.36
12583.873348093033,0.544,0.368
12583.87359046936,0.528,0.36
12583.873832845688,0.544,0.368
12583.874075222015,0.528,0.36
12583.874317598344,0.528,0.368
12583.87455997467,0.536,0.36
12583.874802350998,0.536,0.36
12583.875044727325,0.504,0.368
12583.875287103652,0.512,0.376
12583.875529479981,0.528,0.36
12583.875771856308,0.528,0.368
12583.876014232635,0.504,0.36
12583.876256608963,0.504,0.36
12583.87649898529,0.528,0.368
12583.876741361619,0.52,0.368
12583.876983737946,0.504,0.36
12583.877226114273,0.504,0.36
12583.8774684906,0.528,0.368
12583.877710866927,0.52,0.36
12583.877953243256,0.544,0.376
12583.878195619583,0.536,0.368
12583.87843799591,0.512,0.36
12583.878680372238,0.504,0.36
12583.878922748565,0.52,0.368
12583.879165124894,0.504,0.368
12583.879407501221,0.512,0.376
12583.879649877548,0.504,0.368
12583.879892253875,0.512,0.376
12583.880134630203,0.504,0.368
12583.880377006531,0.512,0.36
12583.880619382859,0.504,0.376
12583.880861759186,0.528,0.368
12583.881104135513,0.512,0.368
12583.88134651184,0.536,0.352
12583.881588888169,0.52,0.36
12583.881831264496,0.536,0.368
12583.882073640823,0.52,0.368
12583.88231601715,0.536,0.36
12583.882558393478,0.52,0.368
12583.882800769807,0.536,0.36
12583.883043146134,0.536,0.368
12583.883285522461,0.52,0.36
12583.883527898788,0.52,0.36
12583.883770275115,0.536,0.368
12583.884012651444,0.536,0.36
12583.884255027771,0.52,0.376
12583.884497404099,0.52,0.368
12583.884739780426,0.504,0.36
12583.884982156753,0.504,0.368
12583.885224533082,0.52,0.36
12583.885466909409,0.512,0.368
12583.885709285736,0.528,0.36
12583.885951662063,0.536,0.368
12583.88619403839,0.512,0.36
12583.88643641472,0.504,0.368
12583.886678791047,0.536,0.36
12583.886921167374,0.536,0.36
12583.8871635437,0.52,0.376
12583.887405920028,0.536,0.368
12583.887648296357,0.504,0.36
12583.887890672684,0.504,0.368
12583.888133049011,0.512,0.36
12583.888375425338,0.512,0.36
12583.888617801666,0.504,0.368
12583.888860177995,0.504,0.36
12583.889102554322,0.52,0.368
12583.889344930649,0.496,0.368
12583.889587306976,0.52,0.36
12583.889829683303,0.504,0.376
12583.890072059632,0.528,0.36
12583.89031443596,0.52,0.368
12583.890556812286,0.536,0.36
12583.890799188614,0.528,0.36
12583.89104156494,0.504,0.368
12583.89128394127,0.52,0.368
12583.891526317597,0.496,0.36
12583.891768693924,0.512,0.368
12583.892011070251,0.496,0.36
12583.892253446578,0.496,0.36
12583.892495822907,0.52,0.376
12583.892738199234,0.496,0.368
12583.892980575562,0.512,0.36
12583.893222951889,0.504,0.376
12583.893465328216,0.52,0.36
12583.893707704545,0.512,0.36
12583.893950080872,0.496,0.368
12583.8941924572,0.512,0.36
12583.894434833526,0.496,0.376
12583.894677209853,0.504,0.36
12583.894919586182,0.528,0.368
12583.89516196251,0.512,0.368
12583.895404338837,0.536,0.368
12583.895646715164,0.536,0.376
12583.895889091491,0.512,0.36
12583.89613146782,0.528,0.36
12583.896373844147,0.496,0.368
12583.896616220474,0.512,0.36
12583.896858596801,0.496,0.368
12583.897100973129,0.512,0.368
12583.897343349458,0.528,0.36
12583.897585725785,0.52,0.368
12583.897828102112,0.528,0.368
12583.898070478439,0.52,0.368
12583.898312854766,0.504,0.36
12583.898555231095,0.504,0.368
12583.898797607422,0.528,0.368
12583.89903998375,0.504,0.368
12583.899282360077,0.512,0.36
12583.899524736404,0.496,0.368
12583.899767112733,0.512,0.36
12583.90000948906,0.512,0.376
12583.900251865387,0.496,0.36
12583.900494241714,0.496,0.36
12583.900736618041,0.512,0.376
12583.90097899437,0.496,0.368
12583.901221370697,0.512,0.368
12583.901463747025,0.504,0.368
12583.901706123352,0.536,0.392
12583.901948499679,0.52,0.376
12583.902190876008,0.496,0.40800000000000003
12583.902433252335,0.504,0.40800000000000003
12583.902675628662,0.496,0.424
12583.90291800499,0.512,0.41600000000000004
12583.903160381316,0.496,0.432
12583.903402757645,0.512,0.424
12583.903645133973,0.496,0.432
12583.9038875103,0.496,0.424
12583.904129886627,0.512,0.432
12583.904372262954,0.504,0.41600000000000004
12583.904614639283,0.496,0.432
12583.90485701561,0.512,0.432
12583.905099391937,0.496,0.41600000000000004
12583.905341768264,0.496,0.432
12583.905584144592,0.512,0.424
12583.90582652092,0.504,0.41600000000000004
12583.906068897248,0.52,0.424
12583.906311273575,0.512,0.424
12583.906553649902,0.528,0.432
12583.90679602623,0.512,0.432
12583.907038402558,0.536,0.41600000000000004
12583.907280778885,0.528,0.432
12583.907523155212,0.512,0.41600000000000004
12583.90776553154,0.52,0.424
12583.908007907867,0.496,0.376
12583.908250284196,0.496,0.368
12583.908492660523,0.52,0.384
12583.913730859756,0.536,-0.016
12583.914001867772,0.552,0.0
12583.914272875785,0.552,-0.016
12583.9145438838,0.536,0.0
12583.914814891816,0.536,-0.016
12583.91508589983,0.552,-0.008
12583.915356907844,0.536,-0.008
12583.91562791586,0.552,-0.016
12583.915898923873,0.536,-0.016
12583.916169931888,0.552,-0.008
12583.916440939904,0.536,-0.008
12583.916711947917,0.544,-0.016
12583.916982955932,0.536,-0.016
12583.917253963948,0.552,0.0
12583.917524971963,0.536,-0.008
12583.917795979976,0.56,-0.016
12583.918066987992,0.536,-0.016
12583.918337996007,0.552,0.0
12583.91860900402,0.536,-0.016
12583.918880012036,0.552,0.0
12583.91915102005,0.536,-0.008
12583.919422028064,0.544,0.016
12583.91969303608,0.536,0.008
12583.919964044095,0.552,0.10400000000000001
12583.920235052108,0.536,0.112
12583.920506060123,0.552,0.264
12583.920777068139,0.536,0.264
12583.921048076152,0.552,0.34400000000000003
12583.921319084167,0.536,0.34400000000000003
12583.921590092183,0.544,0.376
12583.921861100196,0.536,0.376
12583.922132108211,0.552,0.384
12583.922403116227,0.536,0.384
12583.92267412424,0.552,0.392
12583.922945132255,0.536,0.384
12583.92321614027,0.552,0.392
12583.923487148284,0.536,0.384
12583.9237581563,0.544,0.392
12583.924029164315,0.528,0.384
12583.92430017233,0.552,0.392
12583.924571180343,0.528,0.384
12583.924842188359,0.536,0.392
12583.925113196374,0.528,0.384
12583.925384204387,0.512,0.392
12583.925655212402,0.512,0.384
12583.925926220418,0.536,0.392
12583.926197228431,0.512,0.384
12583.926468236446,0.528,0.392
12583.926739244462,0.512,0.384
12583.927010252475,0.528,0.384
12583.92728126049,0.52,0.384
12583.927552268506,0.536,0.384
12583.92782327652,0.528,0.384
12583.928094284534,0.536,0.384
12583.92836529255,0.528,0.384
12583.928636300563,0.544,0.392
12583.928907308578,0.536,0.384
12583.929178316594,0.512,0.384
12583.929449324607,0.512,0.384
12583.929720332622,0.528,0.384
12583.929991340638,0.512,0.384
12583.930262348651,0.528,0.392
12583.930533356666,0.512,0.384
12583.930804364682,0.536,0.392
12583.931075372697,0.544,0.384
12583.93134638071,0.52,0.384
12583.931617388725,0.512,0.384
12583.93188839674,0.544,0.392
12583.932159404754,0.544,0.384
12583.93243041277,0.512,0.384
12583.932701420785,0.504,0.384
12583.932972428798,0.528,0.392
12583.933243436813,0.504,0.384
12583.933514444829,0.536,0.392
12583.933785452842,0.536,0.384
12583.934056460857,0.52,0.392
12583.934327468873,0.536,0.384
12583.934598476886,0.512,0.384
12583.934869484901,0.536,0.392
12583.935140492917,0.52,0.384
12583.93541150093,0.52,0.384
12583.935682508945,0.552,0.384
12583.93595351696,0.536,0.384
12583.936224524974,0.552,0.384
12583.93649553299,0.536,0.384
12583.936766541005,0.552,0.392
12583.937037549018,0.536,0.384
12583.937308557033,0.552,0.392
12583.937579565049,0.536,0.384
12583.937850573064,0.552,0.384
12583.938121581077,0.536,0.384
12583.938392589092,0.544,0.392
12583.938663597108,0.536,0.384
12583.938934605121,0.544,0.392
12583.939205613136,0.544,0.384
12583.939476621152,0.528,0.392
12583.939747629165,0.536,0.384
12583.94001863718,0.552,0.392
12583.940289645196,0.536,0.384
12583.94056065321,0.552,0.392
12583.940831661224,0.536,0.384
12583.94110266924,0.544,0.384
12583.941373677253,0.536,0.384
12583.941644685268,0.552,0.392
12583.941915693284,0.536,0.384
12583.942186701297,0.552,0.384
12583.942457709312,0.536,0.384
12583.942728717328,0.552,0.392
12583.942999725341,0.536,0.384
12583.943270733356,0.552,0.392
12583.943541741372,0.536,0.384
12583.943812749385,0.552,0.384
12583.9440837574,0.536,0.384
12583.944354765415,0.544,0.392
12583.94462577343,0.528,0.384
12583.944896781444,0.552,0.384
12583.94516778946,0.536,0.384
12583.945438797475,0.552,0.392
12583.945709805488,0.536,0.384
12583.945980813503,0.552,0.392
12583.946251821519,0.536,0.384
12583.946522829532,0.552,0.392
12583.946793837547,0.536,0.384
12583.947064845563,0.544,0.392
12583.947335853576,0.536,0.384
12583.947606861591,0.544,0.384
12583.947877869607,0.536,0.384
12583.94814887762,0.552,0.392
12583.948419885635,0.552,0.384
12583.94869089365,0.536,0.384
12583.948961901664,0.536,0.392
12583.94923290968,0.552,0.384
12583.949503917695,0.536,0.384
12583.949774925708,0.552,0.384
12583.950045933723,0.528,0.384
12583.950316941738,0.552,0.392
12583.950587949752,0.536,0.384
12583.950858957767,0.552,0.392
12583.951129965782,0.536,0.384
12583.951400973798,0.552,0.392
12583.951671981811,0.536,0.384
12583.951942989826,0.552,0.392
12583.952213997842,0.552,0.384
12583.952485005855,0.536,0.392
12583.95275601387,0.536,0.392
12583.953027021886,0.544,0.376
12583.953298029899,0.536,0.392
12583.953569037914,0.552,0.384
12583.95384004593,0.536,0.384
12583.954111053943,0.552,0.392
12583.954382061958,0.536,0.384
12583.954653069974,0.552,0.384
12583.954924077987,0.536,0.384
12583.955195086002,0.552,0.384
12583.955466094018,0.536,0.384
12583.955737102031,0.552,0.384
12583.956008110046,0.536,0.384
12583.956279118062,0.552,0.392
12583.956550126075,0.536,0.384
12583.95682113409,0.544,0.384
12583.957092142105,0.536,0.384
12583.957363150119,0.552,0.384
12583.957634158134,0.536,0.384
12583.95790516615,0.552,0.392
12583.958176174165,0.552,0.384
12583.958447182178,0.536,0.392
12583.958718190193,0.536,0.384
12583.958989198209,0.552,0.384
12583.959260206222,0.536,0.384
12583.959531214237,0.552,0.392
12583.959802222253,0.536,0.384
12583.960073230266,0.552,0.384
12583.960344238281,0.536,0.384
12583.960615246297,0.552,0.392
12583.96088625431,0.536,0.384
12583.961157262325,0.552,0.392
12583.96142827034,0.544,0.392
12583.961699278354,0.536,0.384
12583.96197028637,0.536,0.384
12583.962241294385,0.552,0.392
12583.962512302398,0.552,0.384
12583.962783310413,0.536,0.392
12583.963054318428,0.536,0.384
12583.963325326442,0.552,0.384
12583.963596334457,0.536,0.384
12583.963867342472,0.544,0.384
12583.964138350486,0.536,0.384
12583.964409358501,0.552,0.392
12583.964680366516,0.536,0.384
12583.964951374532,0.552,0.392
12583.965222382545,0.552,0.384
12583.96549339056,0.536,0.384
12583.965764398576,0.536,0.384
12583.966035406589,0.552,0.392
12583.966306414604,0.536,0.384
12583.96657742262,0.552,0.392
12583.966848430633,0.536,0.384
12583.967119438648,0.544,0.392
12583.967390446664,0.536,0.384
12583.967661454677,0.552,0.392
12583.967932462692,0.552,0.384
12583.968203470708,0.528,0.392
12583.968474478721,0.528,0.384
12583.968745486736,0.544,0.376
12583.969016494751,0.544,0.384
12583.969287502765,0.512,0.392
12583.96955851078,0.512,0.384
12583.969829518795,0.52,0.384
12583.970100526809,0.512,0.384
12583.970371534824,0.52,0.392
12583.97064254284,0.512,0.384
12583.970913550853,0.52,0.392
12583.971184558868,0.512,0.384
12583.971455566883,0.528,0.384
12583.971726574899,0.544,0.384
12583.971997582912,0.52,0.392
12583.972268590927,0.528,0.384
12583.972539598943,0.512,0.384
12583.972810606956,0.512,0.384
12583.973081614971,0.52,0.384
12583.973352622987,0.512,0.384
12583.973623631,0.528,0.392
12583.973894639015,0.504,0.384
12583.97416564703,0.52,0.392
12583.974436655044,0.504,0.384
12583.97470766306,0.52,0.392
12583.974978671074,0.504,0.384
12583.975249679088,0.52,0.384
12583.975520687103,0.504,0.384
12583.975791695118,0.52,0.392
12583.976062703132,0.504,0.384
12583.976333711147,0.536,0.384
12583.976604719162,0.528,0.384
12583.976875727176,0.544,0.392
12583.977146735191,0.536,0.392
12583.977417743206,0.52,0.384
12583.97768875122,0.536,0.384
12583.977959759235,0.504,0.392
12583.97823076725,0.52,0.384
12583.978501775266,0.544,0.392
12583.978772783279,0.536,0.384
12583.979043791294,0.52,0.392
12583.97931479931,0.528,0.384
12583.979585807323,0.544,0.392
12583.979856815338,0.536,0.384
12583.980127823354,0.504,0.392
12583.980398831367,0.504,0.392
12583.980669839382,0.528,0.384
12583.980940847398,0.512,0.384
12583.981211855411,0.528,0.392
12583.981482863426,0.504,0.384
12583.981753871441,0.52,0.392
12583.982024879455,0.528,0.384
12583.98229588747,0.512,0.384
12583.982566895485,0.536,0.384
12583.982837903499,0.512,0.384
12583.983108911514,0.504,0.384
12583.98337991953,0.52,0.384
12583.983650927543,0.504,0.384
12583.983921935558,0.52,0.392
12583.984192943573,0.52,0.384
12583.984463951587,0.504,0.384
12583.984734959602,0.504,0.384
12583.985005967617,0.52,0.384
12583.985276975633,0.504,0.384
12583.985547983646,0.536,0.392
12583.985818991661,0.536,0.384
12583.986089999677,0.52,0.392
12583.98636100769,0.52,0.384
12583.986632015705,0.536,0.368
12583.98690302372,0.536,0.368
12583.987174031734,0.512,0.312
12583.98744503975,0.512,0.312
12583.987716047764,0.528,0.176
12583.987987055778,0.52,0.176
12583.988258063793,0.504,0.064
12583.988529071808,0.504,0.056
12583.988800079822,0.528,0.016
12583.989071087837,0.528,0.016
12583.989342095852,0.512,-0.008
12583.989613103866,0.504,0.0
12583.989884111881,0.52,-0.008
12583.990155119896,0.504,0.0
12583.99042612791,0.52,-0.008
12583.990697135925,0.504,-0.016
12583.99096814394,0.52,0.0
12583.991239151954,0.504,-0.008
12583.991510159969,0.536,0.0
12583.991781167984,0.528,-0.016
12583.992052176,0.544,0.0
12583.992323184013,0.544,-0.016
12583.992594192028,0.528,0.0
12583.992865200044,0.528,0.0
12583.993136208057,0.544,-0.016
12583.993407216072,0.528,0.0
12583.993678224087,0.552,-0.016
12583.993949232101,0.536,0.0
12583.994220240116,0.552,-0.016
12583.994491248131,0.544,0.0
12583.994762256145,0.528,-0.016
12583.99503326416,0.544,0.0
12583.995304272175,0.512,-0.016
12583.995575280189,0.504,0.0
12583.995846288204,0.536,-0.016
12583.99611729622,0.528,-0.016
12583.996388304233,0.536,0.0
12583.996659312248,0.528,0.0
12583.996930320263,0.512,-0.016
12583.997201328277,0.512,0.0
12583.997472336292,0.544,-0.016
12583.997743344307,0.544,0.0
12583.99801435232,0.52,-0.016
12583.998285360336,0.52,-0.016
12583.998556368351,0.512,0.0
12583.998827376367,0.504,-0.016
12583.99909838438,0.52,0.0
12583.999369392395,0.528,0.0
12583.99964040041,0.504,-0.016
12583.999911408424,0.528,-0.016
12584.00018241644,0.504,0.0
12584.000453424454,0.504,0.0
12584.000724432468,0.52,-0.016
12584.000995440483,0.504,0.0
12584.001266448498,0.52,-0.016
12584.001537456512,0.504,0.0
12584.001808464527,0.512,-0.016
12584.002079472542,0.504,0.0
12584.002350480556,0.52,-0.016
12584.002621488571,0.52,0.0
12584.002892496586,0.504,-0.016
12584.0031635046,0.52,-0.016
12584.003434512615,0.504,0.0
12584.00370552063,0.512,-0.016
12584.003976528644,0.536,0.0
12584.004247536659,0.536,-0.016
12584.004518544674,0.512,0.0
12584.004789552688,0.52,-0.016
12584.005060560703,0.504,0.0
12584.005331568718,0.512,-0.016
12584.005602576734,0.528,0.0
12584.005873584747,0.52,0.0
12584.006144592762,0.504,-0.016
12584.006415600777,0.52,-0.016
12584.006686608791,0.544,0.0
12584.006957616806,0.536,-0.016
12584.007228624821,0.504,0.0
12584.007499632835,0.504,-0.016
12584.00777064085,0.52,0.0
12584.008041648865,0.504,0.0
12584.008312656879,0.528,-0.016
12584.008583664894,0.504,-0.016
12584.00885467291,0.536,0.0
12584.009125680923,0.528,-0.016
12584.009396688938,0.544,0.0
12584.009667696953,0.528,-0.016
12584.009938704967,0.544,0.0
12584.010209712982,0.528,-0.016
12584.010480720997,0.544,-0.008
12584.01075172901,0.528,-0.016
12584.011022737026,0.544,-0.008
12584.011293745041,0.528,-0.016
12584.011564753055,0.544,0.0
12584.01183576107,0.528,-0.016
12584.012106769085,0.544,0.0
12584.0123777771,0.552,-0.016
12584.012648785114,0.528,0.0
12584.01291979313,0.536,-0.016
12584.013190801144,0.544,0.0
12584.013461809158,0.536,0.0
12584.013732817173,0.544,-0.016
12584.014003825188,0.544,0.0
12584.014274833202,0.528,-0.016
12584.014545841217,0.528,-0.016
12584.014816849232,0.544,0.0
12584.015087857246,0.552,0.0
12584.015358865261,0.528,-0.016
12584.015629873276,0.536,-0.016
12584.01590088129,0.552,-0.008
12584.016171889305,0.536,-0.016
12584.01644289732,0.552,0.0
12584.016713905334,0.536,-0.016
12584.016984913349,0.552,0.0
12584.017255921364,0.536,-0.016
12584.017526929378,0.552,0.0
12584.017797937393,0.536,-0.016
12584.018068945408,0.552,0.0
12584.018339953422,0.536,-0.016
12584.018610961437,0.552,0.0
12584.018881969452,0.536,-0.016
12584.019152977467,0.552,-0.008
12584.01942398548,0.536,0.0
12584.019694993496,0.552,-0.016
12584.019966001511,0.552,-0.016
12584.020237009525,0.536,0.0
12584.02050801754,0.552,-0.016
12584.020779025555,0.528,-0.008
12584.021050033569,0.552,-0.016
12584.021321041584,0.536,0.0
12584.0215920496,0.536,-0.016
12584.021863057613,0.552,0.0
12584.022134065628,0.536,-0.016
12584.022405073643,0.552,0.0
12584.022676081657,0.536,-0.016
12584.022947089672,0.544,0.0
12584.023218097687,0.552,-0.016
12584.0234891057,0.536,0.0
12584.023760113716,0.536,-0.016
12584.024031121731,0.544,0.0
12584.024302129745,0.536,-0.016
12584.02457313776,0.544,0.0
12584.024844145775,0.536,-0.016
12584.025115153789,0.544,0.0
12584.025386161804,0.536,-0.016
12584.02565716982,0.552,0.0
12584.025928177834,0.536,-0.016
12584.026199185848,0.552,0.0
12584.026470193863,0.536,-0.016
12584.026741201878,0.552,-0.008
12584.027012209892,0.536,-0.016
12584.027283217907,0.552,0.0
12584.027554225922,0.552,-0.008
12584.027825233936,0.536,-0.016
12584.028096241951,0.536,-0.016
12584.028367249966,0.544,0.0
12584.02863825798,0.536,-0.016
12584.028909265995,0.552,0.0
12584.02918027401,0.536,-0.016
12584.029451282024,0.544,-0.008
12584.029722290039,0.536,-0.008
12584.029993298054,0.552,-0.016
12584.030264306068,0.536,-0.016
12584.030535314083,0.552,0.0
12584.030806322098,0.536,-0.016
12584.031077330112,0.544,0.0
12584.031348338127,0.536,-0.016
12584.031619346142,0.552,-0.008
12584.031890354156,0.536,-0.008
12584.03216136217,0.552,-0.016
12584.032432370186,0.536,-0.008
12584.032703378201,0.552,-0.016
12584.032974386215,0.536,-0.016
12584.03324539423,0.552,0.0
12584.033516402245,0.536,-0.008
12584.033787410259,0.552,-0.016
12584.034058418274,0.536,-0.016
12584.03432942629,0.544,-0.008
12584.034600434303,0.536,0.0
12584.034871442318,0.552,-0.016
12584.035142450333,0.544,-0.016
12584.035413458347,0.536,-0.008
12584.035684466362,0.536,-0.008
12584.035955474377,0.552,-0.016
12584.03622648239,0.552,-0.016
12584.036497490406,0.536,0.0
12584.036768498421,0.552,-0.016
12584.037039506435,0.536,0.0
12584.03731051445,0.536,-0.016
12584.037581522465,0.552,-0.008
12584.037852530479,0.536,0.0
12584.038123538494,0.552,-0.016
12584.03839454651,0.536,0.0
12584.038665554523,0.552,-0.016
12584.038936562538,0.536,0.0
12584.039207570553,0.552,-0.016
12584.039478578568,0.536,-0.008
12584.039749586582,0.552,-0.016
12584.040020594597,0.536,-0.016
12584.040291602612,0.552,-0.008
12584.040562610626,0.536,-0.016
12584.040833618641,0.544,-0.008
12584.041104626656,0.536,-0.008
12584.04137563467,0.552,-0.016
12584.041646642685,0.536,-0.016
12584.0419176507,0.552,0.0
12584.042188658714,0.536,-0.016
12584.042459666729,0.552,-0.008
12584.042730674744,0.536,-0.016
12584.043001682758,0.552,0.0
12584.043272690773,0.536,-0.016
12584.043543698788,0.552,0.0
12584.043814706802,0.536,-0.008
12584.044085714817,0.552,-0.016
12584.044356722832,0.536,-0.016
12584.044627730846,0.544,-0.008
12584.04489873886,0.536,-0.008
12584.045169746876,0.552,-0.016
12584.04544075489,0.536,-0.016
12584.045711762905,0.552,-0.008
12584.04598277092,0.536,-0.016
12584.046253778935,0.552,0.0
12584.046524786949,0.536,-0.016
12584.046795794964,0.552,0.0
12584.04706680298,0.536,-0.008
12584.047337810993,0.552,-0.016
12584.047608819008,0.536,-0.016
12584.047879827023,0.56,-0.008
12584.048150835037,0.536,-0.008
12584.048421843052,0.552,-0.016
12584.048692851067,0.536,-0.016
12584.04896385908,0.552,0.0
12584.049234867096,0.536,-0.008
12584.049505875111,0.552,-0.016
12584.049776883125,0.536,-0.016
12584.05004789114,0.552,0.0
12584.050318899155,0.536,-0.016
12584.050589907169,0.552,-0.008
12584.050860915184,0.536,-0.016
12584.0511319232,0.552,0.0
12584.051402931213,0.536,-0.016
12584.051673939228,0.544,0.0
12584.051944947243,0.536,-0.016
12584.052215955257,0.544,0.0
12584.052486963272,0.536,-0.016
12584.052757971287,0.544,0.0
12584.053028979302,0.536,-0.016
12584.053299987316,0.56,0.0
12584.053570995331,0.536,-0.008
12584.053842003346,0.544,-0.016
12584.05411301136,0.536,-0.016
12584.054384019375,0.544,0.0
12584.05465502739,0.536,-0.008
12584.054926035404,0.552,0.016
12584.055197043419,0.536,0.016
12584.055468051434,0.552,0.12
12584.055739059448,0.536,0.128
12584.056010067463,0.552,0.28800000000000003
12584.056281075478,0.536,0.28800000000000003
12584.056552083492,0.552,0.36
12584.056823091507,0.536,0.36
12584.057094099522,0.552,0.40800000000000003
12584.057365107536,0.536,0.41600000000000004
12584.05763611555,0.552,0.432
12584.057907123566,0.536,0.424
12584.05817813158,0.552,0.448
12584.058449139595,0.552,0.448
12584.05872014761,0.536,0.432
12584.058991155624,0.536,0.424
12584.059262163639,0.552,0.448
12584.059533171654,0.552,0.432
12584.05980417967,0.536,0.448
12584.060075187683,0.536,0.448
12584.060346195698,0.544,0.40800000000000003
12584.060617203713,0.536,0.41600000000000004
12584.060888211727,0.552,0.456
12584.061159219742,0.536,0.44
12584.061430227757,0.552,0.384
12584.06170123577,0.536,0.4
12584.061972243786,0.552,0.424
12584.062243251801,0.536,0.41600000000000004
12584.062514259815,0.552,0.4
12584.06278526783,0.536,0.4
12584.063056275845,0.552,0.392
12584.063327283859,0.536,0.392
12584.063598291874,0.552,0.44
12584.06386929989,0.536,0.432
12584.064140307903,0.552,0.44
12584.064411315918,0.536,0.432
12584.064682323933,0.552,0.392
12584.064953331947,0.536,0.4
12584.065224339962,0.552,0.384
12584.065495347977,0.536,0.384
12584.06576635599,0.552,0.4
12584.066037364006,0.552,0.384
12584.066308372021,0.528,0.392
12584.066579380036,0.536,0.384
12584.06685038805,0.52,0.4
12584.067121396065,0.52,0.384
12584.06739240408,0.544,0.384
12584.067663412094,0.544,0.384
12584.067934420109,0.52,0.384
12584.068205428124,0.512,0.384
12584.068476436138,0.52,0.384
12584.068747444153,0.512,0.384
12584.069018452168,0.528,0.392
12584.069289460182,0.528,0.384
12584.069560468197,0.512,0.392
12584.069831476212,0.52,0.384
12584.070102484226,0.504,0.384
12584.07037349224,0.52,0.384
12584.070644500256,0.504,0.392
12584.07091550827,0.512,0.384
12584.071186516285,0.52,0.392
12584.0714575243,0.512,0.384
12584.071728532314,0.544,0.392
12584.071999540329,0.528,0.384
12584.072270548344,0.536,0.384
12584.072541556357,0.528,0.392
12584.072812564373,0.544,0.384
12584.073083572388,0.536,0.384
12584.073354580403,0.512,0.384
12584.073625588417,0.528,0.384
12584.073896596432,0.504,0.392
12584.074167604447,0.512,0.384
12584.07443861246,0.52,0.392
12584.074709620476,0.52,0.384
12584.074980628491,0.504,0.392
12584.075251636505,0.512,0.384
12584.07552264452,0.536,0.392
12584.075793652535,0.536,0.384
12584.076064660549,0.512,0.384
12584.076335668564,0.52,0.384
12584.07660667658,0.544,0.392
12584.076877684593,0.528,0.384
12584.077148692608,0.544,0.392
12584.077419700623,0.536,0.392
12584.077690708637,0.52,0.384
12584.077961716652,0.512,0.384
12584.078232724667,0.536,0.384
12584.07850373268,0.52,0.384
12584.078774740696,0.544,0.392
12584.079045748711,0.536,0.384
12584.079316756724,0.52,0.384
12584.07958776474,0.536,0.392
12584.079858772755,0.512,0.384
12584.08012978077,0.528,0.384
12584.080400788784,0.504,0.392
12584.080671796799,0.504,0.384
12584.080942804814,0.52,0.392
12584.081213812828,0.512,0.392
12584.081484820843,0.536,0.384
12584.081755828858,0.536,0.384
12584.082026836872,0.52,0.384
12584.082297844887,0.52,0.392
12584.082568852902,0.504,0.384
12584.082839860916,0.504,0.384
12584.08311086893,0.52,0.392
12584.083381876946,0.512,0.384
12584.08365288496,0.504,0.392
12584.083923892975,0.512,0.384
12584.08419490099,0.528,0.392
12584.084465909003,0.52,0.384
12584.084736917019,0.544,0.392
12584.085007925034,0.52,0.384
12584.085278933047,0.544,0.384
12584.085549941063,0.536,0.384
12584.085820949078,0.52,0.384
12584.086091957091,0.52,0.384
12584.086362965107,0.504,0.392
12584.086633973122,0.52,0.384
12584.086904981137,0.536,0.392
12584.08717598915,0.528,0.384
12584.087446997166,0.544,0.392
12584.087718005181,0.52,0.384
12584.087989013195,0.544,0.392
12584.08826002121,0.52,0.384
12584.088531029225,0.536,0.384
12584.088802037239,0.52,0.384
12584.089073045254,0.504,0.392
12584.089344053269,0.504,0.384
12584.089615061283,0.52,0.392
12584.089886069298,0.512,0.384
12584.090157077313,0.528,0.392
12584.090428085326,0.52,0.384
12584.090699093342,0.536,0.392
12584.090970101357,0.544,0.384
12584.09124110937,0.52,0.392
12584.091512117386,0.528,0.392
12584.091783125401,0.504,0.384
12584.092054133414,0.52,0.384
12584.09232514143,0.544,0.392
12584.092596149445,0.528,0.384
12584.092867157458,0.552,0.392
12584.093138165474,0.536,0.384
12584.093409173489,0.544,0.392
12584.093680181504,0.536,0.384
12584.093951189518,0.544,0.392
12584.094222197533,0.528,0.384
12584.094493205548,0.552,0.392
12584.094764213562,0.544,0.384
12584.095035221577,0.528,0.384
12584.095306229592,0.528,0.384
12584.095577237606,0.536,0.384
12584.09584824562,0.544,0.384
12584.096119253636,0.512,0.384
12584.09639026165,0.512,0.384
12584.096661269665,0.536,0.392
12584.09693227768,0.544,0.384
12584.097203285693,0.528,0.392
12584.097474293709,0.528,0.384
12584.097745301724,0.544,0.384
12584.098016309737,0.536,0.384
12584.098287317753,0.512,0.392
12584.098558325768,0.512,0.384
12584.098829333781,0.52,0.392
12584.099100341797,0.52,0.384
12584.099371349812,0.504,0.392
12584.099642357825,0.52,0.384
12584.09991336584,0.504,0.384
12584.100184373856,0.512,0.384
12584.100455381871,0.52,0.392
12584.100726389885,0.528,0.384
12584.1009973979,0.504,0.384
12584.101268405915,0.504,0.384
12584.101539413929,0.52,0.392
12584.101810421944,0.504,0.384
12584.102081429959,0.52,0.392
12584.102352437973,0.504,0.384
12584.102623445988,0.52,0.392
12584.102894454003,0.512,0.384
12584.103165462016,0.504,0.392
12584.103436470032,0.52,0.384
12584.103707478047,0.504,0.384
12584.10397848606,0.504,0.384
12584.104249494076,0.512,0.384
12584.104520502091,0.504,0.384
12584.104791510104,0.52,0.384
12584.10506251812,0.504,0.392
12584.105333526135,0.52,0.384
12584.105604534148,0.504,0.384
12584.105875542164,0.52,0.384
12584.106146550179,0.504,0.384
12584.106417558192,0.52,0.392
12584.106688566208,0.504,0.384
12584.106959574223,0.52,0.384
12584.107230582238,0.504,0.384
12584.107501590252,0.528,0.392
12584.107772598267,0.512,0.384
12584.108043606282,0.536,0.392
12584.108314614296,0.52,0.384
12584.10858562231,0.536,0.384
12584.108856630326,0.52,0.384
12584.10912763834,0.528,0.392
12584.109398646355,0.536,0.384
12584.10966965437,0.52,0.384
12584.109940662383,0.504,0.384
12584.110211670399,0.52,0.392
12584.110482678414,0.528,0.384
12584.110753686427,0.504,0.392
12584.111024694443,0.504,0.384
12584.111295702458,0.512,0.392
12584.111566710471,0.504,0.392
12584.111837718487,0.528,0.384
12584.112108726502,0.52,0.384
12584.112379734515,0.544,0.392
12584.11265074253,0.544,0.384
12584.112921750546,0.52,0.384
12584.11319275856,0.528,0.384
12584.113463766575,0.512,0.384
12584.11373477459,0.512,0.384
12584.114005782605,0.528,0.392
12584.114276790619,0.504,0.384
12584.114547798634,0.512,0.392
12584.114818806649,0.504,0.384
12584.115089814662,0.52,0.392
12584.115360822678,0.504,0.4
12584.115631830693,0.536,0.376
12584.115902838706,0.536,0.384
12584.116173846722,0.52,0.392
12584.116444854737,0.528,0.392
12584.11671586275,0.504,0.384
12584.116986870766,0.512,0.392
12584.117257878781,0.52,0.384
12584.117528886794,0.504,0.384
12584.11779989481,0.52,0.392
12584.118070902825,0.528,0.384
12584.118341910838,0.504,0.392
12584.118612918854,0.504,0.384
12584.118883926869,0.52,0.392
12584.119154934882,0.512,0.392
12584.119425942898,0.528,0.384
12584.119696950913,0.528,0.384
12584.119967958926,0.504,0.392
12584.120238966942,0.512,0.392
12584.120509974957,0.528,0.384
12584.120780982972,0.528,0.384
12584.121051990986,0.504,0.392
12584.121322999,0.504,0.384
12584.121594007016,0.52,0.392
12584.12186501503,0.52,0.384
12584.122136023045,0.536,0.376
12584.12240703106,0.552,0.376
12584.122678039073,0.504,0.312
12584.122949047089,0.504,0.304
12584.123220055104,0.512,0.176
12584.123491063117,0.512,0.168
12584.123762071133,0.544,0.064
12584.124033079148,0.52,0.056
12584.124304087161,0.536,0.008
12584.124575095177,0.504,0.016
12584.124846103192,0.536,-0.008
12584.125117111205,0.52,-0.008
12584.12538811922,0.504,0.0
12584.125659127236,0.504,0.0
12584.12593013525,0.52,-0.016
12584.126201143265,0.504,-0.016
12584.12647215128,0.528,0.0
12584.126743159293,0.52,0.0
12584.127014167309,0.528,-0.016
12584.127285175324,0.528,0.0
12584.127556183339,0.512,-0.016
12584.127827191352,0.52,-0.016
12584.128098199368,0.536,0.0
12584.128369207383,0.544,0.0
12584.128640215396,0.52,-0.016
12584.128911223412,0.544,0.0
12584.129182231427,0.512,-0.016
12584.12945323944,0.512,0.0
12584.129724247456,0.544,-0.016
12584.129995255471,0.528,-0.016
12584.130266263484,0.512,0.0
12584.1305372715,0.512,-0.016
12584.130808279515,0.536,0.0
12584.131079287528,0.536,0.0
12584.131350295544,0.512,-0.016
12584.131621303559,0.528,-0.016
12584.131892311572,0.504,0.0
12584.132163319588,0.504,0.0
12584.132434327603,0.52,-0.016
12584.132705335616,0.504,-0.008
12584.132976343632,0.52,0.0
12584.133247351647,0.52,0.0
12584.13351835966,0.504,-0.016
12584.133789367675,0.504,-0.016
12584.13406037569,0.52,0.0
12584.134331383706,0.504,0.0
12584.13460239172,0.544,-0.016
12584.134873399735,0.544,0.0
12584.13514440775,0.512,-0.016
12584.135415415763,0.504,0.0
12584.135686423779,0.52,-0.016
12584.135957431794,0.504,-0.016
12584.136228439807,0.536,0.0
12584.136499447823,0.528,-0.016
12584.136770455838,0.52,0.0
12584.137041463851,0.504,0.0
12584.137312471867,0.536,-0.016
12584.137583479882,0.528,0.0
12584.137854487895,0.536,-0.016
12584.13812549591,0.528,-0.016
12584.138396503926,0.544,0.0
12584.13866751194,0.528,0.0
12584.138938519955,0.544,-0.016
12584.13920952797,0.544,-0.016
12584.139480535983,0.528,0.0
12584.139751543998,0.528,0.0
12584.140022552014,0.544,-0.016
12584.140293560027,0.536,-0.016
12584.140564568042,0.544,0.0
12584.140835576058,0.536,-0.008
12584.141106584073,0.544,-0.016
12584.141377592086,0.536,0.0
12584.141648600102,0.544,-0.016
12584.141919608117,0.536,-0.016
12584.14219061613,0.552,0.0
12584.142461624146,0.536,-0.016
12584.142732632161,0.552,0.0
12584.143003640174,0.536,-0.016
12584.14327464819,0.552,0.0
12584.143545656205,0.552,-0.016
12584.143816664218,0.536,0.0
12584.144087672234,0.536,0.0
12584.144358680249,0.552,-0.016
12584.144629688262,0.536,-0.008
12584.144900696278,0.552,-0.016
12584.145171704293,0.536,0.0
12584.145442712306,0.544,-0.016
12584.145713720322,0.536,-0.016
12584.145984728337,0.552,0.0
12584.14625573635,0.536,-0.016
12584.146526744365,0.552,0.0
12584.14679775238,0.536,-0.016
12584.147068760394,0.552,0.0
12584.14733976841,0.536,-0.016
12584.147610776425,0.544,0.0
12584.14788178444,0.536,-0.016
12584.148152792453,0.552,0.0
12584.148423800469,0.536,0.0
12584.148694808484,0.552,-0.016
12584.148965816497,0.536,-0.016
12584.149236824513,0.552,0.0
12584.149507832528,0.536,-0.016
12584.149778840541,0.552,0.0
12584.150049848557,0.536,-0.008
12584.150320856572,0.552,-0.016
12584.150591864585,0.544,-0.008
12584.1508628726,0.528,-0.016
12584.151133880616,0.536,-0.016
12584.15140488863,0.552,0.0
12584.151675896645,0.536,-0.016
12584.15194690466,0.552,0.0
12584.152217912673,0.536,-0.008
12584.152488920688,0.552,-0.016
12584.152759928704,0.536,-0.008
12584.153030936717,0.552,-0.016
12584.153301944732,0.536,-0.016
12584.153572952748,0.544,0.0
12584.153843960761,0.536,-0.016
12584.154114968776,0.552,0.0
12584.154385976792,0.536,-0.016
12584.154656984807,0.552,0.0
12584.15492799282,0.536,-0.016
12584.155199000836,0.552,0.0
12584.15547000885,0.552,-0.008
12584.155741016864,0.536,-0.016
12584.15601202488,0.536,-0.016
12584.156283032895,0.552,0.0
12584.156554040908,0.536,0.0
12584.156825048924,0.552,-0.016
12584.157096056939,0.536,0.0
12584.157367064952,0.544,-0.016
12584.157638072968,0.536,-0.016
12584.157909080983,0.552,0.0
12584.158180088996,0.536,-0.016
12584.158451097011,0.544,0.0
12584.158722105027,0.536,-0.016
12584.15899311304,0.552,-0.008
12584.159264121055,0.536,-0.016
12584.15953512907,0.552,0.0
12584.159806137084,0.536,-0.016
12584.1600771451,0.552,0.0
12584.160348153115,0.536,-0.016
12584.160619161128,0.552,0.0
12584.160890169143,0.536,-0.016
12584.161161177159,0.552,-0.008
12584.161432185174,0.552,-0.016
12584.161703193187,0.528,0.0
12584.161974201203,0.536,-0.016
12584.162245209218,0.552,0.0
12584.162516217231,0.552,-0.016
12584.162787225247,0.536,0.0
12584.163058233262,0.536,-0.016
12584.163329241275,0.552,0.0
12584.16360024929,0.552,-0.008
12584.163871257306,0.536,-0.016
12584.16414226532,0.536,-0.008
12584.164413273335,0.544,-0.016
12584.16468428135,0.536,-0.016
12584.164955289363,0.544,0.0
12584.165226297378,0.544,-0.008
12584.165497305394,0.536,-0.016
12584.165768313407,0.536,-0.008
12584.166039321422,0.552,-0.016
12584.166310329438,0.536,-0.016
12584.166581337451,0.544,0.0
12584.166852345466,0.536,-0.016
12584.167123353482,0.552,0.0
12584.167394361495,0.536,-0.016
12584.16766536951,0.552,0.0
12584.167936377526,0.552,-0.016
12584.16820738554,0.536,0.0
12584.168478393554,0.536,-0.016
12584.16874940157,0.552,-0.008
12584.169020409585,0.536,0.0
12584.169291417598,0.552,-0.016
12584.169562425614,0.536,-0.016
12584.169833433629,0.552,0.0
12584.170104441642,0.536,-0.008
12584.170375449658,0.544,-0.016
12584.170646457673,0.536,-0.016
12584.170917465686,0.552,0.0
12584.171188473701,0.536,-0.008
12584.171459481717,0.552,-0.016
12584.17173048973,0.536,-0.016
12584.172001497745,0.552,0.0
12584.17227250576,0.536,-0.016
12584.172543513774,0.56,0.0
12584.17281452179,0.536,0.0
12584.173085529805,0.544,-0.016
12584.173356537818,0.536,-0.016
12584.173627545833,0.552,-0.008
12584.173898553849,0.536,-0.016
12584.174169561862,0.552,0.0
12584.174440569877,0.536,-0.016
12584.174711577893,0.552,0.0
12584.174982585908,0.536,-0.016
12584.175253593921,0.552,0.0
12584.175524601937,0.536,-0.016
12584.175795609952,0.552,0.0
12584.176066617965,0.536,-0.008
12584.17633762598,0.552,-0.016
12584.176608633996,0.536,-0.008
12584.17687964201,0.552,-0.016
12584.177150650024,0.536,-0.016
12584.17742165804,0.552,-0.008
12584.177692666053,0.536,-0.008
12584.177963674068,0.552,-0.016
12584.178234682084,0.536,-0.016
12584.178505690097,0.552,0.0
12584.178776698112,0.536,-0.016
12584.179047706128,0.552,0.0
12584.179318714141,0.552,-0.008
12584.179589722156,0.536,-0.016
12584.179860730172,0.536,0.0
12584.180131738185,0.552,-0.016
12584.1804027462,0.552,-0.016
12584.180673754216,0.536,0.0
12584.180944762229,0.552,-0.008
12584.181215770244,0.536,-0.016
12584.18148677826,0.536,-0.008
12584.181757786275,0.552,-0.016
12584.182028794288,0.536,-0.008
12584.182299802304,0.552,-0.016
12584.182570810319,0.536,-0.008
12584.182841818332,0.544,-0.016
12584.183112826347,0.536,-0.016
12584.183383834363,0.552,0.0
12584.183654842376,0.536,-0.016
12584.183925850391,0.552,0.0
12584.184196858407,0.536,-0.016
12584.18446786642,0.552,0.0
12584.184738874435,0.552,-0.016
12584.18500988245,0.536,-0.008
12584.185280890464,0.536,-0.016
12584.18555189848,0.544,0.0
12584.185822906495,0.536,-0.008
12584.186093914508,0.552,-0.016
12584.186364922523,0.536,-0.008
12584.186635930539,0.552,-0.016
12584.186906938552,0.536,-0.016
12584.187177946567,0.552,-0.008
12584.187448954583,0.536,-0.016
12584.187719962596,0.552,-0.008
12584.187990970611,0.536,-0.008
12584.188261978627,0.544,-0.016
12584.188532986642,0.536,-0.016
12584.188803994655,0.56,0.0
12584.18907500267,0.536,-0.016
12584.189346010686,0.552,-0.008
12584.1896170187,0.536,-0.016
12584.189888026714,0.552,0.0
12584.19015903473,0.536,-0.008
12584.190430042743,0.552,0.016
12584.190701050758,0.536,0.024
12584.190972058774,0.552,0.112
12584.191243066787,0.536,0.12
12584.191514074802,0.552,0.304
12584.191785082818,0.536,0.304
12584.192056090831,0.552,0.40800000000000003
12584.192327098846,0.552,0.4
12584.192598106862,0.536,0.44
12584.192869114875,0.536,0.432
12584.19314012289,0.552,0.448
12584.193411130906,0.536,0.44
12584.193682138919,0.552,0.456
12584.193953146934,0.536,0.456
12584.19422415495,0.552,0.44
12584.194495162963,0.536,0.44
12584.194766170978,0.544,0.448
12584.195037178994,0.536,0.44
12584.195308187009,0.544,0.456
12584.195579195022,0.536,0.44
12584.195850203037,0.552,0.456
12584.196121211053,0.536,0.448
12584.196392219066,0.552,0.44
12584.196663227081,0.536,0.456
12584.196934235097,0.552,0.432
12584.19720524311,0.536,0.432
12584.197476251125,0.552,0.448
12584.19774725914,0.552,0.448
12584.198018267154,0.536,0.432
12584.19828927517,0.536,0.44
12584.198560283185,0.552,0.4
12584.198831291198,0.536,0.384
12584.199102299213,0.552,0.40800000000000003
12584.199373307229,0.536,0.4
12584.199644315242,0.552,0.448
12584.199915323257,0.536,0.432
12584.200186331273,0.552,0.456
12584.200457339286,0.536,0.44
12584.200728347301,0.552,0.456
12584.200999355317,0.552,0.44
12584.20127036333,0.528,0.456
12584.201541371345,0.528,0.44
12584.20181237936,0.544,0.392
12584.202083387376,0.52,0.392
12584.20235439539,0.552,0.4
12584.202625403404,0.536,0.392
12584.20289641142,0.544,0.44
12584.203167419433,0.536,0.432
12584.203438427448,0.552,0.448
12584.203709435464,0.536,0.44
12584.203980443477,0.552,0.448
12584.204251451492,0.536,0.44
12584.204522459508,0.552,0.456
12584.204793467521,0.536,0.456
12584.205064475536,0.552,0.432
12584.205335483552,0.536,0.432
12584.205606491565,0.552,0.4
12584.20587749958,0.536,0.40800000000000003
12584.206148507596,0.552,0.424
12584.206419515609,0.536,0.392
12584.206690523624,0.552,0.40800000000000003
12584.20696153164,0.536,0.41600000000000004
12584.207232539653,0.552,0.392
12584.207503547668,0.536,0.392
12584.207774555683,0.552,0.424
12584.208045563697,0.544,0.432
12584.208316571712,0.536,0.424
12584.208587579727,0.536,0.424
12584.208858587743,0.552,0.44
12584.209129595756,0.536,0.424
12584.209400603771,0.552,0.448
12584.209671611787,0.536,0.448
12584.2099426198,0.552,0.432
12584.210213627815,0.536,0.432
12584.21048463583,0.552,0.456
12584.210755643844,0.544,0.448
12584.21102665186,0.536,0.424
12584.211297659875,0.536,0.424
12584.211568667888,0.552,0.392
12584.211839675903,0.536,0.392
12584.212110683919,0.552,0.424
12584.212381691932,0.536,0.41600000000000004
12584.212652699947,0.552,0.448
12584.212923707963,0.536,0.456
12584.213194715976,0.552,0.424
12584.213465723991,0.536,0.432
12584.213736732007,0.552,0.448
12584.21400774002,0.536,0.44
12584.214278748035,0.552,0.392
12584.21454975605,0.552,0.392
12584.214820764064,0.536,0.41600000000000004
12584.21509177208,0.536,0.40800000000000003
12584.215362780094,0.552,0.432
12584.21563378811,0.544,0.424
12584.215904796123,0.536,0.4
12584.216175804138,0.536,0.40800000000000003
12584.216446812154,0.552,0.392
12584.216717820167,0.536,0.392
12584.216988828182,0.552,0.40800000000000003
12584.217259836198,0.536,0.40800000000000003
12584.217530844211,0.552,0.432
12584.217801852226,0.536,0.40800000000000003
12584.218072860242,0.552,0.384
12584.218343868255,0.536,0.384
12584.21861487627,0.552,0.40800000000000003
12584.218885884286,0.536,0.432
12584.219156892299,0.552,0.392
12584.219427900314,0.536,0.4
12584.21969890833,0.552,0.384
12584.219969916343,0.536,0.384
12584.220240924358,0.552,0.392
12584.220511932373,0.536,0.384
12584.220782940387,0.552,0.392
12584.221053948402,0.536,0.384
12584.221324956417,0.552,0.392
12584.22159596443,0.536,0.384
12584.221866972446,0.552,0.392
12584.222137980461,0.536,0.384
12584.222408988477,0.544,0.41600000000000004
12584.22267999649,0.536,0.424
12584.222951004505,0.544,0.392
12584.22322201252,0.536,0.392
12584.223493020534,0.552,0.384
12584.22376402855,0.552,0.384
12584.224035036565,0.536,0.392
12584.224306044578,0.536,0.384
12584.224577052593,0.544,0.392
12584.224848060609,0.536,0.384
12584.225119068622,0.552,0.384
12584.225390076637,0.552,0.384
12584.225661084653,0.536,0.392
12584.225932092666,0.552,0.384
12584.226203100681,0.536,0.384
12584.226474108696,0.536,0.384
12584.22674511671,0.552,0.384
12584.227016124725,0.552,0.392
12584.22728713274,0.536,0.384
12584.227558140754,0.536,0.392
12584.22782914877,0.544,0.384
12584.228100156784,0.536,0.384
12584.228371164798,0.552,0.392
12584.228642172813,0.536,0.384
12584.228913180828,0.552,0.384
12584.229184188844,0.536,0.384
12584.229455196857,0.552,0.392
12584.229726204872,0.536,0.384
12584.229997212888,0.552,0.384
12584.230268220901,0.544,0.384
12584.230539228916,0.536,0.392
12584.230810236932,0.536,0.392
12584.231081244945,0.544,0.384
12584.23135225296,0.552,0.384
12584.231623260976,0.536,0.392
12584.231894268989,0.536,0.384
12584.232165277004,0.552,0.4
12584.23243628502,0.536,0.384
12584.232707293033,0.552,0.392
12584.232978301048,0.536,0.384
12584.233249309063,0.552,0.392
12584.233520317077,0.536,0.392
12584.233791325092,0.552,0.384
12584.234062333107,0.552,0.392
12584.23433334112,0.536,0.384
12584.234604349136,0.536,0.392
12584.234875357151,0.552,0.384
12584.235146365165,0.536,0.384
12584.23541737318,0.552,0.392
12584.235688381195,0.552,0.384
12584.23595938921,0.528,0.384
12584.236230397224,0.536,0.384
12584.23650140524,0.52,0.384
12584.236772413255,0.512,0.384
12584.237043421268,0.536,0.384
12584.237314429283,0.552,0.392
12584.237585437299,0.528,0.376
12584.237856445312,0.536,0.384
12584.238127453327,0.544,0.392
12584.238398461343,0.536,0.384
12584.238669469356,0.512,0.392
12584.247914552689,0.504,0.0
12584.248156508804,0.512,-0.016
12584.248398464919,0.52,0.0
12584.248640421032,0.504,-0.016
12584.248882377147,0.504,-0.008
12584.249124333262,0.528,0.0
12584.249366289378,0.528,0.0
12584.249608245493,0.504,-0.016
12584.249850201606,0.536,0.0
12584.250092157721,0.512,-0.016
12584.250334113836,0.504,-0.016
12584.250576069951,0.52,0.0
12584.250818026067,0.528,0.0
12584.25105998218,0.504,-0.016
12584.251301938295,0.504,-0.016
12584.25154389441,0.536,0.0
12584.251785850525,0.512,0.0
12584.25202780664,0.536,-0.016
12584.252269762754,0.528,0.0
12584.252511718869,0.504,-0.008
12584.252753674984,0.504,-0.008
12584.2529956311,0.52,0.024
12584.253237587214,0.504,0.024
12584.253479543328,0.512,0.128
12584.253721499443,0.512,0.14400000000000002
12584.253963455558,0.504,0.272
12584.254205411673,0.504,0.272
12584.254447367788,0.512,0.34400000000000003
12584.254689323901,0.528,0.352
12584.254931280017,0.504,0.368
12584.255173236132,0.504,0.368
12584.255415192247,0.512,0.376
12584.255657148362,0.512,0.376
12584.255899104475,0.496,0.376
12584.25614106059,0.496,0.376
12584.256383016706,0.52,0.376
12584.25662497282,0.504,0.376
12584.256866928936,0.52,0.376
12584.25710888505,0.504,0.376
12584.257350841164,0.512,0.392
12584.25759279728,0.504,0.376
12584.257834753394,0.512,0.384
12584.25807670951,0.504,0.376
12584.258318665623,0.512,0.376
12584.258560621738,0.504,0.376
12584.258802577853,0.512,0.384
12584.259044533968,0.496,0.376
12584.259286490083,0.52,0.384
12584.259528446197,0.52,0.376
12584.259770402312,0.496,0.392
12584.260012358427,0.512,0.376
12584.260254314542,0.496,0.384
12584.260496270657,0.504,0.376
12584.26073822677,0.52,0.392
12584.260980182886,0.512,0.376
12584.261222139,0.496,0.384
12584.261464095116,0.512,0.376
12584.261706051231,0.536,0.376
12584.261948007344,0.536,0.376
12584.26218996346,0.52,0.384
12584.262431919575,0.536,0.384
12584.26267387569,0.504,0.376
12584.262915831805,0.496,0.376
12584.263157787918,0.512,0.392
12584.263399744033,0.504,0.376
12584.263641700149,0.52,0.384
12584.263883656264,0.52,0.376
12584.264125612379,0.496,0.384
12584.264367568492,0.504,0.376
12584.264609524607,0.528,0.376
12584.264851480722,0.52,0.384
12584.265093436838,0.536,0.376
12584.265335392953,0.528,0.376
12584.265577349066,0.504,0.392
12584.265819305181,0.496,0.384
12584.266061261296,0.512,0.376
12584.266303217411,0.512,0.376
12584.266545173527,0.496,0.384
12584.26678712964,0.504,0.376
12584.267029085755,0.512,0.376
12584.26727104187,0.504,0.384
12584.267512997985,0.52,0.376
12584.2677549541,0.52,0.376
12584.267996910214,0.536,0.384
12584.268238866329,0.528,0.376
12584.268480822444,0.504,0.384
12584.26872277856,0.52,0.376
12584.268964734674,0.544,0.392
12584.269206690788,0.528,0.376
12584.269448646903,0.536,0.384
12584.269690603018,0.528,0.376
12584.269932559133,0.544,0.384
12584.270174515248,0.528,0.376
12584.270416471361,0.544,0.384
12584.270658427477,0.544,0.376
12584.270900383592,0.52,0.384
12584.271142339707,0.528,0.376
12584.271384295822,0.544,0.376
12584.271626251935,0.528,0.376
12584.27186820805,0.544,0.392
12584.272110164165,0.528,0.376
12584.27235212028,0.544,0.384
12584.272594076396,0.536,0.376
12584.272836032509,0.528,0.384
12584.273077988624,0.528,0.376
12584.27331994474,0.544,0.384
12584.273561900854,0.544,0.376
12584.27380385697,0.528,0.384
12584.274045813083,0.528,0.376
12584.274287769198,0.544,0.384
12584.274529725313,0.528,0.376
12584.274771681428,0.544,0.376
12584.275013637543,0.528,0.376
12584.275255593657,0.544,0.384
12584.275497549772,0.528,0.376
12584.275739505887,0.552,0.392
12584.275981462002,0.544,0.376
12584.276223418117,0.528,0.384
12584.27646537423,0.544,0.376
12584.276707330346,0.528,0.376
12584.27694928646,0.544,0.376
12584.277191242576,0.528,0.384
12584.277433198691,0.528,0.376
12584.277675154804,0.544,0.384
12584.27791711092,0.536,0.376
12584.278159067035,0.528,0.384
12584.27840102315,0.536,0.376
12584.278642979265,0.528,0.392
12584.278884935378,0.536,0.376
12584.279126891493,0.528,0.384
12584.279368847609,0.528,0.376
12584.279610803724,0.552,0.376
12584.279852759839,0.544,0.376
12584.280094715952,0.528,0.384
12584.280336672067,0.528,0.376
12584.280578628182,0.544,0.392
12584.280820584298,0.552,0.376
12584.281062540413,0.528,0.384
12584.281304496526,0.544,0.376
12584.281546452641,0.528,0.376
12584.281788408756,0.544,0.376
12584.282030364871,0.528,0.384
12584.282272320987,0.528,0.376
12584.2825142771,0.552,0.384
12584.282756233215,0.544,0.376
12584.28299818933,0.528,0.384
12584.283240145445,0.528,0.376
12584.28348210156,0.544,0.384
12584.283724057674,0.544,0.376
12584.283966013789,0.528,0.376
12584.284207969904,0.552,0.376
12584.284449926019,0.536,0.376
12584.284691882134,0.528,0.376
12584.284933838248,0.544,0.384
12584.285175794363,0.544,0.376
12584.285417750478,0.528,0.384
12584.285659706593,0.544,0.376
12584.285901662708,0.528,0.376
12584.286143618821,0.544,0.384
12584.286385574937,0.528,0.376
12584.286627531052,0.528,0.384
12584.286869487167,0.552,0.376
12584.287111443282,0.528,0.376
12584.287353399395,0.552,0.384
12584.28759535551,0.536,0.376
12584.287837311625,0.544,0.384
12584.28807926774,0.536,0.376
12584.288321223856,0.552,0.384
12584.288563179969,0.536,0.376
12584.288805136084,0.552,0.384
12584.2890470922,0.536,0.384
12584.289289048314,0.544,0.376
12584.28953100443,0.536,0.376
12584.289772960543,0.552,0.384
12584.290014916658,0.528,0.376
12584.290256872773,0.552,0.384
12584.290498828888,0.536,0.376
12584.290740785003,0.544,0.392
12584.290982741117,0.536,0.376
12584.291224697232,0.552,0.384
12584.291466653347,0.536,0.376
12584.291708609462,0.552,0.384
12584.291950565577,0.536,0.376
12584.29219252169,0.552,0.384
12584.292434477806,0.536,0.376
12584.29267643392,0.552,0.384
12584.292918390036,0.536,0.376
12584.293160346151,0.544,0.392
12584.293402302264,0.544,0.376
12584.29364425838,0.528,0.384
12584.293886214495,0.528,0.384
12584.29412817061,0.536,0.376
12584.294370126725,0.544,0.376
12584.294612082838,0.512,0.376
12584.294854038953,0.512,0.376
12584.295095995069,0.536,0.392
12584.295337951184,0.536,0.392
12584.295579907299,0.512,0.40800000000000003
12584.295821863412,0.504,0.40800000000000003
12584.296063819527,0.536,0.448
12584.296305775642,0.536,0.448
12584.296547731758,0.52,0.432
12584.296789687873,0.536,0.432
12584.297031643986,0.512,0.448
12584.297273600101,0.52,0.432
12584.297515556216,0.536,0.448
12584.297757512331,0.536,0.44
12584.297999468447,0.512,0.448
12584.29824142456,0.52,0.448
12584.298483380675,0.504,0.432
12584.29872533679,0.512,0.44
12584.298967292905,0.528,0.4
12584.29920924902,0.52,0.41600000000000004
12584.299451205134,0.536,0.44
12584.299693161249,0.544,0.448
12584.299935117364,0.512,0.432
12584.300177073479,0.528,0.448
12584.300419029594,0.512,0.432
12584.300660985708,0.512,0.432
12584.300902941823,0.536,0.448
12584.301144897938,0.52,0.432
12584.301386854053,0.536,0.448
12584.301628810168,0.512,0.456
12584.301870766281,0.528,0.424
12584.302112722396,0.528,0.424
12584.302354678512,0.544,0.384
12584.302596634627,0.528,0.392
12584.302838590742,0.544,0.384
12584.303080546855,0.544,0.376
12584.30332250297,0.528,0.392
12584.303564459085,0.544,0.384
12584.3038064152,0.528,0.376
12584.304048371316,0.528,0.376
12584.304290327429,0.544,0.432
12584.304532283544,0.528,0.44
12584.30477423966,0.544,0.392
12584.305016195774,0.544,0.4
12584.30525815189,0.528,0.384
12584.305500108003,0.536,0.392
12584.305742064118,0.528,0.41600000000000004
12584.305984020233,0.528,0.424
12584.306225976348,0.544,0.44
12584.306467932463,0.552,0.432
12584.306709888577,0.528,0.448
12584.306951844692,0.528,0.44
12584.307193800807,0.544,0.448
12584.307435756922,0.528,0.448
12584.307677713037,0.544,0.432
12584.30791966915,0.536,0.44
12584.308161625266,0.552,0.448
12584.30840358138,0.544,0.44
12584.308645537496,0.528,0.432
12584.308887493611,0.528,0.432
12584.309129449724,0.552,0.448
12584.30937140584,0.544,0.44
12584.309613361955,0.528,0.448
12584.30985531807,0.536,0.448
12584.310097274185,0.544,0.44
12584.310339230298,0.544,0.448
12584.310581186413,0.528,0.432
12584.310823142529,0.544,0.448
12584.311065098644,0.536,0.432
12584.311307054759,0.536,0.44
12584.311549010872,0.552,0.448
12584.311790966987,0.544,0.448
12584.312032923102,0.528,0.432
12584.312274879218,0.536,0.424
12584.312516835333,0.544,0.448
12584.312758791446,0.544,0.44
12584.313000747561,0.528,0.41600000000000004
12584.313242703676,0.528,0.41600000000000004
12584.313484659791,0.552,0.312
12584.313726615906,0.536,0.312
12584.31396857202,0.552,0.152
12584.314210528135,0.544,0.14400000000000002
12584.31445248425,0.528,0.056
12584.314694440365,0.544,0.048
12584.31493639648,0.528,0.008
12584.315178352594,0.536,0.016
12584.315420308709,0.552,-0.008
12584.315662264824,0.544,-0.008
12584.315904220939,0.536,0.0
12584.316146177054,0.552,0.0
12584.316388133167,0.528,-0.008
12584.316630089283,0.536,0.0
12584.316872045398,0.544,-0.008
12584.317114001513,0.536,-0.008
12584.317355957628,0.544,0.0
12584.317597913741,0.536,-0.008
12584.317839869856,0.552,0.0
12584.318081825972,0.536,-0.008
12584.318323782087,0.552,0.0
12584.318565738202,0.536,0.0
12584.318807694315,0.552,-0.008
12584.31904965043,0.528,0.0
12584.319291606545,0.552,-0.008
12584.31953356266,0.536,-0.008
12584.319775518776,0.544,0.0
12584.320017474889,0.536,-0.008
12584.320259431004,0.544,0.0
12584.32050138712,0.544,0.0
12584.320743343234,0.528,-0.008
12584.32098529935,0.536,0.0
12584.321227255463,0.544,-0.008
12584.321469211578,0.536,-0.008
12584.321711167693,0.544,0.0
12584.321953123808,0.536,0.0
12584.322195079923,0.552,-0.008
12584.322437036037,0.544,-0.008
12584.322678992152,0.528,0.0
12584.322920948267,0.528,0.0
12584.323162904382,0.544,-0.008
12584.323404860497,0.544,0.0
12584.32364681661,0.52,-0.008
12584.323888772726,0.512,0.0
12584.32413072884,0.528,-0.008
12584.324372684956,0.512,0.0
12584.324614641071,0.528,-0.008
12584.324856597184,0.528,-0.008
12584.3250985533,0.512,0.0
12584.325340509415,0.504,-0.008
12584.32558246553,0.528,0.0
12584.325824421645,0.52,0.0
12584.326066377758,0.504,-0.008
12584.326308333873,0.512,0.0
12584.326550289989,0.512,-0.008
12584.326792246104,0.512,0.0
12584.327034202219,0.536,-0.008
12584.327276158332,0.528,0.0
12584.327518114447,0.544,-0.008
12584.327760070562,0.544,-0.008
12584.328002026677,0.512,0.0
12584.328243982793,0.504,0.0
12584.328485938906,0.52,-0.008
12584.328727895021,0.504,0.0
12584.328969851136,0.528,-0.016
12584.329211807251,0.512,0.0
12584.329453763366,0.528,-0.008
12584.32969571948,0.52,0.0
12584.329937675595,0.504,-0.008
12584.33017963171,0.504,0.0
12584.330421587825,0.512,-0.016
12584.33066354394,0.504,-0.008
12584.330905500054,0.512,0.0
12584.331147456169,0.504,0.0
12584.331389412284,0.528,-0.008
12584.331631368399,0.528,0.0
12584.331873324514,0.52,-0.008
12584.332115280627,0.52,0.0
12584.332357236743,0.504,-0.016
12584.332599192858,0.52,-0.008
12584.332841148973,0.504,0.0
12584.333083105088,0.504,0.0
12584.333325061201,0.512,-0.008
12584.333567017316,0.504,0.0
12584.333808973432,0.52,-0.016
12584.334050929547,0.504,0.0
12584.334292885662,0.52,-0.016
12584.334534841775,0.504,0.0
12584.33477679789,0.512,-0.008
12584.335018754005,0.504,0.0
12584.33526071012,0.528,-0.016
12584.335502666236,0.52,0.0
12584.335744622349,0.536,-0.016
12584.335986578464,0.536,-0.008
12584.33622853458,0.512,0.0
12584.336470490694,0.512,-0.008
12584.33671244681,0.504,0.0
12584.336954402923,0.512,0.0
12584.337196359038,0.504,-0.008
12584.337438315153,0.504,-0.008
12584.337680271268,0.52,0.0
12584.337922227383,0.504,0.0
12584.338164183497,0.52,-0.008
12584.338406139612,0.512,0.0
12584.338648095727,0.496,-0.008
12584.338890051842,0.504,-0.008
12584.339132007957,0.512,0.0
12584.33937396407,0.512,0.0
12584.339615920186,0.496,-0.016
12584.3398578763,0.504,0.0
12584.340099832416,0.536,-0.016
12584.340341788531,0.536,-0.016
12584.340583744644,0.504,0.0
12584.34082570076,0.504,-0.016
12584.341067656875,0.52,0.0
12584.34130961299,0.504,0.0
12584.341551569105,0.52,-0.008
12584.341793525218,0.528,0.0
12584.342035481333,0.504,-0.008
12584.342277437449,0.512,-0.008
12584.342519393564,0.496,0.0
12584.342761349679,0.512,0.0
12584.343003305792,0.496,-0.008
12584.343245261907,0.512,0.0
12584.343487218022,0.496,-0.016
12584.343729174137,0.504,0.0
12584.343971130253,0.52,-0.016
12584.344213086366,0.512,0.0
12584.344455042481,0.504,-0.016
12584.344696998596,0.512,0.0
12584.344938954711,0.528,-0.016
12584.345180910826,0.52,0.0
12584.34542286694,0.528,-0.016
12584.345664823055,0.52,0.0
12584.34590677917,0.528,-0.016
12584.346148735285,0.504,0.0
12584.3463906914,0.528,-0.016
12584.346632647514,0.52,0.0
12584.346874603629,0.536,-0.016
12584.347116559744,0.536,0.0
12584.347358515859,0.504,-0.008
12584.347600471974,0.504,0.0
12584.347842428087,0.512,-0.016
12584.348084384203,0.496,0.0
12584.348326340318,0.52,-0.008
12584.348568296433,0.512,0.0
12584.348810252548,0.504,-0.016
12584.349052208661,0.504,0.0
12584.349294164776,0.52,-0.016
12584.349536120892,0.512,0.0
12584.349778077007,0.504,-0.016
12584.350020033122,0.504,0.0
12584.350261989235,0.512,-0.016
12584.35050394535,0.496,0.0
12584.350745901465,0.52,-0.016
12584.35098785758,0.504,-0.008
12584.351229813696,0.512,0.0
12584.351471769809,0.504,0.0
12584.351713725924,0.52,-0.008
12584.35195568204,0.528,0.0
12584.352197638154,0.512,-0.016
12584.35243959427,0.528,-0.008
12584.352681550383,0.496,0.0
12584.352923506498,0.496,0.0
12584.353165462613,0.52,-0.016
12584.353407418728,0.528,0.0
12584.353649374843,0.504,-0.016
12584.353891330957,0.504,0.0
12584.354133287072,0.512,-0.008
12584.354375243187,0.504,-0.008
12584.354617199302,0.528,0.0
12584.354859155417,0.528,0.0
12584.35510111153,0.504,-0.016
12584.355343067646,0.504,-0.016
12584.35558502376,0.536,0.0
12584.355826979876,0.536,0.0
12584.356068935991,0.52,-0.016
12584.356310892104,0.528,-0.008
12584.35655284822,0.52,0.0
12584.356794804335,0.52,0.0
12584.35703676045,0.496,-0.016
12584.357278716565,0.52,0.0
12584.357520672678,0.504,-0.016
12584.357762628793,0.504,0.0
12584.358004584908,0.512,-0.016
12584.358246541024,0.504,-0.008
12584.358488497139,0.512,0.0
12584.358730453252,0.52,0.0
12584.358972409367,0.504,-0.016
12584.359214365482,0.512,0.0
12584.359456321597,0.528,-0.016
12584.359698277713,0.528,-0.016
12584.359940233826,0.504,0.0
12584.360182189941,0.504,-0.016
12584.360424146056,0.536,0.0
12584.360666102171,0.528,0.0
12584.360908058286,0.544,-0.016
12584.3611500144,0.528,0.0
12584.361391970515,0.544,-0.016
12584.36163392663,0.544,0.0
12584.361875882745,0.528,-0.008
12584.36211783886,0.536,0.0
12584.362359794974,0.528,-0.016
12584.362601751089,0.52,0.0
12584.362843707204,0.544,-0.016
12584.363085663319,0.544,0.0
12584.363327619434,0.528,-0.016
12584.363569575547,0.544,0.0
12584.363811531663,0.528,-0.016
12584.364053487778,0.528,0.0
12584.364295443893,0.544,-0.016
12584.364537400008,0.528,0.0
12584.364779356121,0.544,-0.016
12584.365021312236,0.544,0.0
12584.365263268352,0.528,-0.016
12584.365505224467,0.528,0.0
12584.365747180582,0.552,-0.008
12584.365989136695,0.552,0.0
12584.36623109281,0.528,-0.016
12584.366473048925,0.544,0.0
12584.36671500504,0.528,-0.016
12584.366956961156,0.528,0.0
12584.367198917269,0.544,-0.008
12584.367440873384,0.552,0.0
12584.3676828295,0.528,-0.016
12584.367924785614,0.528,-0.016
12584.36816674173,0.544,0.0
12584.368408697843,0.528,0.0
12584.368650653958,0.544,-0.008
12584.368892610073,0.536,0.0
12584.369134566188,0.52,-0.016
12584.369376522303,0.52,-0.016
12584.369618478417,0.544,0.0
12584.369860434532,0.536,0.0
12584.370102390647,0.52,-0.016
12584.370344346762,0.52,0.0
12584.370586302877,0.544,-0.016
12584.37082825899,0.528,-0.016
12584.371070215106,0.504,0.0
12584.37131217122,0.504,-0.008
12584.371554127336,0.52,0.0
12584.371796083451,0.504,0.0
12584.372038039564,0.52,-0.016
12584.37227999568,0.504,-0.008
12584.372521951795,0.528,0.0
12584.37276390791,0.512,0.0
12584.373005864025,0.504,-0.016
12584.373247820138,0.504,0.0
12584.373489776253,0.528,-0.016
12584.373731732368,0.52,-0.008
12584.373973688484,0.504,0.024
12584.374215644599,0.504,0.032
12584.374457600712,0.52,0.128
12584.374699556827,0.512,0.136
12584.374941512942,0.504,0.28
12584.375183469057,0.504,0.28800000000000003
12584.375425425173,0.536,0.34400000000000003
12584.375667381286,0.536,0.352
12584.375909337401,0.504,0.368
12584.376151293516,0.504,0.368
12584.376393249631,0.528,0.384
12584.376635205746,0.504,0.376
12584.37687716186,0.536,0.384
12584.377119117975,0.528,0.376
12584.37736107409,0.552,0.392
12584.377603030205,0.544,0.392
12584.37784498632,0.528,0.376
12584.378086942434,0.528,0.392
12584.378328898549,0.544,0.376
12584.378570854664,0.528,0.376
12584.378812810779,0.544,0.392
12584.379054766894,0.528,0.392
12584.379296723007,0.536,0.376
12584.379538679123,0.536,0.384
12584.379780635238,0.528,0.40800000000000003
12584.380022591353,0.528,0.424
12584.380264547468,0.544,0.4
12584.380506503581,0.528,0.40800000000000003
12584.380748459696,0.544,0.432
12584.380990415812,0.528,0.432
12584.381232371927,0.552,0.392
12584.381474328042,0.544,0.392
12584.381716284155,0.528,0.376
12584.38195824027,0.528,0.384
12584.382200196385,0.544,0.424
12584.3824421525,0.544,0.44
12584.382684108616,0.528,0.424
12584.382926064729,0.536,0.424
12584.383168020844,0.544,0.4
12584.38340997696,0.544,0.40800000000000003
12584.383651933074,0.528,0.432
12584.38389388919,0.528,0.40800000000000003
12584.384135845303,0.536,0.44
12584.384377801418,0.528,0.448
12584.384619757533,0.544,0.424
12584.384861713648,0.552,0.392
12584.385103669763,0.528,0.424
12584.385345625877,0.528,0.432
12584.385587581992,0.544,0.41600000000000004
12584.385829538107,0.528,0.424
12584.386071494222,0.544,0.44
12584.386313450337,0.528,0.432
12584.38655540645,0.544,0.424
12584.386797362566,0.528,0.432
12584.38703931868,0.552,0.448
12584.387281274796,0.544,0.424
12584.387523230911,0.528,0.448
12584.387765187024,0.552,0.44
12584.38800714314,0.536,0.424
12584.388249099255,0.552,0.424
12584.38849105537,0.528,0.448
12584.388733011485,0.544,0.424
12584.388974967598,0.528,0.448
12584.389216923713,0.536,0.448
12584.389458879828,0.544,0.384
12584.389700835944,0.544,0.4
12584.389942792059,0.528,0.376
12584.390184748172,0.528,0.376
12584.390426704287,0.552,0.392
12584.390668660402,0.528,0.384
12584.390910616517,0.552,0.376
12584.391152572633,0.536,0.376
12584.391394528746,0.552,0.392
12584.391636484861,0.528,0.376
12584.391878440976,0.552,0.392
12584.392120397091,0.536,0.376
12584.392362353206,0.552,0.384
12584.39260430932,0.536,0.376
12584.392846265435,0.552,0.384
12584.39308822155,0.536,0.384
12584.393330177665,0.544,0.376
12584.39357213378,0.552,0.376
12584.393814089894,0.528,0.384
12584.394056046009,0.536,0.376
12584.394298002124,0.552,0.392
12584.394539958239,0.536,0.384
12584.394781914354,0.552,0.376
12584.395023870467,0.552,0.376
12584.395265826583,0.528,0.376
12584.395507782698,0.544,0.376
12584.395749738813,0.536,0.384
12584.395991694928,0.536,0.376
12584.396233651041,0.544,0.376
12584.396475607156,0.528,0.376
12584.396717563272,0.552,0.384
12584.396959519387,0.536,0.376
12584.397201475502,0.544,0.384
12584.397443431615,0.536,0.376
12584.39768538773,0.552,0.392
12584.397927343845,0.536,0.392
12584.39816929996,0.552,0.376
12584.398411256076,0.544,0.376
12584.398653212189,0.528,0.392
12584.398895168304,0.536,0.384
12584.39913712442,0.552,0.376
12584.399379080534,0.536,0.376
12584.39962103665,0.544,0.392
12584.399862992763,0.552,0.384
12584.400104948878,0.536,0.376
12584.400346904993,0.536,0.384
12584.400588861108,0.552,0.376
12584.400830817223,0.536,0.376
12584.401072773337,0.544,0.384
12584.401314729452,0.528,0.376
12584.401556685567,0.552,0.384
12584.401798641682,0.528,0.376
12584.402040597797,0.544,0.392
12584.40228255391,0.536,0.376
12584.402524510026,0.512,0.384
12584.40276646614,0.528,0.376
12584.403008422256,0.512,0.384
12584.403250378371,0.52,0.376
12584.403492334484,0.504,0.392
12584.4037342906,0.504,0.376
12584.403976246715,0.52,0.392
12584.40421820283,0.504,0.376
12584.404460158945,0.52,0.384
12584.404702115058,0.504,0.376
12584.404944071173,0.528,0.384
12584.405186027288,0.52,0.384
12584.405427983404,0.504,0.376
12584.405669939519,0.512,0.376
12584.405911895632,0.536,0.384
12584.406153851747,0.536,0.376
12584.406395807862,0.52,0.392
12584.406637763977,0.536,0.384
12584.406879720093,0.52,0.376
12584.407121676206,0.52,0.376
12584.407363632321,0.544,0.392
12584.407605588436,0.52,0.392
12584.407847544551,0.536,0.376
12584.408089500666,0.536,0.376
12584.40833145678,0.512,0.384
12584.408573412895,0.504,0.376
12584.40881536901,0.536,0.384
12584.409057325125,0.536,0.392
12584.40929928124,0.52,0.376
12584.409541237354,0.52,0.384
12584.409783193469,0.504,0.376
12584.410025149584,0.528,0.384
12584.410267105699,0.504,0.376
12584.410509061814,0.512,0.376
12584.410751017927,0.504,0.392
12584.410992974043,0.504,0.376
12584.411234930158,0.52,0.384
12584.411476886273,0.504,0.376
12584.411718842388,0.52,0.384
12584.411960798501,0.504,0.384
12584.412202754616,0.52,0.376
12584.412444710732,0.504,0.376
12584.412686666847,0.52,0.384
12584.412928622962,0.504,0.376
12584.413170579075,0.528,0.384
12584.41341253519,0.528,0.376
12584.413654491305,0.504,0.392
12584.41389644742,0.512,0.376
12584.414138403536,0.536,0.384
12584.414380359649,0.536,0.376
12584.414622315764,0.504,0.384
12584.41486427188,0.504,0.384
12584.415106227994,0.512,0.376
12584.41534818411,0.504,0.392
12584.415590140223,0.52,0.376
12584.415832096338,0.504,0.376
12584.416074052453,0.528,0.392
12584.416316008568,0.504,0.376
12584.416557964683,0.52,0.384
12584.416799920797,0.504,0.384
12584.417041876912,0.52,0.376
12584.417283833027,0.504,0.376
12584.417525789142,0.512,0.384
12584.417767745257,0.52,0.384
12584.41800970137,0.504,0.376
12584.418251657486,0.512,0.376
12584.4184936136,0.504,0.392
12584.418735569716,0.504,0.376
12584.418977525831,0.52,0.384
12584.419219481944,0.512,0.376
12584.41946143806,0.536,0.392
12584.419703394175,0.52,0.376
12584.41994535029,0.536,0.384
12584.420187306405,0.52,0.376
12584.420429262518,0.536,0.384
12584.420671218633,0.52,0.376
12584.420913174748,0.536,0.384
12584.421155130864,0.528,0.392
12584.421397086979,0.504,0.376
12584.421639043092,0.504,0.376
12584.421880999207,0.52,0.376
12584.422122955322,0.512,0.376
12584.422364911437,0.528,0.392
12584.422606867553,0.52,0.384
12584.422848823666,0.536,0.376
12584.423090779781,0.528,0.384
12584.423332735896,0.504,0.392
12584.423574692011,0.504,0.392
12584.423816648126,0.52,0.44
12584.42405860424,0.504,0.432
12584.424300560355,0.512,0.448
12584.42454251647,0.504,0.432
12584.424784472585,0.52,0.448
12584.4250264287,0.504,0.448
12584.425268384814,0.52,0.424
12584.425510340929,0.512,0.424
12584.425752297044,0.536,0.44
12584.425994253159,0.52,0.44
12584.426236209274,0.536,0.424
12584.426478165387,0.536,0.448
12584.426720121503,0.512,0.432
12584.426962077618,0.512,0.456
12584.427204033733,0.528,0.432
12584.427445989848,0.528,0.44
12584.427687945961,0.544,0.448
12584.427929902076,0.528,0.448
12584.428171858191,0.544,0.392
12584.428413814307,0.544,0.384
12584.428655770422,0.528,0.4
12584.428897726535,0.528,0.392
12584.42913968265,0.544,0.424
12584.429381638765,0.528,0.41600000000000004
12584.42962359488,0.544,0.432
12584.429865550996,0.528,0.432
12584.430107507109,0.544,0.44
12584.430349463224,0.528,0.432
12584.43059141934,0.544,0.448
12584.430833375454,0.536,0.456
12584.43107533157,0.528,0.424
12584.431317287683,0.528,0.41600000000000004
12584.431559243798,0.544,0.448
12584.431801199913,0.528,0.432
12584.432043156028,0.544,0.41600000000000004
12584.432285112143,0.528,0.424
12584.432527068257,0.544,0.448
12584.432769024372,0.528,0.432
12584.433010980487,0.544,0.392
12584.433252936602,0.528,0.4
12584.433494892717,0.552,0.376
12584.43373684883,0.544,0.384
12584.433978804946,0.528,0.41600000000000004
12584.43422076106,0.536,0.40800000000000003
12584.434462717176,0.528,0.336
12584.434704673291,0.536,0.328
12584.434946629404,0.544,0.176
12584.43518858552,0.528,0.16
12584.435430541635,0.544,0.048
12584.43567249775,0.528,0.048
12584.435914453865,0.544,0.008
12584.436156409978,0.544,0.016
12584.436398366093,0.528,-0.008
12584.436640322208,0.536,0.0
12584.436882278324,0.552,-0.008
12584.437124234439,0.528,-0.008
12584.437366190552,0.544,0.0
12584.437608146667,0.536,-0.008
12584.437850102782,0.544,0.0
12584.438092058897,0.544,0.0
12584.438334015013,0.528,-0.008
12584.438575971126,0.528,0.0
12584.438817927241,0.544,-0.008
12584.439059883356,0.536,0.0
12584.439301839471,0.552,-0.008
12584.439543795586,0.544,-0.008
12584.4397857517,0.536,0.0
12584.440027707815,0.544,0.0
12584.44026966393,0.528,-0.008
12584.440511620045,0.536,0.0
12584.44075357616,0.544,-0.008
12584.440995532274,0.528,-0.008
12584.441237488389,0.552,0.0
12584.441479444504,0.544,0.0
12584.441721400619,0.536,-0.008
12584.441963356734,0.544,-0.008
12584.442205312847,0.528,0.0
12584.442447268962,0.552,0.0
12584.442689225078,0.528,-0.008
12584.442931181193,0.536,-0.008
12584.443173137308,0.552,0.0
12584.443415093421,0.536,0.0
12584.443657049536,0.552,-0.008
12584.443899005651,0.536,-0.008
12584.444140961767,0.544,0.0
12584.444382917882,0.536,0.0
12584.444624873995,0.544,-0.008
12584.44486683011,0.544,0.0
12584.445108786225,0.528,-0.008
12584.44535074234,0.528,0.0
12584.445592698456,0.552,-0.008
12584.445834654569,0.544,0.0
12584.446076610684,0.536,-0.008
12584.4463185668,0.536,0.0
12584.446560522914,0.544,-0.008
12584.44680247903,0.536,-0.008
12584.447044435143,0.552,0.0
12584.447286391258,0.544,-0.008
12584.447528347373,0.528,0.0
12584.447770303488,0.536,0.0
12584.448012259603,0.552,-0.008
12584.448254215717,0.552,0.0
12584.448496171832,0.528,-0.008
12584.448738127947,0.536,0.0
12584.448980084062,0.544,-0.008
12584.449222040177,0.528,-0.008
12584.44946399629,0.552,0.0
12584.449705952406,0.544,-0.016
12584.44994790852,0.528,0.0
12584.450189864636,0.528,0.0
12584.450431820751,0.544,-0.016
12584.450673776864,0.536,0.0
12584.45091573298,0.552,-0.016
12584.451157689095,0.544,0.0
12584.45139964521,0.536,-0.016
12584.451641601325,0.536,0.0
12584.451883557438,0.552,-0.016
12584.452125513553,0.536,-0.008
12584.452367469668,0.552,0.0
12584.452609425784,0.544,0.0
12584.452851381899,0.528,-0.008
12584.453093338012,0.536,0.0
12584.453335294127,0.552,-0.008
12584.453577250242,0.536,0.0
12584.453819206357,0.552,-0.016
12584.454061162472,0.536,-0.008
12584.454303118586,0.552,0.0
12584.454545074701,0.552,0.0
12584.454787030816,0.528,-0.008
12584.455028986931,0.536,-0.008
12584.455270943046,0.544,0.0
12584.45551289916,0.536,-0.008
12584.455754855275,0.544,0.0
12584.45599681139,0.528,-0.016
12584.456238767505,0.544,0.0
12584.45648072362,0.536,0.0
12584.456722679734,0.552,-0.016
12584.456964635849,0.544,0.0
12584.457206591964,0.528,-0.016
12584.457448548079,0.544,-0.008
12584.457690504194,0.536,0.0
12584.457932460307,0.544,-0.008
12584.458174416422,0.528,0.0
12584.458416372538,0.536,-0.008
12584.458658328653,0.552,0.0
12584.458900284768,0.536,-0.008
12584.459142240881,0.552,0.0
12584.459384196996,0.536,0.0
12584.459626153111,0.552,-0.008
12584.459868109227,0.536,-0.008
12584.460110065342,0.552,0.0
12584.460352021455,0.536,0.0
12584.46059397757,0.552,-0.008
12584.460835933685,0.536,-0.008
12584.4610778898,0.552,0.0
12584.461319845916,0.536,0.0
12584.461561802029,0.544,-0.008
12584.461803758144,0.544,0.0
12584.46204571426,0.528,-0.016
12584.462287670374,0.536,0.0
12584.46252962649,0.552,-0.016
12584.462771582603,0.544,0.0
12584.463013538718,0.528,-0.008
12584.463255494833,0.536,-0.016
12584.463497450948,0.552,0.0
12584.463739407063,0.536,0.0
12584.463981363177,0.544,-0.016
12584.464223319292,0.544,-0.008
12584.464465275407,0.528,0.0
12584.464707231522,0.536,0.0
12584.464949187637,0.552,-0.008
12584.46519114375,0.544,-0.008
12584.465433099866,0.536,0.0
12584.46567505598,0.536,-0.016
12584.465917012096,0.552,0.0
12584.466158968211,0.552,0.0
12584.466400924324,0.528,-0.016
12584.46664288044,0.552,0.0
12584.466884836555,0.536,-0.008
12584.46712679267,0.536,0.0
12584.467368748785,0.552,-0.016
12584.467610704898,0.536,-0.008
12584.467852661013,0.544,0.0
12584.468094617128,0.536,0.0
12584.468336573244,0.552,-0.008
12584.468578529359,0.536,0.0
12584.468820485472,0.552,-0.008
12584.469062441587,0.528,0.0
12584.469304397702,0.552,-0.016
12584.469546353817,0.536,0.0
12584.469788309932,0.552,-0.016
12584.470030266046,0.536,0.0
12584.470272222161,0.544,-0.008
12584.470514178276,0.536,0.0
12584.470756134391,0.552,-0.016
12584.470998090506,0.536,0.0
12584.47124004662,0.544,-0.016
12584.471482002735,0.536,0.0
12584.47172395885,0.552,-0.016
12584.471965914965,0.528,0.0
12584.47220787108,0.552,-0.016
12584.472449827193,0.552,0.0
12584.472691783309,0.528,-0.016
12584.472933739424,0.544,0.0
12584.473175695539,0.52,-0.016
12584.473417651654,0.512,0.0
12584.473659607767,0.52,-0.016
12584.473901563882,0.528,0.0
12584.474143519998,0.504,-0.008
12584.474385476113,0.512,-0.016
12584.474627432228,0.528,0.0
12584.474869388341,0.52,0.0
12584.475111344456,0.536,-0.016
12584.475353300571,0.528,0.0
12584.475595256687,0.512,-0.016
12584.475837212802,0.528,0.0
12584.476079168915,0.504,-0.016
12584.47632112503,0.504,0.0
12584.476563081145,0.528,-0.016
12584.47680503726,0.512,-0.008
12584.477046993376,0.528,0.0
12584.477288949489,0.536,0.0
12584.477530905604,0.52,-0.016
12584.47777286172,0.52,0.0
12584.478014817834,0.544,-0.016
12584.47825677395,0.52,0.0
12584.478498730063,0.536,-0.016
12584.478740686178,0.544,0.0
12584.478982642293,0.52,-0.016
12584.479224598408,0.528,0.0
12584.479466554523,0.504,-0.016
12584.479708510637,0.512,-0.008
12584.479950466752,0.504,0.0
12584.480192422867,0.504,0.0
12584.480434378982,0.52,-0.016
12584.480676335097,0.52,0.0
12584.48091829121,0.536,-0.008
12584.481160247326,0.544,0.0
12584.48140220344,0.52,-0.016
12584.481644159556,0.528,0.0
12584.481886115671,0.52,-0.016
12584.482128071784,0.528,0.0
12584.4823700279,0.52,-0.016
12584.482611984015,0.52,-0.016
12584.48285394013,0.536,0.0
12584.483095896245,0.528,0.0
12584.483337852358,0.544,-0.008
12584.483579808473,0.536,-0.008
12584.483821764588,0.52,0.0
12584.484063720703,0.52,0.0
12584.484305676819,0.544,-0.016
12584.484547632932,0.528,-0.008
12584.484789589047,0.504,0.0
12584.485031545162,0.504,0.0
12584.485273501277,0.52,-0.016
12584.485515457392,0.504,0.0
12584.485757413506,0.52,-0.016
12584.485999369621,0.52,0.0
12584.486241325736,0.504,-0.016
12584.486483281851,0.52,0.0
12584.486725237966,0.504,-0.008
12584.48696719408,0.504,-0.008
12584.487209150195,0.512,0.0
12584.48745110631,0.512,0.0
12584.487693062425,0.504,-0.016
12584.48793501854,0.504,0.0
12584.488176974653,0.512,-0.016
12584.488418930769,0.52,-0.016
12584.488660886884,0.496,0.0
12584.488902842999,0.504,-0.016
12584.489144799114,0.512,0.0
12584.489386755227,0.504,0.0
12584.489628711342,0.512,-0.016
12584.489870667458,0.512,0.0
12584.490112623573,0.504,-0.016
12584.490354579688,0.496,0.0
12584.490596535801,0.52,-0.016
12584.490838491916,0.504,0.0
12584.491080448031,0.512,-0.016
12584.491322404147,0.512,0.0
12584.491564360262,0.496,-0.016
12584.491806316375,0.512,0.0
12584.49204827249,0.504,-0.016
12584.492290228605,0.504,0.0
12584.49253218472,0.52,-0.016
12584.492774140836,0.52,0.0
12584.493016096949,0.536,-0.016
12584.493258053064,0.52,0.0
12584.49350000918,0.544,-0.016
12584.493741965294,0.536,-0.016
12584.49398392141,0.52,0.0
12584.494225877523,0.528,0.0
12584.494467833638,0.504,-0.008
12584.494709789753,0.504,-0.008
12584.494951745868,0.52,0.024
12584.495193701983,0.504,0.032
12584.495435658097,0.52,0.128
12584.495677614212,0.504,0.136
12584.495919570327,0.52,0.28
12584.496161526442,0.504,0.28
12584.496403482557,0.52,0.34400000000000003
12584.49664543867,0.512,0.34400000000000003
12584.496887394786,0.496,0.368
12584.4971293509,0.504,0.368
12584.497371307016,0.512,0.376
12584.497613263131,0.512,0.376
12584.497855219244,0.496,0.368
12584.49809717536,0.512,0.376
12584.498339131474,0.496,0.376
12584.49858108759,0.496,0.376
12584.498823043705,0.512,0.384
12584.499064999818,0.504,0.376
12584.499306955933,0.52,0.376
12584.499548912048,0.504,0.376
12584.499790868163,0.528,0.384
12584.500032824279,0.52,0.376
12584.500274780392,0.528,0.384
12584.500516736507,0.536,0.376
12584.500758692622,0.512,0.384
12584.501000648737,0.504,0.376
12584.501242604852,0.52,0.376
12584.501484560966,0.496,0.376
12584.50172651708,0.52,0.384
12584.501968473196,0.504,0.376
12584.502210429311,0.512,0.384
12584.502452385426,0.512,0.376
12584.50269434154,0.496,0.384
12584.502936297655,0.52,0.376
12584.50317825377,0.496,0.376
12584.503420209885,0.496,0.376
12584.503662166,0.528,0.384
12584.503904122113,0.52,0.376
12584.504146078229,0.504,0.384
12584.504388034344,0.504,0.376
12584.504629990459,0.52,0.384
12584.504871946574,0.504,0.376
12584.505113902687,0.52,0.384
12584.505355858802,0.504,0.376
12584.505597814918,0.52,0.368
12584.505839771033,0.52,0.376
12584.506081727148,0.496,0.376
12584.506323683261,0.504,0.376
12584.506565639376,0.512,0.376
12584.506807595491,0.496,0.376
12584.507049551607,0.512,0.376
12584.507291507722,0.504,0.376
12584.507533463835,0.512,0.376
12584.50777541995,0.504,0.376
12584.508017376065,0.52,0.376
12584.50825933218,0.512,0.376
12584.508501288296,0.496,0.384
12584.508743244409,0.504,0.376
12584.508985200524,0.496,0.384
12584.50922715664,0.504,0.376
12584.509469112754,0.512,0.376
12584.50971106887,0.496,0.376
12584.509953024983,0.512,0.384
12584.510194981098,0.504,0.376
12584.510436937213,0.496,0.376
12584.510678893328,0.52,0.376
12584.510920849443,0.496,0.376
12584.511162805557,0.512,0.376
12584.511404761672,0.496,0.41600000000000004
12584.511646717787,0.504,0.41600000000000004
12584.511888673902,0.496,0.44
12584.512130630017,0.504,0.424
12584.51237258613,0.536,0.392
12584.512614542246,0.528,0.384
12584.51285649836,0.52,0.4
12584.513098454476,0.528,0.392
12584.51334041059,0.504,0.40800000000000003
12584.513582366704,0.512,0.384
12584.51382432282,0.496,0.40800000000000003
12584.514066278934,0.504,0.40800000000000003
12584.51430823505,0.512,0.44
12584.514550191165,0.504,0.448
12584.514792147278,0.52,0.424
12584.515034103393,0.504,0.432
12584.515276059508,0.528,0.384
12584.515518015623,0.536,0.392
12584.515759971739,0.504,0.432
12584.516001927852,0.504,0.44
12584.516243883967,0.512,0.4
12584.516485840082,0.504,0.4
12584.516727796197,0.52,0.384
12584.516969752312,0.504,0.392
12584.517211708426,0.512,0.41600000000000004
12584.51745366454,0.512,0.44
12584.517695620656,0.496,0.384
12584.517937576771,0.504,0.384
12584.518179532886,0.536,0.41600000000000004
12584.518421489,0.528,0.41600000000000004
12584.518663445115,0.512,0.384
12584.51890540123,0.512,0.392
12584.519147357345,0.504,0.432
12584.51938931346,0.504,0.41600000000000004
12584.519631269573,0.536,0.44
12584.519873225689,0.528,0.448
12584.520115181804,0.504,0.424
12584.520357137919,0.512,0.44
12584.520599094034,0.496,0.424
12584.520841050147,0.504,0.44
12584.521083006262,0.52,0.424
12584.521324962378,0.496,0.424
12584.521566918493,0.512,0.44
12584.521808874608,0.504,0.448
12584.522050830721,0.512,0.4
12584.522292786836,0.504,0.4
12584.522534742951,0.512,0.376
12584.522776699067,0.504,0.376
12584.523018655182,0.512,0.4
12584.523260611295,0.512,0.392
12584.52350256741,0.504,0.384
12584.523744523525,0.504,0.4
12584.52398647964,0.512,0.432
12584.524228435756,0.504,0.4
12584.524470391869,0.52,0.41600000000000004
12584.524712347984,0.504,0.40800000000000003
12584.524954304099,0.52,0.432
12584.525196260214,0.504,0.424
12584.52543821633,0.52,0.376
12584.525680172443,0.496,0.384
12584.525922128558,0.512,0.376
12584.526164084673,0.52,0.376
12584.526406040788,0.504,0.384
12584.526647996903,0.496,0.376
12584.526889953017,0.512,0.384
12584.527131909132,0.496,0.376
12584.527373865247,0.528,0.384
12584.527615821362,0.52,0.376
12584.527857777477,0.536,0.384
12584.52809973359,0.528,0.376
12584.528341689705,0.504,0.384
12584.52858364582,0.504,0.376
12584.528825601936,0.52,0.384
12584.52906755805,0.504,0.376
12584.529309514164,0.536,0.384
12584.52955147028,0.52,0.376
12584.529793426394,0.504,0.384
12584.53003538251,0.504,0.376
12584.530277338625,0.52,0.376
12584.530519294738,0.504,0.376
12584.530761250853,0.536,0.376
12584.531003206968,0.528,0.376
12584.531245163083,0.512,0.376
12584.531487119199,0.512,0.376
12584.531729075312,0.504,0.376
12584.531971031427,0.512,0.376
12584.532212987542,0.496,0.376
12584.532454943657,0.512,0.376
12584.532696899772,0.504,0.376
12584.532938855886,0.504,0.376
12584.533180812,0.512,0.384
12584.533422768116,0.512,0.376
12584.533664724231,0.504,0.384
12584.533906680346,0.504,0.376
12584.53414863646,0.52,0.376
12584.534390592575,0.504,0.376
12584.53463254869,0.528,0.384
12584.534874504805,0.528,0.376
12584.53511646092,0.504,0.376
12584.535358417033,0.504,0.376
12584.535600373149,0.52,0.376
12584.535842329264,0.504,0.376
12584.536084285379,0.512,0.384
12584.536326241494,0.504,0.384
12584.536568197607,0.528,0.376
12584.536810153722,0.52,0.376
12584.537052109838,0.536,0.376
12584.537294065953,0.536,0.376
12584.537536022068,0.512,0.384
12584.537777978181,0.504,0.376
12584.538019934296,0.528,0.376
12584.558305740356,0.544,-0.016
12584.558555802902,0.528,0.0
12584.558805865447,0.528,-0.008
12584.559055927992,0.544,-0.016
12584.559305990537,0.552,0.0
12584.559556053082,0.528,-0.016
12584.559806115627,0.528,-0.008
12584.560056178172,0.544,-0.016
12584.560306240717,0.536,-0.016
12584.560556303262,0.544,-0.008
12584.560806365807,0.536,-0.016
12584.561056428352,0.544,0.0
12584.561306490898,0.536,-0.016
12584.561556553443,0.544,-0.008
12584.561806615988,0.544,-0.016
12584.562056678533,0.528,-0.008
12584.562306741078,0.528,-0.016
12584.562556803623,0.552,0.0
12584.562806866168,0.552,-0.016
12584.563056928715,0.528,0.0
12584.56330699126,0.536,-0.008
12584.563557053805,0.552,0.032
12584.56380711635,0.528,0.032
12584.564057178895,0.544,0.152
12584.56430724144,0.528,0.16
12584.564557303986,0.544,0.296
12584.56480736653,0.528,0.304
12584.565057429076,0.544,0.34400000000000003
12584.56530749162,0.552,0.34400000000000003
12584.565557554166,0.528,0.368
12584.565807616711,0.536,0.368
12584.566057679256,0.552,0.424
12584.566307741801,0.544,0.40800000000000003
12584.566557804346,0.528,0.424
12584.566807866891,0.536,0.41600000000000004
12584.567057929436,0.552,0.44
12584.567307991982,0.544,0.432
12584.567558054527,0.528,0.41600000000000004
12584.567808117072,0.528,0.424
12584.568058179617,0.552,0.432
12584.568308242162,0.536,0.41600000000000004
12584.568558304707,0.544,0.376
12584.568808367252,0.536,0.376
12584.569058429797,0.552,0.4
12584.569308492342,0.528,0.4
12584.569558554887,0.552,0.432
12584.569808617432,0.536,0.41600000000000004
12584.570058679978,0.552,0.376
12584.570308742523,0.528,0.376
12584.570558805068,0.552,0.368
12584.570808867613,0.528,0.368
12584.571058930158,0.552,0.376
12584.571308992703,0.528,0.368
12584.571559055248,0.544,0.368
12584.571809117793,0.536,0.368
12584.572059180338,0.552,0.384
12584.572309242883,0.552,0.368
12584.57255930543,0.528,0.376
12584.572809367975,0.536,0.376
12584.57305943052,0.552,0.4
12584.573309493066,0.528,0.392
12584.57355955561,0.552,0.424
12584.573809618156,0.536,0.432
12584.5740596807,0.552,0.392
12584.574309743246,0.544,0.384
12584.574559805791,0.528,0.368
12584.574809868336,0.544,0.368
12584.575059930881,0.536,0.392
12584.575309993426,0.536,0.4
12584.575560055971,0.544,0.424
12584.575810118517,0.544,0.432
12584.576060181062,0.528,0.41600000000000004
12584.576310243607,0.528,0.41600000000000004
12584.576560306152,0.544,0.432
12584.576810368697,0.544,0.432
12584.577060431242,0.528,0.40800000000000003
12584.577310493787,0.552,0.40800000000000003
12584.577560556332,0.528,0.384
12584.577810618877,0.528,0.376
12584.578060681422,0.544,0.4
12584.578310743967,0.544,0.424
12584.578560806513,0.536,0.4
12584.578810869058,0.528,0.4
12584.579060931603,0.544,0.376
12584.579310994148,0.536,0.376
12584.579561056693,0.552,0.368
12584.579811119238,0.544,0.368
12584.580061181783,0.528,0.384
12584.580311244328,0.536,0.376
12584.580561306873,0.544,0.424
12584.580811369418,0.536,0.41600000000000004
12584.581061431963,0.544,0.432
12584.581311494509,0.536,0.424
12584.581561557054,0.552,0.432
12584.5818116196,0.536,0.432
12584.582061682146,0.552,0.41600000000000004
12584.58231174469,0.544,0.432
12584.582561807236,0.528,0.424
12584.582811869781,0.528,0.432
12584.583061932326,0.544,0.41600000000000004
12584.583311994871,0.528,0.424
12584.583562057416,0.544,0.392
12584.583812119961,0.536,0.392
12584.584062182506,0.544,0.376
12584.584312245051,0.528,0.384
12584.584562307597,0.552,0.424
12584.584812370142,0.536,0.424
12584.585062432687,0.552,0.432
12584.585312495232,0.544,0.432
12584.585562557777,0.528,0.41600000000000004
12584.585812620322,0.536,0.424
12584.586062682867,0.552,0.432
12584.586312745412,0.544,0.424
12584.586562807957,0.536,0.432
12584.586812870502,0.536,0.424
12584.587062933047,0.552,0.40800000000000003
12584.587312995593,0.552,0.41600000000000004
12584.587563058138,0.528,0.44
12584.587813120683,0.544,0.432
12584.588063183228,0.528,0.41600000000000004
12584.588313245773,0.536,0.4
12584.588563308318,0.552,0.384
12584.588813370863,0.536,0.392
12584.589063433408,0.544,0.376
12584.589313495953,0.536,0.376
12584.589563558498,0.552,0.36
12584.589813621044,0.528,0.368
12584.590063683589,0.544,0.424
12584.590313746134,0.544,0.41600000000000004
12584.590563808679,0.528,0.432
12584.590813871224,0.536,0.41600000000000004
12584.591063933769,0.544,0.432
12584.591313996316,0.536,0.432
12584.591564058861,0.544,0.4
12584.591814121406,0.528,0.392
12584.592064183951,0.544,0.376
12584.592314246496,0.544,0.368
12584.592564309041,0.528,0.392
12584.592814371586,0.536,0.392
12584.593064434132,0.552,0.41600000000000004
12584.593314496677,0.528,0.4
12584.593564559222,0.544,0.424
12584.593814621767,0.528,0.432
12584.594064684312,0.544,0.384
12584.594314746857,0.536,0.392
12584.594564809402,0.512,0.376
12584.594814871947,0.52,0.384
12584.595064934492,0.504,0.41600000000000004
12584.595314997037,0.528,0.41600000000000004
12584.595565059582,0.504,0.384
12584.595815122128,0.504,0.384
12584.596065184673,0.528,0.368
12584.596315247218,0.528,0.368
12584.596565309763,0.512,0.376
12584.596815372308,0.504,0.376
12584.597065434853,0.512,0.41600000000000004
12584.597315497398,0.504,0.40800000000000003
12584.597565559943,0.536,0.432
12584.597815622488,0.536,0.424
12584.598065685033,0.52,0.432
12584.598315747578,0.504,0.432
12584.598565810124,0.52,0.41600000000000004
12584.598815872669,0.536,0.41600000000000004
12584.599065935214,0.52,0.432
12584.599315997759,0.52,0.432
12584.599566060304,0.536,0.40800000000000003
12584.599816122849,0.504,0.41600000000000004
12584.600066185394,0.528,0.432
12584.60031624794,0.512,0.41600000000000004
12584.600566310486,0.544,0.432
12584.600816373031,0.536,0.44
12584.601066435576,0.512,0.41600000000000004
12584.601316498121,0.52,0.432
12584.601566560666,0.504,0.40800000000000003
12584.601816623212,0.504,0.432
12584.602066685757,0.512,0.41600000000000004
12584.602316748302,0.512,0.40800000000000003
12584.602566810847,0.528,0.392
12584.602816873392,0.52,0.392
12584.603066935937,0.536,0.376
12584.603316998482,0.52,0.376
12584.603567061027,0.528,0.424
12584.603817123572,0.528,0.41600000000000004
12584.604067186117,0.536,0.44
12584.604317248662,0.536,0.424
12584.604567311208,0.52,0.432
12584.604817373753,0.528,0.432
12584.605067436298,0.512,0.41600000000000004
12584.605317498843,0.52,0.41600000000000004
12584.605567561388,0.504,0.432
12584.605817623933,0.504,0.424
12584.606067686478,0.52,0.392
12584.606317749023,0.504,0.4
12584.606567811568,0.512,0.376
12584.606817874113,0.512,0.376
12584.607067936658,0.536,0.40800000000000003
12584.607317999204,0.536,0.392
12584.607568061749,0.52,0.376
12584.607818124294,0.536,0.41600000000000004
12584.608068186839,0.512,0.392
12584.608318249384,0.544,0.384
12584.608568311929,0.504,0.40800000000000003
12584.608818374474,0.504,0.40800000000000003
12584.60906843702,0.52,0.432
12584.609318499564,0.504,0.432
12584.60956856211,0.52,0.4
12584.609818624655,0.504,0.40800000000000003
12584.610068687201,0.52,0.424
12584.610318749747,0.512,0.432
12584.610568812292,0.536,0.41600000000000004
12584.610818874837,0.52,0.424
12584.611068937382,0.536,0.41600000000000004
12584.611318999927,0.536,0.40800000000000003
12584.611569062472,0.512,0.432
12584.611819125017,0.512,0.40800000000000003
12584.612069187562,0.536,0.432
12584.612319250107,0.536,0.432
12584.612569312652,0.512,0.40800000000000003
12584.612819375197,0.52,0.392
12584.613069437743,0.536,0.41600000000000004
12584.613319500288,0.52,0.41600000000000004
12584.613569562833,0.536,0.432
12584.613819625378,0.528,0.432
12584.614069687923,0.504,0.384
12584.614319750468,0.504,0.368
12584.614569813013,0.52,0.392
12584.614819875558,0.504,0.392
12584.615069938103,0.52,0.41600000000000004
12584.615320000648,0.52,0.4
12584.615570063193,0.504,0.368
12584.615820125739,0.504,0.376
12584.616070188284,0.52,0.368
12584.616320250829,0.504,0.36
12584.616570313374,0.512,0.376
12584.616820375919,0.504,0.368
12584.617070438464,0.512,0.368
12584.617320501009,0.496,0.368
12584.617570563554,0.52,0.376
12584.6178206261,0.504,0.368
12584.618070688644,0.52,0.36
12584.61832075119,0.504,0.368
12584.618570813735,0.512,0.376
12584.61882087628,0.504,0.368
12584.619070938825,0.512,0.36
12584.619321001372,0.504,0.368
12584.619571063917,0.512,0.36
12584.619821126462,0.504,0.368
12584.620071189007,0.52,0.376
12584.620321251552,0.536,0.368
12584.620571314097,0.504,0.368
12584.620821376642,0.504,0.368
12584.621071439187,0.512,0.36
12584.621321501732,0.528,0.368
12584.621571564277,0.504,0.368
12584.621821626823,0.504,0.368
12584.622071689368,0.52,0.368
12584.622321751913,0.512,0.368
12584.622571814458,0.536,0.368
12584.622821877003,0.536,0.36
12584.623071939548,0.512,0.384
12584.623322002093,0.52,0.392
12584.623572064638,0.504,0.41600000000000004
12584.623822127183,0.512,0.40800000000000003
12584.624072189728,0.496,0.432
12584.624322252273,0.512,0.41600000000000004
12584.624572314819,0.496,0.432
12584.624822377364,0.496,0.424
12584.625072439909,0.512,0.4
12584.625322502454,0.512,0.384
12584.625572564999,0.496,0.4
12584.625822627544,0.512,0.376
12584.62607269009,0.496,0.312
12584.626322752634,0.512,0.296
12584.62657281518,0.504,0.16
12584.626822877724,0.504,0.152
12584.62707294027,0.52,0.04
12584.627323002815,0.504,0.04
12584.62757306536,0.528,0.008
12584.627823127905,0.52,0.008
12584.62807319045,0.536,-0.008
12584.628323252995,0.536,0.0
12584.62857331554,0.504,-0.008
12584.628823378087,0.52,0.0
12584.629073440632,0.504,-0.016
12584.629323503177,0.504,-0.008
12584.629573565722,0.52,0.0
12584.629823628267,0.52,0.0
12584.630073690812,0.504,-0.016
12584.630323753358,0.536,-0.016
12584.630573815903,0.504,0.0
12584.630823878448,0.504,-0.016
12584.631073940993,0.536,0.0
12584.631324003538,0.528,-0.016
12584.631574066083,0.536,0.0
12584.631824128628,0.528,-0.016
12584.632074191173,0.544,0.0
12584.632324253718,0.544,-0.016
12584.632574316263,0.52,0.0
12584.632824378808,0.528,-0.016
12584.633074441354,0.504,0.0
12584.633324503899,0.504,-0.016
12584.633574566444,0.52,0.0
12584.633824628989,0.512,0.0
12584.634074691534,0.52,-0.016
12584.634324754079,0.504,-0.016
12584.634574816624,0.52,0.0
12584.63482487917,0.512,-0.016
12584.635074941714,0.536,0.0
12584.63532500426,0.528,-0.016
12584.635575066804,0.512,0.0
12584.63582512935,0.52,0.0
12584.636075191895,0.536,-0.016
12584.63632525444,0.544,0.0
12584.636575316985,0.528,-0.016
12584.63682537953,0.528,-0.016
12584.637075442075,0.536,0.0
12584.63732550462,0.528,-0.016
12584.637575567165,0.544,0.0
12584.63782562971,0.528,-0.016
12584.638075692257,0.544,0.0
12584.638325754802,0.528,0.0
12584.638575817347,0.544,-0.016
12584.638825879892,0.528,0.0
12584.639075942438,0.544,-0.016
12584.639326004983,0.528,0.0
12584.639576067528,0.544,-0.016
12584.639826130073,0.528,0.0
12584.640076192618,0.544,-0.016
12584.640326255163,0.544,-0.016
12584.640576317708,0.528,0.0
12584.640826380253,0.528,-0.016
12584.641076442798,0.544,0.0
12584.641326505343,0.544,-0.016
12584.641576567888,0.528,0.0
12584.641826630434,0.528,-0.016
12584.642076692979,0.536,0.0
12584.642326755524,0.528,-0.016
12584.642576818069,0.552,0.0
12584.642826880614,0.528,-0.016
12584.643076943159,0.544,-0.008
12584.643327005704,0.528,-0.016
12584.64357706825,0.544,0.0
12584.643827130794,0.528,-0.016
12584.64407719334,0.544,0.0
12584.644327255884,0.528,0.0
12584.64457731843,0.536,-0.016
12584.644827380975,0.528,-0.016
12584.64507744352,0.544,0.0
12584.645327506065,0.528,0.0
12584.64557756861,0.536,-0.016
12584.645827631155,0.528,-0.016
12584.6460776937,0.544,-0.008
12584.646327756245,0.536,-0.008
12584.64657781879,0.544,-0.016
12584.646827881335,0.528,0.0
12584.64707794388,0.544,-0.016
12584.647328006426,0.528,-0.008
12584.647578068973,0.552,-0.016
12584.647828131518,0.528,-0.016
12584.648078194063,0.536,0.0
12584.648328256608,0.528,-0.016
12584.648578319153,0.544,0.0
12584.648828381698,0.528,0.0
12584.649078444243,0.536,-0.016
12584.649328506788,0.544,-0.016
12584.649578569333,0.528,0.0
12584.649828631878,0.528,-0.016
12584.650078694423,0.544,0.0
12584.650328756969,0.544,0.0
12584.650578819514,0.528,-0.016
12584.650828882059,0.528,-0.016
12584.651078944604,0.544,-0.008
12584.651329007149,0.544,-0.016
12584.651579069694,0.528,0.0
12584.651829132239,0.528,-0.008
12584.652079194784,0.544,-0.016
12584.65232925733,0.544,0.0
12584.652579319874,0.528,-0.016
12584.65282938242,0.552,-0.016
12584.653079444965,0.528,0.0
12584.65332950751,0.544,-0.016
12584.653579570055,0.536,0.0
12584.6538296326,0.536,-0.016
12584.654079695145,0.544,0.0
12584.65432975769,0.544,-0.016
12584.654579820235,0.528,0.0
12584.65482988278,0.528,0.0
12584.655079945325,0.544,-0.016
12584.65533000787,0.536,0.0
12584.655580070415,0.544,-0.016
12584.65583013296,0.528,-0.008
12584.656080195506,0.544,-0.016
12584.65633025805,0.528,-0.008
12584.656580320596,0.544,-0.016
12584.656830383143,0.544,-0.016
12584.657080445688,0.52,0.0
12584.657330508233,0.536,0.0
12584.657580570778,0.512,-0.016
12584.657830633323,0.504,-0.008
12584.658080695868,0.528,-0.016
12584.658330758413,0.504,-0.016
12584.658580820958,0.536,0.0
12584.658830883503,0.528,-0.016
12584.659080946049,0.544,-0.008
12584.659331008594,0.536,-0.016
12584.659581071139,0.528,0.0
12584.659831133684,0.528,-0.016
12584.660081196229,0.544,-0.008
12584.660331258774,0.544,-0.016
12584.66058132132,0.52,0.0
12584.660831383864,0.544,-0.008
12584.66108144641,0.512,-0.016
12584.661331508954,0.504,-0.008
12584.6615815715,0.52,-0.016
12584.661831634045,0.504,-0.016
12584.66208169659,0.52,-0.008
12584.662331759135,0.504,-0.016
12584.66258182168,0.52,-0.008
12584.662831884225,0.512,-0.016
12584.66308194677,0.504,-0.008
12584.663332009315,0.504,-0.016
12584.66358207186,0.52,0.0
12584.663832134405,0.504,0.0
12584.66408219695,0.52,-0.016
12584.664332259495,0.52,-0.016
12584.66458232204,0.504,0.0
12584.664832384586,0.504,-0.016
12584.66508244713,0.52,0.0
12584.665332509676,0.504,-0.008
12584.665582572221,0.528,-0.016
12584.665832634766,0.504,-0.016
12584.666082697311,0.52,0.0
12584.666332759858,0.504,-0.016
12584.666582822403,0.52,0.0
12584.666832884948,0.504,-0.008
12584.667082947493,0.52,-0.016
12584.667333010038,0.504,-0.016
12584.667583072584,0.52,0.0
12584.667833135129,0.528,-0.016
12584.668083197674,0.504,0.0
12584.668333260219,0.504,-0.016
12584.668583322764,0.512,-0.008
12584.668833385309,0.504,-0.016
12584.669083447854,0.528,-0.008
12584.6693335104,0.504,-0.016
12584.669583572944,0.512,0.0
12584.66983363549,0.504,-0.016
12584.670083698034,0.512,-0.008
12584.67033376058,0.496,-0.016
12584.670583823125,0.512,0.0
12584.67083388567,0.504,-0.016
12584.671083948215,0.528,-0.008
12584.67133401076,0.528,-0.016
12584.671584073305,0.504,-0.008
12584.67183413585,0.504,-0.016
12584.672084198395,0.528,0.0
12584.67233426094,0.512,-0.016
12584.672584323485,0.536,-0.008
12584.67283438603,0.528,-0.008
12584.673084448576,0.504,-0.016
12584.67333451112,0.504,-0.016
12584.673584573666,0.52,-0.008
12584.67383463621,0.536,-0.008
12584.674084698756,0.512,-0.016
12584.674334761301,0.52,-0.016
12584.674584823846,0.504,0.0
12584.674834886391,0.504,-0.016
12584.675084948936,0.528,-0.008
12584.675335011481,0.504,-0.008
12584.675585074028,0.52,-0.016
12584.675835136573,0.504,-0.008
12584.676085199118,0.52,-0.016
12584.676335261664,0.504,-0.016
12584.676585324209,0.52,-0.008
12584.676835386754,0.504,-0.008
12584.677085449299,0.528,-0.016
12584.677335511844,0.52,-0.016
12584.677585574389,0.536,-0.008
12584.677835636934,0.528,-0.008
12584.67808569948,0.504,-0.016
12584.678335762024,0.52,-0.016
12584.67858582457,0.536,0.0
12584.678835887114,0.536,-0.016
12584.67908594966,0.504,-0.008
12584.679336012205,0.504,-0.008
12584.67958607475,0.544,-0.016
12584.679836137295,0.528,0.0
12584.68008619984,0.536,-0.016
12584.680336262385,0.528,-0.016
12584.68058632493,0.536,-0.008
12584.680836387475,0.528,-0.016
12584.68108645002,0.536,0.0
12584.681336512565,0.528,-0.008
12584.68158657511,0.544,-0.016
12584.681836637656,0.528,-0.016
12584.6820867002,0.544,-0.008
12584.682336762746,0.528,-0.016
12584.68258682529,0.544,0.0
12584.682836887836,0.528,-0.008
12584.683086950381,0.544,-0.016
12584.683337012926,0.528,-0.016
12584.683587075471,0.544,-0.008
12584.683837138016,0.544,-0.016
12584.684087200561,0.528,0.0
12584.684337263106,0.528,-0.008
12584.684587325652,0.544,-0.016
12584.684837388197,0.544,-0.016
12584.685087450744,0.528,0.0
12584.685337513289,0.528,-0.016
12584.685587575834,0.536,0.0
12584.685837638379,0.528,-0.016
12584.686087700924,0.544,-0.008
12584.686337763469,0.528,-0.016
12584.686587826014,0.544,0.0
12584.68683788856,0.528,0.0
12584.687087951104,0.544,-0.016
12584.68733801365,0.528,-0.016
12584.687588076195,0.544,-0.008
12584.68783813874,0.528,-0.016
12584.688088201285,0.536,0.0
12584.68833826383,0.528,-0.008
12584.688588326375,0.544,0.024
12584.68883838892,0.544,0.024
12584.689088451465,0.528,0.128
12584.68933851401,0.528,0.136
12584.689588576555,0.544,0.272
12584.6898386391,0.536,0.28
12584.690088701645,0.544,0.34400000000000003
12584.69033876419,0.528,0.336
12584.690588826736,0.544,0.36
12584.69083888928,0.528,0.36
12584.691088951826,0.544,0.368
12584.69133901437,0.544,0.36
12584.691589076916,0.528,0.368
12584.691839139461,0.544,0.368
12584.692089202006,0.528,0.368
12584.692339264551,0.544,0.368
12584.692589327096,0.528,0.376
12584.692839389641,0.528,0.368
12584.693089452187,0.544,0.368
12584.693339514732,0.544,0.368
12584.693589577277,0.528,0.368
12584.693839639822,0.528,0.368
12584.694089702367,0.544,0.368
12584.694339764914,0.528,0.368
12584.694589827459,0.552,0.36
12584.694839890004,0.544,0.368
12584.69508995255,0.528,0.368
12584.695340015094,0.528,0.368
12584.69559007764,0.536,0.376
12584.695840140184,0.528,0.368
12584.69609020273,0.544,0.376
12584.696340265275,0.544,0.368
12584.69659032782,0.528,0.368
12584.696840390365,0.528,0.368
12584.69709045291,0.544,0.376
12584.697340515455,0.552,0.368
12584.697590578,0.528,0.368
12584.697840640545,0.528,0.368
12584.69809070309,0.544,0.368
12584.698340765635,0.528,0.368
12584.69859082818,0.544,0.376
12584.698840890725,0.544,0.368
12584.69909095327,0.536,0.368
12584.699341015816,0.528,0.368
12584.69959107836,0.544,0.36
12584.699841140906,0.536,0.368
12584.700091203451,0.536,0.368
12584.700341265996,0.552,0.368
12584.700591328541,0.528,0.368
12584.700841391086,0.528,0.368
12584.701091453631,0.552,0.368
12584.701341516176,0.544,0.368
12584.701591578721,0.528,0.368
12584.701841641267,0.552,0.368
12584.702091703812,0.536,0.368
12584.702341766357,0.544,0.368
12584.702591828902,0.528,0.368
12584.702841891447,0.528,0.368
12584.703091953992,0.552,0.376
12584.703342016537,0.528,0.368
12584.703592079082,0.552,0.376
12584.70384214163,0.552,0.376
12584.704092204174,0.528,0.368
12584.70434226672,0.552,0.368
12584.704592329264,0.528,0.36
12584.70484239181,0.536,0.368
12584.705092454355,0.552,0.368
12584.7053425169,0.536,0.368
12584.705592579445,0.552,0.376
12584.70584264199,0.544,0.368
12584.706092704535,0.528,0.424
12584.70634276708,0.544,0.41600000000000004
12584.706592829625,0.528,0.44
12584.70684289217,0.544,0.44
12584.707092954715,0.528,0.41600000000000004
12584.70734301726,0.528,0.41600000000000004
12584.707593079806,0.552,0.432
12584.70784314235,0.536,0.41600000000000004
12584.708093204896,0.552,0.432
12584.70834326744,0.552,0.432
12584.708593329986,0.528,0.41600000000000004
12584.708843392531,0.544,0.41600000000000004
12584.709093455076,0.528,0.424
12584.709343517621,0.536,0.424
12584.709593580166,0.552,0.40800000000000003
12584.709843642711,0.528,0.40800000000000003
12584.710093705256,0.544,0.384
12584.710343767802,0.528,0.392
12584.710593830347,0.552,0.424
12584.710843892892,0.528,0.41600000000000004
12584.711093955437,0.544,0.432
12584.711344017982,0.544,0.432
12584.711594080527,0.528,0.41600000000000004
12584.711844143072,0.544,0.432
12584.712094205617,0.528,0.41600000000000004
12584.712344268162,0.544,0.41600000000000004
12584.712594330707,0.528,0.432
12584.712844393252,0.536,0.41600000000000004
12584.7130944558,0.544,0.424
12584.713344518344,0.528,0.432
12584.71359458089,0.544,0.40800000000000003
12584.713844643435,0.552,0.40800000000000003
12584.71409470598,0.536,0.376
12584.714344768525,0.528,0.40800000000000003
12584.71459483107,0.544,0.376
12584.714844893615,0.544,0.376
12584.71509495616,0.536,0.368
12584.715345018705,0.536,0.368
12584.71559508125,0.544,0.41600000000000004
12584.715845143795,0.528,0.40800000000000003
12584.71609520634,0.544,0.424
12584.716345268886,0.536,0.41600000000000004
12584.71659533143,0.552,0.44
12584.716845393976,0.544,0.44
12584.71709545652,0.528,0.41600000000000004
12584.717345519066,0.544,0.432
12584.717595581611,0.528,0.40800000000000003
12584.717845644156,0.544,0.41600000000000004
12584.718095706701,0.536,0.44
12584.718345769246,0.536,0.432
12584.718595831791,0.544,0.4
12584.718845894336,0.528,0.4
12584.719095956882,0.552,0.376
12584.719346019427,0.536,0.384
12584.719596081972,0.552,0.424
12584.719846144517,0.536,0.432
12584.720096207062,0.552,0.40800000000000003
12584.720346269607,0.536,0.432
12584.720596332152,0.544,0.41600000000000004
12584.720846394697,0.536,0.41600000000000004
12584.721096457242,0.552,0.376
12584.721346519787,0.536,0.368
12584.721596582332,0.552,0.384
12584.721846644878,0.528,0.376
12584.722096707423,0.544,0.41600000000000004
12584.722346769968,0.528,0.40800000000000003
12584.722596832515,0.552,0.432
12584.72284689506,0.528,0.4
12584.723096957605,0.536,0.368
12584.72334702015,0.528,0.368
12584.723597082695,0.544,0.368
12584.72384714524,0.536,0.368
12584.724097207785,0.544,0.40800000000000003
12584.72434727033,0.528,0.4
12584.724597332875,0.552,0.376
12584.72484739542,0.536,0.376
12584.725097457966,0.552,0.368
12584.72534752051,0.536,0.376
12584.725597583056,0.552,0.41600000000000004
12584.7258476456,0.544,0.40800000000000003
12584.726097708146,0.528,0.432
12584.726347770691,0.528,0.40800000000000003
12584.726597833236,0.544,0.384
12584.726847895781,0.544,0.384
12584.727097958326,0.528,0.368
12584.727348020871,0.528,0.368
12584.727598083417,0.544,0.368
12584.727848145962,0.528,0.368
12584.728098208507,0.544,0.40800000000000003
12584.728348271052,0.536,0.432
12584.728598333597,0.552,0.4
12584.728848396142,0.528,0.392
12584.729098458687,0.552,0.376
12584.729348521232,0.544,0.376
12584.729598583777,0.528,0.424
12584.729848646322,0.536,0.41600000000000004
12584.730098708867,0.52,0.44
12584.730348771413,0.52,0.424
12584.730598833958,0.512,0.44
12584.730848896503,0.504,0.424
12584.731098959048,0.536,0.44
12584.731349021593,0.544,0.41600000000000004
12584.731599084138,0.52,0.432
12584.731849146685,0.528,0.424
12584.73209920923,0.544,0.44
12584.732349271775,0.544,0.424
12584.73259933432,0.52,0.44
12584.732849396865,0.52,0.44
12584.73309945941,0.504,0.40800000000000003
12584.733349521955,0.504,0.424
12584.7335995845,0.512,0.432
12584.733849647046,0.504,0.44
12584.73409970959,0.512,0.41600000000000004
12584.734349772136,0.504,0.432
12584.734599834681,0.52,0.41600000000000004
12584.734849897226,0.512,0.41600000000000004
12584.735099959771,0.504,0.432
12584.735350022316,0.504,0.41600000000000004
12584.735600084861,0.512,0.392
12584.735850147406,0.504,0.4
12584.736100209951,0.52,0.376
12584.736350272497,0.52,0.376
12584.736600335042,0.504,0.41600000000000004
12584.736850397587,0.504,0.41600000000000004
12584.737100460132,0.528,0.432
12584.737350522677,0.52,0.424
12584.737600585222,0.536,0.432
12584.737850647767,0.536,0.41600000000000004
12584.738100710312,0.512,0.44
12584.738350772857,0.504,0.432
12584.738600835402,0.52,0.40800000000000003
12584.738850897947,0.512,0.41600000000000004
12584.739100960493,0.536,0.44
12584.739351023038,0.536,0.432
12584.739601085583,0.52,0.41600000000000004
12584.739851148128,0.52,0.432
12584.740101210673,0.536,0.41600000000000004
12584.740351273218,0.52,0.432
12584.740601335763,0.536,0.392
12584.740851398308,0.528,0.392
12584.741101460853,0.504,0.368
12584.7413515234,0.52,0.368
12584.741601585945,0.504,0.376
12584.74185164849,0.504,0.368
12584.742101711036,0.52,0.40800000000000003
12584.74235177358,0.496,0.40800000000000003
12584.742601836126,0.52,0.424
12584.74285189867,0.512,0.4
12584.743101961216,0.528,0.376
12584.743352023761,0.52,0.376
12584.743602086306,0.536,0.40800000000000003
12584.743852148851,0.512,0.40800000000000003
12584.744102211396,0.544,0.432
12584.744352273941,0.528,0.432
12584.744602336486,0.544,0.41600000000000004
12584.744852399032,0.528,0.40800000000000003
12584.745102461577,0.544,0.424
12584.745352524122,0.528,0.432
12584.745602586667,0.544,0.41600000000000004
12584.745852649212,0.528,0.41600000000000004
12584.746102711757,0.544,0.432
12584.746352774302,0.528,0.432
12584.746602836847,0.544,0.41600000000000004
12584.746852899392,0.544,0.432
12584.747102961937,0.528,0.41600000000000004
12584.747353024482,0.544,0.41600000000000004
12584.747603087028,0.528,0.392
12584.747853149573,0.528,0.4
12584.748103212118,0.544,0.432
12584.748353274663,0.544,0.424
12584.748603337208,0.528,0.44
12584.748853399753,0.528,0.432
12584.749103462298,0.544,0.41600000000000004
12584.749353524843,0.528,0.41600000000000004
12584.749603587388,0.544,0.432
12584.749853649933,0.528,0.424
12584.750103712478,0.536,0.40800000000000003
12584.750353775024,0.528,0.424
12584.75060383757,0.544,0.40800000000000003
12584.750853900116,0.528,0.40800000000000003
12584.75110396266,0.544,0.296
12584.751354025206,0.528,0.28800000000000003
12584.75160408775,0.544,0.14400000000000002
12584.751854150296,0.544,0.136
12584.752104212841,0.528,0.048
12584.752354275386,0.528,0.048
12584.752604337931,0.544,0.008
12584.752854400476,0.544,0.008
12584.753104463021,0.528,-0.008
12584.753354525566,0.528,0.0
12584.753604588112,0.552,-0.008
12584.753854650657,0.528,0.0
12584.754104713202,0.544,-0.008
12584.754354775747,0.528,0.0
12584.754604838292,0.544,-0.016
12584.754854900837,0.528,-0.016
12584.755104963382,0.544,0.0
12584.755355025927,0.544,0.0
12584.755605088472,0.52,-0.016
12584.755855151017,0.528,-0.016
12584.756105213562,0.544,0.0
12584.756355276108,0.528,0.0
12584.756605338653,0.536,-0.008
12584.756855401198,0.528,-0.016
12584.757105463743,0.536,0.0
12584.757355526288,0.536,0.0
12584.757605588833,0.52,-0.016
12584.757855651378,0.528,0.0
12584.758105713923,0.504,-0.016
12584.758355776468,0.504,0.0
12584.758605839013,0.512,-0.016
12584.758855901558,0.504,0.0
12584.759105964104,0.52,-0.016
12584.759356026649,0.512,0.0
12584.759606089194,0.528,-0.016
12584.759856151739,0.52,-0.016
12584.760106214286,0.536,0.0
12584.76035627683,0.528,0.0
12584.760606339376,0.544,-0.016
12584.760856401921,0.52,0.0
12584.761106464466,0.504,-0.016
12584.761356527011,0.504,-0.016
12584.761606589556,0.52,0.0
12584.761856652101,0.504,-0.016
12584.762106714647,0.52,0.0
12584.762356777192,0.52,-0.016
12584.762606839737,0.496,0.0
12584.762856902282,0.504,-0.016
12584.763106964827,0.512,0.0
12584.763357027372,0.504,-0.016
12584.763607089917,0.52,0.0
12584.763857152462,0.504,0.0
12584.764107215007,0.512,-0.016
12584.764357277552,0.504,0.0
12584.764607340097,0.52,-0.016
12584.764857402643,0.512,0.0
12584.765107465188,0.496,-0.016
12584.765357527733,0.496,-0.016
12584.765607590278,0.52,0.0
12584.765857652823,0.512,-0.016
12584.766107715368,0.496,0.0
12584.766357777913,0.512,-0.016
12584.766607840458,0.496,0.0
12584.766857903003,0.504,-0.016
12584.767107965548,0.512,0.0
12584.767358028093,0.496,-0.016
12584.767608090639,0.52,0.0
12584.767858153184,0.504,-0.016
12584.768108215729,0.528,0.0
12584.768358278274,0.52,-0.016
12584.768608340819,0.528,0.0
12584.768858403364,0.528,0.0
12584.769108465909,0.512,-0.016
12584.769358528456,0.504,0.0
12584.769608591001,0.52,-0.016
12584.769858653546,0.512,-0.016
12584.770108716091,0.536,0.0
12584.770358778636,0.52,-0.016
12584.770608841181,0.536,0.0
12584.770858903727,0.52,0.0
12584.771108966272,0.536,-0.016
12584.771359028817,0.536,-0.016
12584.771609091362,0.52,0.0
12584.771859153907,0.528,-0.016
12584.772109216452,0.512,0.0
12584.772359278997,0.52,-0.016
12584.772609341542,0.496,0.0
12584.772859404087,0.504,-0.016
12584.773109466632,0.52,0.0
12584.773359529177,0.504,-0.016
12584.773609591723,0.512,0.0
12584.773859654268,0.504,-0.016
12584.774109716813,0.52,0.0
12584.774359779358,0.512,-0.016
12584.774609841903,0.496,0.0
12584.774859904448,0.504,-0.016
12584.775109966993,0.52,0.0
12584.775360029538,0.496,-0.016
12584.775610092083,0.512,0.0
12584.775860154628,0.512,-0.016
12584.776110217173,0.496,0.0
12584.776360279719,0.504,-0.016
12584.776610342264,0.512,0.0
12584.776860404809,0.504,-0.016
12584.777110467354,0.52,0.0
12584.777360529899,0.536,-0.016
12584.777610592444,0.512,0.0
12584.77786065499,0.504,-0.016
12584.778110717534,0.52,0.0
12584.77836078008,0.504,-0.016
12584.778610842624,0.52,0.0
12584.778860905171,0.504,-0.016
12584.779110967716,0.52,0.0
12584.779361030261,0.52,-0.016
12584.779611092807,0.496,0.0
12584.779861155352,0.512,-0.016
12584.780111217897,0.528,0.0
12584.780361280442,0.536,-0.016
12584.780611342987,0.512,0.0
12584.780861405532,0.528,-0.016
12584.781111468077,0.504,0.0
12584.781361530622,0.504,-0.016
12584.781611593167,0.52,-0.008
12584.781861655712,0.504,-0.016
12584.782111718258,0.512,0.0
12584.782361780803,0.496,0.0
12584.782611843348,0.52,-0.016
12584.782861905893,0.504,-0.016
12584.783111968438,0.52,0.0
12584.783362030983,0.496,-0.016
12584.783612093528,0.52,0.0
12584.783862156073,0.496,-0.016
12584.784112218618,0.512,-0.008
12584.784362281163,0.504,-0.016
12584.784612343708,0.528,0.0
12584.784862406254,0.512,-0.008
12584.785112468799,0.528,-0.016
12584.785362531344,0.528,0.0
12584.785612593889,0.504,-0.016
12584.785862656434,0.496,0.0
12584.786112718979,0.512,-0.016
12584.786362781524,0.512,-0.008
12584.78661284407,0.536,-0.016
12584.786862906614,0.528,-0.016
12584.78711296916,0.544,0.0
12584.787363031704,0.544,-0.008
12584.78761309425,0.52,-0.016
12584.787863156795,0.528,-0.008
12584.788113219342,0.544,-0.016
12584.788363281887,0.528,0.0
12584.788613344432,0.536,-0.016
12584.788863406977,0.528,-0.008
12584.789113469522,0.544,-0.016
12584.789363532067,0.528,-0.008
12584.789613594612,0.536,-0.016
12584.789863657157,0.528,-0.016
12584.790113719702,0.544,-0.008
12584.790363782247,0.528,-0.008
12584.790613844792,0.544,-0.016
12584.790863907338,0.528,-0.008
12584.791113969883,0.544,-0.016
12584.791364032428,0.528,-0.016
12584.791614094973,0.544,-0.008
12584.791864157518,0.528,-0.016
12584.792114220063,0.536,-0.008
12584.792364282608,0.528,-0.008
12584.792614345153,0.536,-0.016
12584.792864407698,0.528,-0.016
12584.793114470243,0.544,0.0
12584.793364532788,0.528,-0.008
12584.793614595334,0.544,-0.016
12584.793864657879,0.528,0.0
12584.794114720424,0.544,-0.016
12584.794364782969,0.528,-0.016
12584.794614845514,0.544,0.0
12584.794864908059,0.528,-0.008
12584.795114970604,0.544,-0.016
12584.79536503315,0.544,-0.016
12584.795615095694,0.528,-0.008
12584.79586515824,0.528,-0.016
12584.796115220784,0.544,-0.008
12584.79636528333,0.528,-0.016
12584.796615345875,0.536,-0.008
12584.79686540842,0.528,-0.016
12584.797115470965,0.544,0.0
12584.79736553351,0.528,0.0
12584.797615596057,0.544,-0.016
12584.797865658602,0.528,-0.008
12584.798115721147,0.544,-0.016
12584.798365783692,0.536,-0.016
12584.798615846237,0.52,0.0
12584.798865908782,0.536,-0.016
12584.799115971327,0.512,0.0
12584.799366033873,0.504,-0.016
12584.799616096418,0.52,0.0
12584.799866158963,0.52,-0.016
12584.800116221508,0.552,-0.008
12584.800366284053,0.536,-0.008
12584.800616346598,0.512,-0.016
12584.800866409143,0.52,-0.016
12584.801116471688,0.504,0.0
12584.801366534233,0.512,-0.008
12584.801616596778,0.528,-0.016
12584.801866659323,0.52,-0.016
12584.802116721869,0.504,-0.008
12584.802366784414,0.504,-0.008
12584.802616846959,0.52,-0.016
12584.802866909504,0.528,-0.016
12584.803116972049,0.504,0.0
12584.803367034594,0.504,-0.016
12584.803617097139,0.512,-0.008
12584.803867159684,0.528,-0.008
12584.80411722223,0.504,-0.016
12584.804367284774,0.504,-0.016
12584.80461734732,0.52,0.0
12584.804867409865,0.504,-0.008
12584.80511747241,0.52,-0.016
12584.805367534955,0.504,-0.008
12584.8056175975,0.536,-0.016
12584.805867660045,0.52,-0.016
12584.80611772259,0.536,0.0
12584.806367785135,0.544,-0.016
12584.80661784768,0.504,0.0
12584.806867910227,0.504,-0.016
12584.807117972772,0.536,0.0
12584.807368035317,0.544,-0.016
12584.807618097862,0.52,-0.008
12584.807868160407,0.528,-0.016
12584.808118222953,0.544,0.0
12584.808368285498,0.528,-0.016
12584.808618348043,0.544,0.0
12584.808868410588,0.528,-0.016
12584.809118473133,0.544,-0.008
12584.809368535678,0.528,-0.016
12584.809618598223,0.544,0.0
12584.809868660768,0.528,-0.016
12584.810118723313,0.544,-0.008
12584.810368785858,0.528,-0.016
12584.810618848403,0.544,-0.008
12584.810868910949,0.528,-0.016
12584.811118973494,0.544,0.0
12584.811369036039,0.528,0.0
12584.811619098584,0.544,-0.016
12584.811869161129,0.528,-0.016
12584.812119223674,0.536,0.0
12584.81236928622,0.528,0.0
12584.812619348764,0.544,-0.016
12584.81286941131,0.528,-0.016
12584.813119473854,0.544,0.0
12584.8133695364,0.528,-0.008
12584.813619598945,0.544,0.024
12584.81386966149,0.528,0.024
12584.814119724035,0.544,0.128
12584.81436978658,0.528,0.136
12584.814619849125,0.544,0.272
12584.81486991167,0.544,0.28
12584.815119974215,0.528,0.336
12584.81537003676,0.528,0.336
12584.815620099305,0.544,0.36
12584.81587016185,0.528,0.36
12584.816120224395,0.536,0.368
12584.816370286942,0.544,0.36
12584.816620349487,0.528,0.376
12584.816870412033,0.528,0.368
12584.817120474578,0.536,0.368
12584.817370537123,0.528,0.368
12584.817620599668,0.552,0.368
12584.817870662213,0.536,0.368
12584.818120724758,0.552,0.368
12584.818370787303,0.528,0.368
12584.818620849848,0.544,0.368
12584.818870912393,0.528,0.368
12584.819120974938,0.544,0.368
12584.819371037484,0.528,0.376
12584.819621100029,0.544,0.36
12584.819871162574,0.528,0.368
12584.820121225119,0.536,0.368
12584.820371287664,0.52,0.368
12584.820621350209,0.536,0.368
12584.820871412754,0.536,0.368
12584.8211214753,0.512,0.368
12584.821371537844,0.504,0.368
12584.82162160039,0.512,0.368
12584.821871662934,0.504,0.368
12584.82212172548,0.512,0.376
12584.822371788025,0.504,0.368
12584.82262185057,0.52,0.368
12584.822871913115,0.504,0.368
12584.82312197566,0.528,0.368
12584.823372038205,0.504,0.368
12584.82362210075,0.52,0.368
12584.823872163295,0.504,0.368
12584.82412222584,0.512,0.368
12584.824372288385,0.504,0.368
12584.82462235093,0.52,0.36
12584.824872413476,0.504,0.368
12584.82512247602,0.512,0.376
12584.825372538566,0.504,0.368
12584.825622601113,0.52,0.376
12584.825872663658,0.496,0.368
12584.826122726203,0.52,0.368
12584.826372788748,0.504,0.368
12584.826622851293,0.52,0.376
12584.826872913838,0.504,0.376
12584.827122976383,0.52,0.368
12584.827373038928,0.504,0.368
12584.827623101473,0.512,0.368
12584.827873164018,0.504,0.368
12584.828123226564,0.512,0.368
12584.828373289109,0.504,0.368
12584.828623351654,0.512,0.376
12584.828873414199,0.504,0.368
12584.829123476744,0.52,0.368
12584.829373539289,0.504,0.368
12584.829623601834,0.536,0.36
12584.82987366438,0.52,0.368
12584.830123726924,0.536,0.368
12584.83037378947,0.52,0.368
12584.830623852014,0.536,0.368
12584.83087391456,0.528,0.368
12584.831123977105,0.504,0.368
12584.83137403965,0.504,0.368
12584.831624102195,0.52,0.368
12584.83187416474,0.504,0.368
12584.832124227285,0.528,0.368
12584.83237428983,0.504,0.368
12584.832624352375,0.52,0.368
12584.83287441492,0.504,0.368
12584.833124477465,0.528,0.376
12584.83337454001,0.528,0.368
12584.833624602556,0.504,0.376
12584.8338746651,0.504,0.368
12584.834124727646,0.52,0.368
12584.83437479019,0.504,0.368
12584.834624852736,0.536,0.36
12584.834874915281,0.528,0.36
12584.835124977828,0.52,0.376
12584.835375040373,0.536,0.376
12584.835625102918,0.504,0.368
12584.835875165463,0.504,0.368
12584.836125228008,0.52,0.368
12584.836375290553,0.512,0.368
12584.836625353098,0.536,0.368
12584.836875415644,0.528,0.368
12584.837125478189,0.504,0.376
12584.837375540734,0.512,0.368
12584.837625603279,0.496,0.376
12584.837875665824,0.52,0.368
12584.838125728369,0.504,0.376
12584.838375790914,0.496,0.368
12584.83862585346,0.512,0.368
12584.838875916004,0.496,0.368
12584.83912597855,0.512,0.368
12584.839376041095,0.504,0.368
12584.83962610364,0.512,0.36
12584.839876166185,0.504,0.368
12584.84012622873,0.512,0.36
12584.840376291275,0.52,0.368
12584.84062635382,0.496,0.368
12584.840876416365,0.504,0.368
12584.84112647891,0.52,0.384
12584.841376541455,0.504,0.41600000000000004
12584.841626604,0.512,0.376
12584.841876666545,0.496,0.384
12584.84212672909,0.52,0.368
12584.842376791636,0.512,0.368
12584.84262685418,0.496,0.368
12584.842876916726,0.504,0.368
12584.84312697927,0.528,0.36
12584.843377041816,0.52,0.368
12584.843627104361,0.536,0.36
12584.843877166906,0.528,0.368
12584.844127229451,0.504,0.36
12584.844377291998,0.52,0.368
12584.844627354543,0.504,0.392
12584.844877417088,0.504,0.392
12584.845127479633,0.52,0.424
12584.845377542179,0.52,0.41600000000000004
12584.845627604724,0.536,0.432
12584.845877667269,0.52,0.424
12584.846127729814,0.544,0.432
12584.846377792359,0.528,0.424
12584.846627854904,0.544,0.432
12584.84687791745,0.528,0.44
12584.847127979994,0.544,0.424
12584.84737804254,0.528,0.424
12584.847628105084,0.552,0.432
12584.84787816763,0.528,0.432
12584.848128230175,0.544,0.376
12584.84837829272,0.528,0.376
12584.848628355265,0.544,0.368
12584.84887841781,0.544,0.376
12584.849128480355,0.528,0.40800000000000003
12584.8493785429,0.536,0.4
12584.849628605445,0.528,0.432
12584.84987866799,0.528,0.44
12584.850128730535,0.544,0.41600000000000004
12584.85037879308,0.528,0.41600000000000004
12584.850628855625,0.536,0.376
12584.85087891817,0.528,0.376
12584.851128980716,0.544,0.40800000000000003
12584.85137904326,0.528,0.41600000000000004
12584.851629105806,0.544,0.424
12584.851879168351,0.528,0.40800000000000003
12584.852129230896,0.544,0.432
12584.852379293441,0.528,0.432
12584.852629355986,0.552,0.41600000000000004
12584.852879418531,0.528,0.424
12584.853129481076,0.536,0.376
12584.853379543621,0.528,0.376
12584.853629606167,0.544,0.368
12584.853879668713,0.528,0.368
12584.854129731259,0.536,0.384
12584.854379793804,0.528,0.384
12584.854629856349,0.544,0.41600000000000004
12584.854879918894,0.528,0.4
12584.855129981439,0.544,0.376
12584.855380043984,0.528,0.376
12584.85563010653,0.544,0.384
12584.855880169074,0.528,0.384
12584.85613023162,0.544,0.41600000000000004
12584.856380294164,0.528,0.424
12584.85663035671,0.544,0.376
12584.856880419255,0.528,0.376
12584.8571304818,0.544,0.368
12584.857380544345,0.544,0.376
12584.85763060689,0.528,0.40800000000000003
12584.857880669435,0.544,0.40800000000000003
12584.85813073198,0.528,0.384
12584.86338019371,0.536,0.0
12584.863626408975,0.552,-0.016
12584.863872624239,0.544,0.0
12584.864118839503,0.528,-0.016
12584.864365054766,0.536,0.0
12584.86461127003,0.552,-0.008
12584.864857485294,0.536,0.0
12584.865103700558,0.544,-0.016
12584.865349915823,0.536,0.0
12584.865596131087,0.544,-0.016
12584.865842346351,0.536,0.0
12584.866088561614,0.544,-0.016
12584.866334776878,0.536,0.0
12584.866580992142,0.544,-0.016
12584.866827207406,0.536,0.0
12584.86707342267,0.552,-0.008
12584.867319637935,0.528,0.0
12584.8675658532,0.544,-0.016
12584.867812068462,0.536,0.0
12584.868058283726,0.552,-0.008
12584.86830449899,0.536,0.0
12584.868550714255,0.552,0.032
12584.868796929519,0.536,0.024
12584.869043144783,0.552,0.152
12584.869289360046,0.536,0.168
12584.86953557531,0.544,0.312
12584.869781790574,0.536,0.32
12584.870028005838,0.552,0.352
12584.870274221103,0.536,0.352
12584.870520436367,0.544,0.368
12584.870766651631,0.536,0.368
12584.871012866894,0.552,0.376
12584.871259082158,0.536,0.376
12584.871505297422,0.552,0.424
12584.871751512686,0.536,0.41600000000000004
12584.87199772795,0.552,0.44
12584.872243943215,0.552,0.432
12584.87249015848,0.528,0.44
12584.872736373742,0.536,0.432
12584.872982589006,0.544,0.448
12584.87322880427,0.536,0.448
12584.873475019534,0.544,0.432
12584.873721234799,0.536,0.448
12584.873967450063,0.552,0.424
12584.874213665327,0.552,0.44
12584.87445988059,0.536,0.432
12584.874706095854,0.536,0.44
12584.874952311118,0.552,0.424
12584.875198526383,0.536,0.44
12584.875444741647,0.552,0.424
12584.875690956911,0.536,0.432
12584.875937172175,0.552,0.448
12584.876183387438,0.552,0.448
12584.876429602702,0.528,0.424
12584.876675817966,0.536,0.44
12584.87692203323,0.512,0.424
12584.877168248495,0.536,0.448
12584.87741446376,0.512,0.424
12584.877660679022,0.528,0.424
12584.877906894286,0.512,0.392
12584.87815310955,0.512,0.41600000000000004
12584.878399324814,0.536,0.44
12584.878645540079,0.544,0.44
12584.878891755343,0.52,0.424
12584.879137970607,0.536,0.448
12584.87938418587,0.52,0.41600000000000004
12584.879630401134,0.512,0.41600000000000004
12584.879876616398,0.544,0.384
12584.880122831662,0.544,0.376
12584.880369046927,0.528,0.392
12584.880615262191,0.528,0.384
12584.880861477455,0.544,0.4
12584.881107692718,0.536,0.4
12584.881353907982,0.512,0.424
12584.881600123246,0.504,0.40800000000000003
12584.88184633851,0.52,0.384
12584.882092553775,0.52,0.384
12584.882338769039,0.504,0.4
12584.882584984303,0.52,0.4
12584.882831199566,0.504,0.44
12584.88307741483,0.52,0.44
12584.883323630094,0.504,0.424
12584.883569845359,0.52,0.44
12584.883816060623,0.504,0.41600000000000004
12584.884062275887,0.528,0.40800000000000003
12584.884308491151,0.512,0.432
12584.884554706414,0.504,0.4
12584.884800921678,0.52,0.376
12584.885047136942,0.52,0.376
12584.885293352207,0.504,0.384
12584.885539567471,0.504,0.376
12584.885785782735,0.52,0.4
12584.886031998,0.504,0.40800000000000003
12584.886278213262,0.512,0.384
12584.886524428526,0.504,0.384
12584.88677064379,0.52,0.376
12584.887016859055,0.52,0.376
12584.887263074319,0.504,0.384
12584.887509289583,0.528,0.376
12584.887755504846,0.504,0.376
12584.88800172011,0.504,0.376
12584.888247935374,0.52,0.384
12584.888494150639,0.528,0.376
12584.888740365903,0.504,0.376
12584.888986581167,0.52,0.376
12584.889232796431,0.504,0.376
12584.889479011694,0.504,0.376
12584.889725226958,0.52,0.368
12584.889971442222,0.52,0.376
12584.890217657487,0.504,0.384
12584.89046387275,0.504,0.376
12584.890710088015,0.512,0.376
12584.89095630328,0.504,0.368
12584.891202518542,0.512,0.384
12584.891448733806,0.504,0.376
12584.89169494907,0.512,0.376
12584.891941164335,0.512,0.376
12584.892187379599,0.496,0.384
12584.892433594863,0.504,0.376
12584.892679810127,0.512,0.384
12584.89292602539,0.512,0.376
12584.893172240654,0.504,0.376
12584.893418455918,0.504,0.376
12584.893664671183,0.52,0.384
12584.893910886447,0.504,0.376
12584.894157101711,0.52,0.376
12584.894403316976,0.52,0.384
12584.894649532238,0.504,0.368
12584.894895747502,0.52,0.376
12584.895141962767,0.536,0.384
12584.89538817803,0.52,0.376
12584.895634393295,0.504,0.376
12584.89588060856,0.496,0.376
12584.896126823822,0.52,0.384
12584.896373039086,0.52,0.376
12584.89661925435,0.504,0.376
12584.896865469615,0.504,0.376
12584.897111684879,0.52,0.376
12584.897357900143,0.496,0.376
12584.897604115407,0.512,0.376
12584.89785033067,0.504,0.376
12584.898096545934,0.512,0.384
12584.898342761198,0.504,0.376
12584.898588976463,0.512,0.376
12584.898835191727,0.504,0.376
12584.899081406991,0.512,0.376
12584.899327622255,0.504,0.384
12584.899573837518,0.52,0.368
12584.899820052782,0.504,0.376
12584.900066268046,0.52,0.368
12584.90031248331,0.512,0.376
12584.900558698575,0.504,0.384
12584.90080491384,0.504,0.376
12584.901051129104,0.52,0.384
12584.901297344366,0.504,0.376
12584.90154355963,0.536,0.384
12584.901789774894,0.528,0.376
12584.902035990159,0.504,0.376
12584.902282205423,0.504,0.376
12584.902528420687,0.512,0.384
12584.902774635952,0.504,0.376
12584.903020851214,0.528,0.384
12584.903267066478,0.52,0.376
12584.903513281743,0.536,0.384
12584.903759497007,0.536,0.376
12584.904005712271,0.496,0.376
12584.904251927535,0.496,0.384
12584.9044981428,0.512,0.368
12584.904744358062,0.504,0.376
12584.904990573326,0.52,0.384
12584.90523678859,0.504,0.376
12584.905483003855,0.536,0.384
12584.90572921912,0.52,0.376
12584.905975434383,0.528,0.384
12584.906221649646,0.536,0.376
12584.90646786491,0.52,0.376
12584.906714080174,0.536,0.376
12584.906960295439,0.512,0.376
12584.907206510703,0.504,0.376
12584.907452725967,0.536,0.376
12584.907698941232,0.536,0.376
12584.907945156494,0.512,0.376
12584.908191371758,0.528,0.376
12584.908437587022,0.504,0.376
12584.908683802287,0.504,0.376
12584.908930017551,0.52,0.376
12584.909176232815,0.504,0.368
12584.90942244808,0.52,0.384
12584.909668663342,0.512,0.376
12584.909914878606,0.536,0.384
12584.91016109387,0.52,0.376
12584.910407309135,0.536,0.376
12584.9106535244,0.528,0.376
12584.910899739663,0.512,0.384
12584.911145954928,0.512,0.376
12584.91139217019,0.504,0.376
12584.911638385454,0.504,0.376
12584.911884600719,0.528,0.376
12584.912130815983,0.504,0.376
12584.912377031247,0.52,0.384
12584.912623246511,0.504,0.376
12584.912869461776,0.52,0.376
12584.913115677038,0.504,0.376
12584.913361892302,0.512,0.384
12584.913608107567,0.496,0.376
12584.913854322831,0.52,0.376
12584.914100538095,0.52,0.376
12584.91434675336,0.504,0.368
12584.914592968622,0.528,0.368
12584.914839183886,0.504,0.376
12584.91508539915,0.504,0.376
12584.915331614415,0.512,0.384
12584.915577829679,0.504,0.376
12584.915824044943,0.536,0.376
12584.916070260208,0.504,0.376
12584.91631647547,0.528,0.376
12584.916562690734,0.528,0.384
12584.916808905999,0.504,0.376
12584.917055121263,0.504,0.376
12584.917301336527,0.528,0.384
12584.917547551791,0.52,0.376
12584.917793767056,0.536,0.384
12584.918039982318,0.52,0.384
12584.918286197582,0.528,0.376
12584.918532412847,0.528,0.376
12584.91877862811,0.504,0.384
12584.919024843375,0.504,0.376
12584.91927105864,0.528,0.368
12584.919517273904,0.528,0.376
12584.919763489166,0.512,0.384
12584.92000970443,0.504,0.376
12584.920255919695,0.544,0.384
12584.920502134959,0.528,0.376
12584.920748350223,0.544,0.376
12584.920994565487,0.528,0.376
12584.921240780752,0.544,0.384
12584.921486996014,0.536,0.376
12584.921733211278,0.52,0.376
12584.921979426543,0.536,0.376
12584.922225641807,0.512,0.376
12584.922471857071,0.52,0.376
12584.922718072336,0.536,0.376
12584.9229642876,0.536,0.376
12584.923210502862,0.504,0.384
12584.923456718127,0.504,0.376
12584.92370293339,0.528,0.376
12584.923949148655,0.52,0.376
12584.92419536392,0.504,0.4
12584.924441579184,0.504,0.392
12584.924687794446,0.52,0.432
12584.92493400971,0.504,0.424
12584.925180224975,0.52,0.384
12584.925426440239,0.512,0.384
12584.925672655503,0.528,0.376
12584.925918870767,0.512,0.376
12584.926165086032,0.536,0.384
12584.926411301294,0.544,0.376
12584.926657516558,0.52,0.4
12584.926903731823,0.528,0.392
12584.927149947087,0.52,0.424
12584.927396162351,0.52,0.4
12584.927642377615,0.504,0.376
12584.92788859288,0.504,0.376
12584.928134808142,0.52,0.392
12584.928381023406,0.504,0.376
12584.92862723867,0.52,0.392
12584.928873453935,0.504,0.384
12584.9291196692,0.536,0.424
12584.929365884464,0.52,0.424
12584.929612099728,0.536,0.40800000000000003
12584.92985831499,0.528,0.40800000000000003
12584.930104530255,0.504,0.328
12584.930350745519,0.504,0.328
12584.930596960783,0.52,0.16
12584.930843176047,0.52,0.152
12584.931089391312,0.536,0.056
12584.931335606576,0.536,0.048
12584.931581821838,0.512,0.008
12584.931828037103,0.536,0.008
12584.932074252367,0.512,-0.008
12584.932320467631,0.52,-0.008
12584.932566682895,0.504,0.0
12584.93281289816,0.504,-0.008
12584.933059113422,0.52,0.0
12584.933305328686,0.504,0.0
12584.93355154395,0.52,-0.008
12584.933797759215,0.512,0.0
12584.93404397448,0.52,-0.016
12584.934290189743,0.52,0.0
12584.934536405008,0.504,-0.008
12584.93478262027,0.512,-0.008
12584.935028835534,0.536,0.0
12584.935275050799,0.536,-0.008
12584.935521266063,0.504,0.0
12584.935767481327,0.504,-0.008
12584.936013696592,0.52,0.0
12584.936259911856,0.52,-0.008
12584.936506127118,0.544,0.0
12584.936752342383,0.544,-0.008
12584.936998557647,0.52,0.0
12584.937244772911,0.536,-0.008
12584.937490988175,0.504,0.0
12584.93773720344,0.52,0.0
12584.937983418704,0.504,-0.008
12584.938229633966,0.504,0.0
12584.93847584923,0.536,-0.008
12584.938722064495,0.52,0.0
12584.93896827976,0.536,-0.008
12584.939214495023,0.544,-0.008
12584.939460710288,0.512,0.0
12584.939706925552,0.536,0.0
12584.939953140814,0.512,-0.008
12584.940199356079,0.512,0.0
12584.940445571343,0.528,-0.008
12584.940691786607,0.528,0.0
12584.940938001871,0.512,-0.008
12584.941184217136,0.52,0.0
12584.9414304324,0.544,-0.008
12584.941676647662,0.528,0.0
12584.941922862927,0.544,-0.008
12584.942169078191,0.544,0.0
12584.942415293455,0.528,-0.008
12584.94266150872,0.536,0.0
12584.942907723984,0.528,-0.008
12584.943153939246,0.528,0.0
12584.94340015451,0.536,-0.008
12584.943646369775,0.528,0.0
12584.943892585039,0.544,-0.016
12584.944138800303,0.544,-0.008
12584.944385015568,0.528,0.0
12584.944631230832,0.528,-0.008
12584.944877446094,0.544,0.0
12584.945123661359,0.536,-0.008
12584.945369876623,0.552,0.0
12584.945616091887,0.552,0.0
12584.945862307151,0.528,-0.008
12584.946108522416,0.528,0.0
12584.94635473768,0.552,-0.008
12584.946600952942,0.536,-0.008
12584.946847168207,0.544,0.0
12584.947093383471,0.544,-0.008
12584.947339598735,0.528,0.0
12584.947585814,0.536,-0.008
12584.947832029264,0.544,0.0
12584.948078244528,0.544,0.0
12584.94832445979,0.528,-0.008
12584.948570675055,0.536,0.0
12584.948816890319,0.552,-0.008
12584.949063105583,0.536,0.0
12584.949309320848,0.544,-0.008
12584.949555536112,0.528,0.0
12584.949801751376,0.544,-0.016
12584.950047966639,0.536,0.0
12584.950294181903,0.544,-0.008
12584.950540397167,0.536,0.0
12584.950786612431,0.544,-0.016
12584.951032827696,0.544,0.0
12584.95127904296,0.528,-0.016
12584.951525258222,0.536,-0.008
12584.951771473487,0.552,0.0
12584.95201768875,0.544,-0.016
12584.952263904015,0.528,0.0
12584.95251011928,0.528,0.0
12584.952756334544,0.552,-0.016
12584.953002549808,0.544,-0.008
12584.95324876507,0.536,0.0
12584.953494980335,0.552,0.0
12584.953741195599,0.528,-0.016
12584.953987410863,0.552,0.0
12584.954233626127,0.536,-0.008
12584.954479841392,0.536,0.0
12584.954726056656,0.552,-0.008
12584.954972271918,0.536,0.0
12584.955218487183,0.544,-0.008
12584.955464702447,0.536,0.0
12584.955710917711,0.552,-0.008
12584.955957132976,0.536,0.0
12584.95620334824,0.552,-0.008
12584.956449563504,0.536,0.0
12584.956695778767,0.552,-0.016
12584.95694199403,0.536,-0.008
12584.957188209295,0.552,0.0
12584.95743442456,0.536,-0.008
12584.957680639824,0.552,0.0
12584.957926855088,0.536,0.0
12584.958173070352,0.544,-0.008
12584.958419285615,0.536,0.0
12584.958665500879,0.552,-0.016
12584.958911716143,0.536,-0.008
12584.959157931407,0.552,0.0
12584.959404146672,0.536,-0.008
12584.959650361936,0.552,0.0
12584.9598965772,0.536,-0.008
12584.960142792463,0.552,0.0
12584.960389007727,0.536,0.0
12584.960635222991,0.552,-0.008
12584.960881438255,0.528,0.0
12584.96112765352,0.552,-0.008
12584.961373868784,0.536,0.0
12584.961620084046,0.544,-0.016
12584.96186629931,0.536,-0.008
12584.962112514575,0.552,0.0
12584.96235872984,0.536,-0.008
12584.962604945104,0.552,0.0
12584.962851160368,0.536,0.0
12584.963097375632,0.552,-0.008
12584.963343590895,0.536,0.0
12584.963589806159,0.552,-0.016
12584.963836021423,0.536,-0.008
12584.964082236687,0.544,0.0
12584.964328451952,0.536,-0.008
12584.964574667216,0.552,0.0
12584.96482088248,0.536,0.0
12584.965067097743,0.552,-0.008
12584.965313313007,0.544,0.0
12584.965559528271,0.536,-0.008
12584.965805743535,0.528,0.0
12584.9660519588,0.552,-0.008
12584.966298174064,0.536,-0.016
12584.966544389328,0.552,0.0
12584.96679060459,0.552,-0.008
12584.967036819855,0.536,0.0
12584.96728303512,0.536,0.0
12584.967529250383,0.552,-0.016
12584.967775465648,0.536,0.0
12584.968021680912,0.544,-0.016
12584.968267896176,0.536,-0.008
12584.968514111439,0.544,0.0
12584.968760326703,0.536,0.0
12584.969006541967,0.544,-0.008
12584.969252757232,0.536,0.0
12584.969498972496,0.552,-0.008
12584.96974518776,0.536,-0.008
12584.969991403023,0.544,0.0
12584.970237618287,0.536,0.0
12584.970483833551,0.544,-0.016
12584.970730048815,0.552,0.0
12584.97097626408,0.528,-0.016
12584.971222479344,0.536,-0.016
12584.971468694608,0.552,0.0
12584.97171490987,0.536,0.0
12584.971961125135,0.552,-0.016
12584.9722073404,0.536,0.0
12584.972453555663,0.552,-0.016
12584.972699770928,0.536,0.0
12584.972945986192,0.544,-0.008
12584.973192201456,0.536,-0.008
12584.973438416719,0.552,0.0
12584.973684631983,0.536,0.0
12584.973930847247,0.552,-0.016
12584.974177062511,0.536,0.0
12584.974423277776,0.552,-0.016
12584.97466949304,0.536,-0.008
12584.974915708304,0.552,0.0
12584.975161923567,0.552,-0.008
12584.975408138831,0.536,0.0
12584.975654354095,0.544,0.0
12584.97590056936,0.528,-0.008
12584.976146784624,0.552,-0.008
12584.976392999888,0.536,0.0
12584.976639215152,0.536,0.0
12584.976885430415,0.552,-0.016
12584.977131645679,0.536,0.0
12584.977377860943,0.552,-0.016
12584.977624076208,0.536,-0.008
12584.977870291472,0.552,0.0
12584.978116506736,0.536,0.0
12584.978362722,0.552,-0.016
12584.978608937263,0.536,0.0
12584.978855152527,0.552,-0.016
12584.979101367791,0.536,0.0
12584.979347583056,0.552,-0.016
12584.97959379832,0.536,0.0
12584.979840013584,0.552,-0.016
12584.980086228847,0.536,0.0
12584.98033244411,0.552,-0.016
12584.980578659375,0.544,-0.008
12584.98082487464,0.528,0.0
12584.981071089904,0.536,0.0
12584.981317305168,0.552,-0.008
12584.981563520432,0.536,0.0
12584.981809735695,0.552,-0.016
12584.982055950959,0.552,0.0
12584.982302166223,0.528,-0.016
12584.982548381488,0.544,0.0
12584.982794596752,0.528,-0.016
12584.983040812016,0.528,0.0
12584.98328702728,0.536,-0.016
12584.983533242543,0.536,0.0
12584.983779457807,0.512,-0.016
12584.984025673071,0.512,-0.008
12584.984271888336,0.528,0.0
12584.9845181036,0.512,-0.016
12584.984764318864,0.528,0.0
12584.985010534128,0.504,0.0
12584.98525674939,0.528,-0.016
12584.985502964655,0.52,0.0
12584.98574917992,0.504,-0.016
12584.985995395184,0.512,0.0
12584.986241610448,0.528,-0.016
12584.986487825712,0.512,0.0
12584.986734040976,0.544,-0.016
12584.986980256239,0.512,0.0
12584.987226471503,0.536,-0.016
12584.987472686767,0.528,0.0
12584.987718902032,0.512,-0.016
12584.987965117296,0.512,-0.008
12584.98821133256,0.528,0.0
12584.988457547823,0.512,0.0
12584.988703763087,0.536,-0.016
12584.988949978351,0.528,0.0
12584.989196193615,0.544,-0.016
12584.98944240888,0.528,0.0
12584.989688624144,0.544,-0.016
12584.989934839408,0.536,0.0
12584.99018105467,0.552,-0.016
12584.990427269935,0.528,0.0
12584.9906734852,0.552,-0.016
12584.990919700464,0.528,0.0
12584.991165915728,0.552,-0.008
12584.991412130992,0.544,-0.008
12584.991658346256,0.528,0.032
12584.991904561519,0.544,0.024
12584.992150776783,0.528,0.136
12584.992396992047,0.536,0.14400000000000002
12584.992643207312,0.552,0.272
12584.992889422576,0.528,0.28800000000000003
12584.99313563784,0.544,0.384
12584.993381853104,0.536,0.384
12584.993628068367,0.544,0.432
12584.993874283631,0.544,0.424
12584.994120498895,0.528,0.44
12584.99436671416,0.536,0.424
12584.994612929424,0.552,0.448
12584.994859144688,0.544,0.44
12584.995105359953,0.528,0.424
12584.995351575215,0.536,0.44
12584.99559779048,0.52,0.40800000000000003
12584.995844005743,0.52,0.40800000000000003
12584.996090221008,0.536,0.384
12584.996336436272,0.52,0.376
12584.996582651536,0.544,0.392
12584.9968288668,0.528,0.4
12584.997075082063,0.536,0.368
12584.997321297327,0.536,0.376
12584.997567512592,0.552,0.384
12584.997813727856,0.536,0.384
12584.99805994312,0.544,0.44
12584.998306158384,0.536,0.424
12584.998552373647,0.552,0.432
12584.998798588911,0.536,0.424
12584.999044804175,0.552,0.44
12584.99929101944,0.544,0.448
12584.999537234704,0.528,0.40800000000000003
12584.999783449968,0.536,0.4
12585.000029665232,0.544,0.41600000000000004
12585.000275880495,0.536,0.41600000000000004
12585.00052209576,0.552,0.384
12585.000768311023,0.544,0.384
12585.001014526288,0.528,0.424
12585.001260741552,0.536,0.424
12585.001506956816,0.552,0.44
12585.00175317208,0.536,0.44
12585.001999387343,0.552,0.424
12585.002245602607,0.536,0.41600000000000004
12585.002491817871,0.552,0.392
12585.002738033136,0.536,0.392
12585.0029842484,0.544,0.44
12585.003230463664,0.536,0.424
12585.003476678929,0.544,0.44
12585.003722894191,0.536,0.448
12585.003969109455,0.552,0.40800000000000003
12585.00421532472,0.544,0.424
12585.004461539984,0.528,0.384
12585.004707755248,0.536,0.392
12585.004953970512,0.552,0.424
12585.005200185777,0.528,0.41600000000000004
12585.005446401039,0.552,0.432
12585.005692616303,0.536,0.424
12585.005938831568,0.544,0.44
12585.006185046832,0.552,0.44
12585.006431262096,0.528,0.424
12585.00667747736,0.536,0.44
12585.006923692623,0.544,0.40800000000000003
12585.007169907887,0.536,0.40800000000000003
12585.007416123151,0.544,0.392
12585.007662338416,0.536,0.424
12585.00790855368,0.544,0.384
12585.008154768944,0.536,0.4
12585.008400984208,0.544,0.368
12585.008647199471,0.536,0.384
12585.008893414735,0.552,0.376
12585.00913963,0.536,0.384
12585.009385845264,0.544,0.424
12585.009632060528,0.536,0.432
12585.009878275792,0.552,0.40800000000000003
12585.010124491057,0.552,0.40800000000000003
12585.010370706319,0.528,0.376
12585.010616921583,0.536,0.376
12585.010863136848,0.552,0.376
12585.011109352112,0.536,0.376
12585.011355567376,0.552,0.376
12585.01160178264,0.536,0.376
12585.011847997905,0.552,0.384
12585.012094213167,0.536,0.376
12585.012340428431,0.552,0.384
12585.012586643696,0.536,0.376
12585.01283285896,0.552,0.376
12585.013079074224,0.536,0.376
12585.013325289488,0.552,0.384
12585.013571504753,0.536,0.376
12585.013817720015,0.544,0.384
12585.01406393528,0.536,0.376
12585.014310150544,0.552,0.376
12585.014556365808,0.536,0.376
12585.014802581072,0.552,0.376
12585.015048796336,0.552,0.376
12585.0152950116,0.528,0.384
12585.015541226863,0.536,0.376
12585.015787442127,0.552,0.376
12585.016033657392,0.536,0.376
12585.016279872656,0.552,0.384
12585.01652608792,0.552,0.376
12585.016772303185,0.528,0.376
12585.017018518447,0.528,0.376
12585.017264733711,0.544,0.376
12585.017510948976,0.544,0.368
12585.01775716424,0.512,0.384
12585.018003379504,0.512,0.376
12585.018249594768,0.544,0.376
12585.018495810033,0.528,0.376
12585.018742025295,0.544,0.376
12585.01898824056,0.544,0.376
12585.019234455824,0.52,0.384
12585.019480671088,0.544,0.376
12585.019726886352,0.52,0.384
12585.019973101616,0.528,0.376
12585.02021931688,0.536,0.384
12585.020465532143,0.536,0.376
12585.020711747407,0.52,0.384
12585.020957962672,0.528,0.376
12585.021204177936,0.512,0.384
12585.0214503932,0.512,0.376
12585.021696608464,0.528,0.376
12585.021942823729,0.512,0.376
12585.022189038991,0.528,0.384
12585.022435254255,0.528,0.376
12585.02268146952,0.536,0.376
12585.022927684784,0.536,0.376
12585.023173900048,0.504,0.384
12585.023420115313,0.504,0.376
12585.023666330577,0.528,0.384
12585.02391254584,0.504,0.376
12585.024158761104,0.52,0.376
12585.024404976368,0.512,0.376
12585.024651191632,0.544,0.376
12585.024897406896,0.528,0.376
12585.02514362216,0.536,0.368
12585.025389837423,0.536,0.376
12585.025636052687,0.52,0.376
12585.025882267952,0.528,0.376
12585.026128483216,0.504,0.384
12585.02637469848,0.504,0.376
12585.026620913744,0.52,0.368
12585.026867129009,0.52,0.376
12585.027113344271,0.504,0.384
12585.027359559535,0.504,0.376
12585.0276057748,0.52,0.40800000000000003
12585.027851990064,0.504,0.40800000000000003
12585.028098205328,0.52,0.44
12585.028344420592,0.528,0.44
12585.028590635857,0.512,0.40800000000000003
12585.02883685112,0.536,0.40800000000000003
12585.029083066383,0.512,0.376
12585.029329281648,0.504,0.376
12585.029575496912,0.528,0.432
12585.029821712176,0.528,0.424
12585.03006792744,0.512,0.4
12585.030314142705,0.52,0.4
12585.030560357967,0.504,0.376
12585.030806573232,0.504,0.376
12585.031052788496,0.52,0.384
12585.03129900376,0.504,0.376
12585.031545219024,0.52,0.392
12585.031791434289,0.504,0.392
12585.032037649553,0.512,0.376
12585.032283864815,0.504,0.392
12585.03253008008,0.52,0.41600000000000004
12585.032776295344,0.52,0.4
12585.033022510608,0.528,0.41600000000000004
12585.033268725872,0.52,0.40800000000000003
12585.033514941137,0.536,0.432
12585.033761156401,0.528,0.44
12585.034007371663,0.536,0.41600000000000004
12585.034253586928,0.52,0.424
12585.034499802192,0.536,0.432
12585.034746017456,0.52,0.44
12585.03499223272,0.544,0.424
12585.035238447985,0.528,0.424
12585.035484663247,0.512,0.448
12585.035730878511,0.52,0.44
12585.035977093776,0.504,0.41600000000000004
12585.03622330904,0.512,0.448
12585.036469524304,0.504,0.40800000000000003
12585.036715739569,0.504,0.4
12585.036961954833,0.536,0.44
12585.037208170095,0.536,0.44
12585.03745438536,0.52,0.424
12585.037700600624,0.544,0.424
12585.037946815888,0.512,0.432
12585.038193031152,0.504,0.424
12585.038439246417,0.536,0.44
12585.03868546168,0.528,0.432
12585.038931676943,0.536,0.448
12585.039177892208,0.528,0.44
12585.039424107472,0.512,0.4
12585.039670322736,0.504,0.40800000000000003
12585.039916538,0.52,0.384
12585.040162753265,0.504,0.41600000000000004
12585.040408968529,0.52,0.432
12585.040655183791,0.504,0.41600000000000004
12585.040901399056,0.52,0.44
12585.04114761432,0.504,0.432
12585.041393829584,0.536,0.448
12585.041640044848,0.536,0.44
12585.041886260113,0.512,0.424
12585.042132475377,0.52,0.44
12585.04237869064,0.504,0.424
12585.042624905904,0.504,0.424
12585.042871121168,0.52,0.384
12585.043117336432,0.504,0.384
12585.043363551697,0.52,0.376
12585.04360976696,0.52,0.376
12585.043855982223,0.504,0.384
12585.044102197488,0.504,0.384
12585.044348412752,0.52,0.4
12585.044594628016,0.504,0.40800000000000003
12585.04484084328,0.52,0.44
12585.045087058545,0.496,0.44
12585.045333273809,0.512,0.424
12585.045579489071,0.504,0.432
12585.045825704336,0.528,0.41600000000000004
12585.0460719196,0.512,0.44
12585.046318134864,0.528,0.424
12585.046564350128,0.536,0.424
12585.046810565393,0.512,0.432
12585.047056780657,0.512,0.424
12585.04730299592,0.504,0.44
12585.047549211184,0.504,0.44
12585.047795426448,0.52,0.432
12585.048041641712,0.512,0.44
12585.048287856976,0.536,0.424
12585.04853407224,0.536,0.44
12585.048780287505,0.512,0.384
12585.049026502767,0.512,0.376
12585.049272718032,0.504,0.4
12585.049518933296,0.504,0.40800000000000003
12585.04976514856,0.52,0.424
12585.050011363825,0.504,0.44
12585.050257579089,0.52,0.424
12585.050503794353,0.504,0.432
12585.050750009616,0.512,0.392
12585.05099622488,0.504,0.384
12585.051242440144,0.52,0.41600000000000004
12585.051488655408,0.512,0.392
12585.051734870673,0.536,0.376
12585.051981085937,0.52,0.384
12585.052227301201,0.536,0.368
12585.052473516464,0.52,0.368
12585.052719731728,0.536,0.352
12585.052965946992,0.528,0.352
12585.053212162256,0.504,0.28800000000000003
12585.05345837752,0.504,0.28
12585.053704592785,0.536,0.14400000000000002
12585.053950808047,0.536,0.136
12585.054197023312,0.512,0.04
12585.054443238576,0.512,0.048
12585.05468945384,0.496,0.008
12585.054935669104,0.512,0.008
12585.055181884369,0.504,-0.008
12585.055428099633,0.504,0.0
12585.055674314895,0.52,-0.008
12585.05592053016,0.496,0.0
12585.056166745424,0.512,-0.008
12585.056412960688,0.504,0.0
12585.056659175953,0.52,-0.008
12585.056905391217,0.504,-0.008
12585.057151606481,0.52,0.0
12585.057397821744,0.504,0.0
12585.057644037008,0.512,-0.008
12585.057890252272,0.504,0.0
12585.058136467536,0.52,-0.008
12585.0583826828,0.512,0.0
12585.058628898065,0.536,-0.008
12585.05887511333,0.52,0.0
12585.059121328592,0.504,-0.008
12585.059367543856,0.504,-0.008
12585.05961375912,0.536,0.0
12585.059859974384,0.504,0.0
12585.060106189649,0.528,-0.008
12585.060352404913,0.504,-0.008
12585.060598620177,0.52,0.0
12585.06084483544,0.512,0.0
12585.061091050704,0.536,-0.008
12585.061337265968,0.536,0.0
12585.061583481232,0.52,-0.016
12585.061829696497,0.52,-0.016
12585.062075911761,0.504,0.0
12585.062322127023,0.512,-0.016
12585.062568342288,0.496,0.0
12585.062814557552,0.504,0.0
12585.063060772816,0.52,-0.016
12585.06330698808,0.504,-0.008
12585.063553203345,0.52,0.0
12585.063799418609,0.504,0.0
12585.064045633872,0.52,-0.008
12585.064291849136,0.512,0.0
12585.0645380644,0.544,-0.008
12585.064784279664,0.52,0.0
12585.065030494929,0.528,-0.008
12585.065276710193,0.528,-0.008
12585.065522925457,0.504,0.0
12585.06576914072,0.512,0.0
12585.066015355984,0.544,-0.008
12585.066261571248,0.528,-0.008
12585.066507786512,0.544,0.0
12585.066754001777,0.536,0.0
12585.067000217041,0.52,-0.008
12585.067246432305,0.52,0.0
12585.067492647568,0.536,-0.008
12585.067738862832,0.52,0.0
12585.067985078096,0.504,-0.008
12585.06823129336,0.504,-0.008
12585.068477508625,0.52,0.0
12585.068723723889,0.52,0.0
12585.068969939153,0.504,-0.016
12585.069216154416,0.504,-0.008
12585.06946236968,0.52,0.0
12585.069708584944,0.52,0.0
12585.069954800209,0.504,-0.008
12585.070201015473,0.504,-0.008
12585.070447230737,0.512,0.0
12585.070693446001,0.504,-0.008
12585.070939661264,0.512,0.0
12585.071185876528,0.504,0.0
12585.071432091792,0.52,-0.016
12585.071678307057,0.504,0.0
12585.07192452232,0.536,-0.008
12585.072170737585,0.52,-0.008
12585.072416952848,0.504,0.0
12585.072663168112,0.504,0.0
12585.072909383376,0.536,-0.008
12585.07315559864,0.528,0.0
12585.073401813905,0.544,-0.008
12585.073648029169,0.544,0.0
12585.073894244433,0.528,-0.008
12585.074140459696,0.528,0.0
12585.07438667496,0.536,-0.008
12585.074632890224,0.528,0.0
12585.074879105488,0.544,-0.008
12585.075125320753,0.528,0.0
12585.075371536017,0.544,-0.008
12585.075617751281,0.528,0.0
12585.075863966544,0.536,-0.008
12585.076110181808,0.528,0.0
12585.076356397072,0.544,-0.008
12585.076602612337,0.528,0.0
12585.0768488276,0.544,-0.008
12585.077095042865,0.544,0.0
12585.07734125813,0.528,-0.008
12585.077587473392,0.528,-0.008
12585.077833688656,0.544,0.0
12585.07807990392,0.536,0.0
12585.078326119185,0.528,-0.008
12585.078572334449,0.528,0.0
12585.078818549713,0.544,-0.008
12585.079064764977,0.544,0.0
12585.07931098024,0.528,-0.008
12585.079557195504,0.528,0.0
12585.079803410768,0.544,-0.008
12585.080049626033,0.528,0.0
12585.080295841297,0.544,-0.016
12585.080542056561,0.528,0.0
12585.080788271824,0.544,-0.008
12585.081034487088,0.528,0.0
12585.081280702352,0.544,-0.008
12585.081526917616,0.544,0.0
12585.08177313288,0.528,-0.016
12585.082019348145,0.536,0.0
12585.08226556341,0.552,-0.008
12585.082511778672,0.544,0.0
12585.082757993936,0.528,-0.008
12585.0830042092,0.536,0.0
12585.083250424464,0.544,-0.008
12585.083496639729,0.528,0.0
12585.083742854993,0.552,-0.016
12585.083989070257,0.552,-0.008
12585.08423528552,0.528,0.0
12585.084481500784,0.536,0.0
12585.084727716048,0.544,-0.008
12585.084973931313,0.536,0.0
12585.085220146577,0.552,-0.016
12585.085466361841,0.544,0.0
12585.085712577105,0.528,-0.016
12585.085958792368,0.536,0.0
12585.086205007632,0.552,-0.016
12585.086451222896,0.536,0.0
12585.08669743816,0.552,-0.016
12585.086943653425,0.536,-0.008
12585.08718986869,0.544,0.0
12585.087436083953,0.536,0.0
12585.087682299216,0.552,-0.008
12585.08792851448,0.536,0.0
12585.088174729744,0.552,-0.016
12585.088420945009,0.544,0.0
12585.088667160273,0.528,-0.016
12585.088913375537,0.552,0.0
12585.089159590802,0.528,-0.016
12585.089405806064,0.544,0.0
12585.089652021328,0.528,-0.008
12585.089898236592,0.544,0.0
12585.090144451857,0.52,-0.008
12585.090390667121,0.52,-0.008
12585.090636882385,0.504,0.0
12585.090883097648,0.512,0.0
12585.091129312912,0.528,-0.008
12585.091375528176,0.512,0.0
12585.09162174344,0.528,-0.016
12585.091867958705,0.512,0.0
12585.09211417397,0.536,-0.016
12585.092360389233,0.52,0.0
12585.092606604496,0.504,-0.008
12585.09285281976,0.504,-0.008
12585.093099035024,0.528,0.0
12585.093345250289,0.52,0.0
12585.093591465553,0.504,-0.008
12585.093837680817,0.512,0.0
12585.094083896081,0.528,-0.008
12585.094330111344,0.504,0.0
12585.094576326608,0.536,-0.016
12585.094822541872,0.528,0.0
12585.095068757137,0.544,-0.016
12585.095314972401,0.528,0.0
12585.095561187665,0.536,-0.016
12585.09580740293,0.528,0.0
12585.096053618192,0.512,-0.016
12585.096299833456,0.52,0.0
12585.09654604872,0.504,-0.016
12585.096792263985,0.504,0.0
12585.097038479249,0.52,-0.016
12585.097284694513,0.52,0.0
12585.097530909778,0.504,-0.008
12585.09777712504,0.504,0.0
12585.098023340304,0.528,-0.016
12585.098269555569,0.52,-0.008
12585.098515770833,0.536,0.0
12585.098761986097,0.52,0.0
12585.099008201361,0.536,-0.016
12585.099254416624,0.544,0.0
12585.099500631888,0.52,-0.016
12585.099746847152,0.512,0.0
12585.099993062417,0.528,-0.008
12585.10023927768,0.528,0.0
12585.100485492945,0.512,-0.016
12585.10073170821,0.52,0.0
12585.100977923472,0.528,-0.016
12585.101224138736,0.528,0.0
12585.101470354,0.504,-0.016
12585.101716569265,0.504,0.0
12585.101962784529,0.528,-0.016
12585.102208999793,0.504,0.0
12585.102455215057,0.52,-0.008
12585.10270143032,0.52,0.0
12585.102947645584,0.504,-0.008
12585.103193860848,0.504,0.0
12585.103440076113,0.536,-0.016
12585.103686291377,0.536,0.0
12585.103932506641,0.52,-0.016
12585.104178721906,0.52,0.0
12585.104424937168,0.504,-0.008
12585.104671152432,0.52,0.0
12585.104917367697,0.504,-0.008
12585.10516358296,0.52,0.0
12585.105409798225,0.504,-0.008
12585.10565601349,0.504,0.0
12585.105902228754,0.528,-0.016
12585.106148444016,0.52,0.0
12585.10639465928,0.536,-0.016
12585.106640874545,0.536,0.0
12585.106887089809,0.504,-0.016
12585.107133305073,0.504,-0.016
12585.107379520337,0.52,0.0
12585.107625735602,0.504,0.0
12585.107871950864,0.52,-0.016
12585.108118166128,0.52,0.0
12585.108364381393,0.504,-0.016
12585.108610596657,0.512,0.0
12585.108856811921,0.496,-0.016
12585.109103027185,0.504,0.0
12585.109349242448,0.52,-0.016
12585.109595457712,0.504,-0.008
12585.109841672976,0.52,0.0
12585.11008788824,0.528,0.0
12585.110334103505,0.504,-0.008
12585.11058031877,0.504,-0.008
12585.110826534034,0.52,0.0
12585.111072749296,0.504,0.0
12585.11131896456,0.52,-0.016
12585.111565179825,0.504,-0.016
12585.111811395089,0.52,0.0
12585.112057610353,0.504,0.0
12585.112303825617,0.528,-0.016
12585.112550040882,0.504,0.0
12585.112796256144,0.52,-0.016
12585.113042471408,0.512,0.0
12585.113288686673,0.536,-0.016
12585.113534901937,0.52,-0.016
12585.113781117201,0.504,0.0
12585.114027332465,0.504,-0.016
12585.11427354773,0.512,0.0
12585.114519762992,0.504,-0.008
12585.114765978256,0.52,0.032
12585.11501219352,0.504,0.032
12585.115258408785,0.52,0.16
12585.11550462405,0.504,0.168
12585.115750839313,0.52,0.296
12585.115997054578,0.52,0.304
12585.11624326984,0.536,0.352
12585.116489485104,0.52,0.34400000000000003
12585.116735700369,0.504,0.368
12585.116981915633,0.504,0.368
12585.117228130897,0.52,0.392
12585.117474346162,0.504,0.384
12585.117720561424,0.52,0.424
12585.117966776688,0.504,0.432
12585.118212991953,0.544,0.392
12585.118459207217,0.528,0.392
12585.118705422481,0.544,0.376
12585.118951637745,0.528,0.384
12585.11919785301,0.544,0.4
12585.119444068272,0.528,0.4
12585.119690283536,0.544,0.432
12585.1199364988,0.528,0.424
12585.120182714065,0.544,0.44
12585.12042892933,0.528,0.44
12585.120675144593,0.544,0.432
12585.120921359858,0.528,0.432
12585.12116757512,0.544,0.448
12585.121413790384,0.544,0.432
12585.121660005649,0.528,0.392
12585.121906220913,0.528,0.40800000000000003
12585.122152436177,0.544,0.392
12585.122398651441,0.528,0.4
12585.122644866706,0.536,0.376
12585.122891081968,0.536,0.376
12585.123137297232,0.528,0.392
12585.123383512497,0.528,0.384
12585.123629727761,0.544,0.4
12585.123875943025,0.528,0.4
12585.12412215829,0.544,0.432
12585.124368373554,0.544,0.424
12585.124614588816,0.528,0.44
12585.12486080408,0.528,0.432
12585.125107019345,0.544,0.44
12585.125353234609,0.528,0.432
12585.125599449873,0.544,0.448
12585.125845665138,0.528,0.448
12585.126091880402,0.544,0.432
12585.126338095664,0.552,0.44
12585.126584310929,0.536,0.424
12585.126830526193,0.528,0.424
12585.127076741457,0.544,0.448
12585.127322956721,0.544,0.44
12585.127569171986,0.528,0.424
12585.127815387248,0.536,0.44
12585.128061602512,0.528,0.41600000000000004
12585.128307817777,0.544,0.424
12585.128554033041,0.528,0.384
12585.128800248305,0.536,0.384
12585.12904646357,0.552,0.392
12585.129292678834,0.536,0.392
12585.129538894096,0.544,0.424
12585.12978510936,0.552,0.424
12585.130031324625,0.528,0.384
12585.130277539889,0.544,0.384
12585.130523755153,0.536,0.376
12585.130769970418,0.528,0.384
12585.131016185682,0.544,0.376
12585.131262400944,0.528,0.376
12585.131508616209,0.552,0.392
12585.131754831473,0.536,0.384
12585.132001046737,0.552,0.424
12585.132247262001,0.544,0.432
12585.132493477266,0.528,0.392
12585.13273969253,0.544,0.384
12585.132985907792,0.528,0.424
12585.133232123057,0.528,0.41600000000000004
12585.13347833832,0.552,0.44
12585.133724553585,0.544,0.432
12585.13397076885,0.536,0.448
12585.134216984114,0.536,0.432
12585.134463199378,0.544,0.448
12585.13470941464,0.536,0.432
12585.134955629905,0.552,0.448
12585.135201845169,0.536,0.44
12585.135448060433,0.552,0.424
12585.135694275697,0.536,0.424
12585.135940490962,0.544,0.448
12585.136186706224,0.552,0.44
12585.136432921488,0.536,0.424
12585.136679136753,0.536,0.432
12585.136925352017,0.552,0.44
12585.137171567281,0.536,0.432
12585.137417782546,0.552,0.448
12585.13766399781,0.552,0.448
12585.137910213072,0.536,0.424
12585.138156428337,0.544,0.44
12585.1384026436,0.528,0.4
12585.138648858865,0.528,0.384
12585.13889507413,0.544,0.40800000000000003
12585.139141289394,0.536,0.424
12585.139387504658,0.544,0.392
12585.13963371992,0.536,0.392
12585.139879935185,0.552,0.376
12585.140126150449,0.536,0.376
12585.140372365713,0.552,0.41600000000000004
12585.140618580977,0.536,0.41600000000000004
12585.140864796242,0.552,0.432
12585.141111011506,0.536,0.44
12585.141357226768,0.552,0.41600000000000004
12585.141603442033,0.536,0.44
12585.141849657297,0.552,0.41600000000000004
12585.142095872561,0.536,0.424
12585.142342087825,0.552,0.44
12585.14258830309,0.536,0.44
12585.142834518354,0.552,0.432
12585.143080733616,0.536,0.432
12585.14332694888,0.552,0.448
12585.143573164145,0.552,0.432
12585.14381937941,0.528,0.448
12585.144065594674,0.536,0.432
12585.144311809938,0.552,0.448
12585.144558025202,0.544,0.424
12585.144804240465,0.536,0.44
12585.145050455729,0.536,0.424
12585.145296670993,0.552,0.44
12585.145542886257,0.536,0.424
12585.145789101522,0.552,0.44
12585.146035316786,0.536,0.432
12585.146281532048,0.552,0.448
12585.146527747313,0.536,0.448
12585.146773962577,0.552,0.424
12585.147020177841,0.536,0.44
12585.147266393105,0.552,0.424
12585.14751260837,0.536,0.432
12585.147758823634,0.552,0.448
12585.148005038896,0.536,0.44
12585.14825125416,0.544,0.384
12585.148497469425,0.536,0.392
12585.14874368469,0.544,0.376
12585.148989899953,0.536,0.376
12585.149236115218,0.552,0.40800000000000003
12585.149482330482,0.536,0.40800000000000003
12585.149728545744,0.552,0.44
12585.149974761009,0.536,0.41600000000000004
12585.150220976273,0.552,0.376
12585.150467191537,0.536,0.384
12585.150713406802,0.552,0.368
12585.150959622066,0.536,0.376
12585.15120583733,0.552,0.368
12585.151452052593,0.536,0.376
12585.151698267857,0.552,0.384
12585.151944483121,0.544,0.376
12585.152190698385,0.536,0.376
12585.15243691365,0.536,0.376
12585.152683128914,0.552,0.376
12585.152929344178,0.536,0.376
12585.15317555944,0.544,0.376
12585.153421774705,0.536,0.376
12585.15366798997,0.552,0.384
12585.153914205233,0.536,0.376
12585.154160420498,0.552,0.376
12585.154406635762,0.536,0.376
12585.154652851024,0.552,0.376
12585.154899066289,0.536,0.376
12585.155145281553,0.552,0.384
12585.155391496817,0.536,0.376
12585.155637712081,0.552,0.368
12585.155883927346,0.536,0.376
12585.15613014261,0.544,0.384
12585.156376357872,0.536,0.376
12585.156622573137,0.552,0.384
12585.156868788401,0.552,0.376
12585.157115003665,0.536,0.384
12585.15736121893,0.536,0.376
12585.157607434194,0.552,0.376
12585.157853649458,0.536,0.376
12585.15809986472,0.552,0.384
12585.158346079985,0.536,0.376
12585.158592295249,0.544,0.384
12585.163836479187,0.536,-0.016
12585.164109634557,0.552,-0.008
12585.16438278993,0.536,-0.016
12585.1646559453,0.552,0.0
12585.164929100672,0.536,-0.016
12585.165202256043,0.552,0.0
12585.165475411415,0.552,0.0
12585.165748566786,0.536,-0.016
12585.166021722158,0.536,-0.016
12585.166294877528,0.552,0.0
12585.1665680329,0.544,-0.016
12585.166841188271,0.536,0.0
12585.167114343643,0.536,-0.016
12585.167387499014,0.552,0.0
12585.167660654386,0.536,-0.016
12585.167933809757,0.552,0.0
12585.168206965129,0.536,0.0
12585.1684801205,0.552,-0.016
12585.168753275871,0.536,0.0
12585.169026431242,0.56,-0.016
12585.169299586614,0.536,-0.008
12585.169572741985,0.552,0.032
12585.169845897357,0.544,0.032
12585.170119052727,0.528,0.16
12585.1703922081,0.536,0.168
12585.17066536347,0.512,0.32
12585.170938518842,0.528,0.328
12585.171211674213,0.512,0.40800000000000003
12585.171484829585,0.512,0.40800000000000003
12585.171757984956,0.528,0.432
12585.172031140328,0.512,0.424
12585.172304295698,0.528,0.44
12585.17257745107,0.512,0.432
12585.172850606441,0.536,0.448
12585.173123761813,0.536,0.448
12585.173396917184,0.528,0.432
12585.173670072556,0.536,0.448
12585.173943227926,0.512,0.432
12585.174216383299,0.52,0.448
12585.17448953867,0.504,0.424
12585.174762694041,0.52,0.448
12585.175035849412,0.512,0.40800000000000003
12585.175309004784,0.512,0.392
12585.175582160155,0.536,0.424
12585.175855315527,0.528,0.41600000000000004
12585.176128470897,0.544,0.448
12585.17640162627,0.536,0.432
12585.17667478164,0.512,0.448
12585.176947937012,0.52,0.448
12585.177221092383,0.504,0.392
12585.177494247755,0.504,0.392
12585.177767403125,0.52,0.376
12585.178040558498,0.52,0.376
12585.178313713868,0.504,0.4
12585.17858686924,0.52,0.4
12585.178860024611,0.504,0.44
12585.179133179983,0.504,0.424
12585.179406335354,0.528,0.448
12585.179679490726,0.504,0.432
12585.179952646096,0.52,0.448
12585.180225801469,0.504,0.44
12585.180498956839,0.52,0.41600000000000004
12585.180772112211,0.504,0.44
12585.181045267582,0.52,0.40800000000000003
12585.181318422954,0.528,0.4
12585.181591578325,0.504,0.384
12585.181864733697,0.52,0.376
12585.182137889067,0.504,0.392
12585.18241104444,0.512,0.384
12585.18268419981,0.528,0.4
12585.182957355182,0.512,0.392
12585.183230510553,0.504,0.41600000000000004
12585.183503665925,0.504,0.40800000000000003
12585.183776821295,0.52,0.384
12585.184049976668,0.52,0.384
12585.184323132038,0.536,0.376
12585.184596287409,0.544,0.376
12585.18486944278,0.512,0.392
12585.185142598151,0.528,0.376
12585.185415753524,0.504,0.384
12585.185688908894,0.504,0.376
12585.185962064266,0.52,0.392
12585.186235219637,0.512,0.376
12585.186508375009,0.536,0.384
12585.18678153038,0.536,0.376
12585.187054685752,0.512,0.384
12585.187327841122,0.504,0.376
12585.187600996494,0.536,0.384
12585.187874151865,0.536,0.376
12585.188147307237,0.52,0.392
12585.188420462608,0.528,0.384
12585.18869361798,0.536,0.376
12585.18896677335,0.52,0.376
12585.189239928723,0.544,0.392
12585.189513084093,0.536,0.384
12585.189786239465,0.504,0.376
12585.190059394836,0.512,0.376
12585.190332550208,0.504,0.384
12585.190605705578,0.512,0.384
12585.19087886095,0.528,0.376
12585.191152016321,0.528,0.376
12585.191425171693,0.512,0.384
12585.191698327064,0.504,0.376
12585.191971482436,0.536,0.384
12585.192244637807,0.528,0.376
12585.192517793179,0.544,0.384
12585.19279094855,0.544,0.376
12585.193064103922,0.504,0.392
12585.193337259292,0.504,0.376
12585.193610414664,0.52,0.384
12585.193883570035,0.512,0.384
12585.194156725407,0.504,0.376
12585.194429880778,0.504,0.376
12585.19470303615,0.52,0.392
12585.19497619152,0.504,0.376
12585.195249346893,0.52,0.392
12585.195522502263,0.52,0.376
12585.195795657635,0.504,0.384
12585.196068813006,0.512,0.376
12585.196341968378,0.496,0.384
12585.196615123748,0.504,0.376
12585.19688827912,0.52,0.392
12585.197161434491,0.52,0.376
12585.197434589863,0.504,0.384
12585.197707745234,0.504,0.376
12585.197980900606,0.52,0.392
12585.198254055977,0.504,0.376
12585.198527211349,0.52,0.384
12585.19880036672,0.512,0.376
12585.199073522092,0.536,0.384
12585.199346677462,0.52,0.376
12585.199619832834,0.544,0.384
12585.199892988205,0.544,0.376
12585.200166143577,0.52,0.384
12585.200439298947,0.536,0.376
12585.20071245432,0.52,0.384
12585.20098560969,0.528,0.376
12585.201258765062,0.512,0.384
12585.201531920433,0.52,0.376
12585.201805075805,0.504,0.384
12585.202078231176,0.512,0.376
12585.202351386548,0.536,0.384
12585.202624541918,0.528,0.376
12585.20289769729,0.504,0.40800000000000003
12585.203170852661,0.504,0.40800000000000003
12585.203444008033,0.52,0.448
12585.203717163404,0.504,0.44
12585.203990318776,0.512,0.424
12585.204263474147,0.512,0.44
12585.204536629519,0.536,0.40800000000000003
12585.20480978489,0.536,0.424
12585.20508294026,0.52,0.448
12585.205356095632,0.52,0.448
12585.205629251002,0.512,0.432
12585.205902406375,0.52,0.432
12585.206175561745,0.504,0.456
12585.206448717117,0.504,0.448
12585.206721872488,0.528,0.432
12585.20699502786,0.52,0.432
12585.20726818323,0.544,0.392
12585.207541338603,0.536,0.384
12585.207814493973,0.52,0.40800000000000003
12585.208087649346,0.528,0.384
12585.208360804716,0.512,0.432
12585.208633960088,0.504,0.424
12585.208907115459,0.52,0.44
12585.209180270831,0.504,0.448
12585.209453426201,0.512,0.41600000000000004
12585.209726581574,0.512,0.448
12585.209999736944,0.504,0.424
12585.210272892316,0.512,0.41600000000000004
12585.210546047687,0.504,0.384
12585.21081920306,0.528,0.384
12585.21109235843,0.504,0.432
12585.211365513802,0.504,0.44
12585.211638669172,0.52,0.392
12585.211911824545,0.512,0.4
12585.212184979915,0.504,0.384
12585.212458135287,0.504,0.384
12585.212731290658,0.528,0.424
12585.21300444603,0.52,0.424
12585.2132776014,0.504,0.44
12585.213550756773,0.504,0.448
12585.213823912143,0.52,0.41600000000000004
12585.214097067515,0.504,0.41600000000000004
12585.214370222886,0.512,0.448
12585.214643378258,0.504,0.448
12585.214916533629,0.52,0.41600000000000004
12585.215189689,0.512,0.41600000000000004
12585.215462844371,0.504,0.384
12585.215735999744,0.52,0.376
12585.216009155114,0.504,0.392
12585.216282310486,0.504,0.384
12585.216555465857,0.512,0.432
12585.216828621229,0.504,0.40800000000000003
12585.2171017766,0.528,0.384
12585.217374931972,0.536,0.392
12585.217648087342,0.512,0.376
12585.217921242715,0.52,0.376
12585.218194398085,0.504,0.392
12585.218467553457,0.504,0.376
12585.218740708828,0.512,0.392
12585.2190138642,0.504,0.376
12585.21928701957,0.536,0.376
12585.219560174943,0.536,0.376
12585.219833330313,0.52,0.384
12585.220106485685,0.512,0.384
12585.220379641056,0.528,0.376
12585.220652796428,0.536,0.376
12585.220925951799,0.512,0.384
12585.22119910717,0.512,0.376
12585.221472262541,0.536,0.384
12585.221745417914,0.544,0.384
12585.222018573284,0.504,0.376
12585.222291728656,0.504,0.376
12585.222564884027,0.52,0.384
12585.222838039399,0.504,0.376
12585.22311119477,0.528,0.392
12585.223384350142,0.52,0.376
12585.223657505512,0.504,0.384
12585.223930660884,0.504,0.376
12585.224203816255,0.512,0.376
12585.224476971627,0.52,0.384
12585.224750126998,0.504,0.376
12585.22502328237,0.504,0.376
12585.22529643774,0.52,0.384
12585.22556959311,0.504,0.376
12585.225842748483,0.52,0.384
12585.226115903853,0.504,0.376
12585.226389059226,0.52,0.392
12585.226662214596,0.504,0.376
12585.226935369968,0.52,0.392
12585.227208525339,0.52,0.376
12585.227481680711,0.504,0.392
12585.227754836082,0.52,0.376
12585.228027991454,0.504,0.376
12585.228301146824,0.504,0.376
12585.228574302197,0.52,0.384
12585.228847457567,0.504,0.376
12585.22912061294,0.528,0.392
12585.22939376831,0.512,0.392
12585.229666923682,0.528,0.376
12585.229940079053,0.536,0.384
12585.230213234425,0.52,0.376
12585.230486389795,0.528,0.376
12585.230759545168,0.504,0.392
12585.231032700538,0.504,0.376
12585.23130585591,0.512,0.384
12585.23157901128,0.504,0.376
12585.231852166653,0.52,0.384
12585.232125322023,0.52,0.376
12585.232398477396,0.504,0.384
12585.232671632766,0.504,0.376
12585.232944788138,0.52,0.384
12585.233217943509,0.512,0.384
12585.233491098881,0.528,0.376
12585.233764254252,0.504,0.376
12585.234037409624,0.52,0.384
12585.234310564994,0.512,0.384
12585.234583720367,0.536,0.376
12585.234856875737,0.536,0.376
12585.23513003111,0.52,0.384
12585.23540318648,0.528,0.384
12585.235676341852,0.504,0.376
12585.235949497222,0.504,0.376
12585.236222652595,0.52,0.384
12585.236495807965,0.528,0.376
12585.236768963337,0.504,0.384
12585.237042118708,0.504,0.376
12585.23731527408,0.536,0.36
12585.23758842945,0.52,0.36
12585.237861584823,0.544,0.28800000000000003
12585.238134740193,0.544,0.28800000000000003
12585.238407895566,0.52,0.16
12585.238681050936,0.528,0.152
12585.238954206308,0.504,0.048
12585.239227361679,0.504,0.048
12585.239500517051,0.528,0.008
12585.239773672422,0.528,0.008
12585.240046827794,0.512,-0.008
12585.240319983164,0.504,0.0
12585.240593138536,0.52,-0.008
12585.240866293907,0.512,0.0
12585.24113944928,0.536,-0.008
12585.24141260465,0.528,-0.008
12585.241685760022,0.512,0.0
12585.241958915392,0.504,0.0
12585.242232070765,0.52,-0.016
12585.242505226135,0.52,0.0
12585.242778381507,0.536,-0.008
12585.243051536878,0.52,0.0
12585.24332469225,0.544,-0.016
12585.24359784762,0.512,0.0
12585.243871002993,0.544,-0.016
12585.244144158363,0.528,0.0
12585.244417313736,0.544,-0.008
12585.244690469106,0.544,-0.016
12585.244963624478,0.528,0.0
12585.245236779849,0.52,-0.016
12585.245509935221,0.544,0.0
12585.245783090591,0.552,-0.008
12585.246056245962,0.512,0.0
12585.246329401334,0.504,-0.016
12585.246602556705,0.52,0.0
12585.246875712077,0.512,0.0
12585.247148867447,0.528,-0.016
12585.24742202282,0.512,-0.016
12585.24769517819,0.52,0.0
12585.247968333562,0.52,-0.016
12585.248241488933,0.536,0.0
12585.248514644305,0.536,-0.016
12585.248787799675,0.512,0.0
12585.249060955048,0.512,0.0
12585.249334110418,0.504,-0.016
12585.24960726579,0.512,-0.016
12585.249880421161,0.52,0.0
12585.250153576533,0.512,-0.016
12585.250426731904,0.536,0.0
12585.250699887276,0.52,0.0
12585.250973042646,0.544,-0.008
12585.251246198019,0.536,0.0
12585.251519353389,0.52,-0.016
12585.251792508761,0.52,0.0
12585.252065664132,0.512,-0.016
12585.252338819504,0.512,0.0
12585.252611974875,0.536,-0.016
12585.252885130247,0.52,-0.016
12585.253158285617,0.544,0.0
12585.25343144099,0.528,-0.016
12585.25370459636,0.544,0.0
12585.253977751732,0.536,-0.016
12585.254250907103,0.52,0.0
12585.254524062475,0.512,-0.016
12585.254797217845,0.544,0.0
12585.255070373218,0.544,0.0
12585.255343528588,0.528,-0.016
12585.25561668396,0.536,0.0
12585.25588983933,0.544,-0.016
12585.256162994703,0.544,-0.016
12585.256436150074,0.528,0.0
12585.256709305446,0.528,-0.016
12585.256982460816,0.552,-0.008
12585.257255616189,0.528,0.0
12585.257528771559,0.552,-0.016
12585.257801926931,0.536,-0.016
12585.258075082302,0.552,0.0
12585.258348237674,0.536,-0.016
12585.258621393044,0.544,0.0
12585.258894548417,0.536,-0.016
12585.259167703787,0.544,0.0
12585.25944085916,0.544,0.0
12585.25971401453,0.528,-0.016
12585.259987169902,0.536,0.0
12585.260260325273,0.552,-0.016
12585.260533480645,0.536,-0.016
12585.260806636015,0.552,0.0
12585.261079791388,0.536,0.0
12585.261352946758,0.544,-0.016
12585.26162610213,0.528,-0.016
12585.2618992575,0.552,0.0
12585.262172412873,0.536,0.0
12585.262445568243,0.552,-0.016
12585.262718723616,0.536,-0.016
12585.262991878986,0.552,0.0
12585.263265034358,0.536,-0.016
12585.263538189729,0.552,0.0
12585.263811345101,0.536,0.0
12585.264084500472,0.552,-0.016
12585.264357655844,0.536,-0.016
12585.264630811214,0.544,0.0
12585.264903966587,0.536,-0.016
12585.265177121957,0.552,0.0
12585.26545027733,0.536,-0.016
12585.2657234327,0.552,0.0
12585.265996588072,0.536,-0.016
12585.266269743443,0.552,0.0
12585.266542898813,0.536,-0.016
12585.266816054185,0.552,0.0
12585.267089209556,0.536,0.0
12585.267362364928,0.552,-0.016
12585.267635520298,0.536,0.0
12585.26790867567,0.544,-0.016
12585.268181831041,0.536,-0.016
12585.268454986413,0.552,0.0
12585.268728141784,0.536,-0.008
12585.269001297156,0.552,-0.016
12585.269274452527,0.536,-0.016
12585.269547607899,0.544,0.0
12585.26982076327,0.536,-0.016
12585.270093918642,0.552,0.0
12585.270367074012,0.536,0.0
12585.270640229384,0.544,-0.016
12585.270913384755,0.536,-0.016
12585.271186540127,0.552,0.0
12585.271459695497,0.536,-0.016
12585.27173285087,0.552,0.0
12585.27200600624,0.544,-0.016
12585.272279161612,0.536,0.0
12585.272552316983,0.552,-0.016
12585.272825472355,0.536,0.0
12585.273098627726,0.536,-0.016
12585.273371783098,0.544,0.0
12585.273644938468,0.536,0.0
12585.27391809384,0.552,-0.016
12585.274191249211,0.536,-0.016
12585.274464404583,0.552,0.0
12585.274737559954,0.536,-0.016
12585.275010715326,0.552,0.0
12585.275283870697,0.552,-0.016
12585.275557026069,0.536,0.0
12585.27583018144,0.536,-0.016
12585.276103336812,0.552,0.0
12585.276376492182,0.536,-0.016
12585.276649647554,0.552,0.0
12585.276922802925,0.536,-0.016
12585.277195958297,0.544,-0.008
12585.277469113667,0.536,-0.016
12585.27774226904,0.552,-0.008
12585.27801542441,0.536,-0.016
12585.278288579782,0.552,0.0
12585.278561735153,0.552,-0.016
12585.278834890525,0.536,0.0
12585.279108045896,0.536,-0.016
12585.279381201268,0.552,0.0
12585.279654356638,0.536,-0.016
12585.27992751201,0.552,0.0
12585.280200667381,0.536,-0.016
12585.280473822753,0.552,0.0
12585.280746978124,0.536,-0.016
12585.281020133496,0.552,-0.008
12585.281293288866,0.536,0.0
12585.281566444239,0.552,-0.016
12585.28183959961,0.536,-0.016
12585.282112754981,0.552,0.0
12585.282385910352,0.536,0.0
12585.282659065724,0.552,-0.016
12585.282932221095,0.552,-0.016
12585.283205376467,0.536,-0.008
12585.283478531837,0.536,-0.008
12585.28375168721,0.552,-0.016
12585.28402484258,0.552,-0.016
12585.284297997952,0.536,0.0
12585.284571153323,0.536,-0.016
12585.284844308695,0.552,0.0
12585.285117464065,0.536,-0.008
12585.285390619438,0.552,-0.016
12585.285663774808,0.536,-0.016
12585.28593693018,0.552,0.0
12585.286210085551,0.552,-0.016
12585.286483240923,0.536,0.0
12585.286756396294,0.536,-0.016
12585.287029551664,0.544,0.0
12585.287302707036,0.544,-0.016
12585.287575862407,0.536,0.0
12585.287849017779,0.544,-0.016
12585.28812217315,0.536,-0.008
12585.288395328522,0.552,-0.016
12585.288668483892,0.536,0.0
12585.288941639265,0.536,-0.008
12585.289214794635,0.552,-0.016
12585.289487950007,0.536,-0.016
12585.289761105378,0.552,0.0
12585.29003426075,0.536,-0.016
12585.29030741612,0.552,0.0
12585.290580571493,0.536,-0.016
12585.290853726863,0.552,0.0
12585.291126882235,0.536,0.0
12585.291400037606,0.544,-0.016
12585.291673192978,0.536,0.0
12585.291946348349,0.552,-0.016
12585.29221950372,0.536,0.0
12585.292492659091,0.544,-0.016
12585.292765814464,0.536,-0.016
12585.293038969834,0.552,0.0
12585.293312125206,0.552,-0.016
12585.293585280577,0.536,0.0
12585.293858435949,0.536,0.0
12585.29413159132,0.552,-0.016
12585.294404746692,0.536,-0.016
12585.294677902062,0.552,0.0
12585.294951057434,0.536,-0.016
12585.295224212805,0.552,0.0
12585.295497368177,0.536,-0.016
12585.295770523548,0.552,0.0
12585.29604367892,0.536,-0.016
12585.29631683429,0.552,0.0
12585.296589989663,0.536,0.0
12585.296863145033,0.552,-0.016
12585.297136300405,0.536,0.0
12585.297409455776,0.552,-0.016
12585.297682611148,0.536,-0.008
12585.297955766518,0.552,-0.016
12585.29822892189,0.552,-0.016
12585.298502077261,0.536,0.0
12585.298775232633,0.536,-0.016
12585.299048388004,0.552,0.0
12585.299321543376,0.552,-0.016
12585.299594698747,0.536,0.0
12585.299867854119,0.536,-0.016
12585.30014100949,0.56,0.0
12585.300414164862,0.536,-0.016
12585.300687320232,0.552,0.0
12585.300960475604,0.536,-0.016
12585.301233630975,0.552,0.0
12585.301506786347,0.552,0.0
12585.301779941718,0.536,-0.016
12585.30205309709,0.536,-0.016
12585.30232625246,0.544,0.0
12585.302599407833,0.544,0.0
12585.302872563203,0.528,-0.016
12585.303145718575,0.528,-0.016
12585.303418873946,0.544,0.0
12585.303692029318,0.528,-0.016
12585.303965184688,0.536,0.0
12585.30423834006,0.528,-0.016
12585.304511495431,0.512,0.0
12585.304784650803,0.52,-0.008
12585.305057806174,0.544,-0.016
12585.305330961546,0.544,-0.016
12585.305604116917,0.528,0.0
12585.305877272289,0.528,-0.008
12585.30615042766,0.536,0.032
12585.306423583032,0.52,0.032
12585.306696738402,0.536,0.128
12585.306969893774,0.512,0.14400000000000002
12585.307243049145,0.528,0.272
12585.307516204515,0.528,0.272
12585.307789359887,0.544,0.34400000000000003
12585.308062515258,0.552,0.352
12585.30833567063,0.528,0.376
12585.308608826,0.528,0.368
12585.308881981373,0.544,0.40800000000000003
12585.309155136743,0.528,0.40800000000000003
12585.309428292116,0.544,0.432
12585.309701447486,0.528,0.432
12585.309974602858,0.544,0.40800000000000003
12585.310247758229,0.528,0.4
12585.310520913601,0.536,0.384
12585.310794068972,0.536,0.376
12585.311067224344,0.512,0.4
12585.311340379714,0.512,0.40800000000000003
12585.311613535087,0.528,0.44
12585.311886690457,0.528,0.448
12585.31215984583,0.512,0.432
12585.3124330012,0.512,0.432
12585.312706156572,0.544,0.448
12585.312979311942,0.528,0.448
12585.313252467315,0.544,0.424
12585.313525622685,0.544,0.424
12585.313798778057,0.52,0.4
12585.314071933428,0.536,0.424
12585.3143450888,0.512,0.44
12585.31461824417,0.504,0.432
12585.314891399543,0.52,0.448
12585.315164554913,0.52,0.432
12585.315437710286,0.536,0.448
12585.315710865656,0.528,0.432
12585.315984021028,0.536,0.448
12585.316257176399,0.536,0.432
12585.316530331771,0.512,0.384
12585.316803487141,0.512,0.384
12585.317076642514,0.536,0.4
12585.317349797884,0.528,0.4
12585.317622953256,0.536,0.44
12585.317896108627,0.544,0.44
12585.318169264,0.52,0.424
12585.31844241937,0.512,0.424
12585.318715574742,0.528,0.448
12585.318988730112,0.512,0.44
12585.319261885485,0.528,0.384
12585.319535040855,0.512,0.384
12585.319808196227,0.528,0.4
12585.320081351598,0.504,0.4
12585.32035450697,0.52,0.432
12585.32062766234,0.504,0.424
12585.320900817713,0.52,0.44
12585.321173973083,0.504,0.432
12585.321447128455,0.528,0.448
12585.321720283826,0.52,0.448
12585.321993439198,0.504,0.432
12585.322266594569,0.52,0.44
12585.322539749941,0.504,0.432
12585.322812905311,0.52,0.448
12585.323086060684,0.504,0.424
12585.323359216054,0.504,0.41600000000000004
12585.323632371426,0.52,0.432
12585.323905526797,0.512,0.44
12585.324178682169,0.544,0.384
12585.32445183754,0.528,0.4
12585.324724992912,0.544,0.376
12585.324998148282,0.544,0.392
12585.325271303655,0.52,0.376
12585.325544459025,0.528,0.392
12585.325817614397,0.512,0.376
12585.326090769768,0.528,0.384
12585.32636392514,0.504,0.392
12585.32663708051,0.504,0.384
12585.326910235883,0.52,0.432
12585.327183391253,0.504,0.424
12585.327456546625,0.52,0.448
12585.327729701996,0.52,0.448
12585.328002857366,0.536,0.432
12585.328276012739,0.52,0.432
12585.328549168109,0.512,0.448
12585.328822323481,0.504,0.448
12585.329095478852,0.52,0.432
12585.329368634224,0.52,0.448
12585.329641789594,0.504,0.432
12585.329914944967,0.52,0.432
12585.330188100337,0.504,0.448
12585.33046125571,0.528,0.448
12585.33073441108,0.504,0.4
12585.331007566452,0.512,0.4
12585.331280721823,0.504,0.376
12585.331553877195,0.504,0.376
12585.331827032565,0.528,0.384
12585.332100187938,0.504,0.376
12585.332373343308,0.536,0.384
12585.33264649868,0.52,0.376
12585.33291965405,0.544,0.384
12585.333192809423,0.536,0.376
12585.333465964794,0.512,0.384
12585.333739120166,0.512,0.384
12585.334012275536,0.504,0.376
12585.334285430908,0.504,0.376
12585.334558586279,0.52,0.384
12585.334831741651,0.512,0.376
12585.335104897022,0.504,0.384
12585.335378052394,0.504,0.376
12585.335651207764,0.52,0.384
12585.335924363137,0.52,0.376
12585.336197518507,0.504,0.384
12585.33647067388,0.52,0.392
12585.33674382925,0.504,0.376
12585.337016984622,0.52,0.376
12585.337290139993,0.504,0.384
12585.337563295365,0.512,0.376
12585.337836450735,0.504,0.384
12585.338109606108,0.504,0.376
12585.338382761478,0.52,0.384
12585.33865591685,0.504,0.376
12585.33892907222,0.52,0.384
12585.339202227593,0.504,0.376
12585.339475382963,0.52,0.392
12585.339748538336,0.512,0.376
12585.340021693706,0.504,0.384
12585.340294849078,0.52,0.376
12585.340568004449,0.504,0.392
12585.340841159821,0.504,0.376
12585.341114315192,0.52,0.384
12585.341387470564,0.504,0.376
12585.341660625934,0.528,0.384
12585.341933781307,0.52,0.376
12585.342206936677,0.544,0.384
12585.34248009205,0.536,0.376
12585.34275324742,0.504,0.384
12585.343026402792,0.504,0.376
12585.343299558162,0.528,0.384
12585.343572713535,0.52,0.376
12585.343845868905,0.504,0.384
12585.344119024277,0.52,0.384
12585.344392179648,0.504,0.376
12585.34466533502,0.512,0.376
12585.34493849039,0.504,0.41600000000000004
12585.345211645763,0.512,0.41600000000000004
12585.345484801133,0.504,0.384
12585.345757956506,0.504,0.392
12585.346031111876,0.52,0.376
12585.346304267248,0.504,0.392
12585.346577422619,0.52,0.376
12585.346850577991,0.504,0.376
12585.347123733362,0.52,0.392
12585.347396888734,0.512,0.376
12585.347670044104,0.504,0.384
12585.347943199477,0.52,0.376
12585.348216354847,0.504,0.392
12585.348489510217,0.504,0.376
12585.34876266559,0.512,0.384
12585.34903582096,0.512,0.384
12585.349308976332,0.496,0.376
12585.349582131703,0.504,0.376
12585.349855287075,0.52,0.392
12585.350128442446,0.504,0.384
12585.350401597818,0.512,0.41600000000000004
12585.350674753188,0.504,0.432
12585.35094790856,0.52,0.4
12585.351221063931,0.504,0.392
12585.351494219303,0.52,0.384
12585.351767374674,0.504,0.384
12585.352040530046,0.52,0.4
12585.352313685416,0.504,0.392
12585.352586840789,0.52,0.40800000000000003
12585.35285999616,0.504,0.40800000000000003
12585.353133151531,0.52,0.424
12585.353406306902,0.512,0.41600000000000004
12585.353679462274,0.504,0.44
12585.353952617645,0.504,0.432
12585.354225773017,0.512,0.44
12585.354498928387,0.504,0.448
12585.35477208376,0.52,0.424
12585.35504523913,0.512,0.448
12585.355318394502,0.504,0.424
12585.355591549873,0.512,0.40800000000000003
12585.355864705245,0.504,0.432
12585.356137860615,0.504,0.424
12585.356411015988,0.52,0.44
12585.356684171358,0.504,0.44
12585.35695732673,0.528,0.392
12585.357230482101,0.52,0.4
12585.357503637473,0.536,0.41600000000000004
12585.357776792844,0.52,0.424
12585.358049948216,0.536,0.448
12585.358323103586,0.536,0.432
12585.358596258959,0.512,0.384
12585.35886941433,0.528,0.384
12585.359142569701,0.512,0.40800000000000003
12585.359415725072,0.504,0.4
12585.359688880444,0.52,0.432
12585.359962035815,0.504,0.40800000000000003
12585.360235191187,0.536,0.44
12585.360508346557,0.544,0.432
12585.36078150193,0.52,0.44
12585.3610546573,0.52,0.432
12585.361327812672,0.536,0.44
12585.361600968043,0.52,0.432
12585.361874123415,0.512,0.44
12585.362147278785,0.512,0.432
12585.362420434158,0.504,0.448
12585.362693589528,0.504,0.424
12585.3629667449,0.52,0.448
12585.36323990027,0.504,0.448
12585.363513055643,0.52,0.432
12585.363786211014,0.504,0.432
12585.364059366386,0.512,0.448
12585.364332521756,0.504,0.44
12585.364605677129,0.52,0.448
12585.364878832499,0.504,0.456
12585.365151987871,0.52,0.424
12585.365425143242,0.504,0.44
12585.365698298614,0.528,0.41600000000000004
12585.365971453984,0.536,0.424
12585.366244609357,0.504,0.4
12585.366517764727,0.504,0.4
12585.3667909201,0.536,0.384
12585.36706407547,0.536,0.392
12585.367337230842,0.528,0.424
12585.367610386213,0.528,0.4
12585.367883541585,0.544,0.384
12585.368156696955,0.528,0.384
12585.368429852328,0.504,0.424
12585.368703007698,0.504,0.44
12585.368976163069,0.544,0.4
12585.36924931844,0.528,0.4
12585.369522473811,0.544,0.41600000000000004
12585.369795629183,0.536,0.41600000000000004
12585.370068784554,0.504,0.4
12585.370341939926,0.504,0.424
12585.370615095297,0.552,0.384
12585.370888250669,0.544,0.392
12585.37116140604,0.528,0.376
12585.371434561412,0.544,0.376
12585.371707716782,0.528,0.392
12585.371980872154,0.544,0.376
12585.372254027525,0.528,0.384
12585.372527182897,0.536,0.392
12585.372800338268,0.528,0.376
12585.37307349364,0.528,0.384
12585.37334664901,0.544,0.376
12585.373619804383,0.536,0.384
12585.373892959753,0.528,0.36
12585.374166115125,0.536,0.36
12585.374439270496,0.544,0.28800000000000003
12585.374712425868,0.552,0.28
12585.374985581238,0.528,0.14400000000000002
12585.37525873661,0.536,0.14400000000000002
12585.375531891981,0.512,0.048
12585.375805047353,0.512,0.048
12585.376078202724,0.544,0.0
12585.376351358096,0.544,0.008
12585.376624513467,0.52,-0.008
12585.376897668839,0.512,0.0
12585.37717082421,0.536,-0.008
12585.377443979582,0.528,0.0
12585.377717134952,0.552,-0.008
12585.377990290324,0.536,-0.016
12585.378263445695,0.544,0.0
12585.378536601067,0.536,-0.016
12585.378809756437,0.544,0.0
12585.37908291181,0.536,0.0
12585.37935606718,0.552,-0.016
12585.379629222552,0.544,-0.016
12585.379902377923,0.536,0.0
12585.380175533295,0.536,0.0
12585.380448688666,0.552,-0.016
12585.380721844038,0.536,-0.008
12585.380994999408,0.552,0.0
12585.38126815478,0.536,0.0
12585.381541310151,0.544,-0.016
12585.381814465523,0.528,-0.016
12585.382087620894,0.552,0.0
12585.382360776266,0.536,-0.016
12585.382633931637,0.552,0.0
12585.382907087009,0.536,0.0
12585.38318024238,0.552,-0.016
12585.383453397752,0.536,0.0
12585.383726553122,0.552,-0.008
12585.383999708494,0.552,-0.016
12585.384272863865,0.528,0.0
12585.384546019237,0.536,0.0
12585.384819174607,0.552,-0.016
12585.38509232998,0.536,-0.016
12585.38536548535,0.552,0.0
12585.385638640722,0.536,0.0
12585.385911796093,0.552,-0.016
12585.386184951465,0.536,0.0
12585.386458106836,0.552,-0.016
12585.386731262208,0.536,0.0
12585.387004417578,0.544,-0.016
12585.38727757295,0.552,0.0
12585.387550728321,0.536,-0.016
12585.387823883693,0.536,-0.016
12585.388097039064,0.552,0.0
12585.388370194436,0.536,0.0
12585.388643349806,0.552,-0.016
12585.388916505179,0.536,-0.016
12585.38918966055,0.552,0.0
12585.38946281592,0.536,-0.016
12585.389735971292,0.544,0.0
12585.390009126662,0.536,0.0
12585.390282282035,0.552,-0.016
12585.390555437405,0.536,-0.016
12585.390828592777,0.544,0.0
12585.391101748148,0.536,-0.016
12585.39137490352,0.552,0.0
12585.39164805889,0.536,-0.016
12585.391921214263,0.552,0.0
12585.392194369633,0.536,-0.016
12585.392467525005,0.552,0.0
12585.392740680376,0.528,-0.016
12585.393013835748,0.552,0.0
12585.393286991119,0.536,0.0
12585.393560146491,0.52,-0.016
12585.393833301861,0.512,0.0
12585.394106457234,0.528,-0.016
12585.394379612604,0.512,0.0
12585.394652767976,0.52,-0.016
12585.394925923347,0.512,-0.016
12585.395199078719,0.544,0.0
12585.39547223409,0.544,-0.016
12585.395745389462,0.512,0.0
12585.396018544832,0.512,-0.016
12585.396291700205,0.536,0.0
12585.396564855575,0.528,-0.016
12585.396838010947,0.544,0.0
12585.397111166318,0.528,-0.016
12585.39738432169,0.544,0.0
12585.39765747706,0.528,-0.016
12585.397930632433,0.512,0.0
12585.398203787803,0.528,0.0
12585.398476943175,0.504,-0.016
12585.398750098546,0.512,0.0
12585.399023253918,0.536,-0.016
12585.399296409289,0.512,-0.008
12585.39956956466,0.528,-0.016
12585.399842720031,0.512,-0.016
12585.400115875404,0.528,0.0
12585.400389030774,0.512,-0.016
12585.400662186146,0.52,0.0
12585.400935341517,0.504,-0.016
12585.401208496889,0.52,0.0
12585.40148165226,0.512,-0.016
12585.401754807632,0.504,0.0
12585.402027963002,0.504,0.0
12585.402301118374,0.52,-0.016
12585.402574273745,0.504,0.0
12585.402847429117,0.52,-0.016
12585.403120584488,0.512,-0.016
12585.40339373986,0.536,0.0
12585.40366689523,0.544,-0.016
12585.403940050603,0.52,0.0
12585.404213205973,0.536,0.0
12585.404486361345,0.52,-0.016
12585.404759516716,0.528,0.0
12585.405032672088,0.512,-0.016
12585.405305827459,0.512,-0.016
12585.40557898283,0.528,0.0
12585.405852138201,0.52,-0.016
12585.406125293573,0.504,0.0
12585.406398448944,0.52,-0.016
12585.406671604316,0.544,0.0
12585.406944759687,0.544,-0.016
12585.407217915059,0.528,0.0
12585.40749107043,0.552,-0.008
12585.407764225802,0.536,-0.016
12585.408037381172,0.536,-0.016
12585.408310536544,0.544,0.0
12585.408583691915,0.536,-0.016
12585.408856847287,0.552,0.0
12585.409130002658,0.544,-0.016
12585.40940315803,0.528,0.0
12585.4096763134,0.536,-0.008
12585.40994946877,0.552,-0.016
12585.410222624143,0.536,-0.008
12585.410495779513,0.552,-0.016
12585.410768934886,0.536,-0.016
12585.411042090256,0.552,0.0
12585.411315245628,0.536,0.0
12585.411588400999,0.544,-0.016
12585.411861556371,0.544,-0.008
12585.412134711742,0.536,-0.016
12585.412407867114,0.536,-0.016
12585.412681022484,0.552,0.0
12585.412954177857,0.536,-0.016
12585.413227333227,0.552,0.0
12585.4135004886,0.536,-0.016
12585.41377364397,0.552,0.0
12585.414046799342,0.528,-0.008
12585.414319954712,0.552,-0.016
12585.414593110085,0.536,-0.016
12585.414866265455,0.552,0.0
12585.415139420827,0.536,-0.016
12585.415412576198,0.552,0.0
12585.41568573157,0.536,0.0
12585.41595888694,0.544,-0.016
12585.416232042313,0.536,-0.016
12585.416505197683,0.552,0.0
12585.416778353056,0.536,-0.016
12585.417051508426,0.552,0.0
12585.417324663798,0.544,-0.016
12585.417597819169,0.536,0.0
12585.417870974541,0.536,-0.016
12585.418144129912,0.552,0.0
12585.418417285284,0.536,-0.008
12585.418690440654,0.552,-0.016
12585.418963596027,0.536,-0.016
12585.419236751397,0.552,-0.008
12585.41950990677,0.552,-0.016
12585.41978306214,0.528,-0.008
12585.420056217512,0.552,-0.016
12585.420329372882,0.512,0.0
12585.420602528255,0.512,-0.008
12585.420875683625,0.528,-0.016
12585.421148838997,0.52,-0.016
12585.421421994368,0.512,0.0
12585.42169514974,0.504,-0.016
12585.42196830511,0.528,0.0
12585.422241460483,0.512,-0.016
12585.422514615853,0.536,0.0
12585.422787771226,0.528,-0.016
12585.423060926596,0.544,0.0
12585.423334081968,0.536,0.0
12585.423607237339,0.512,-0.016
12585.423880392711,0.528,-0.008
12585.424153548081,0.512,-0.016
12585.424426703454,0.528,-0.008
12585.424699858824,0.504,-0.016
12585.424973014196,0.512,-0.016
12585.425246169567,0.528,0.0
12585.42551932494,0.52,-0.008
12585.42579248031,0.504,-0.016
12585.426065635682,0.512,0.0
12585.426338791052,0.528,-0.016
12585.426611946425,0.52,-0.016
12585.426885101795,0.504,0.0
12585.427158257167,0.504,-0.016
12585.427431412538,0.52,0.0
12585.42770456791,0.52,-0.016
12585.42797772328,0.504,0.0
12585.428250878653,0.512,-0.016
12585.428524034023,0.52,0.0
12585.428797189395,0.512,-0.016
12585.429070344766,0.504,0.0
12585.429343500138,0.504,-0.016
12585.429616655509,0.52,0.0
12585.429889810881,0.52,-0.016
12585.430162966251,0.504,0.0
12585.430436121622,0.504,-0.016
12585.430709276994,0.512,0.0
12585.430982432365,0.504,-0.016
12585.431255587737,0.52,0.0
12585.431528743107,0.504,-0.016
12585.43180189848,0.52,0.0
12585.43207505385,0.52,-0.016
12585.432348209222,0.504,0.0
12585.432621364593,0.504,-0.016
12585.432894519965,0.528,0.0
12585.433167675335,0.536,-0.016
12585.433440830708,0.52,-0.008
12585.433713986078,0.528,-0.016
12585.43398714145,0.504,0.0
12585.43426029682,0.512,-0.016
12585.434533452193,0.504,0.0
12585.434806607564,0.504,-0.016
12585.435079762936,0.52,0.0
12585.435352918306,0.504,-0.016
12585.435626073679,0.52,0.0
12585.435899229049,0.52,-0.016
12585.436172384421,0.504,-0.008
12585.436445539792,0.504,-0.016
12585.436718695164,0.528,0.0
12585.436991850534,0.512,-0.016
12585.437265005907,0.528,0.0
12585.437538161277,0.536,0.0
12585.43781131665,0.52,-0.016
12585.43808447202,0.536,0.0
12585.438357627392,0.52,-0.016
12585.438630782763,0.528,-0.016
12585.438903938135,0.504,0.0
12585.439177093505,0.52,-0.016
12585.439450248878,0.544,0.0
12585.439723404248,0.528,-0.008
12585.43999655962,0.552,-0.016
12585.44026971499,0.536,-0.008
12585.440542870363,0.552,-0.016
12585.440816025734,0.528,-0.016
12585.441089181106,0.544,0.0
12585.441362336476,0.528,-0.016
12585.441635491849,0.544,0.0
12585.441908647219,0.544,0.0
12585.442181802591,0.528,-0.016
12585.442454957962,0.536,-0.008
12585.442728113334,0.552,0.024
12585.443001268704,0.544,0.032
12585.443274424077,0.528,0.136
12585.443547579447,0.528,0.14400000000000002
12585.44382073482,0.544,0.32
12585.44409389019,0.536,0.32
12585.444367045562,0.552,0.376
12585.444640200933,0.536,0.376
12585.444913356305,0.544,0.432
12585.445186511675,0.536,0.424
12585.445459667048,0.552,0.44
12585.445732822418,0.536,0.448
12585.44600597779,0.552,0.432
12585.44627913316,0.536,0.432
12585.446552288533,0.552,0.448
12585.446825443903,0.536,0.44
12585.447098599276,0.552,0.392
12585.447371754646,0.544,0.392
12585.447644910018,0.528,0.376
12585.447918065389,0.536,0.384
12585.448191220761,0.552,0.376
12585.448464376132,0.536,0.376
12585.448737531504,0.544,0.376
12585.449010686874,0.528,0.376
12585.449283842247,0.552,0.392
12585.449556997617,0.536,0.4
12585.44983015299,0.552,0.424
12585.45010330836,0.536,0.424
12585.450376463732,0.552,0.448
12585.450649619102,0.536,0.448
12585.450922774473,0.552,0.432
12585.451195929845,0.536,0.448
12585.451469085216,0.552,0.432
12585.451742240588,0.536,0.448
12585.452015395958,0.552,0.41600000000000004
12585.45228855133,0.536,0.41600000000000004
12585.452561706701,0.544,0.432
12585.452834862073,0.536,0.432
12585.453108017444,0.552,0.448
12585.453381172816,0.552,0.432
12585.453654328187,0.536,0.448
12585.453927483559,0.536,0.448
12585.45420063893,0.552,0.41600000000000004
12585.454473794302,0.536,0.40800000000000003
12585.454746949672,0.552,0.432
12585.455020105044,0.536,0.432
12585.455293260415,0.552,0.448
12585.455566415787,0.536,0.432
12585.455839571157,0.552,0.44
12585.45611272653,0.552,0.432
12585.4563858819,0.536,0.424
12585.456659037272,0.552,0.424
12585.456932192643,0.536,0.448
12585.457205348015,0.536,0.448
12585.457478503386,0.552,0.44
12585.457751658758,0.536,0.448
12585.458024814128,0.552,0.432
12585.4582979695,0.552,0.448
12585.458571124871,0.528,0.432
12585.458844280243,0.544,0.432
12585.459117435614,0.528,0.448
12585.459390590986,0.536,0.44
12585.459663746356,0.528,0.4
12585.459936901729,0.536,0.392
12585.4602100571,0.512,0.4
12585.460483212471,0.528,0.432
12585.460756367842,0.544,0.4
12585.461029523214,0.528,0.392
12585.461302678585,0.544,0.41600000000000004
12585.461575833957,0.528,0.41600000000000004
12585.461848989327,0.544,0.432
12585.4621221447,0.544,0.40800000000000003
12585.46239530007,0.512,0.384
12585.462668455442,0.536,0.392
12585.462941610813,0.512,0.432
12585.463214766185,0.512,0.424
12585.463487921555,0.528,0.448
12585.463761076928,0.52,0.448
12585.464034232298,0.544,0.432
12585.46430738767,0.536,0.448
12585.464580543041,0.512,0.432
12585.464853698413,0.52,0.432
12585.465126853784,0.544,0.4
12585.465400009156,0.536,0.4
12585.465673164526,0.52,0.44
12585.465946319899,0.52,0.432
12585.46621947527,0.512,0.448
12585.466492630641,0.512,0.44
12585.466765786012,0.528,0.424
12585.467038941384,0.528,0.424
12585.467312096755,0.512,0.448
12585.467585252127,0.52,0.448
12585.467858407497,0.504,0.432
12585.46813156287,0.512,0.432
12585.46840471824,0.536,0.448
12585.468677873612,0.528,0.432
12585.468951028983,0.536,0.448
12585.469224184355,0.536,0.432
12585.469497339725,0.52,0.448
12585.469770495098,0.528,0.448
12585.470043650468,0.504,0.44
12585.47031680584,0.504,0.448
12585.47058996121,0.52,0.432
12585.470863116583,0.512,0.448
12585.471136271954,0.528,0.41600000000000004
12585.471409427324,0.52,0.4
12585.471682582696,0.512,0.432
12585.471955738067,0.52,0.424
12585.472228893439,0.536,0.432
12585.47250204881,0.52,0.432
12585.472775204182,0.504,0.448
12585.473048359552,0.512,0.44
12585.473321514924,0.544,0.384
12585.473594670295,0.536,0.392
12585.473867825667,0.504,0.376
12585.474140981038,0.496,0.384
12585.47441413641,0.52,0.432
12585.47468729178,0.504,0.41600000000000004
12585.474960447153,0.528,0.44
12585.475233602523,0.512,0.44
12585.475506757895,0.504,0.432
12585.475779913266,0.512,0.432
12585.476053068638,0.536,0.448
12585.476326224009,0.536,0.44
12585.47659937938,0.512,0.432
12585.476872534751,0.504,0.424
12585.477145690124,0.52,0.44
12585.477418845494,0.504,0.448
12585.477692000866,0.52,0.432
12585.477965156237,0.504,0.448
12585.478238311609,0.52,0.40800000000000003
12585.47851146698,0.504,0.41600000000000004
12585.478784622352,0.52,0.392
12585.479057777722,0.52,0.392
12585.479330933094,0.504,0.40800000000000003
12585.479604088465,0.504,0.40800000000000003
12585.479877243837,0.52,0.384
12585.480150399208,0.52,0.384
12585.48042355458,0.504,0.41600000000000004
12585.48069670995,0.504,0.41600000000000004
12585.480969865323,0.52,0.44
12585.481243020693,0.504,0.432
12585.481516176065,0.52,0.448
12585.481789331436,0.504,0.432
12585.482062486808,0.52,0.448
12585.482335642178,0.504,0.448
12585.48260879755,0.528,0.424
12585.482881952921,0.512,0.424
12585.483155108293,0.536,0.392
12585.483428263664,0.52,0.392
12585.483701419036,0.504,0.384
12585.483974574407,0.52,0.384
12585.484247729779,0.536,0.432
12585.48452088515,0.536,0.432
12585.484794040522,0.52,0.392
12585.485067195892,0.528,0.40800000000000003
12585.485340351264,0.504,0.4
12585.485613506635,0.504,0.40800000000000003
12585.485886662007,0.528,0.392
12585.486159817377,0.504,0.4
12585.48643297275,0.512,0.432
12585.48670612812,0.512,0.424
12585.486979283492,0.504,0.448
12585.487252438863,0.504,0.424
12585.487525594235,0.512,0.448
12585.487798749606,0.504,0.432
12585.488071904978,0.52,0.448
12585.488345060348,0.52,0.448
12585.48861821572,0.504,0.40800000000000003
12585.488891371091,0.504,0.392
12585.489164526463,0.52,0.384
12585.489437681834,0.504,0.384
12585.489710837206,0.52,0.4
12585.489983992577,0.52,0.384
12585.490257147949,0.536,0.41600000000000004
12585.49053030332,0.536,0.40800000000000003
12585.490803458692,0.528,0.432
12585.491076614062,0.536,0.432
12585.491349769434,0.512,0.448
12585.511615753174,0.512,0.0
12585.511849129796,0.528,-0.016
12585.512082506419,0.52,-0.008
12585.512315883041,0.536,0.0
12585.512549259664,0.528,0.0
12585.512782636284,0.496,-0.016
12585.513016012907,0.496,0.0
12585.513249389529,0.528,-0.016
12585.513482766151,0.52,0.0
12585.513716142774,0.536,-0.008
12585.513949519396,0.52,-0.016
12585.514182896019,0.536,0.0
12585.514416272641,0.52,-0.016
12585.514649649262,0.536,0.0
12585.514883025884,0.52,0.0
12585.515116402506,0.544,-0.016
12585.515349779129,0.504,0.0
12585.515583155751,0.536,-0.016
12585.515816532374,0.536,-0.008
12585.516049908996,0.504,0.0
12585.516283285619,0.52,-0.008
12585.51651666224,0.504,0.032
12585.516750038862,0.504,0.032
12585.516983415484,0.52,0.136
12585.517216792106,0.504,0.14400000000000002
12585.517450168729,0.52,0.28
12585.517683545351,0.504,0.28
12585.517916921974,0.52,0.34400000000000003
12585.518150298596,0.504,0.34400000000000003
12585.518383675219,0.528,0.368
12585.51861705184,0.52,0.368
12585.518850428462,0.528,0.368
12585.519083805084,0.528,0.368
12585.519317181706,0.512,0.376
12585.519550558329,0.52,0.368
12585.519783934951,0.504,0.384
12585.520017311574,0.504,0.376
12585.520250688196,0.52,0.368
12585.520484064817,0.504,0.376
12585.520717441439,0.52,0.368
12585.520950818061,0.504,0.368
12585.521184194684,0.52,0.384
12585.521417571306,0.52,0.376
12585.521650947929,0.504,0.376
12585.521884324551,0.496,0.376
12585.522117701174,0.528,0.368
12585.522351077794,0.52,0.376
12585.522584454417,0.536,0.368
12585.522817831039,0.52,0.376
12585.523051207661,0.536,0.368
12585.523284584284,0.52,0.376
12585.523517960906,0.536,0.376
12585.523751337529,0.52,0.368
12585.523984714151,0.536,0.384
12585.524218090774,0.52,0.376
12585.524451467394,0.536,0.368
12585.524684844017,0.528,0.376
12585.524918220639,0.504,0.368
12585.525151597261,0.504,0.384
12585.525384973884,0.52,0.368
12585.525618350506,0.504,0.368
12585.525851727129,0.512,0.384
12585.526085103751,0.504,0.384
12585.526318480372,0.528,0.368
12585.526551856994,0.52,0.384
12585.526785233616,0.544,0.368
12585.527018610239,0.544,0.368
12585.527251986861,0.52,0.384
12585.527485363484,0.52,0.376
12585.527718740106,0.528,0.368
12585.527952116729,0.52,0.368
12585.52818549335,0.528,0.384
12585.528418869972,0.52,0.368
12585.528652246594,0.528,0.384
12585.528885623216,0.528,0.376
12585.529118999839,0.512,0.4
12585.529352376461,0.52,0.40800000000000003
12585.529585753084,0.504,0.432
12585.529819129706,0.512,0.44
12585.530052506329,0.496,0.424
12585.53028588295,0.504,0.44
12585.530519259572,0.52,0.392
12585.530752636194,0.52,0.376
12585.530986012816,0.504,0.4
12585.531219389439,0.504,0.40800000000000003
12585.531452766061,0.52,0.432
12585.531686142684,0.52,0.40800000000000003
12585.531919519306,0.504,0.376
12585.532152895927,0.504,0.376
12585.532386272549,0.52,0.368
12585.532619649171,0.504,0.376
12585.532853025794,0.528,0.384
12585.533086402416,0.52,0.376
12585.533319779039,0.504,0.384
12585.533553155661,0.504,0.384
12585.533786532284,0.544,0.424
12585.534019908904,0.52,0.424
12585.534253285527,0.528,0.40800000000000003
12585.534486662149,0.52,0.4
12585.534720038771,0.496,0.376
12585.534953415394,0.52,0.376
12585.535186792016,0.528,0.376
12585.535420168639,0.52,0.368
12585.535653545261,0.536,0.384
12585.535886921884,0.52,0.376
12585.536120298504,0.536,0.384
12585.536353675127,0.52,0.384
12585.536587051749,0.552,0.41600000000000004
12585.536820428371,0.528,0.4
12585.537053804994,0.504,0.376
12585.537287181616,0.504,0.376
12585.537520558239,0.52,0.41600000000000004
12585.537753934861,0.504,0.40800000000000003
12585.537987311482,0.52,0.384
12585.538220688104,0.512,0.392
12585.538454064726,0.528,0.376
12585.538687441349,0.52,0.384
12585.538920817971,0.504,0.424
12585.539154194594,0.496,0.41600000000000004
12585.539387571216,0.52,0.392
12585.539620947839,0.512,0.392
12585.53985432446,0.536,0.368
12585.540087701082,0.528,0.376
12585.540321077704,0.512,0.368
12585.540554454326,0.52,0.376
12585.540787830949,0.504,0.41600000000000004
12585.541021207571,0.504,0.384
12585.541254584194,0.528,0.384
12585.541487960816,0.504,0.384
12585.541721337439,0.52,0.4
12585.54195471406,0.528,0.392
12585.542188090682,0.504,0.40800000000000003
12585.542421467304,0.504,0.40800000000000003
12585.542654843926,0.528,0.44
12585.542888220549,0.52,0.432
12585.543121597171,0.528,0.392
12585.543354973794,0.52,0.392
12585.543588350416,0.504,0.376
12585.543821727037,0.512,0.368
12585.544055103659,0.536,0.392
12585.544288480281,0.536,0.392
12585.544521856904,0.504,0.432
12585.544755233526,0.504,0.424
12585.544988610149,0.528,0.44
12585.545221986771,0.528,0.44
12585.545455363394,0.504,0.424
12585.545688740014,0.504,0.424
12585.545922116637,0.528,0.44
12585.546155493259,0.52,0.44
12585.546388869881,0.536,0.392
12585.546622246504,0.52,0.392
12585.546855623126,0.536,0.376
12585.547088999749,0.536,0.376
12585.547322376371,0.512,0.384
12585.547555752994,0.504,0.384
12585.547789129614,0.536,0.424
12585.548022506237,0.52,0.424
12585.548255882859,0.544,0.44
12585.548489259481,0.528,0.432
12585.548722636104,0.544,0.41600000000000004
12585.548956012726,0.528,0.424
12585.549189389349,0.544,0.44
12585.549422765971,0.544,0.44
12585.549656142592,0.528,0.424
12585.549889519214,0.528,0.44
12585.550122895836,0.544,0.40800000000000003
12585.550356272459,0.528,0.44
12585.550589649081,0.544,0.424
12585.550823025704,0.528,0.44
12585.551056402326,0.544,0.424
12585.551289778949,0.544,0.424
12585.55152315557,0.528,0.44
12585.551756532192,0.544,0.432
12585.551989908814,0.528,0.392
12585.552223285436,0.544,0.392
12585.552456662059,0.528,0.376
12585.552690038681,0.536,0.392
12585.552923415304,0.528,0.376
12585.553156791926,0.552,0.376
12585.553390168549,0.528,0.4
12585.55362354517,0.528,0.4
12585.553856921792,0.552,0.376
12585.554090298414,0.528,0.384
12585.554323675036,0.552,0.368
12585.554557051659,0.528,0.376
12585.554790428281,0.544,0.368
12585.555023804904,0.528,0.376
12585.555257181526,0.544,0.368
12585.555490558147,0.536,0.384
12585.555723934769,0.544,0.368
12585.555957311391,0.536,0.368
12585.556190688014,0.552,0.392
12585.556424064636,0.528,0.376
12585.556657441259,0.544,0.368
12585.556890817881,0.536,0.368
12585.557124194504,0.552,0.376
12585.557357571124,0.536,0.368
12585.557590947747,0.552,0.376
12585.557824324369,0.528,0.376
12585.558057700991,0.544,0.384
12585.558291077614,0.536,0.384
12585.558524454236,0.544,0.432
12585.558757830859,0.528,0.424
12585.558991207481,0.552,0.44
12585.559224584104,0.536,0.44
12585.559457960724,0.552,0.424
12585.559691337347,0.536,0.44
12585.559924713969,0.552,0.4
12585.560158090591,0.536,0.4
12585.560391467214,0.552,0.376
12585.560624843836,0.536,0.384
12585.560858220459,0.552,0.40800000000000003
12585.561091597081,0.528,0.40800000000000003
12585.561324973702,0.544,0.44
12585.561558350324,0.536,0.44
12585.561791726946,0.552,0.424
12585.562025103569,0.544,0.44
12585.562258480191,0.536,0.384
12585.562491856814,0.544,0.384
12585.562725233436,0.528,0.368
12585.562958610059,0.536,0.376
12585.56319198668,0.552,0.368
12585.563425363302,0.536,0.376
12585.563658739924,0.544,0.384
12585.563892116546,0.536,0.384
12585.564125493169,0.552,0.41600000000000004
12585.564358869791,0.536,0.41600000000000004
12585.564592246414,0.552,0.432
12585.564825623036,0.536,0.424
12585.565058999659,0.552,0.44
12585.56529237628,0.552,0.432
12585.565525752902,0.536,0.448
12585.565759129524,0.536,0.432
12585.565992506146,0.552,0.44
12585.566225882769,0.536,0.432
12585.566459259391,0.552,0.44
12585.566692636014,0.536,0.44
12585.566926012636,0.544,0.432
12585.567159389257,0.536,0.448
12585.567392765879,0.552,0.432
12585.567626142501,0.536,0.424
12585.567859519124,0.552,0.44
12585.568092895746,0.536,0.432
12585.568326272369,0.552,0.44
12585.568559648991,0.536,0.432
12585.568793025614,0.552,0.40800000000000003
12585.569026402234,0.536,0.41600000000000004
12585.569259778857,0.544,0.384
12585.569493155479,0.536,0.4
12585.569726532101,0.552,0.432
12585.569959908724,0.536,0.424
12585.570193285346,0.552,0.44
12585.570426661969,0.552,0.44
12585.570660038591,0.536,0.41600000000000004
12585.570893415214,0.536,0.424
12585.571126791834,0.552,0.384
12585.571360168457,0.536,0.376
12585.571593545079,0.552,0.4
12585.571826921701,0.536,0.40800000000000003
12585.572060298324,0.552,0.432
12585.572293674946,0.536,0.424
12585.572527051569,0.552,0.44
12585.572760428191,0.536,0.44
12585.572993804812,0.552,0.424
12585.573227181434,0.536,0.424
12585.573460558056,0.552,0.44
12585.573693934679,0.536,0.424
12585.573927311301,0.552,0.432
12585.574160687924,0.552,0.432
12585.574394064546,0.536,0.392
12585.574627441169,0.536,0.392
12585.57486081779,0.552,0.312
12585.575094194412,0.536,0.304
12585.575327571034,0.552,0.152
12585.575560947656,0.536,0.152
12585.575794324279,0.552,0.048
12585.576027700901,0.536,0.048
12585.576261077524,0.552,0.008
12585.576494454146,0.552,0.008
12585.576727830769,0.528,-0.008
12585.57696120739,0.552,-0.008
12585.577194584012,0.536,0.0
12585.577427960634,0.536,-0.008
12585.577661337256,0.544,0.0
12585.577894713879,0.536,0.0
12585.578128090501,0.544,-0.008
12585.578361467124,0.536,-0.008
12585.578594843746,0.544,0.0
12585.578828220367,0.552,0.0
12585.579061596989,0.536,-0.008
12585.579294973611,0.536,0.0
12585.579528350234,0.528,-0.008
12585.579761726856,0.536,0.0
12585.579995103479,0.52,-0.008
12585.580228480101,0.512,-0.008
12585.580461856724,0.536,0.0
12585.580695233344,0.512,0.0
12585.580928609967,0.528,-0.008
12585.581161986589,0.52,0.0
12585.581395363211,0.504,-0.008
12585.581628739834,0.504,-0.008
12585.581862116456,0.528,0.0
12585.582095493079,0.512,-0.008
12585.582328869701,0.52,0.0
12585.582562246324,0.512,0.0
12585.582795622944,0.52,-0.008
12585.583028999567,0.504,-0.008
12585.583262376189,0.52,0.0
12585.583495752811,0.504,0.0
12585.583729129434,0.528,-0.008
12585.583962506056,0.52,-0.008
12585.584195882679,0.536,0.0
12585.584429259301,0.52,-0.008
12585.584662635922,0.536,0.0
12585.584896012544,0.536,0.0
12585.585129389166,0.52,-0.008
12585.585362765789,0.52,0.0
12585.585596142411,0.544,-0.008
12585.585829519034,0.552,0.0
12585.586062895656,0.528,-0.008
12585.586296272279,0.544,0.0
12585.5865296489,0.528,-0.008
12585.586763025522,0.528,-0.008
12585.586996402144,0.544,0.0
12585.587229778766,0.528,-0.008
12585.587463155389,0.504,0.0
12585.587696532011,0.512,0.0
12585.587929908634,0.52,-0.016
12585.588163285256,0.512,-0.016
12585.588396661879,0.544,0.0
12585.5886300385,0.536,0.0
12585.588863415122,0.52,-0.016
12585.589096791744,0.544,0.0
12585.589330168366,0.504,-0.016
12585.589563544989,0.504,0.0
12585.589796921611,0.536,-0.016
12585.590030298234,0.536,0.0
12585.590263674856,0.552,-0.016
12585.590497051477,0.528,0.0
12585.590730428099,0.552,-0.008
12585.590963804721,0.52,0.0
12585.591197181344,0.544,-0.008
12585.591430557966,0.528,0.0
12585.591663934589,0.544,-0.008
12585.591897311211,0.536,0.0
12585.592130687834,0.52,-0.008
12585.592364064454,0.536,0.0
12585.592597441077,0.504,-0.008
12585.592830817699,0.52,0.0
12585.593064194321,0.504,-0.016
12585.593297570944,0.504,-0.008
12585.593530947566,0.52,0.0
12585.593764324189,0.512,0.0
12585.593997700811,0.52,-0.008
12585.594231077434,0.504,-0.008
12585.594464454054,0.528,0.0
12585.594697830677,0.512,-0.008
12585.594931207299,0.536,0.0
12585.595164583921,0.528,0.0
12585.595397960544,0.544,-0.008
12585.595631337166,0.536,0.0
12585.595864713789,0.512,-0.008
12585.596098090411,0.52,-0.008
12585.596331467032,0.544,0.0
12585.596564843654,0.496,0.0
12585.596798220276,0.544,-0.016
12585.597031596899,0.528,-0.008
12585.597264973521,0.544,0.0
12585.597498350144,0.544,0.0
12585.597731726766,0.528,-0.016
12585.597965103389,0.528,-0.008
12585.59819848001,0.544,0.0
12585.598431856632,0.528,0.0
12585.598665233254,0.552,-0.008
12585.598898609876,0.536,0.0
12585.599131986499,0.552,-0.008
12585.599365363121,0.544,-0.008
12585.599598739744,0.528,0.0
12585.599832116366,0.528,0.0
12585.600065492989,0.552,-0.008
12585.60029886961,0.536,0.0
12585.600532246232,0.552,-0.008
12585.600765622854,0.552,0.0
12585.600998999476,0.528,-0.008
12585.601232376099,0.528,0.0
12585.601465752721,0.544,-0.008
12585.601699129344,0.528,-0.016
12585.601932505966,0.544,0.0
12585.602165882587,0.528,0.0
12585.602399259209,0.544,-0.016
12585.602632635831,0.536,-0.008
12585.602866012454,0.552,0.0
12585.603099389076,0.544,0.0
12585.603332765699,0.52,-0.008
12585.603566142321,0.512,-0.016
12585.603799518944,0.536,0.0
12585.604032895564,0.552,-0.008
12585.604266272187,0.528,0.0
12585.604499648809,0.536,0.0
12585.604733025431,0.552,-0.016
12585.604966402054,0.536,0.0
12585.605199778676,0.544,-0.016
12585.605433155299,0.544,0.0
12585.605666531921,0.528,-0.008
12585.605899908544,0.536,-0.008
12585.606133285164,0.52,0.0
12585.606366661787,0.512,0.0
12585.606600038409,0.528,-0.008
12585.606833415031,0.512,0.0
12585.607066791654,0.536,-0.016
12585.607300168276,0.536,0.0
12585.607533544899,0.512,-0.016
12585.607766921521,0.52,0.0
12585.608000298142,0.504,-0.008
12585.608233674764,0.52,-0.008
12585.608467051386,0.504,0.0
12585.608700428009,0.512,0.0
12585.608933804631,0.504,-0.008
12585.609167181254,0.504,0.0
12585.609400557876,0.52,-0.016
12585.609633934499,0.504,-0.008
12585.60986731112,0.52,0.0
12585.610100687742,0.512,0.0
12585.610334064364,0.528,-0.016
12585.610567440986,0.528,0.0
12585.610800817609,0.52,-0.008
12585.611034194231,0.536,-0.008
12585.611267570854,0.504,0.0
12585.611500947476,0.512,0.0
12585.611734324099,0.536,-0.016
12585.61196770072,0.544,-0.016
12585.612201077342,0.52,0.0
12585.612434453964,0.544,0.0
12585.612667830586,0.512,-0.016
12585.612901207209,0.504,0.0
12585.613134583831,0.52,-0.008
12585.613367960454,0.512,0.0
12585.613601337076,0.536,-0.016
12585.613834713697,0.52,-0.016
12585.614068090319,0.544,0.0
12585.614301466941,0.52,0.0
12585.614534843564,0.536,-0.016
12585.614768220186,0.536,-0.016
12585.615001596809,0.496,0.0
12585.615234973431,0.496,0.0
12585.615468350054,0.528,-0.016
12585.615701726674,0.528,0.0
12585.615935103297,0.536,-0.008
12585.616168479919,0.528,0.0
12585.616401856541,0.544,-0.016
12585.616635233164,0.536,0.0
12585.616868609786,0.528,-0.016
12585.617101986409,0.536,0.0
12585.617335363031,0.544,-0.016
12585.617568739654,0.528,0.0
12585.617802116274,0.544,-0.008
12585.618035492897,0.544,0.0
12585.618268869519,0.528,-0.008
12585.618502246141,0.552,0.0
12585.618735622764,0.528,-0.016
12585.618968999386,0.528,0.0
12585.619202376009,0.544,-0.008
12585.619435752631,0.536,0.0
12585.619669129252,0.552,-0.008
12585.619902505874,0.528,-0.016
12585.620135882496,0.544,0.0
12585.620369259119,0.544,-0.016
12585.620602635741,0.536,0.0
12585.620836012364,0.544,0.0
12585.621069388986,0.528,-0.008
12585.621302765609,0.544,0.0
12585.62153614223,0.528,-0.016
12585.621769518852,0.536,0.0
12585.622002895474,0.552,-0.016
12585.622236272096,0.536,0.0
12585.622469648719,0.544,-0.008
12585.622703025341,0.536,0.0
12585.622936401964,0.544,-0.016
12585.623169778586,0.552,0.0
12585.623403155209,0.528,-0.016
12585.62363653183,0.536,0.0
12585.623869908452,0.552,-0.008
12585.624103285074,0.552,0.0
12585.624336661696,0.528,-0.016
12585.624570038319,0.536,0.0
12585.624803414941,0.552,-0.016
12585.625036791564,0.544,0.0
12585.625270168186,0.528,-0.016
12585.625503544807,0.536,0.0
12585.625736921429,0.544,-0.016
12585.625970298051,0.536,-0.016
12585.626203674674,0.544,0.0
12585.626437051296,0.536,0.0
12585.626670427919,0.544,-0.016
12585.626903804541,0.536,0.0
12585.627137181164,0.544,-0.008
12585.627370557784,0.544,-0.008
12585.627603934407,0.528,0.0
12585.627837311029,0.536,0.0
12585.628070687651,0.56,-0.016
12585.628304064274,0.536,0.0
12585.628537440896,0.552,-0.016
12585.628770817519,0.536,0.0
12585.629004194141,0.552,-0.016
12585.629237570764,0.536,0.0
12585.629470947384,0.552,-0.016
12585.629704324007,0.536,0.0
12585.629937700629,0.528,-0.016
12585.630171077251,0.528,0.0
12585.630404453874,0.544,-0.016
12585.630637830496,0.544,0.0
12585.630871207119,0.52,-0.016
12585.631104583741,0.536,0.0
12585.631337960362,0.528,-0.016
12585.631571336984,0.528,0.0
12585.631804713606,0.544,-0.016
12585.632038090229,0.544,0.0
12585.632271466851,0.512,-0.016
12585.632504843474,0.528,-0.008
12585.632738220096,0.504,0.0
12585.632971596719,0.512,-0.008
12585.63320497334,0.52,0.032
12585.633438349962,0.512,0.032
12585.633671726584,0.528,0.136
12585.633905103206,0.504,0.14400000000000002
12585.634138479829,0.52,0.28
12585.634371856451,0.52,0.28800000000000003
12585.634605233074,0.504,0.34400000000000003
12585.634838609696,0.52,0.34400000000000003
12585.635071986319,0.504,0.368
12585.63530536294,0.512,0.368
12585.635538739562,0.536,0.376
12585.635772116184,0.536,0.368
12585.636005492806,0.52,0.384
12585.636238869429,0.528,0.376
12585.636472246051,0.504,0.368
12585.636705622674,0.504,0.376
12585.636938999296,0.52,0.376
12585.637172375917,0.504,0.376
12585.637405752539,0.52,0.368
12585.637639129161,0.504,0.376
12585.637872505784,0.528,0.368
12585.638105882406,0.52,0.376
12585.638339259029,0.504,0.368
12585.638572635651,0.528,0.376
12585.638806012274,0.504,0.368
12585.639039388894,0.504,0.376
12585.639272765517,0.52,0.368
12585.639506142139,0.512,0.384
12585.639739518761,0.504,0.368
12585.639972895384,0.504,0.376
12585.640206272006,0.512,0.368
12585.640439648629,0.512,0.368
12585.640673025251,0.504,0.384
12585.640906401874,0.504,0.384
12585.641139778494,0.512,0.368
12585.641373155117,0.504,0.376
12585.641606531739,0.52,0.368
12585.641839908361,0.504,0.368
12585.642073284984,0.52,0.376
12585.642306661606,0.504,0.368
12585.642540038229,0.528,0.384
12585.642773414851,0.504,0.376
12585.643006791472,0.512,0.368
12585.643240168094,0.504,0.368
12585.643473544716,0.512,0.384
12585.643706921339,0.504,0.376
12585.643940297961,0.512,0.368
12585.644173674584,0.504,0.376
12585.644407051206,0.52,0.368
12585.644640427829,0.512,0.368
12585.64487380445,0.496,0.384
12585.645107181072,0.504,0.376
12585.645340557694,0.52,0.368
12585.645573934316,0.504,0.376
12585.645807310939,0.536,0.368
12585.646040687561,0.528,0.376
12585.646274064184,0.504,0.368
12585.646507440806,0.504,0.368
12585.646740817429,0.528,0.376
12585.64697419405,0.504,0.368
12585.647207570672,0.52,0.384
12585.647440947294,0.52,0.384
12585.647674323916,0.504,0.368
12585.647907700539,0.504,0.368
12585.648141077161,0.52,0.384
12585.648374453784,0.504,0.376
12585.648607830406,0.52,0.368
12585.648841207027,0.504,0.368
12585.649074583649,0.512,0.384
12585.649307960271,0.504,0.384
12585.649541336894,0.512,0.368
12585.649774713516,0.504,0.376
12585.650008090139,0.512,0.384
12585.650241466761,0.504,0.376
12585.650474843384,0.528,0.368
12585.650708220004,0.52,0.384
12585.650941596627,0.528,0.368
12585.651174973249,0.528,0.376
12585.651408349871,0.512,0.368
12585.651641726494,0.52,0.376
12585.651875103116,0.536,0.368
12585.652108479739,0.536,0.376
12585.652341856361,0.512,0.368
12585.652575232984,0.512,0.384
12585.652808609604,0.504,0.368
12585.653041986227,0.504,0.376
12585.653275362849,0.512,0.368
12585.653508739471,0.52,0.376
12585.653742116094,0.496,0.368
12585.653975492716,0.504,0.384
12585.654208869339,0.512,0.368
12585.654442245961,0.504,0.368
12585.654675622582,0.512,0.4
12585.654908999204,0.504,0.40800000000000003
12585.655142375826,0.52,0.432
12585.655375752449,0.512,0.424
12585.655609129071,0.504,0.392
12585.655842505694,0.496,0.392
12585.656075882316,0.536,0.40800000000000003
12585.656309258939,0.52,0.392
12585.65654263556,0.544,0.424
12585.656776012182,0.536,0.41600000000000004
12585.657009388804,0.52,0.432
12585.657242765426,0.52,0.44
12585.657476142049,0.536,0.424
12585.657709518671,0.536,0.44
12585.657942895294,0.512,0.424
12585.658176271916,0.52,0.44
12585.658409648539,0.536,0.392
12585.65864302516,0.528,0.384
12585.658876401782,0.504,0.424
12585.659109778404,0.504,0.41600000000000004
12585.659343155026,0.52,0.44
12585.659576531649,0.504,0.448
12585.659809908271,0.544,0.424
12585.660043284894,0.52,0.424
12585.660276661516,0.536,0.432
12585.660510038137,0.536,0.424
12585.660743414759,0.504,0.432
12585.660976791381,0.504,0.424
12585.661210168004,0.52,0.44
12585.661443544626,0.504,0.424
12585.661676921249,0.52,0.392
12585.661910297871,0.512,0.392
12585.662143674494,0.536,0.424
12585.662377051114,0.52,0.40800000000000003
12585.662610427737,0.536,0.44
12585.662843804359,0.528,0.44
12585.663077180981,0.52,0.424
12585.663310557604,0.536,0.44
12585.663543934226,0.52,0.40800000000000003
12585.663777310849,0.528,0.424
12585.664010687471,0.504,0.4
12585.664244064094,0.512,0.4
12585.664477440714,0.528,0.384
12585.664710817337,0.536,0.4
12585.664944193959,0.512,0.424
12585.665177570581,0.504,0.424
12585.665410947204,0.528,0.392
12585.665644323826,0.536,0.41600000000000004
12585.665877700449,0.52,0.384
12585.666111077071,0.528,0.392
12585.666344453692,0.504,0.368
12585.666577830314,0.504,0.376
12585.666811206936,0.512,0.368
12585.667044583559,0.504,0.368
12585.667277960181,0.52,0.384
12585.667511336804,0.52,0.376
12585.667744713426,0.504,0.368
12585.667978090049,0.496,0.376
12585.66821146667,0.52,0.368
12585.668444843292,0.512,0.376
12585.668678219914,0.504,0.368
12585.668911596536,0.504,0.376
12585.669144973159,0.52,0.368
12585.669378349781,0.52,0.376
12585.669611726404,0.528,0.368
12585.669845103026,0.52,0.376
12585.670078479649,0.496,0.368
12585.67031185627,0.512,0.376
12585.670545232892,0.504,0.368
12585.670778609514,0.504,0.384
12585.671011986136,0.512,0.368
12585.671245362759,0.504,0.376
12585.671478739381,0.52,0.384
12585.671712116004,0.504,0.376
12585.671945492626,0.52,0.368
12585.672178869247,0.504,0.384
12585.672412245869,0.52,0.368
12585.672645622491,0.504,0.368
12585.672878999114,0.52,0.376
12585.673112375736,0.512,0.376
12585.673345752359,0.504,0.384
12585.673579128981,0.504,0.376
12585.673812505604,0.52,0.368
12585.674045882224,0.504,0.376
12585.674279258847,0.52,0.368
12585.674512635469,0.512,0.384
12585.674746012091,0.496,0.368
12585.674979388714,0.504,0.368
12585.675212765336,0.512,0.376
12585.675446141959,0.504,0.376
12585.675679518581,0.528,0.368
12585.675912895204,0.52,0.376
12585.676146271824,0.536,0.368
12585.676379648447,0.528,0.376
12585.676613025069,0.504,0.368
12585.676846401691,0.504,0.376
12585.677079778314,0.52,0.368
12585.677313154936,0.504,0.376
12585.677546531559,0.52,0.368
12585.677779908181,0.512,0.376
12585.678013284802,0.536,0.368
12585.678246661424,0.528,0.376
12585.678480038046,0.512,0.368
12585.678713414669,0.504,0.376
12585.678946791291,0.52,0.368
12585.679180167914,0.504,0.368
12585.679413544536,0.52,0.384
12585.679646921159,0.504,0.368
12585.67988029778,0.512,0.376
12585.680113674402,0.504,0.376
12585.680347051024,0.512,0.368
12585.680580427646,0.504,0.368
12585.680813804269,0.512,0.384
12585.681047180891,0.504,0.384
12585.681280557514,0.52,0.368
12585.681513934136,0.504,0.376
12585.681747310759,0.52,0.368
12585.68198068738,0.504,0.376
12585.682214064002,0.512,0.368
12585.682447440624,0.504,0.368
12585.682680817246,0.512,0.384
12585.682914193869,0.504,0.368
12585.683147570491,0.528,0.384
12585.683380947114,0.504,0.368
12585.683614323736,0.512,0.384
12585.683847700357,0.496,0.368
12585.684081076979,0.52,0.376
12585.684314453601,0.536,0.376
12585.684547830224,0.504,0.368
12585.684781206846,0.504,0.368
12585.685014583469,0.512,0.376
12585.685247960091,0.504,0.376
12585.685481336714,0.512,0.368
12585.685714713334,0.512,0.376
12585.685948089957,0.496,0.368
12585.686181466579,0.496,0.368
12585.686414843201,0.512,0.376
12585.686648219824,0.504,0.368
12585.686881596446,0.512,0.376
12585.687114973069,0.504,0.368
12585.687348349691,0.536,0.384
12585.687581726314,0.528,0.368
12585.687815102934,0.504,0.384
12585.688048479557,0.504,0.368
12585.688281856179,0.512,0.376
12585.688515232801,0.496,0.368
12585.688748609424,0.52,0.384
12585.688981986046,0.504,0.376
12585.689215362669,0.528,0.368
12585.689448739291,0.52,0.376
12585.689682115912,0.536,0.368
12585.689915492534,0.528,0.368
12585.690148869156,0.512,0.384
12585.690382245779,0.504,0.368
12585.690615622401,0.52,0.376
12585.690848999024,0.512,0.368
12585.691082375646,0.528,0.384
12585.691315752269,0.528,0.376
12585.69154912889,0.504,0.312
12585.691782505512,0.504,0.312
12585.692015882134,0.52,0.152
12585.692249258756,0.504,0.14400000000000002
12585.692482635379,0.512,0.048
12585.692716012001,0.504,0.048
12585.692949388624,0.528,0.008
12585.693182765246,0.528,0.008
12585.693416141869,0.504,-0.008
12585.69364951849,0.504,-0.008
12585.693882895112,0.52,0.008
12585.694116271734,0.504,0.0
12585.694349648356,0.52,-0.016
12585.694583024979,0.496,0.0
12585.694816401601,0.52,-0.016
12585.695049778224,0.504,0.0
12585.695283154846,0.536,-0.008
12585.695516531467,0.536,-0.008
12585.695749908089,0.512,0.0
12585.695983284711,0.52,0.0
12585.696216661334,0.504,-0.008
12585.696450037956,0.52,-0.008
12585.696683414579,0.536,0.0
12585.696916791201,0.536,-0.008
12585.697150167824,0.512,0.0
12585.697383544444,0.504,0.0
12585.697616921067,0.536,-0.008
12585.697850297689,0.52,-0.008
12585.698083674311,0.536,0.0
12585.698317050934,0.528,0.0
12585.698550427556,0.504,-0.008
12585.698783804179,0.504,-0.008
12585.699017180801,0.528,0.0
12585.699250557424,0.536,-0.008
12585.699483934044,0.512,0.0
12585.699717310667,0.504,0.0
12585.699950687289,0.528,-0.008
12585.700184063911,0.52,0.0
12585.700417440534,0.528,-0.016
12585.700650817156,0.52,0.0
12585.700884193779,0.536,-0.008
12585.701117570401,0.528,0.0
12585.701350947022,0.504,-0.008
12585.701584323644,0.52,0.0
12585.701817700266,0.544,-0.008
12585.702051076889,0.528,0.0
12585.702284453511,0.544,-0.008
12585.702517830134,0.528,0.0
12585.702751206756,0.544,-0.008
12585.702984583379,0.544,0.0
12585.70321796,0.528,-0.008
12585.703451336622,0.528,0.0
12585.703684713244,0.544,-0.008
12585.703918089866,0.544,0.0
12585.704151466489,0.528,-0.008
12585.704384843111,0.544,0.0
12585.704618219734,0.528,-0.008
12585.704851596356,0.544,-0.008
12585.705084972979,0.528,0.0
12585.7053183496,0.528,-0.008
12585.705551726222,0.544,0.0
12585.705785102844,0.536,0.0
12585.706018479466,0.528,-0.008
12585.706251856089,0.544,0.0
12585.706485232711,0.528,-0.008
12585.706718609334,0.544,0.0
12585.706951985956,0.528,-0.008
12585.707185362577,0.528,0.0
12585.707418739199,0.552,-0.008
12585.707652115821,0.536,-0.008
12585.707885492444,0.528,0.0
12585.708118869066,0.536,-0.008
12585.708352245689,0.544,0.0
12585.708585622311,0.528,0.0
12585.708818998934,0.544,-0.008
12585.709052375554,0.536,-0.008
12585.709285752177,0.552,0.0
12585.709519128799,0.536,0.0
12585.709752505421,0.544,-0.008
12585.709985882044,0.536,-0.008
12585.710219258666,0.552,0.0
12585.710452635289,0.552,0.0
12585.710686011911,0.536,-0.016
12585.710919388534,0.552,-0.008
12585.711152765154,0.528,0.0
12585.711386141777,0.536,0.0
12585.711619518399,0.552,-0.016
12585.711852895021,0.552,-0.008
12585.712086271644,0.528,0.0
12585.712319648266,0.528,0.0
12585.712553024889,0.552,-0.016
12585.712786401511,0.544,0.0
12585.713019778132,0.536,-0.008
12585.713253154754,0.536,-0.008
12585.713486531376,0.552,0.0
12585.713719907999,0.536,0.0
12585.713953284621,0.544,-0.008
12585.714186661244,0.536,0.0
12585.714420037866,0.552,-0.008
12585.714653414489,0.536,-0.008
12585.71488679111,0.552,0.0
12585.715120167732,0.536,-0.008
12585.715353544354,0.552,0.0
12585.715586920976,0.536,0.0
12585.715820297599,0.552,-0.008
12585.716053674221,0.544,0.0
12585.716287050844,0.536,-0.016
12585.716520427466,0.528,0.0
12585.716753804089,0.552,-0.008
12585.71698718071,0.544,0.0
12585.717220557332,0.536,-0.008
12585.717453933954,0.536,0.0
12585.717687310576,0.552,-0.016
12585.717920687199,0.536,-0.008
12585.718154063821,0.552,0.0
12585.718387440444,0.536,0.0
12585.718620817066,0.552,-0.008
12585.718854193687,0.536,0.0
12585.719087570309,0.552,-0.016
12585.719320946931,0.536,0.0
12585.719554323554,0.552,-0.008
12585.719787700176,0.536,0.0
12585.720021076799,0.544,-0.016
12585.720254453421,0.536,0.0
12585.720487830044,0.552,-0.008
12585.720721206664,0.536,0.0
12585.720954583287,0.552,-0.008
12585.721187959909,0.536,0.0
12585.721421336531,0.552,-0.016
12585.721654713154,0.536,0.0
12585.721888089776,0.552,-0.016
12585.722121466399,0.544,-0.008
12585.722354843021,0.536,0.0
12585.722588219644,0.536,0.0
12585.722821596264,0.544,-0.016
12585.723054972887,0.536,-0.008
12585.723288349509,0.544,0.0
12585.723521726131,0.536,0.0
12585.723755102754,0.544,-0.016
12585.723988479376,0.552,0.0
12585.724221855999,0.536,-0.016
12585.724455232621,0.536,-0.008
12585.724688609242,0.544,0.0
12585.724921985864,0.536,0.0
12585.725155362486,0.552,-0.008
12585.725388739109,0.552,-0.008
12585.725622115731,0.536,0.0
12585.725855492354,0.552,-0.016
12585.726088868976,0.528,0.0
12585.726322245599,0.536,-0.008
12585.72655562222,0.552,0.0
12585.726788998842,0.552,0.0
12585.727022375464,0.536,-0.016
12585.727255752086,0.536,0.0
12585.727489128709,0.544,-0.016
12585.727722505331,0.536,0.0
12585.727955881954,0.552,-0.016
12585.728189258576,0.536,0.0
12585.728422635199,0.552,-0.016
12585.72865601182,0.536,0.0
12585.728889388442,0.552,-0.016
12585.729122765064,0.536,0.0
12585.729356141686,0.552,-0.016
12585.729589518309,0.544,0.0
12585.729822894931,0.536,-0.016
12585.730056271554,0.536,-0.008
12585.730289648176,0.544,0.0
12585.730523024797,0.552,0.0
12585.730756401419,0.528,-0.008
12585.730989778041,0.536,0.0
12585.731223154664,0.552,-0.008
12585.731456531286,0.536,0.0
12585.731689907909,0.552,-0.008
12585.731923284531,0.536,0.0
12585.732156661154,0.552,-0.016
12585.732390037774,0.536,-0.008
12585.732623414397,0.552,0.0
12585.732856791019,0.552,-0.008
12585.733090167641,0.536,0.0
12585.733323544264,0.536,0.0
12585.733556920886,0.552,-0.016
12585.733790297509,0.536,-0.008
12585.734023674131,0.552,0.0
12585.734257050754,0.536,0.0
12585.734490427374,0.552,-0.016
12585.734723803997,0.536,0.0
12585.734957180619,0.552,-0.016
12585.735190557241,0.552,-0.008
12585.735423933864,0.536,0.0
12585.735657310486,0.536,-0.008
12585.735890687109,0.552,0.0
12585.736124063731,0.536,-0.008
12585.736357440352,0.552,0.0
12585.736590816974,0.552,-0.008
12585.736824193596,0.536,0.0
12585.737057570219,0.536,0.0
12585.737290946841,0.552,-0.008
12585.737524323464,0.536,0.0
12585.737757700086,0.552,-0.016
12585.737991076709,0.536,-0.008
12585.73822445333,0.544,0.0
12585.738457829952,0.536,0.0
12585.738691206574,0.552,-0.016
12585.738924583196,0.536,0.0
12585.739157959819,0.552,-0.016
12585.739391336441,0.536,0.0
12585.739624713064,0.552,-0.016
12585.739858089686,0.536,0.0
12585.740091466309,0.552,-0.016
12585.74032484293,0.536,-0.016
12585.740558219552,0.552,0.0
12585.740791596174,0.536,0.0
12585.741024972796,0.552,-0.016
12585.741258349419,0.536,-0.008
12585.741491726041,0.552,0.0
12585.741725102664,0.536,0.0
12585.741958479286,0.552,-0.008
12585.742191855907,0.536,0.0
12585.742425232529,0.552,-0.016
12585.742658609151,0.536,0.0
12585.742891985774,0.552,-0.016
12585.743125362396,0.552,0.0
12585.743358739019,0.536,-0.016
12585.743592115641,0.536,0.0
12585.743825492264,0.552,-0.016
12585.744058868884,0.536,-0.008
12585.744292245507,0.552,0.0
12585.744525622129,0.536,0.0
12585.744758998751,0.552,-0.016
12585.744992375374,0.536,0.0
12585.745225751996,0.552,-0.016
12585.745459128619,0.536,0.0
12585.745692505241,0.552,-0.016
12585.745925881864,0.536,-0.016
12585.746159258484,0.552,0.0
12585.746392635107,0.552,0.0
12585.746626011729,0.536,-0.016
12585.746859388351,0.536,-0.016
12585.747092764974,0.552,0.0
12585.747326141596,0.552,-0.016
12585.747559518219,0.536,0.0
12585.747792894841,0.536,0.0
12585.748026271462,0.544,-0.016
12585.748259648084,0.536,0.0
12585.748493024706,0.544,-0.016
12585.748726401329,0.536,0.0
12585.748959777951,0.544,-0.016
12585.749193154574,0.528,-0.008
12585.749426531196,0.552,0.0
12585.749659907819,0.536,-0.008
12585.74989328444,0.552,0.024
12585.750126661062,0.536,0.024
12585.750360037684,0.552,0.14400000000000002
12585.750593414306,0.536,0.16
12585.750826790929,0.552,0.32
12585.751060167551,0.552,0.32
12585.751293544174,0.536,0.4
12585.751526920796,0.536,0.4
12585.751760297419,0.552,0.424
12585.75199367404,0.536,0.424
12585.752227050662,0.552,0.4
12585.752460427284,0.536,0.392
12585.752693803906,0.552,0.376
12585.752927180529,0.536,0.368
12585.753160557151,0.544,0.376
12585.753393933774,0.536,0.368
12585.753627310396,0.552,0.392
12585.753860687017,0.536,0.392
12585.754094063639,0.552,0.40800000000000003
12585.754327440261,0.536,0.392
12585.754560816884,0.544,0.41600000000000004
12585.754794193506,0.536,0.40800000000000003
12585.755027570129,0.552,0.44
12585.755260946751,0.536,0.432
12585.755494323374,0.544,0.4
12585.755727699994,0.536,0.4
12585.755961076617,0.544,0.376
12585.756194453239,0.536,0.368
12585.756427829861,0.552,0.384
12585.756661206484,0.536,0.368
12585.756894583106,0.552,0.384
12585.757127959729,0.528,0.376
12585.757361336351,0.544,0.4
12585.757594712974,0.528,0.4
12585.757828089594,0.544,0.41600000000000004
12585.758061466217,0.528,0.41600000000000004
12585.758294842839,0.512,0.384
12585.758528219461,0.52,0.384
12585.758761596084,0.504,0.376
12585.758994972706,0.512,0.376
12585.759228349329,0.528,0.368
12585.759461725951,0.512,0.376
12585.759695102572,0.528,0.368
12585.759928479194,0.512,0.376
12585.760161855816,0.52,0.368
12585.760395232439,0.512,0.368
12585.760628609061,0.544,0.384
12585.760861985684,0.536,0.368
12585.761095362306,0.528,0.384
12585.761328738929,0.552,0.376
12585.76156211555,0.512,0.368
12585.761795492172,0.512,0.384
12585.762028868794,0.528,0.368
12585.762262245416,0.52,0.376
12585.762495622039,0.504,0.368
12585.762728998661,0.52,0.368
12585.762962375284,0.504,0.376
12585.763195751906,0.504,0.368
12585.763429128529,0.52,0.384
12585.76366250515,0.512,0.376
12585.763895881772,0.504,0.368
12585.764129258394,0.504,0.376
12585.764362635016,0.536,0.368
12585.764596011639,0.52,0.384
12585.764829388261,0.536,0.368
12585.765062764884,0.544,0.376
12585.765296141506,0.528,0.4
12585.765529518127,0.536,0.40800000000000003
12585.765762894749,0.512,0.44
12585.765996271371,0.52,0.41600000000000004
12585.766229647994,0.504,0.384
12585.766463024616,0.52,0.4
12585.766696401239,0.504,0.376
12585.766929777861,0.504,0.384
12585.767163154484,0.52,0.40800000000000003
12585.767396531104,0.504,0.424
12585.767629907727,0.52,0.384
12585.767863284349,0.504,0.384
12585.768096660971,0.52,0.432
12585.768330037594,0.52,0.41600000000000004
12585.768563414216,0.536,0.44
12585.768796790839,0.536,0.44
12585.769030167461,0.512,0.424
12585.769263544084,0.528,0.44
12585.769496920704,0.504,0.40800000000000003
12585.769730297327,0.504,0.40800000000000003
12585.769963673949,0.536,0.384
12585.770197050571,0.52,0.384
12585.770430427194,0.544,0.41600000000000004
12585.770663803816,0.544,0.41600000000000004
12585.770897180439,0.52,0.392
12585.771130557061,0.536,0.4
12585.771363933682,0.52,0.376
12585.771597310304,0.52,0.376
12585.771830686926,0.536,0.392
12585.772064063549,0.528,0.4
12585.772297440171,0.536,0.41600000000000004
12585.772530816794,0.536,0.4
12585.772764193416,0.52,0.392
12585.772997570039,0.52,0.392
12585.77323094666,0.536,0.384
12585.773464323282,0.544,0.4
12585.773697699904,0.52,0.432
12585.773931076526,0.528,0.424
12585.774164453149,0.512,0.44
12585.774397829771,0.504,0.424
12585.774631206394,0.52,0.44
12585.774864583016,0.52,0.44
12585.775097959639,0.504,0.424
12585.77533133626,0.504,0.432
12585.775564712882,0.52,0.392
12585.775798089504,0.504,0.384
12585.776031466126,0.512,0.41600000000000004
12585.776264842749,0.504,0.41600000000000004
12585.776498219371,0.52,0.44
12585.776731595994,0.52,0.448
12585.776964972616,0.504,0.384
12585.777198349237,0.512,0.376
12585.777431725859,0.496,0.392
12585.777665102481,0.504,0.392
12585.777898479104,0.52,0.432
12585.778131855726,0.512,0.424
12585.778365232349,0.504,0.384
12585.778598608971,0.504,0.384
12585.778831985594,0.52,0.368
12585.779065362214,0.512,0.368
12585.779298738837,0.496,0.384
12585.779532115459,0.504,0.368
12585.779765492081,0.512,0.384
12585.779998868704,0.504,0.384
12585.780232245326,0.512,0.368
12585.780465621949,0.52,0.384
12585.780698998571,0.504,0.368
12585.780932375194,0.504,0.376
12585.781165751814,0.512,0.368
12585.781399128437,0.504,0.376
12585.781632505059,0.52,0.376
12585.781865881681,0.512,0.376
12585.782099258304,0.496,0.368
12585.782332634926,0.504,0.376
12585.782566011549,0.52,0.368
12585.782799388171,0.504,0.376
12585.783032764792,0.52,0.376
12585.783266141414,0.504,0.376
12585.783499518036,0.512,0.368
12585.783732894659,0.504,0.376
12585.783966271281,0.528,0.376
12585.784199647904,0.528,0.368
12585.784433024526,0.512,0.384
12585.784666401149,0.52,0.384
12585.78489977777,0.504,0.368
12585.785133154392,0.512,0.376
12585.785366531014,0.504,0.368
12585.785599907636,0.504,0.368
12585.785833284259,0.52,0.384
12585.786066660881,0.504,0.376
12585.786300037504,0.512,0.368
12585.786533414126,0.512,0.376
12585.786766790749,0.496,0.368
12585.78700016737,0.512,0.376
12585.787233543992,0.496,0.368
12585.787466920614,0.504,0.376
12585.787700297236,0.52,0.384
12585.787933673859,0.512,0.376
12585.788167050481,0.536,0.368
12585.788400427104,0.52,0.376
12585.788633803726,0.536,0.384
12585.788867180347,0.52,0.376
12585.789100556969,0.536,0.368
12585.789333933591,0.536,0.376
12585.789567310214,0.512,0.368
12585.789800686836,0.504,0.368
12585.790034063459,0.528,0.384
12585.790267440081,0.52,0.376
12585.790500816704,0.536,0.368
12585.790734193324,0.528,0.376
12585.790967569947,0.544,0.368
12585.791200946569,0.52,0.384
12585.791434323191,0.544,0.368
12585.81269788742,0.504,0.0
12585.812951457501,0.528,-0.016
12585.81320502758,0.52,0.0
12585.81345859766,0.504,-0.016
12585.81371216774,0.504,0.0
12585.81396573782,0.52,-0.016
12585.8142193079,0.504,0.0
12585.814472877979,0.512,-0.016
12585.81472644806,0.504,0.0
12585.814980018138,0.52,-0.016
12585.815233588219,0.52,-0.016
12585.8154871583,0.504,0.0
12585.815740728378,0.504,-0.016
12585.815994298458,0.536,0.0
12585.816247868537,0.52,-0.016
12585.816501438618,0.536,0.0
12585.816755008698,0.52,0.0
12585.817008578777,0.536,-0.016
12585.817262148857,0.536,-0.016
12585.817515718936,0.504,0.0
12585.817769289017,0.52,-0.008
12585.818022859097,0.496,0.024
12585.818276429176,0.512,0.024
12585.818529999256,0.504,0.136
12585.818783569335,0.504,0.128
12585.819037139416,0.52,0.264
12585.819290709496,0.504,0.264
12585.819544279575,0.52,0.336
12585.819797849656,0.504,0.336
12585.820051419734,0.52,0.352
12585.820304989815,0.504,0.352
12585.820558559895,0.52,0.36
12585.820812129974,0.504,0.36
12585.821065700055,0.52,0.36
12585.821319270133,0.504,0.36
12585.821572840214,0.528,0.36
12585.821826410294,0.536,0.36
12585.822079980373,0.512,0.36
12585.822333550454,0.52,0.36
12585.822587120532,0.504,0.376
12585.822840690613,0.504,0.36
12585.823094260693,0.528,0.368
12585.823347830772,0.512,0.368
12585.823601400853,0.536,0.40800000000000003
12585.823854970931,0.536,0.40800000000000003
12585.824108541012,0.512,0.424
12585.824362111092,0.504,0.41600000000000004
12585.824615681171,0.52,0.424
12585.824869251252,0.52,0.424
12585.82512282133,0.504,0.40800000000000003
12585.82537639141,0.512,0.41600000000000004
12585.825629961491,0.528,0.424
12585.82588353157,0.52,0.424
12585.82613710165,0.536,0.376
12585.82639067173,0.536,0.368
12585.82664424181,0.52,0.384
12585.82689781189,0.52,0.384
12585.827151381969,0.504,0.41600000000000004
12585.82740495205,0.52,0.40800000000000003
12585.827658522128,0.504,0.424
12585.827912092209,0.504,0.41600000000000004
12585.82816566229,0.52,0.432
12585.828419232368,0.504,0.41600000000000004
12585.828672802449,0.536,0.424
12585.828926372527,0.544,0.40800000000000003
12585.829179942608,0.496,0.424
12585.829433512688,0.504,0.424
12585.829687082767,0.536,0.40800000000000003
12585.829940652848,0.52,0.40800000000000003
12585.830194222926,0.536,0.432
12585.830447793007,0.512,0.424
12585.830701363087,0.528,0.40800000000000003
12585.830954933166,0.536,0.424
12585.831208503247,0.52,0.40800000000000003
12585.831462073325,0.52,0.424
12585.831715643406,0.536,0.384
12585.831969213486,0.504,0.384
12585.832222783565,0.536,0.36
12585.832476353646,0.536,0.36
12585.832729923724,0.512,0.376
12585.832983493805,0.52,0.376
12585.833237063885,0.504,0.4
12585.833490633964,0.528,0.384
12585.833744204045,0.504,0.36
12585.833997774123,0.504,0.36
12585.834251344204,0.52,0.4
12585.834504914284,0.504,0.40800000000000003
12585.834758484363,0.52,0.424
12585.835012054444,0.52,0.40800000000000003
12585.835265624522,0.504,0.424
12585.835519194603,0.504,0.424
12585.835772764683,0.512,0.40800000000000003
12585.836026334762,0.512,0.4
12585.836279904843,0.536,0.376
12585.836533474921,0.52,0.376
12585.836787045002,0.536,0.4
12585.837040615083,0.536,0.4
12585.837294185161,0.512,0.41600000000000004
12585.837547755242,0.52,0.40800000000000003
12585.83780132532,0.504,0.424
12585.838054895401,0.504,0.41600000000000004
12585.838308465482,0.528,0.424
12585.83856203556,0.544,0.424
12585.83881560564,0.512,0.4
12585.83906917572,0.52,0.40800000000000003
12585.8393227458,0.504,0.392
12585.83957631588,0.504,0.4
12585.83982988596,0.52,0.424
12585.84008345604,0.504,0.41600000000000004
12585.840337026119,0.528,0.432
12585.840590596199,0.528,0.41600000000000004
12585.84084416628,0.504,0.368
12585.841097736358,0.504,0.368
12585.841351306439,0.52,0.36
12585.841604876518,0.52,0.368
12585.841858446598,0.544,0.4
12585.842112016679,0.528,0.4
12585.842365586757,0.544,0.376
12585.842619156838,0.536,0.376
12585.842872726917,0.528,0.36
12585.843126296997,0.528,0.36
12585.843379867078,0.544,0.376
12585.843633437156,0.528,0.36
12585.843887007237,0.544,0.392
12585.844140577316,0.544,0.392
12585.844394147396,0.528,0.424
12585.844647717477,0.528,0.424
12585.844901287555,0.544,0.392
12585.845154857636,0.528,0.384
12585.845408427715,0.544,0.36
12585.845661997795,0.528,0.36
12585.845915567876,0.536,0.36
12585.846169137954,0.544,0.36
12585.846422708035,0.504,0.36
12585.846676278114,0.512,0.36
12585.846929848194,0.544,0.368
12585.847183418275,0.544,0.36
12585.847436988353,0.536,0.368
12585.847690558434,0.536,0.368
12585.847944128513,0.552,0.4
12585.848197698593,0.544,0.40800000000000003
12585.848451268674,0.528,0.384
12585.848704838752,0.536,0.376
12585.848958408833,0.552,0.36
12585.849211978912,0.536,0.36
12585.849465548992,0.552,0.368
12585.849719119073,0.528,0.36
12585.849972689151,0.552,0.376
12585.850226259232,0.536,0.376
12585.85047982931,0.552,0.424
12585.850733399391,0.536,0.424
12585.850986969472,0.552,0.40800000000000003
12585.85124053955,0.536,0.40800000000000003
12585.851494109631,0.552,0.424
12585.85174767971,0.536,0.41600000000000004
12585.85200124979,0.552,0.424
12585.85225481987,0.536,0.41600000000000004
12585.85250838995,0.552,0.4
12585.85276196003,0.544,0.392
12585.853015530109,0.536,0.368
12585.85326910019,0.536,0.36
12585.85352267027,0.552,0.376
12585.853776240348,0.536,0.376
12585.854029810429,0.544,0.40800000000000003
12585.854283380508,0.536,0.40800000000000003
12585.854536950588,0.544,0.376
12585.854790520669,0.544,0.384
12585.855044090747,0.536,0.36
12585.855297660828,0.544,0.36
12585.855551230907,0.536,0.368
12585.855804800987,0.536,0.36
12585.856058371068,0.552,0.36
12585.856311941146,0.552,0.36
12585.856565511227,0.536,0.36
12585.856819081306,0.552,0.36
12585.857072651386,0.536,0.376
12585.857326221467,0.536,0.384
12585.857579791546,0.552,0.4
12585.857833361626,0.552,0.4
12585.858086931705,0.536,0.424
12585.858340501785,0.536,0.424
12585.858594071866,0.552,0.4
12585.858847641945,0.536,0.4
12585.859101212025,0.552,0.384
12585.859354782104,0.536,0.368
12585.859608352184,0.552,0.392
12585.859861922265,0.536,0.4
12585.860115492344,0.552,0.424
12585.860369062424,0.536,0.424
12585.860622632503,0.552,0.40800000000000003
12585.860876202583,0.544,0.424
12585.861129772664,0.536,0.41600000000000004
12585.861383342743,0.544,0.41600000000000004
12585.861636912823,0.536,0.392
12585.861890482902,0.552,0.40800000000000003
12585.862144052982,0.528,0.424
12585.862397623063,0.536,0.41600000000000004
12585.862651193142,0.552,0.424
12585.862904763222,0.544,0.424
12585.8631583333,0.52,0.384
12585.863411903381,0.536,0.384
12585.863665473462,0.512,0.40800000000000003
12585.86391904354,0.512,0.40800000000000003
12585.864172613621,0.544,0.41600000000000004
12585.8644261837,0.528,0.41600000000000004
12585.86467975378,0.544,0.432
12585.86493332386,0.544,0.424
12585.86518689394,0.52,0.4
12585.86544046402,0.52,0.4
12585.865694034099,0.544,0.384
12585.86594760418,0.544,0.368
12585.86620117426,0.52,0.384
12585.866454744339,0.504,0.376
12585.86670831442,0.536,0.40800000000000003
12585.866961884498,0.536,0.4
12585.867215454578,0.552,0.368
12585.867469024659,0.536,0.368
12585.867722594738,0.552,0.36
12585.867976164818,0.536,0.36
12585.868229734897,0.544,0.368
12585.868483304977,0.536,0.368
12585.868736875058,0.552,0.41600000000000004
12585.868990445137,0.536,0.41600000000000004
12585.869244015217,0.552,0.384
12585.869497585296,0.536,0.384
12585.869751155376,0.552,0.368
12585.870004725457,0.536,0.36
12585.870258295536,0.552,0.384
12585.870511865616,0.536,0.4
12585.870765435695,0.544,0.384
12585.871019005775,0.536,0.384
12585.871272575856,0.552,0.368
12585.871526145935,0.536,0.368
12585.871779716015,0.544,0.4
12585.872033286094,0.536,0.4
12585.872286856174,0.544,0.424
12585.872540426255,0.536,0.424
12585.872793996334,0.552,0.40800000000000003
12585.873047566414,0.536,0.4
12585.873301136493,0.552,0.368
12585.873554706573,0.536,0.36
12585.873808276654,0.552,0.368
12585.874061846733,0.536,0.36
12585.874315416813,0.552,0.368
12585.874568986892,0.536,0.36
12585.874822556973,0.552,0.368
12585.875076127053,0.536,0.36
12585.875329697132,0.544,0.376
12585.875583267212,0.536,0.36
12585.875836837291,0.552,0.368
12585.876090407372,0.536,0.368
12585.876343977452,0.552,0.392
12585.87659754753,0.536,0.392
12585.876851117611,0.552,0.424
12585.87710468769,0.552,0.424
12585.87735825777,0.536,0.4
12585.877611827851,0.536,0.41600000000000004
12585.87786539793,0.552,0.432
12585.87811896801,0.536,0.41600000000000004
12585.878372538089,0.552,0.376
12585.87862610817,0.536,0.376
12585.87887967825,0.552,0.36
12585.879133248329,0.552,0.352
12585.87938681841,0.536,0.36
12585.879640388488,0.536,0.36
12585.879893958569,0.552,0.368
12585.88014752865,0.552,0.368
12585.880401098728,0.536,0.36
12585.880654668808,0.536,0.36
12585.880908238887,0.552,0.384
12585.881161808968,0.536,0.384
12585.881415379048,0.544,0.32
12585.881668949127,0.536,0.312
12585.881922519207,0.544,0.16
12585.882176089286,0.536,0.152
12585.882429659367,0.552,0.04
12585.882683229447,0.536,0.048
12585.882936799526,0.552,0.0
12585.883190369606,0.536,0.008
12585.883443939685,0.552,-0.008
12585.883697509766,0.536,-0.008
12585.883951079846,0.552,0.0
12585.884204649925,0.552,0.0
12585.884458220005,0.536,-0.008
12585.884711790084,0.536,-0.008
12585.884965360165,0.552,0.0
12585.885218930245,0.536,0.0
12585.885472500324,0.552,-0.008
12585.885726070404,0.536,-0.008
12585.885979640483,0.552,0.0
12585.886233210564,0.536,0.0
12585.886486780644,0.544,-0.008
12585.886740350723,0.552,-0.008
12585.886993920803,0.536,0.0
12585.887247490882,0.536,0.0
12585.887501060963,0.552,-0.008
12585.887754631043,0.552,0.0
12585.888008201122,0.528,-0.008
12585.888261771202,0.544,0.0
12585.888515341281,0.528,-0.008
12585.888768911362,0.536,0.0
12585.889022481442,0.512,-0.008
12585.889276051521,0.512,-0.008
12585.889529621601,0.52,0.0
12585.88978319168,0.512,-0.016
12585.89003676176,0.536,0.0
12585.890290331841,0.528,0.0
12585.89054390192,0.544,-0.008
12585.890797472,0.536,0.0
12585.89105104208,0.512,-0.016
12585.89130461216,0.512,-0.008
12585.89155818224,0.536,0.0
12585.891811752319,0.528,0.0
12585.8920653224,0.544,-0.016
12585.892318892478,0.528,0.0
12585.892572462559,0.544,-0.016
12585.89282603264,0.528,0.0
12585.893079602718,0.512,-0.016
12585.893333172799,0.512,0.0
12585.893586742877,0.528,-0.016
12585.893840312958,0.52,0.0
12585.894093883038,0.504,-0.008
12585.894347453117,0.512,-0.016
12585.894601023198,0.52,0.0
12585.894854593276,0.512,-0.016
12585.895108163357,0.536,0.0
12585.895361733437,0.528,0.0
12585.895615303516,0.544,-0.016
12585.895868873597,0.528,0.0
12585.896122443675,0.544,-0.016
12585.896376013756,0.544,-0.008
12585.896629583836,0.528,0.0
12585.896883153915,0.528,0.0
12585.897136723996,0.536,-0.008
12585.897390294074,0.536,-0.008
12585.897643864155,0.512,0.0
12585.897897434235,0.528,0.0
12585.898151004314,0.512,-0.008
12585.898404574395,0.512,0.0
12585.898658144473,0.528,-0.016
12585.898911714554,0.52,-0.016
12585.899165284634,0.504,0.0
12585.899418854713,0.512,0.0
12585.899672424794,0.528,-0.008
12585.899925994872,0.528,0.0
12585.900179564953,0.504,-0.016
12585.900433135033,0.512,-0.016
12585.900686705112,0.504,0.0
12585.900940275193,0.504,0.0
12585.901193845271,0.52,-0.016
12585.901447415352,0.512,0.0
12585.901700985432,0.536,-0.016
12585.901954555511,0.528,0.0
12585.902208125592,0.544,-0.016
12585.90246169567,0.528,0.0
12585.90271526575,0.536,-0.016
12585.902968835831,0.528,0.0
12585.90322240591,0.544,-0.016
12585.90347597599,0.544,0.0
12585.90372954607,0.52,-0.016
12585.90398311615,0.528,0.0
12585.90423668623,0.504,-0.016
12585.90449025631,0.504,0.0
12585.90474382639,0.536,-0.016
12585.904997396468,0.528,0.0
12585.905250966549,0.544,-0.016
12585.90550453663,0.536,0.0
12585.905758106708,0.528,-0.016
12585.906011676789,0.52,0.0
12585.906265246867,0.544,-0.016
12585.906518816948,0.536,-0.016
12585.906772387028,0.512,0.0
12585.907025957107,0.528,0.0
12585.907279527188,0.536,-0.016
12585.907533097266,0.528,0.0
12585.907786667347,0.536,-0.016
12585.908040237427,0.528,0.0
12585.908293807506,0.536,-0.016
12585.908547377587,0.536,0.0
12585.908800947665,0.512,-0.016
12585.909054517746,0.52,0.0
12585.909308087827,0.504,-0.016
12585.909561657905,0.512,-0.016
12585.909815227986,0.544,0.0
12585.910068798064,0.528,-0.016
12585.910322368145,0.544,0.0
12585.910575938226,0.536,0.0
12585.910829508304,0.504,-0.016
12585.911083078385,0.512,0.0
12585.911336648463,0.52,-0.016
12585.911590218544,0.52,0.0
12585.911843788625,0.504,-0.016
12585.912097358703,0.504,0.0
12585.912350928784,0.536,-0.016
12585.912604498862,0.528,-0.016
12585.912858068943,0.544,0.0
12585.913111639024,0.528,-0.008
12585.913365209102,0.544,0.0
12585.913618779183,0.528,-0.016
12585.913872349262,0.536,0.0
12585.914125919342,0.528,0.0
12585.914379489423,0.544,-0.016
12585.914633059501,0.536,0.0
12585.914886629582,0.52,-0.016
12585.91514019966,0.528,0.0
12585.915393769741,0.512,-0.016
12585.915647339822,0.528,0.0
12585.9159009099,0.504,-0.016
12585.91615447998,0.504,0.0
12585.91640805006,0.528,-0.016
12585.91666162014,0.52,-0.016
12585.91691519022,0.544,0.0
12585.9171687603,0.536,-0.016
12585.91742233038,0.504,0.0
12585.917675900459,0.504,-0.016
12585.91792947054,0.528,0.0
12585.91818304062,0.528,-0.016
12585.918436610698,0.504,0.0
12585.918690180779,0.504,-0.016
12585.918943750858,0.52,0.0
12585.919197320938,0.52,-0.016
12585.919450891019,0.504,0.0
12585.919704461097,0.52,-0.016
12585.919958031178,0.504,0.0
12585.920211601257,0.504,0.0
12585.920465171337,0.512,-0.016
12585.920718741418,0.504,-0.016
12585.920972311496,0.52,0.0
12585.921225881577,0.504,0.0
12585.921479451656,0.528,-0.016
12585.921733021736,0.52,0.0
12585.921986591817,0.536,-0.016
12585.922240161895,0.52,0.0
12585.922493731976,0.536,-0.016
12585.922747302055,0.52,0.0
12585.923000872135,0.536,-0.016
12585.923254442216,0.52,0.0
12585.923508012294,0.504,-0.016
12585.923761582375,0.504,0.0
12585.924015152454,0.512,-0.016
12585.924268722534,0.504,0.0
12585.924522292615,0.536,-0.016
12585.924775862693,0.528,-0.016
12585.925029432774,0.544,0.0
12585.925283002853,0.536,-0.016
12585.925536572933,0.52,0.0
12585.925790143014,0.544,0.0
12585.926043713092,0.504,-0.016
12585.926297283173,0.504,-0.016
12585.926550853252,0.536,0.0
12585.926804423332,0.52,-0.016
12585.927057993413,0.536,0.0
12585.927311563491,0.528,0.0
12585.927565133572,0.544,-0.016
12585.92781870365,0.544,-0.016
12585.928072273731,0.52,0.0
12585.928325843812,0.512,0.0
12585.92857941389,0.528,-0.016
12585.928832983971,0.52,-0.016
12585.92908655405,0.544,0.0
12585.92934012413,0.536,0.0
12585.92959369421,0.52,-0.016
12585.92984726429,0.536,-0.016
12585.93010083437,0.52,0.0
12585.930354404449,0.512,0.0
12585.93060797453,0.528,-0.016
12585.93086154461,0.504,-0.016
12585.931115114689,0.52,0.0
12585.931368684769,0.512,-0.016
12585.931622254848,0.528,0.0
12585.931875824928,0.504,0.0
12585.932129395009,0.536,-0.016
12585.932382965088,0.528,0.0
12585.932636535168,0.512,-0.016
12585.932890105247,0.52,-0.016
12585.933143675327,0.528,0.0
12585.933397245408,0.52,-0.016
12585.933650815487,0.536,0.0
12585.933904385567,0.528,-0.016
12585.934157955646,0.536,0.0
12585.934411525726,0.528,0.0
12585.934665095807,0.512,-0.016
12585.934918665886,0.52,-0.016
12585.935172235966,0.544,0.0
12585.935425806045,0.536,-0.016
12585.935679376125,0.52,0.0
12585.935932946206,0.528,0.0
12585.936186516285,0.544,-0.016
12585.936440086365,0.528,-0.016
12585.936693656444,0.544,0.0
12585.936947226524,0.528,-0.016
12585.937200796605,0.536,0.0
12585.937454366684,0.528,-0.016
12585.937707936764,0.544,0.0
12585.937961506843,0.528,0.0
12585.938215076923,0.536,-0.016
12585.938468647004,0.528,-0.016
12585.938722217083,0.544,0.0
12585.938975787163,0.536,0.0
12585.939229357242,0.512,-0.016
12585.939482927322,0.504,0.0
12585.939736497403,0.536,-0.016
12585.939990067482,0.528,-0.016
12585.940243637562,0.544,0.0
12585.94049720764,0.528,0.0
12585.940750777721,0.544,-0.016
12585.941004347802,0.528,0.0
12585.94125791788,0.512,-0.016
12585.941511487961,0.512,-0.016
12585.94176505804,0.52,0.0
12585.94201862812,0.504,0.0
12585.942272198201,0.52,-0.016
12585.94252576828,0.504,-0.016
12585.94277933836,0.52,0.0
12585.943032908439,0.52,-0.016
12585.94328647852,0.504,0.0
12585.9435400486,0.504,-0.016
12585.943793618679,0.52,0.0
12585.94404718876,0.512,-0.008
12585.944300758838,0.536,0.0
12585.944554328918,0.528,-0.008
12585.944807898999,0.512,0.016
12585.945061469078,0.512,0.024
12585.945315039158,0.536,0.128
12585.945568609237,0.544,0.136
12585.945822179317,0.52,0.28
12585.946075749398,0.528,0.28800000000000003
12585.946329319477,0.544,0.376
12585.946582889557,0.536,0.376
12585.946836459636,0.512,0.4
12585.947090029716,0.504,0.41600000000000004
12585.947343599797,0.52,0.392
12585.947597169876,0.504,0.392
12585.947850739956,0.536,0.368
12585.948104310035,0.536,0.392
12585.948357880116,0.52,0.40800000000000003
12585.948611450196,0.512,0.40800000000000003
12585.948865020275,0.52,0.41600000000000004
12585.949118590355,0.512,0.41600000000000004
12585.949372160434,0.52,0.432
12585.949625730515,0.504,0.424
12585.949879300595,0.528,0.4
12585.950132870674,0.52,0.4
12585.950386440754,0.536,0.368
12585.950640010833,0.536,0.36
12585.950893580914,0.512,0.384
12585.951147150994,0.52,0.392
12585.951400721073,0.504,0.424
12585.951654291153,0.504,0.424
12585.951907861232,0.52,0.40800000000000003
12585.952161431313,0.512,0.40800000000000003
12585.952415001393,0.504,0.424
12585.952668571472,0.504,0.41600000000000004
12585.952922141552,0.52,0.40800000000000003
12585.953175711631,0.504,0.4
12585.953429281712,0.52,0.424
12585.953682851792,0.504,0.41600000000000004
12585.95393642187,0.52,0.384
12585.954189991951,0.504,0.41600000000000004
12585.95444356203,0.52,0.376
12585.95469713211,0.52,0.384
12585.954950702191,0.544,0.36
12585.95520427227,0.536,0.368
12585.95545784235,0.504,0.376
12585.955711412429,0.496,0.368
12585.95596498251,0.536,0.384
12585.95621855259,0.536,0.376
12585.956472122669,0.52,0.36
12585.95672569275,0.52,0.36
12585.956979262828,0.536,0.368
12585.957232832909,0.528,0.36
12585.95748640299,0.504,0.36
12585.957739973068,0.52,0.36
12585.957993543148,0.504,0.36
12585.958247113227,0.512,0.36
12585.958500683308,0.528,0.36
12585.958754253388,0.512,0.36
12585.959007823467,0.504,0.36
12585.959261393547,0.504,0.36
12585.959514963626,0.52,0.36
12585.959768533707,0.504,0.36
12585.960022103787,0.52,0.36
12585.960275673866,0.504,0.36
12585.960529243946,0.52,0.36
12585.960782814025,0.504,0.36
12585.961036384106,0.528,0.36
12585.961289954186,0.528,0.36
12585.961543524265,0.504,0.36
12585.961797094345,0.512,0.36
12585.962050664424,0.528,0.36
12585.962304234505,0.536,0.36
12585.962557804585,0.504,0.36
12585.962811374664,0.504,0.36
12585.963064944744,0.536,0.36
12585.963318514823,0.544,0.36
12585.963572084904,0.52,0.36
12585.963825654984,0.52,0.36
12585.964079225063,0.504,0.36
12585.964332795143,0.512,0.36
12585.964586365222,0.528,0.36
12585.964839935303,0.52,0.36
12585.965093505383,0.536,0.36
12585.965347075462,0.544,0.36
12585.965600645543,0.52,0.36
12585.965854215621,0.528,0.36
12585.966107785702,0.504,0.36
12585.966361355782,0.504,0.36
12585.966614925861,0.52,0.36
12585.966868495942,0.52,0.36
12585.96712206602,0.504,0.36
12585.9673756361,0.504,0.36
12585.967629206181,0.52,0.36
12585.96788277626,0.504,0.36
12585.96813634634,0.52,0.36
12585.96838991642,0.512,0.36
12585.9686434865,0.504,0.36
12585.96889705658,0.504,0.36
12585.969150626659,0.512,0.352
12585.96940419674,0.504,0.36
12585.969657766818,0.512,0.36
12585.969911336899,0.504,0.36
12585.97016490698,0.52,0.36
12585.970418477058,0.512,0.36
12585.970672047139,0.504,0.36
12585.970925617217,0.504,0.36
12585.971179187298,0.52,0.352
12585.971432757378,0.512,0.36
12585.971686327457,0.504,0.36
12585.971939897538,0.504,0.36
12585.972193467616,0.536,0.36
12585.972447037697,0.52,0.36
12585.972700607777,0.536,0.36
12585.972954177856,0.52,0.36
12585.973207747937,0.504,0.36
12585.973461318015,0.504,0.36
12585.973714888096,0.52,0.36
12585.973968458176,0.504,0.36
12585.974222028255,0.512,0.36
12585.974475598336,0.504,0.36
12585.974729168414,0.528,0.36
12585.974982738495,0.544,0.36
12585.975236308575,0.52,0.36
12585.975489878654,0.52,0.36
12585.975743448735,0.504,0.36
12585.975997018813,0.512,0.36
12585.976250588894,0.536,0.36
12585.976504158974,0.536,0.36
12585.976757729053,0.52,0.36
12585.977011299134,0.528,0.36
12585.977264869212,0.504,0.36
12585.977518439293,0.512,0.36
12585.977772009373,0.536,0.36
12585.978025579452,0.528,0.36
12585.978279149533,0.544,0.36
12585.978532719611,0.528,0.36
12585.978786289692,0.536,0.36
12585.979039859772,0.536,0.36
12585.979293429851,0.512,0.36
12585.979546999932,0.504,0.36
12585.97980057001,0.52,0.36
12585.980054140091,0.504,0.36
12585.980307710171,0.52,0.36
12585.98056128025,0.528,0.36
12585.98081485033,0.504,0.36
12585.98106842041,0.504,0.36
12585.98132199049,0.52,0.36
12585.98157556057,0.52,0.36
12585.98182913065,0.504,0.36
12585.98208270073,0.52,0.36
12585.982336270808,0.504,0.352
12585.982589840889,0.504,0.36
12585.98284341097,0.528,0.36
12585.983096981048,0.536,0.36
12585.983350551129,0.504,0.36
12585.983604121207,0.528,0.36
12585.983857691288,0.504,0.36
12585.984111261369,0.52,0.36
12585.984364831447,0.504,0.36
12585.984618401528,0.504,0.36
12585.984871971606,0.52,0.36
12585.985125541687,0.52,0.36
12585.985379111768,0.504,0.36
12585.985632681846,0.504,0.36
12585.985886251927,0.52,0.36
12585.986139822005,0.52,0.36
12585.986393392086,0.504,0.36
12585.986646962167,0.52,0.36
12585.986900532245,0.504,0.36
12585.987154102326,0.512,0.36
12585.987407672405,0.504,0.352
12585.987661242485,0.504,0.36
12585.987914812566,0.52,0.36
12585.988168382644,0.52,0.36
12585.988421952725,0.504,0.36
12585.988675522804,0.504,0.36
12585.988929092884,0.52,0.36
12585.989182662965,0.504,0.36
12585.989436233043,0.52,0.36
12585.989689803124,0.504,0.36
12585.989943373203,0.528,0.36
12585.990196943283,0.504,0.36
12585.990450513364,0.528,0.368
12585.990704083442,0.528,0.36
12585.990957653523,0.52,0.376
12585.991211223602,0.528,0.392
12585.991464793682,0.512,0.368
12585.991718363763,0.512,0.368
12585.991971933841,0.504,0.392
12585.992225503922,0.504,0.392
12585.992479074,0.52,0.41600000000000004
12585.992732644081,0.504,0.424
12585.992986214162,0.52,0.41600000000000004
12585.99323978424,0.52,0.424
12585.99349335432,0.504,0.41600000000000004
12585.9937469244,0.504,0.40800000000000003
12585.99400049448,0.512,0.368
12585.99425406456,0.504,0.36
12585.99450763464,0.512,0.384
12585.99476120472,0.512,0.384
12585.995014774799,0.528,0.40800000000000003
12585.99526834488,0.528,0.4
12585.99552191496,0.512,0.424
12585.995775485038,0.504,0.40800000000000003
12585.996029055119,0.528,0.424
12585.996282625198,0.504,0.424
12585.996536195278,0.52,0.41600000000000004
12585.996789765359,0.52,0.41600000000000004
12585.997043335437,0.504,0.424
12585.997296905518,0.52,0.424
12585.997550475597,0.512,0.40800000000000003
12585.997804045677,0.528,0.40800000000000003
12585.998057615758,0.504,0.376
12585.998311185836,0.504,0.376
12585.998564755917,0.52,0.40800000000000003
12585.998818325996,0.504,0.424
12585.999071896076,0.536,0.392
12585.999325466157,0.528,0.392
12585.999579036235,0.544,0.368
12585.999832606316,0.52,0.368
12586.000086176395,0.536,0.4
12586.000339746475,0.544,0.4
12586.000593316556,0.52,0.368
12586.000846886634,0.536,0.36
12586.001100456715,0.512,0.384
12586.001354026794,0.504,0.384
12586.001607596874,0.52,0.41600000000000004
12586.001861166955,0.512,0.41600000000000004
12586.002114737033,0.528,0.424
12586.002368307114,0.512,0.41600000000000004
12586.002621877193,0.504,0.424
12586.002875447273,0.52,0.424
12586.003129017354,0.504,0.41600000000000004
12586.003382587432,0.504,0.41600000000000004
12586.003636157513,0.52,0.424
12586.003889727592,0.52,0.41600000000000004
12586.004143297672,0.504,0.424
12586.004396867753,0.504,0.424
12586.004650437832,0.52,0.384
12586.004904007912,0.504,0.376
12586.00515757799,0.52,0.36
12586.005411148071,0.504,0.368
12586.005664718152,0.52,0.40800000000000003
12586.00591828823,0.512,0.40800000000000003
12586.006171858311,0.528,0.424
12586.00642542839,0.528,0.424
12586.00667899847,0.504,0.40800000000000003
12586.00693256855,0.504,0.41600000000000004
12586.00718613863,0.536,0.40800000000000003
12586.00743970871,0.536,0.41600000000000004
12586.007693278789,0.52,0.36
12586.00794684887,0.528,0.352
12586.00820041895,0.504,0.28
12586.008453989029,0.52,0.272
12586.00870755911,0.536,0.136
12586.008961129188,0.536,0.128
12586.009214699268,0.52,0.048
12586.009468269349,0.528,0.04
12586.009721839428,0.504,0.008
12586.009975409508,0.52,0.008
12586.010228979587,0.544,-0.008
12586.010482549667,0.528,-0.008
12586.010736119748,0.552,0.0
12586.010989689827,0.544,0.0
12586.011243259907,0.528,-0.008
12586.011496829986,0.544,0.0
12586.011750400066,0.528,-0.008
12586.012003970147,0.528,-0.016
12586.012257540226,0.544,0.0
12586.012511110306,0.528,-0.008
12586.012764680385,0.544,0.0
12586.013018250465,0.536,0.0
12586.013271820546,0.544,-0.008
12586.013525390625,0.528,0.0
12586.013778960705,0.544,-0.008
12586.014032530784,0.528,-0.008
12586.014286100864,0.552,0.0
12586.014539670945,0.544,0.0
12586.014793241024,0.528,-0.008
12586.015046811104,0.536,-0.008
12586.015300381183,0.544,0.0
12586.015553951263,0.544,-0.008
12586.015807521344,0.528,0.0
12586.016061091423,0.536,0.0
12586.016314661503,0.552,-0.008
12586.016568231582,0.536,0.0
12586.016821801662,0.544,-0.008
12586.017075371743,0.536,0.0
12586.017328941822,0.552,-0.016
12586.017582511902,0.536,0.0
12586.017836081981,0.552,-0.016
12586.018089652061,0.536,-0.008
12586.018343222142,0.552,0.0
12586.01859679222,0.536,-0.008
12586.018850362301,0.552,0.0
12586.01910393238,0.552,0.0
12586.01935750246,0.536,-0.008
12586.019611072541,0.536,0.0
12586.01986464262,0.552,-0.008
12586.0201182127,0.552,0.0
12586.020371782779,0.536,-0.016
12586.02062535286,0.544,0.0
12586.02087892294,0.528,-0.008
12586.021132493019,0.536,-0.008
12586.0213860631,0.552,0.0
12586.021639633178,0.536,0.0
12586.021893203259,0.552,-0.008
12586.022146773339,0.536,0.0
12586.022400343418,0.552,-0.008
12586.022653913498,0.536,-0.016
12586.022907483577,0.552,0.0
12586.023161053658,0.536,0.0
12586.023414623738,0.552,-0.016
12586.023668193817,0.536,-0.008
12586.023921763897,0.552,0.0
12586.024175333976,0.536,0.0
12586.024428904057,0.552,-0.008
12586.024682474137,0.536,0.0
12586.024936044216,0.552,-0.016
12586.025189614296,0.536,-0.016
12586.025443184375,0.552,0.0
12586.025696754456,0.544,0.0
12586.025950324536,0.528,-0.008
12586.026203894615,0.536,0.0
12586.026457464695,0.552,-0.016
12586.026711034774,0.536,0.0
12586.026964604855,0.552,-0.016
12586.027218174935,0.536,0.0
12586.027471745014,0.552,-0.016
12586.027725315094,0.536,-0.016
12586.027978885173,0.552,0.0
12586.028232455254,0.536,0.0
12586.028486025334,0.544,-0.016
12586.028739595413,0.536,0.0
12586.028993165493,0.552,-0.016
12586.029246735572,0.536,0.0
12586.029500305653,0.544,-0.016
12586.029753875733,0.536,-0.016
12586.030007445812,0.552,0.0
12586.030261015892,0.536,0.0
12586.030514585971,0.552,-0.016
12586.030768156052,0.536,0.0
12586.031021726132,0.56,-0.016
12586.03127529621,0.536,0.0
12586.031528866291,0.552,-0.016
12586.03178243637,0.536,0.0
12586.03203600645,0.544,-0.016
12586.032289576531,0.536,-0.016
12586.03254314661,0.552,0.0
12586.03279671669,0.536,-0.016
12586.03305028677,0.544,0.0
12586.03330385685,0.552,-0.016
12586.03355742693,0.536,0.0
12586.033810997009,0.536,-0.016
12586.03406456709,0.552,0.0
12586.034318137168,0.536,0.0
12586.034571707249,0.552,-0.016
12586.03482527733,0.536,0.0
12586.035078847408,0.552,-0.016
12586.035332417488,0.536,0.0
12586.035585987567,0.552,-0.016
12586.035839557648,0.536,0.0
12586.036093127728,0.552,-0.016
12586.036346697807,0.536,-0.016
12586.036600267887,0.552,0.0
12586.036853837966,0.552,0.0
12586.037107408047,0.536,-0.016
12586.037360978127,0.552,-0.016
12586.037614548206,0.536,0.0
12586.037868118286,0.536,0.0
12586.038121688365,0.552,-0.016
12586.038375258446,0.544,-0.016
12586.038628828526,0.536,0.0
12586.038882398605,0.536,0.0
12586.039135968686,0.544,-0.016
12586.039389538764,0.536,0.0
12586.039643108845,0.544,-0.016
12586.039896678925,0.552,-0.016
12586.040150249004,0.528,0.0
12586.040403819085,0.536,-0.016
12586.040657389163,0.528,0.0
12586.040910959244,0.512,0.0
12586.041164529324,0.528,-0.016
12586.041418099403,0.52,0.0
12586.041671669484,0.544,-0.016
12586.041925239562,0.536,0.0
12586.042178809643,0.512,-0.016
12586.042432379723,0.52,-0.016
12586.042685949802,0.512,0.0
12586.042939519883,0.512,0.0
12586.043193089961,0.544,-0.016
12586.043446660042,0.528,0.0
12586.043700230122,0.536,-0.016
12586.043953800201,0.528,0.0
12586.044207370282,0.512,-0.016
12586.04446094036,0.512,0.0
12586.04471451044,0.528,-0.016
12586.044968080521,0.52,0.0
12586.0452216506,0.536,-0.016
12586.04547522068,0.528,-0.016
12586.04572879076,0.544,0.0
12586.04598236084,0.544,-0.016
12586.04623593092,0.512,0.0
12586.046489500999,0.512,-0.016
12586.04674307108,0.52,0.0
12586.046996641158,0.512,-0.016
12586.047250211239,0.52,0.0
12586.04750378132,0.512,-0.016
12586.047757351398,0.544,0.0
12586.048010921479,0.528,0.0
12586.048264491557,0.544,-0.016
12586.048518061638,0.536,-0.016
12586.048771631718,0.512,-0.008
12586.049025201797,0.504,0.0
12586.049278771878,0.528,-0.016
12586.049532341956,0.528,-0.016
12586.049785912037,0.544,0.0
12586.050039482117,0.536,-0.016
12586.050293052196,0.512,0.0
12586.050546622277,0.52,-0.016
12586.050800192355,0.536,0.0
12586.051053762436,0.544,-0.016
12586.051307332516,0.52,0.0
12586.051560902595,0.536,0.0
12586.051814472676,0.512,-0.016
12586.052068042754,0.504,0.0
12586.052321612835,0.528,-0.016
12586.052575182915,0.512,-0.016
12586.052828752994,0.52,0.0
12586.053082323075,0.512,0.0
12586.053335893153,0.52,-0.008
12586.053589463234,0.512,0.0
12586.053843033314,0.52,-0.016
12586.054096603393,0.504,-0.016
12586.054350173474,0.536,0.0
12586.054603743552,0.536,0.0
12586.054857313633,0.52,-0.016
12586.055110883713,0.528,0.0
12586.055364453792,0.512,-0.016
12586.055618023873,0.512,-0.016
12586.055871593951,0.52,0.0
12586.056125164032,0.504,-0.016
12586.056378734113,0.52,0.0
12586.056632304191,0.504,-0.016
12586.056885874272,0.528,0.0
12586.05713944435,0.52,-0.016
12586.057393014431,0.504,0.0
12586.057646584512,0.52,-0.016
12586.05790015459,0.504,0.0
12586.05815372467,0.504,-0.016
12586.05840729475,0.52,0.0
12586.05866086483,0.504,-0.016
12586.05891443491,0.512,0.0
12586.05916800499,0.504,0.0
12586.05942157507,0.52,-0.016
12586.059675145149,0.52,-0.016
12586.059928715229,0.504,0.0
12586.06018228531,0.512,0.0
12586.060435855388,0.528,-0.016
12586.060689425469,0.52,0.0
12586.060942995548,0.504,-0.016
12586.061196565628,0.504,-0.016
12586.061450135709,0.536,0.0
12586.061703705787,0.52,-0.016
12586.061957275868,0.536,0.0
12586.062210845947,0.528,-0.016
12586.062464416027,0.504,0.0
12586.062717986108,0.52,-0.016
12586.062971556186,0.536,0.0
12586.063225126267,0.52,0.0
12586.063478696346,0.544,-0.016
12586.063732266426,0.544,0.0
12586.063985836507,0.52,-0.016
12586.064239406585,0.52,0.0
12586.064492976666,0.504,-0.016
12586.064746546745,0.504,0.0
12586.065000116825,0.52,-0.016
12586.065253686906,0.52,-0.016
12586.065507256984,0.504,0.0
12586.065760827065,0.504,0.0
12586.066014397144,0.528,-0.016
12586.066267967224,0.52,-0.016
12586.066521537305,0.504,0.0
12586.066775107383,0.504,0.0
12586.067028677464,0.52,-0.016
12586.067282247543,0.52,0.0
12586.067535817623,0.504,-0.016
12586.067789387704,0.52,-0.016
12586.068042957782,0.536,0.0
12586.068296527863,0.536,0.0
12586.068550097942,0.52,-0.016
12586.068803668022,0.536,-0.016
12586.069057238103,0.512,0.0
12586.069310808181,0.504,0.0
12586.069564378262,0.52,-0.016
12586.06981794834,0.512,-0.016
12586.070071518421,0.528,0.0
12586.070325088502,0.52,0.0
12586.07057865858,0.536,-0.016
12586.070832228661,0.52,0.0
12586.07108579874,0.504,-0.008
12586.07133936882,0.504,-0.008
12586.0715929389,0.52,0.032
12586.07184650898,0.504,0.032
12586.07210007906,0.52,0.152
12586.072353649139,0.52,0.152
12586.07260721922,0.504,0.28800000000000003
12586.0728607893,0.528,0.28800000000000003
12586.073114359378,0.504,0.336
12586.073367929459,0.504,0.336
12586.073621499538,0.512,0.4
12586.073875069618,0.504,0.4
12586.074128639699,0.52,0.41600000000000004
12586.074382209777,0.504,0.40800000000000003
12586.074635779858,0.52,0.41600000000000004
12586.074889349937,0.512,0.41600000000000004
12586.075142920017,0.536,0.40800000000000003
12586.075396490098,0.544,0.4
12586.075650060176,0.504,0.376
12586.075903630257,0.504,0.368
12586.076157200336,0.52,0.376
12586.076410770416,0.504,0.376
12586.076664340497,0.52,0.4
12586.076917910576,0.504,0.392
12586.077171480656,0.52,0.36
12586.077425050735,0.512,0.36
12586.077678620815,0.536,0.36
12586.077932190896,0.512,0.36
12586.078185760975,0.528,0.36
12586.078439331055,0.512,0.36
12586.078692901134,0.52,0.36
12586.078946471214,0.512,0.36
12586.079200041295,0.536,0.36
12586.079453611374,0.528,0.36
12586.079707181454,0.536,0.36
12586.079960751533,0.528,0.36
12586.080214321613,0.504,0.36
12586.080467891694,0.504,0.36
12586.080721461773,0.52,0.36
12586.080975031853,0.536,0.36
12586.081228601932,0.504,0.36
12586.081482172012,0.504,0.36
12586.081735742093,0.52,0.36
12586.081989312172,0.52,0.36
12586.082242882252,0.504,0.36
12586.08249645233,0.512,0.36
12586.082750022411,0.528,0.36
12586.083003592492,0.52,0.36
12586.08325716257,0.536,0.36
12586.083510732651,0.536,0.36
12586.08376430273,0.52,0.352
12586.08401787281,0.528,0.36
12586.08427144289,0.504,0.36
12586.08452501297,0.52,0.36
12586.08477858305,0.504,0.36
12586.085032153129,0.504,0.36
12586.08528572321,0.52,0.36
12586.08553929329,0.512,0.36
12586.085792863369,0.52,0.36
12586.08604643345,0.504,0.36
12586.086300003528,0.528,0.36
12586.086553573608,0.52,0.36
12586.086807143689,0.504,0.36
12586.087060713768,0.504,0.36
12586.087314283848,0.52,0.36
12586.087567853927,0.504,0.36
12586.087821424007,0.528,0.36
12586.088074994088,0.52,0.36
12586.088328564167,0.536,0.36
12586.088582134247,0.536,0.36
12586.088835704326,0.504,0.36
12586.089089274406,0.504,0.36
12586.089342844487,0.512,0.36
12586.089596414566,0.504,0.36
12586.089849984646,0.528,0.36
12586.090103554725,0.52,0.36
12586.090357124805,0.504,0.36
12586.090610694886,0.504,0.36
12586.090864264965,0.528,0.36
12586.091117835045,0.536,0.36
12586.091371405124,0.512,0.36
12586.091624975204,0.52,0.36
12586.091878545285,0.544,0.36
12586.092132115364,0.528,0.36
12586.092385685444,0.504,0.36
12586.092639255523,0.512,0.36
12586.092892825603,0.496,0.36
12586.093146395684,0.504,0.36
12586.093399965763,0.536,0.36
12586.093653535843,0.528,0.36
12586.093907105922,0.544,0.36
12586.094160676003,0.544,0.36
12586.094414246083,0.528,0.36
12586.094667816162,0.528,0.36
12586.094921386242,0.544,0.36
12586.095174956321,0.528,0.36
12586.095428526402,0.544,0.36
12586.095682096482,0.528,0.36
12586.09593566656,0.544,0.36
12586.096189236641,0.528,0.36
12586.09644280672,0.536,0.36
12586.0966963768,0.536,0.36
12586.096949946881,0.512,0.36
12586.09720351696,0.528,0.36
12586.09745708704,0.504,0.36
12586.097710657119,0.504,0.36
12586.0979642272,0.52,0.40800000000000003
12586.09821779728,0.52,0.392
12586.098471367359,0.536,0.424
12586.09872493744,0.536,0.40800000000000003
12586.098978507518,0.512,0.36
12586.099232077599,0.512,0.36
12586.09948564768,0.52,0.368
12586.099739217758,0.512,0.36
12586.099992787838,0.504,0.4
12586.100246357917,0.504,0.4
12586.100499927998,0.512,0.41600000000000004
12586.100753498078,0.504,0.424
12586.101007068157,0.52,0.40800000000000003
12586.101260638237,0.504,0.424
12586.101514208316,0.52,0.40800000000000003
12586.101767778397,0.504,0.40800000000000003
12586.102021348477,0.52,0.424
12586.102274918556,0.52,0.41600000000000004
12586.102528488636,0.504,0.424
12586.102782058715,0.504,0.41600000000000004
12586.103035628796,0.52,0.424
12586.103289198876,0.504,0.40800000000000003
12586.103542768955,0.528,0.424
12586.103796339035,0.504,0.41600000000000004
12586.104049909114,0.52,0.384
12586.104303479195,0.52,0.376
12586.104557049275,0.504,0.36
12586.104810619354,0.504,0.36
12586.105064189434,0.52,0.368
12586.105317759513,0.512,0.36
12586.105571329594,0.504,0.376
12586.105824899674,0.504,0.376
12586.106078469753,0.52,0.40800000000000003
12586.106332039833,0.504,0.4
12586.106585609912,0.512,0.424
12586.106839179993,0.528,0.424
12586.107092750073,0.504,0.40800000000000003
12586.107346320152,0.52,0.40800000000000003
12586.107599890232,0.504,0.424
12586.107853460311,0.504,0.424
12586.108107030392,0.52,0.40800000000000003
12586.108360600472,0.512,0.40800000000000003
12586.108614170551,0.504,0.384
12586.108867740631,0.504,0.41600000000000004
12586.10912131071,0.52,0.4
12586.10937488079,0.504,0.40800000000000003
12586.109628450871,0.52,0.424
12586.10988202095,0.512,0.424
12586.11013559103,0.536,0.392
12586.11038916111,0.52,0.392
12586.11064273119,0.544,0.36
12586.11089630127,0.528,0.36
12586.111149871349,0.504,0.368
12586.11140344143,0.504,0.368
12586.111657011508,0.536,0.40800000000000003
12586.111910581589,0.52,0.4
12586.11216415167,0.544,0.424
12586.112417721748,0.528,0.424
12586.112671291829,0.504,0.40800000000000003
12586.112924861907,0.504,0.41600000000000004
12586.113178431988,0.52,0.424
12586.113432002068,0.504,0.40800000000000003
12586.113685572147,0.52,0.424
12586.113939142228,0.512,0.41600000000000004
12586.114192712306,0.504,0.432
12586.114446282387,0.512,0.40800000000000003
12586.114699852467,0.528,0.424
12586.114953422546,0.512,0.4
12586.115206992627,0.528,0.424
12586.115460562705,0.504,0.40800000000000003
12586.115714132786,0.52,0.424
12586.115967702866,0.504,0.41600000000000004
12586.116221272945,0.512,0.40800000000000003
12586.116474843026,0.512,0.41600000000000004
12586.116728413104,0.528,0.392
12586.125937700272,0.512,0.0
12586.126179391742,0.528,-0.016
12586.126421083212,0.528,0.0
12586.126662774683,0.512,-0.016
12586.126904466153,0.512,0.0
12586.127146157622,0.528,-0.016
12586.127387849092,0.512,0.0
12586.127629540562,0.528,-0.016
12586.127871232033,0.512,0.0
12586.128112923503,0.528,-0.016
12586.128354614973,0.52,-0.016
12586.128596306444,0.536,0.0
12586.128837997914,0.528,0.0
12586.129079689383,0.536,-0.016
12586.129321380853,0.528,0.0
12586.129563072323,0.544,-0.016
12586.129804763794,0.528,-0.016
12586.130046455264,0.544,0.0
12586.130288146735,0.528,0.0
12586.130529838205,0.544,-0.016
12586.130771529675,0.544,-0.008
12586.131013221144,0.528,0.032
12586.131254912614,0.528,0.032
12586.131496604085,0.544,0.128
12586.131738295555,0.528,0.136
12586.131979987025,0.544,0.272
12586.132221678496,0.552,0.28
12586.132463369966,0.528,0.34400000000000003
12586.132705061436,0.528,0.34400000000000003
12586.132946752907,0.544,0.36
12586.133188444375,0.528,0.368
12586.133430135846,0.544,0.36
12586.133671827316,0.544,0.368
12586.133913518786,0.512,0.376
12586.134155210257,0.528,0.368
12586.134396901727,0.512,0.368
12586.134638593197,0.528,0.368
12586.134880284668,0.512,0.384
12586.135121976136,0.52,0.376
12586.135363667607,0.536,0.368
12586.135605359077,0.536,0.368
12586.135847050547,0.512,0.376
12586.136088742018,0.512,0.368
12586.136330433488,0.52,0.384
12586.136572124959,0.504,0.376
12586.136813816429,0.536,0.368
12586.137055507897,0.528,0.368
12586.137297199368,0.544,0.376
12586.137538890838,0.528,0.376
12586.137780582309,0.544,0.368
12586.138022273779,0.528,0.368
12586.13826396525,0.544,0.376
12586.13850565672,0.52,0.368
12586.13874734819,0.536,0.376
12586.13898903966,0.528,0.368
12586.139230731129,0.544,0.384
12586.1394724226,0.528,0.384
12586.13971411407,0.504,0.432
12586.13995580554,0.512,0.432
12586.14019749701,0.544,0.40800000000000003
12586.14043918848,0.544,0.44
12586.140680879951,0.52,0.40800000000000003
12586.140922571421,0.528,0.40800000000000003
12586.14116426289,0.544,0.384
12586.14140595436,0.544,0.384
12586.14164764583,0.528,0.432
12586.141889337301,0.544,0.41600000000000004
12586.142131028771,0.512,0.432
12586.142372720242,0.512,0.424
12586.142614411712,0.528,0.392
12586.142856103183,0.528,0.376
12586.143097794651,0.512,0.40800000000000003
12586.143339486121,0.504,0.40800000000000003
12586.143581177592,0.528,0.432
12586.143822869062,0.512,0.41600000000000004
12586.144064560533,0.52,0.376
12586.144306252003,0.512,0.376
12586.144547943473,0.52,0.41600000000000004
12586.144789634944,0.504,0.41600000000000004
12586.145031326414,0.528,0.44
12586.145273017883,0.504,0.44
12586.145514709353,0.536,0.424
12586.145756400823,0.528,0.44
12586.145998092294,0.544,0.41600000000000004
12586.146239783764,0.544,0.424
12586.146481475234,0.528,0.4
12586.146723166705,0.544,0.40800000000000003
12586.146964858175,0.52,0.432
12586.147206549644,0.536,0.424
12586.147448241114,0.512,0.44
12586.147689932584,0.512,0.44
12586.147931624055,0.544,0.424
12586.148173315525,0.544,0.424
12586.148415006995,0.52,0.44
12586.148656698466,0.512,0.44
12586.148898389936,0.536,0.424
12586.149140081405,0.52,0.44
12586.149381772875,0.544,0.424
12586.149623464345,0.536,0.424
12586.149865155816,0.528,0.44
12586.150106847286,0.528,0.44
12586.150348538757,0.544,0.424
12586.150590230227,0.528,0.44
12586.150831921697,0.544,0.424
12586.151073613168,0.536,0.432
12586.151315304636,0.552,0.384
12586.151556996107,0.544,0.392
12586.151798687577,0.528,0.376
12586.152040379047,0.544,0.392
12586.152282070518,0.52,0.376
12586.152523761988,0.512,0.376
12586.152765453458,0.52,0.368
12586.153007144929,0.512,0.376
12586.153248836397,0.52,0.392
12586.153490527868,0.512,0.4
12586.153732219338,0.536,0.424
12586.153973910808,0.536,0.41600000000000004
12586.154215602279,0.512,0.432
12586.15445729375,0.512,0.41600000000000004
12586.15469898522,0.544,0.44
12586.15494067669,0.544,0.424
12586.155182368158,0.528,0.376
12586.155424059629,0.536,0.392
12586.1556657511,0.512,0.368
12586.15590744257,0.512,0.376
12586.15614913404,0.544,0.384
12586.15639082551,0.528,0.384
12586.15663251698,0.544,0.432
12586.156874208451,0.52,0.432
12586.157115899921,0.544,0.41600000000000004
12586.15735759139,0.544,0.424
12586.15759928286,0.512,0.4
12586.15784097433,0.536,0.4
12586.158082665801,0.544,0.376
12586.158324357271,0.536,0.4
12586.158566048742,0.552,0.432
12586.158807740212,0.536,0.41600000000000004
12586.159049431682,0.552,0.44
12586.159291123151,0.544,0.432
12586.159532814621,0.528,0.4
12586.159774506092,0.536,0.424
12586.160016197562,0.512,0.41600000000000004
12586.160257889032,0.512,0.432
12586.160499580503,0.528,0.384
12586.160741271973,0.52,0.376
12586.160982963444,0.544,0.392
12586.161224654912,0.528,0.392
12586.161466346382,0.544,0.424
12586.161708037853,0.52,0.424
12586.161949729323,0.544,0.376
12586.162191420794,0.552,0.376
12586.162433112264,0.528,0.40800000000000003
12586.162674803734,0.528,0.40800000000000003
12586.162916495205,0.544,0.432
12586.163158186675,0.528,0.424
12586.163399878144,0.536,0.44
12586.163641569614,0.552,0.424
12586.163883261084,0.512,0.44
12586.164124952555,0.512,0.44
12586.164366644025,0.536,0.392
12586.164608335495,0.52,0.384
12586.164850026966,0.544,0.40800000000000003
12586.165091718436,0.544,0.40800000000000003
12586.165333409905,0.52,0.432
12586.165575101375,0.528,0.44
12586.165816792845,0.512,0.424
12586.166058484316,0.512,0.44
12586.166300175786,0.528,0.424
12586.166541867256,0.512,0.44
12586.166783558727,0.528,0.424
12586.167025250197,0.512,0.432
12586.167266941666,0.528,0.424
12586.167508633136,0.512,0.44
12586.167750324606,0.52,0.41600000000000004
12586.167992016077,0.512,0.41600000000000004
12586.168233707547,0.528,0.432
12586.168475399018,0.52,0.44
12586.168717090488,0.504,0.424
12586.168958781958,0.512,0.432
12586.169200473429,0.536,0.41600000000000004
12586.169442164897,0.528,0.432
12586.169683856368,0.552,0.41600000000000004
12586.169925547838,0.528,0.41600000000000004
12586.170167239308,0.552,0.44
12586.170408930779,0.544,0.44
12586.170650622249,0.512,0.384
12586.17089231372,0.512,0.376
12586.17113400519,0.528,0.392
12586.171375696658,0.512,0.4
12586.171617388129,0.544,0.432
12586.171859079599,0.544,0.40800000000000003
12586.17210077107,0.52,0.376
12586.17234246254,0.512,0.384
12586.17258415401,0.528,0.41600000000000004
12586.17282584548,0.512,0.40800000000000003
12586.17306753695,0.544,0.432
12586.17330922842,0.528,0.41600000000000004
12586.17355091989,0.536,0.376
12586.17379261136,0.528,0.384
12586.17403430283,0.544,0.376
12586.1742759943,0.552,0.384
12586.174517685771,0.512,0.41600000000000004
12586.174759377242,0.504,0.41600000000000004
12586.175001068712,0.544,0.44
12586.175242760182,0.528,0.424
12586.17548445165,0.552,0.44
12586.175726143121,0.544,0.432
12586.175967834592,0.528,0.4
12586.176209526062,0.504,0.424
12586.176451217532,0.528,0.392
12586.176692909003,0.52,0.392
12586.176934600473,0.544,0.376
12586.177176291943,0.544,0.376
12586.177417983412,0.512,0.392
12586.177659674882,0.512,0.392
12586.177901366353,0.544,0.424
12586.178143057823,0.528,0.41600000000000004
12586.178384749293,0.544,0.44
12586.178626440764,0.544,0.44
12586.178868132234,0.52,0.424
12586.179109823704,0.528,0.44
12586.179351515173,0.512,0.424
12586.179593206643,0.512,0.41600000000000004
12586.179834898114,0.536,0.376
12586.180076589584,0.52,0.368
12586.180318281054,0.536,0.4
12586.180559972525,0.528,0.4
12586.180801663995,0.512,0.432
12586.181043355466,0.512,0.424
12586.181285046936,0.528,0.432
12586.181526738405,0.512,0.424
12586.181768429875,0.52,0.44
12586.182010121345,0.512,0.41600000000000004
12586.182251812816,0.52,0.4
12586.182493504286,0.512,0.40800000000000003
12586.182735195756,0.528,0.424
12586.182976887227,0.512,0.41600000000000004
12586.183218578697,0.528,0.44
12586.183460270166,0.512,0.432
12586.183701961636,0.52,0.384
12586.183943653106,0.528,0.384
12586.184185344577,0.504,0.368
12586.184427036047,0.512,0.376
12586.184668727517,0.52,0.41600000000000004
12586.184910418988,0.52,0.41600000000000004
12586.185152110458,0.504,0.432
12586.185393801927,0.512,0.41600000000000004
12586.185635493397,0.528,0.44
12586.185877184867,0.52,0.44
12586.186118876338,0.504,0.40800000000000003
12586.186360567808,0.504,0.40800000000000003
12586.186602259279,0.52,0.384
12586.186843950749,0.52,0.4
12586.18708564222,0.504,0.384
12586.18732733369,0.512,0.392
12586.187569025158,0.504,0.424
12586.187810716629,0.512,0.40800000000000003
12586.188052408099,0.528,0.432
12586.18829409957,0.52,0.432
12586.18853579104,0.504,0.392
12586.18877748251,0.52,0.384
12586.18901917398,0.504,0.368
12586.18926086545,0.512,0.368
12586.18950255692,0.528,0.41600000000000004
12586.18974424839,0.52,0.41600000000000004
12586.18998593986,0.544,0.432
12586.19022763133,0.544,0.424
12586.1904693228,0.528,0.44
12586.190711014271,0.528,0.424
12586.190952705741,0.512,0.392
12586.191194397212,0.512,0.392
12586.19143608868,0.528,0.328
12586.19167778015,0.504,0.32
12586.191919471621,0.536,0.152
12586.192161163091,0.536,0.14400000000000002
12586.192402854562,0.504,0.048
12586.192644546032,0.52,0.048
12586.192886237503,0.504,0.008
12586.193127928973,0.512,0.008
12586.193369620443,0.536,-0.008
12586.193611311912,0.544,-0.008
12586.193853003382,0.512,0.0
12586.194094694853,0.512,-0.008
12586.194336386323,0.528,0.0
12586.194578077793,0.504,0.0
12586.194819769264,0.528,-0.008
12586.195061460734,0.52,0.0
12586.195303152204,0.504,-0.008
12586.195544843673,0.504,-0.008
12586.195786535143,0.528,0.0
12586.196028226614,0.528,0.0
12586.196269918084,0.544,-0.008
12586.196511609554,0.536,-0.008
12586.196753301025,0.52,0.0
12586.196994992495,0.512,0.0
12586.197236683965,0.528,-0.008
12586.197478375434,0.512,0.0
12586.197720066904,0.52,-0.008
12586.197961758375,0.512,-0.008
12586.198203449845,0.528,0.0
12586.198445141315,0.528,0.0
12586.198686832786,0.504,-0.008
12586.198928524256,0.52,0.0
12586.199170215727,0.544,-0.008
12586.199411907197,0.536,0.0
12586.199653598665,0.512,-0.008
12586.199895290136,0.536,0.0
12586.200136981606,0.52,-0.008
12586.200378673077,0.512,-0.008
12586.200620364547,0.528,0.0
12586.200862056017,0.528,-0.008
12586.201103747488,0.512,0.0
12586.201345438958,0.512,0.0
12586.201587130427,0.536,-0.008
12586.201828821897,0.544,-0.008
12586.202070513367,0.52,0.0
12586.202312204838,0.512,-0.008
12586.202553896308,0.536,0.0
12586.202795587778,0.528,-0.008
12586.203037279249,0.544,0.0
12586.20327897072,0.52,0.0
12586.203520662188,0.544,-0.008
12586.203762353658,0.536,-0.008
12586.204004045128,0.512,0.0
12586.204245736599,0.528,-0.008
12586.20448742807,0.544,0.0
12586.20472911954,0.536,-0.008
12586.20497081101,0.544,0.0
12586.20521250248,0.536,0.0
12586.20545419395,0.552,-0.008
12586.20569588542,0.536,0.0
12586.20593757689,0.552,-0.016
12586.20617926836,0.536,-0.008
12586.20642095983,0.544,0.0
12586.2066626513,0.544,0.0
12586.206904342771,0.528,-0.016
12586.207146034241,0.544,0.0
12586.207387725712,0.528,-0.016
12586.20762941718,0.544,0.0
12586.20787110865,0.52,-0.008
12586.208112800121,0.512,-0.008
12586.208354491591,0.528,0.0
12586.208596183062,0.512,-0.008
12586.208837874532,0.528,0.0
12586.209079566002,0.52,0.0
12586.209321257473,0.512,-0.016
12586.209562948941,0.512,-0.008
12586.209804640412,0.536,0.0
12586.210046331882,0.512,0.0
12586.210288023352,0.536,-0.016
12586.210529714823,0.536,-0.008
12586.210771406293,0.52,0.0
12586.211013097763,0.504,0.0
12586.211254789234,0.536,-0.008
12586.211496480704,0.536,0.0
12586.211738172173,0.544,-0.008
12586.211979863643,0.536,0.0
12586.212221555114,0.552,-0.016
12586.212463246584,0.536,-0.016
12586.212704938054,0.552,0.0
12586.212946629525,0.552,0.0
12586.213188320995,0.536,-0.016
12586.213430012465,0.536,0.0
12586.213671703934,0.552,-0.008
12586.213913395404,0.536,0.0
12586.214155086875,0.552,-0.008
12586.214396778345,0.536,-0.016
12586.214638469815,0.552,0.0
12586.214880161286,0.536,0.0
12586.215121852756,0.552,-0.016
12586.215363544226,0.536,0.0
12586.215605235695,0.552,-0.016
12586.215846927165,0.536,0.0
12586.216088618636,0.552,-0.016
12586.216330310106,0.552,0.0
12586.216572001576,0.536,-0.016
12586.216813693047,0.536,-0.016
12586.217055384517,0.552,0.0
12586.217297075988,0.552,-0.008
12586.217538767458,0.536,0.0
12586.217780458926,0.536,-0.008
12586.218022150397,0.552,0.0
12586.218263841867,0.536,0.0
12586.218505533338,0.552,-0.008
12586.218747224808,0.552,0.0
12586.218988916278,0.536,-0.016
12586.219230607749,0.536,0.0
12586.219472299219,0.552,-0.008
12586.219713990688,0.536,0.0
12586.219955682158,0.552,-0.016
12586.220197373628,0.536,0.0
12586.220439065099,0.544,-0.016
12586.220680756569,0.536,0.0
12586.22092244804,0.552,-0.008
12586.22116413951,0.536,0.0
12586.22140583098,0.552,-0.016
12586.221647522449,0.536,0.0
12586.221889213919,0.56,-0.016
12586.22213090539,0.552,0.0
12586.22237259686,0.536,-0.016
12586.22261428833,0.536,0.0
12586.2228559798,0.56,-0.016
12586.22309767127,0.56,0.0
12586.223339362741,0.536,-0.016
12586.223581054212,0.536,-0.008
12586.22382274568,0.552,0.0
12586.22406443715,0.552,0.0
12586.22430612862,0.536,-0.016
12586.224547820091,0.536,-0.016
12586.224789511562,0.56,0.0
12586.225031203032,0.536,-0.008
12586.225272894502,0.552,0.0
12586.225514585973,0.552,-0.016
12586.225756277441,0.536,0.0
12586.225997968912,0.544,0.0
12586.226239660382,0.56,-0.016
12586.226481351852,0.552,-0.008
12586.226723043323,0.536,0.0
12586.226964734793,0.536,0.0
12586.227206426263,0.56,-0.016
12586.227448117734,0.536,0.0
12586.227689809202,0.56,-0.016
12586.227931500673,0.536,0.0
12586.228173192143,0.552,-0.016
12586.228414883613,0.552,-0.008
12586.228656575084,0.536,-0.016
12586.228898266554,0.536,0.0
12586.229139958024,0.552,-0.016
12586.229381649495,0.536,0.0
12586.229623340965,0.552,-0.016
12586.229865032434,0.552,0.0
12586.230106723904,0.536,-0.016
12586.230348415374,0.552,0.0
12586.230590106845,0.536,-0.016
12586.230831798315,0.536,0.0
12586.231073489786,0.552,-0.016
12586.231315181256,0.536,-0.008
12586.231556872726,0.552,0.0
12586.231798564195,0.536,0.0
12586.232040255665,0.552,-0.016
12586.232281947136,0.56,-0.008
12586.232523638606,0.536,0.0
12586.232765330076,0.552,0.0
12586.233007021547,0.536,-0.016
12586.233248713017,0.536,0.0
12586.233490404487,0.552,-0.016
12586.233732095956,0.552,0.0
12586.233973787426,0.536,-0.016
12586.234215478897,0.536,0.0
12586.234457170367,0.552,-0.008
12586.234698861837,0.544,-0.016
12586.234940553308,0.56,0.0
12586.235182244778,0.552,0.0
12586.235423936248,0.536,-0.016
12586.235665627719,0.536,0.0
12586.235907319187,0.56,-0.016
12586.236149010658,0.552,0.0
12586.236390702128,0.536,-0.016
12586.236632393598,0.544,-0.016
12586.236874085069,0.552,0.0
12586.23711577654,0.552,0.0
12586.23735746801,0.536,-0.008
12586.23759915948,0.552,0.0
12586.237840850948,0.536,-0.016
12586.238082542419,0.536,0.0
12586.23832423389,0.552,-0.008
12586.23856592536,0.536,0.0
12586.23880761683,0.56,-0.016
12586.2390493083,0.536,0.0
12586.23929099977,0.552,-0.016
12586.239532691241,0.536,0.0
12586.23977438271,0.552,-0.016
12586.24001607418,0.56,0.0
12586.24025776565,0.544,-0.016
12586.24049945712,0.552,0.0
12586.240741148591,0.536,-0.016
12586.240982840061,0.544,-0.016
12586.241224531532,0.552,0.0
12586.241466223002,0.536,0.0
12586.241707914472,0.552,-0.016
12586.241949605941,0.552,0.0
12586.242191297411,0.536,-0.016
12586.242432988882,0.536,-0.008
12586.242674680352,0.552,0.0
12586.242916371823,0.56,0.0
12586.243158063293,0.536,-0.008
12586.243399754763,0.544,-0.016
12586.243641446234,0.552,0.0
12586.243883137702,0.544,0.0
12586.244124829173,0.552,-0.016
12586.244366520643,0.56,0.0
12586.244608212113,0.536,-0.016
12586.244849903584,0.552,-0.016
12586.245091595054,0.536,0.0
12586.245333286524,0.536,-0.016
12586.245574977995,0.552,0.0
12586.245816669463,0.56,0.0
12586.246058360934,0.536,-0.008
12586.246300052404,0.552,0.0
12586.246541743874,0.536,-0.016
12586.246783435345,0.536,0.0
12586.247025126815,0.56,-0.016
12586.247266818285,0.536,0.0
12586.247508509756,0.552,-0.016
12586.247750201226,0.552,0.0
12586.247991892695,0.536,-0.016
12586.248233584165,0.536,0.0
12586.248475275635,0.528,-0.016
12586.248716967106,0.512,0.0
12586.248958658576,0.528,-0.016
12586.249200350047,0.536,0.0
12586.249442041517,0.512,-0.016
12586.249683732987,0.536,0.0
12586.249925424456,0.512,-0.016
12586.250167115926,0.512,-0.016
12586.250408807397,0.544,0.0
12586.250650498867,0.544,0.0
12586.250892190337,0.528,-0.016
12586.251133881808,0.536,0.0
12586.251375573278,0.512,-0.016
12586.251617264748,0.512,-0.008
12586.251858956217,0.536,0.032
12586.252100647687,0.528,0.032
12586.252342339158,0.512,0.128
12586.252584030628,0.512,0.136
12586.252825722098,0.528,0.272
12586.253067413569,0.512,0.28
12586.253309105039,0.536,0.336
12586.25355079651,0.536,0.34400000000000003
12586.25379248798,0.512,0.36
12586.254034179448,0.512,0.36
12586.254275870919,0.544,0.368
12586.254517562389,0.536,0.368
12586.25475925386,0.544,0.368
12586.25500094533,0.536,0.368
12586.2552426368,0.552,0.368
12586.25548432827,0.536,0.368
12586.25572601974,0.552,0.368
12586.25596771121,0.536,0.368
12586.25620940268,0.552,0.384
12586.25645109415,0.536,0.368
12586.25669278562,0.56,0.376
12586.25693447709,0.552,0.368
12586.257176168561,0.536,0.368
12586.257417860032,0.536,0.368
12586.257659551502,0.544,0.376
12586.25790124297,0.528,0.376
12586.258142934441,0.552,0.368
12586.258384625911,0.528,0.368
12586.258626317382,0.536,0.376
12586.258868008852,0.544,0.368
12586.259109700322,0.528,0.384
12586.259351391793,0.544,0.376
12586.259593083263,0.52,0.368
12586.259834774733,0.528,0.368
12586.260076466202,0.552,0.376
12586.260318157672,0.544,0.368
12586.260559849143,0.528,0.368
12586.260801540613,0.544,0.368
12586.261043232083,0.528,0.376
12586.261284923554,0.544,0.368
12586.261526615024,0.52,0.376
12586.261768306495,0.52,0.376
12586.262009997963,0.512,0.368
12586.262251689433,0.512,0.368
12586.262493380904,0.528,0.368
12586.262735072374,0.512,0.368
12586.262976763845,0.52,0.368
12586.263218455315,0.528,0.376
12586.263460146785,0.512,0.368
12586.263701838256,0.512,0.368
12586.263943529724,0.52,0.384
12586.264185221195,0.528,0.376
12586.264426912665,0.512,0.40800000000000003
12586.264668604135,0.512,0.41600000000000004
12586.264910295606,0.528,0.432
12586.265151987076,0.544,0.432
12586.265393678546,0.512,0.392
12586.265635370017,0.512,0.392
12586.265877061487,0.528,0.424
12586.266118752956,0.52,0.432
12586.266360444426,0.504,0.392
12586.266602135896,0.528,0.376
12586.266843827367,0.504,0.4
12586.267085518837,0.504,0.4
12586.267327210307,0.52,0.424
12586.267568901778,0.528,0.40800000000000003
12586.267810593248,0.504,0.376
12586.268052284717,0.504,0.376
12586.268293976187,0.52,0.368
12586.268535667657,0.52,0.368
12586.268777359128,0.504,0.376
12586.269019050598,0.512,0.368
12586.269260742069,0.536,0.376
12586.269502433539,0.536,0.376
12586.26974412501,0.512,0.41600000000000004
12586.269985816478,0.512,0.392
12586.270227507948,0.536,0.376
12586.270469199419,0.536,0.376
12586.270710890889,0.504,0.384
12586.27095258236,0.504,0.376
12586.27119427383,0.528,0.392
12586.2714359653,0.504,0.4
12586.27167765677,0.52,0.424
12586.27191934824,0.52,0.432
12586.27216103971,0.504,0.4
12586.27240273118,0.504,0.4
12586.27264442265,0.52,0.376
12586.27288611412,0.504,0.376
12586.27312780559,0.536,0.4
12586.273369497061,0.536,0.4
12586.273611188532,0.52,0.432
12586.273852880002,0.52,0.424
12586.27409457147,0.504,0.44
12586.27433626294,0.504,0.424
12586.274577954411,0.52,0.44
12586.274819645882,0.52,0.424
12586.275061337352,0.504,0.44
12586.275303028822,0.504,0.44
12586.275544720293,0.528,0.384
12586.275786411763,0.52,0.384
12586.276028103232,0.504,0.376
12586.276269794702,0.504,0.376
12586.276511486172,0.52,0.40800000000000003
12586.276753177643,0.512,0.424
12586.276994869113,0.528,0.4
12586.277236560583,0.504,0.4
12586.277478252054,0.52,0.376
12586.277719943524,0.504,0.376
12586.277961634994,0.52,0.368
12586.278203326463,0.52,0.376
12586.278445017933,0.504,0.392
12586.278686709404,0.52,0.384
12586.278928400874,0.504,0.368
12586.279170092344,0.52,0.368
12586.279411783815,0.504,0.376
12586.279653475285,0.504,0.368
12586.279895166756,0.528,0.376
12586.280136858224,0.504,0.376
12586.280378549694,0.52,0.368
12586.280620241165,0.512,0.368
12586.280861932635,0.504,0.392
12586.281103624106,0.504,0.41600000000000004
12586.281345315576,0.512,0.384
12586.281587007046,0.52,0.384
12586.281828698517,0.504,0.368
12586.282070389985,0.504,0.368
12586.282312081456,0.528,0.368
12586.282553772926,0.52,0.368
12586.282795464396,0.536,0.368
12586.283037155867,0.528,0.368
12586.283278847337,0.544,0.384
12586.283520538807,0.536,0.384
12586.283762230278,0.512,0.424
12586.284003921748,0.504,0.432
12586.284245613217,0.52,0.41600000000000004
12586.284487304687,0.512,0.424
12586.284728996157,0.528,0.44
12586.284970687628,0.512,0.432
12586.285212379098,0.504,0.424
12586.285454070568,0.504,0.424
12586.285695762039,0.52,0.44
12586.28593745351,0.504,0.44
12586.286179144978,0.52,0.424
12586.286420836448,0.512,0.44
12586.286662527918,0.544,0.424
12586.286904219389,0.536,0.44
12586.28714591086,0.52,0.41600000000000004
12586.28738760233,0.528,0.424
12586.2876292938,0.504,0.376
12586.28787098527,0.512,0.384
12586.288112676739,0.536,0.368
12586.28835436821,0.536,0.368
12586.28859605968,0.52,0.376
12586.28883775115,0.528,0.368
12586.28907944262,0.504,0.368
12586.28932113409,0.52,0.368
12586.289562825561,0.504,0.376
12586.289804517031,0.504,0.376
12586.290046208502,0.52,0.40800000000000003
12586.29028789997,0.528,0.40800000000000003
12586.29052959144,0.504,0.432
12586.290771282911,0.512,0.424
12586.291012974381,0.528,0.44
12586.291254665852,0.52,0.432
12586.291496357322,0.504,0.40800000000000003
12586.291738048792,0.504,0.40800000000000003
12586.291979740263,0.52,0.376
12586.292221431731,0.504,0.368
12586.292463123202,0.52,0.384
12586.292704814672,0.504,0.368
12586.292946506142,0.52,0.376
12586.293188197613,0.512,0.376
12586.293429889083,0.536,0.368
12586.293671580554,0.528,0.376
12586.293913272024,0.544,0.384
12586.294154963492,0.544,0.384
12586.294396654963,0.52,0.40800000000000003
12586.294638346433,0.512,0.4
12586.294880037904,0.528,0.376
12586.295121729374,0.512,0.376
12586.295363420844,0.536,0.368
12586.295605112315,0.536,0.368
12586.295846803785,0.52,0.368
12586.296088495255,0.536,0.376
12586.296330186724,0.512,0.368
12586.296571878194,0.52,0.376
12586.296813569665,0.504,0.368
12586.297055261135,0.512,0.376
12586.297296952605,0.528,0.368
12586.297538644076,0.52,0.368
12586.297780335546,0.544,0.376
12586.298022027016,0.52,0.384
12586.298263718485,0.544,0.368
12586.298505409955,0.52,0.376
12586.298747101426,0.536,0.424
12586.298988792896,0.528,0.41600000000000004
12586.299230484366,0.504,0.432
12586.299472175837,0.504,0.424
12586.299713867307,0.52,0.432
12586.299955558778,0.528,0.44
12586.300197250246,0.504,0.41600000000000004
12586.300438941716,0.504,0.41600000000000004
12586.300680633187,0.52,0.376
12586.300922324657,0.504,0.384
12586.301164016128,0.536,0.376
12586.301405707598,0.528,0.4
12586.301647399068,0.544,0.424
12586.301889090539,0.528,0.432
12586.302130782009,0.544,0.384
12586.302372473478,0.544,0.384
12586.302614164948,0.528,0.368
12586.302855856418,0.52,0.376
12586.303097547889,0.536,0.368
12586.303339239359,0.504,0.368
12586.30358093083,0.52,0.368
12586.3038226223,0.52,0.368
12586.30406431377,0.504,0.384
12586.304306005239,0.504,0.384
12586.304547696709,0.528,0.432
12586.30478938818,0.52,0.432
12586.30503107965,0.536,0.392
12586.30527277112,0.528,0.392
12586.30551446259,0.536,0.376
12586.30575615406,0.536,0.376
12586.305997845531,0.512,0.4
12586.306239537,0.512,0.392
12586.30648122847,0.544,0.424
12586.30672291994,0.52,0.424
12586.30696461141,0.544,0.376
12586.307206302881,0.528,0.376
12586.307447994352,0.544,0.424
12586.307689685822,0.536,0.41600000000000004
12586.307931377292,0.52,0.376
12586.308173068763,0.528,0.376
12586.308414760231,0.544,0.368
12586.308656451702,0.536,0.368
12586.308898143172,0.512,0.376
12586.309139834642,0.512,0.368
12586.309381526113,0.528,0.376
12586.309623217583,0.512,0.368
12586.309864909053,0.536,0.384
12586.310106600524,0.52,0.376
12586.310348291992,0.552,0.40800000000000003
12586.310589983463,0.536,0.4
12586.310831674933,0.52,0.376
12586.311073366403,0.528,0.368
12586.311315057874,0.512,0.4
12586.311556749344,0.512,0.41600000000000004
12586.311798440815,0.52,0.392
12586.312040132285,0.512,0.392
12586.312281823753,0.52,0.328
12586.312523515224,0.512,0.32
12586.312765206694,0.52,0.16
12586.313006898165,0.52,0.152
12586.313248589635,0.504,0.056
12586.313490281105,0.512,0.056
12586.313731972576,0.52,0.008
12586.313973664046,0.512,0.008
12586.314215355516,0.528,-0.008
12586.314457046985,0.52,0.0
12586.314698738455,0.536,-0.008
12586.314940429926,0.544,-0.008
12586.315182121396,0.52,0.0
12586.315423812866,0.512,-0.008
12586.315665504337,0.52,0.0
12586.315907195807,0.512,0.0
12586.316148887277,0.528,-0.008
12586.316390578746,0.528,0.0
12586.316632270216,0.504,-0.008
12586.316873961687,0.504,0.0
12586.317115653157,0.528,-0.008
12586.317357344627,0.528,-0.008
12586.317599036098,0.536,0.0
12586.317840727568,0.544,-0.008
12586.318082419039,0.512,0.0
12586.318324110507,0.504,-0.008
12586.318565801977,0.52,0.0
12586.318807493448,0.528,-0.008
12586.319049184918,0.504,0.0
12586.319290876389,0.504,0.0
12586.319532567859,0.528,-0.008
12586.31977425933,0.52,-0.008
12586.3200159508,0.504,0.0
12586.32025764227,0.504,-0.008
12586.320499333739,0.52,0.0
12586.320741025209,0.52,0.0
12586.32098271668,0.504,-0.008
12586.32122440815,0.504,0.0
12586.32146609962,0.52,-0.008
12586.32170779109,0.528,0.0
12586.32194948256,0.504,-0.008
12586.322191174031,0.504,0.0
12586.3224328655,0.52,-0.008
12586.32267455697,0.52,0.0
12586.32291624844,0.504,-0.008
12586.32315793991,0.504,-0.008
12586.323399631381,0.528,0.0
12586.323641322851,0.52,-0.008
12586.323883014322,0.544,0.0
12586.324124705792,0.528,0.0
12586.32436639726,0.536,-0.008
12586.324608088731,0.544,0.0
12586.324849780201,0.512,-0.008
12586.325091471672,0.512,-0.008
12586.325333163142,0.536,0.0
12586.325574854613,0.536,0.0
12586.325816546083,0.52,-0.016
12586.326058237553,0.512,0.0
12586.326299929024,0.528,-0.008
12586.326541620492,0.504,0.0
12586.326783311963,0.52,-0.008
12586.327025003433,0.504,0.0
12586.327266694903,0.528,-0.008
12586.327508386374,0.528,0.0
12586.327750077844,0.536,-0.008
12586.327991769314,0.544,0.0
12586.328233460785,0.52,-0.008
12586.328475152253,0.528,0.0
12586.328716843724,0.504,-0.008
12586.328958535194,0.512,-0.008
12586.329200226664,0.536,0.0
12586.329441918135,0.528,0.0
12586.329683609605,0.536,-0.016
12586.329925301075,0.528,-0.008
12586.330166992546,0.536,0.0
12586.330408684014,0.528,0.0
12586.330650375485,0.504,-0.008
12586.330892066955,0.52,0.0
12586.331133758425,0.504,-0.016
12586.331375449896,0.512,0.0
12586.331617141366,0.52,-0.016
12586.331858832837,0.512,0.0
12586.332100524307,0.536,-0.016
12586.332342215777,0.536,0.0
12586.332583907246,0.512,-0.016
12586.332825598716,0.512,0.0
12586.333067290187,0.528,-0.016
12586.333308981657,0.504,0.0
12586.333550673127,0.52,-0.016
12586.333792364598,0.528,0.0
12586.334034056068,0.504,-0.016
12586.334275747538,0.52,0.0
12586.334517439007,0.504,-0.016
12586.334759130477,0.512,-0.016
12586.335000821948,0.52,0.0
12586.335242513418,0.52,0.0
12586.335484204888,0.544,-0.016
12586.335725896359,0.536,0.0
12586.33596758783,0.528,-0.016
12586.3362092793,0.528,0.0
12586.336450970768,0.504,-0.016
12586.336692662238,0.528,-0.016
12586.336934353709,0.544,0.0
12586.33717604518,0.528,0.0
12586.33741773665,0.536,-0.016
12586.33765942812,0.536,0.0
12586.33790111959,0.52,-0.016
12586.33814281106,0.528,0.0
12586.338384502531,0.512,-0.016
12586.338626194,0.52,-0.008
12586.33886788547,0.504,0.0
12586.33910957694,0.512,0.0
12586.33935126841,0.52,-0.016
12586.339592959881,0.512,0.0
12586.339834651351,0.536,-0.016
12586.340076342822,0.536,0.0
12586.340318034292,0.504,-0.008
12586.34055972576,0.504,0.0
12586.340801417231,0.536,-0.016
12586.341043108701,0.544,-0.016
12586.341284800172,0.52,0.0
12586.341526491642,0.512,-0.016
12586.341768183112,0.544,0.0
12586.342009874583,0.536,-0.016
12586.342251566053,0.528,0.0
12586.342493257522,0.544,0.0
12586.342734948992,0.528,-0.016
12586.342976640462,0.544,-0.008
12586.343218331933,0.52,0.0
12586.343460023403,0.512,-0.008
12586.343701714874,0.536,0.0
12586.343943406344,0.528,0.0
12586.344185097814,0.544,-0.016
12586.344426789285,0.536,0.0
12586.344668480753,0.512,-0.008
12586.344910172224,0.512,0.0
12586.345151863694,0.536,-0.016
12586.345393555164,0.536,0.0
12586.345635246635,0.512,-0.016
12586.345876938105,0.512,0.0
12586.346118629575,0.544,-0.016
12586.346360321046,0.528,0.0
12586.346602012514,0.544,-0.008
12586.346843703985,0.544,-0.008
12586.347085395455,0.52,0.0
12586.347327086925,0.504,0.0
12586.347568778396,0.528,-0.016
12586.347810469866,0.512,0.0
12586.348052161336,0.52,-0.008
12586.348293852807,0.512,0.0
12586.348535544275,0.544,-0.016
12586.348777235746,0.528,0.0
12586.349018927216,0.536,-0.016
12586.349260618686,0.528,0.0
12586.349502310157,0.544,-0.016
12586.349744001627,0.528,-0.016
12586.349985693098,0.512,0.0
12586.350227384568,0.512,0.0
12586.350469076038,0.544,-0.016
12586.350710767507,0.528,0.0
12586.350952458977,0.544,-0.016
12586.351194150448,0.528,-0.008
12586.351435841918,0.512,0.0
12586.351677533388,0.52,0.0
12586.351919224859,0.552,-0.016
12586.352160916329,0.536,0.0
12586.3524026078,0.512,-0.016
12586.352644299268,0.536,0.0
12586.352885990738,0.512,-0.008
12586.353127682209,0.512,0.0
12586.353369373679,0.528,-0.016
12586.35361106515,0.512,0.0
12586.35385275662,0.528,-0.016
12586.35409444809,0.52,0.0
12586.35433613956,0.512,-0.016
12586.354577831029,0.512,0.0
12586.3548195225,0.52,-0.016
12586.35506121397,0.512,0.0
12586.35530290544,0.52,-0.016
12586.35554459691,0.52,0.0
12586.35578628838,0.536,-0.016
12586.356027979851,0.512,0.0
12586.356269671322,0.536,-0.016
12586.356511362792,0.544,-0.016
12586.35675305426,0.52,0.0
12586.35699474573,0.528,0.0
12586.357236437201,0.512,-0.008
12586.357478128672,0.528,0.0
12586.357719820142,0.512,-0.016
12586.357961511612,0.52,0.0
12586.358203203083,0.504,-0.016
12586.358444894553,0.512,0.0
12586.358686586022,0.528,-0.016
12586.358928277492,0.512,0.0
12586.359169968962,0.536,-0.016
12586.359411660433,0.52,0.0
12586.359653351903,0.512,-0.016
12586.359895043373,0.512,0.0
12586.360136734844,0.544,-0.016
12586.360378426314,0.528,-0.016
12586.360620117783,0.544,0.0
12586.360861809253,0.512,0.0
12586.361103500723,0.536,-0.016
12586.361345192194,0.528,0.0
12586.361586883664,0.544,-0.016
12586.361828575134,0.536,-0.016
12586.362070266605,0.52,0.0
12586.362311958075,0.52,0.0
12586.362553649546,0.536,-0.016
12586.362795341014,0.544,-0.016
12586.363037032484,0.512,0.0
12586.363278723955,0.52,0.0
12586.363520415425,0.544,-0.016
12586.363762106896,0.52,0.0
12586.364003798366,0.504,-0.016
12586.364245489836,0.512,-0.016
12586.364487181307,0.52,0.0
12586.364728872775,0.528,0.0
12586.364970564246,0.504,-0.016
12586.365212255716,0.512,0.0
12586.365453947186,0.528,-0.016
12586.365695638657,0.512,0.0
12586.365937330127,0.544,-0.008
12586.366179021597,0.528,0.0
12586.366420713068,0.544,-0.016
12586.366662404536,0.512,0.0
12586.366904096007,0.536,-0.016
12586.367145787477,0.536,0.0
12586.367387478947,0.552,-0.016
12586.367629170418,0.552,0.0
12586.367870861888,0.528,-0.016
12586.368112553359,0.544,0.0
12586.368354244829,0.536,-0.016
12586.3685959363,0.536,0.0
12586.368837627768,0.544,-0.016
12586.369079319238,0.536,-0.016
12586.369321010709,0.552,0.0
12586.369562702179,0.536,-0.016
12586.36980439365,0.544,0.0
12586.37004608512,0.536,-0.016
12586.37028777659,0.552,0.0
12586.37052946806,0.536,0.0
12586.370771159529,0.552,-0.016
12586.371012851,0.536,-0.016
12586.37125454247,0.544,0.0
12586.37149623394,0.536,-0.016
12586.37173792541,0.552,0.0
12586.37197961688,0.536,0.0
12586.372221308351,0.552,-0.008
12586.372462999821,0.552,-0.008
12586.37270469129,0.536,0.032
12586.37294638276,0.536,0.032
12586.37318807423,0.552,0.16
12586.373429765701,0.536,0.168
12586.373671457171,0.552,0.32
12586.373913148642,0.536,0.328
12586.374154840112,0.552,0.368
12586.374396531583,0.544,0.368
12586.374638223053,0.536,0.4
12586.374879914521,0.536,0.40800000000000003
12586.375121605992,0.552,0.384
12586.375363297462,0.536,0.384
12586.375604988933,0.544,0.368
12586.375846680403,0.536,0.368
12586.376088371873,0.552,0.4
12586.376330063344,0.552,0.424
12586.376571754814,0.536,0.4
12586.376813446283,0.536,0.40800000000000003
12586.377055137753,0.552,0.376
12586.377296829223,0.552,0.384
12586.377538520694,0.536,0.40800000000000003
12586.377780212164,0.536,0.4
12586.378021903634,0.552,0.376
12586.378263595105,0.536,0.384
12586.378505286575,0.552,0.40800000000000003
12586.378746978044,0.536,0.41600000000000004
12586.378988669514,0.552,0.392
12586.379230360984,0.552,0.432
12586.379472052455,0.536,0.40800000000000003
12586.379713743925,0.552,0.40800000000000003
12586.379955435395,0.536,0.44
12586.380197126866,0.536,0.44
12586.380438818336,0.552,0.41600000000000004
12586.380680509807,0.536,0.432
12586.380922201275,0.552,0.41600000000000004
12586.381163892745,0.536,0.424
12586.381405584216,0.544,0.44
12586.381647275686,0.552,0.44
12586.381888967157,0.536,0.4
12586.382130658627,0.552,0.40800000000000003
12586.382372350097,0.536,0.384
12586.382614041568,0.536,0.40800000000000003
12586.382855733036,0.552,0.384
12586.383097424507,0.536,0.384
12586.383339115977,0.544,0.368
12586.383580807447,0.536,0.368
12586.383822498918,0.56,0.376
12586.384064190388,0.552,0.368
12586.384305881858,0.536,0.376
12586.384547573329,0.552,0.368
12586.384789264797,0.536,0.384
12586.385030956268,0.536,0.368
12586.385272647738,0.56,0.376
12586.385514339208,0.552,0.368
12586.385756030679,0.536,0.376
12586.38599772215,0.552,0.368
12586.38623941362,0.536,0.376
12586.38648110509,0.536,0.368
12586.38672279656,0.56,0.368
12586.386964488029,0.544,0.368
12586.3872061795,0.56,0.376
12586.38744787097,0.536,0.368
12586.38768956244,0.56,0.376
12586.38793125391,0.536,0.368
12586.38817294538,0.56,0.368
12586.388414636851,0.536,0.368
12586.388656328321,0.544,0.376
12586.38889801979,0.544,0.376
12586.38913971126,0.52,0.368
12586.38938140273,0.528,0.368
12586.389623094201,0.512,0.376
12586.389864785671,0.512,0.368
12586.390106477142,0.52,0.376
12586.390348168612,0.512,0.368
12586.390589860082,0.528,0.376
12586.390831551551,0.512,0.376
12586.391073243021,0.528,0.368
12586.391314934492,0.528,0.376
12586.391556625962,0.512,0.368
12586.391798317432,0.528,0.376
12586.392040008903,0.512,0.368
12586.392281700373,0.512,0.368
12586.392523391843,0.528,0.368
12586.392765083314,0.512,0.376
12586.393006774782,0.528,0.368
12586.393248466253,0.512,0.368
12586.393490157723,0.528,0.376
12586.393731849194,0.52,0.368
12586.393973540664,0.544,0.376
12586.394215232134,0.536,0.368
12586.394456923605,0.52,0.376
12586.394698615075,0.512,0.368
12586.394940306544,0.528,0.376
12586.395181998014,0.536,0.368
12586.395423689484,0.512,0.376
12586.395665380955,0.512,0.376
12586.395907072425,0.544,0.368
12586.396148763895,0.536,0.368
12586.396390455366,0.552,0.368
12586.396632146836,0.544,0.368
12586.396873838305,0.528,0.376
12586.397115529775,0.536,0.368
12586.397357221245,0.544,0.376
12586.397598912716,0.536,0.368
12586.397840604186,0.552,0.376
12586.398082295656,0.536,0.368
12586.398323987127,0.552,0.376
12586.398565678597,0.536,0.376
12586.398807370068,0.552,0.368
12586.399049061536,0.536,0.368
12586.399290753006,0.552,0.376
12586.399532444477,0.536,0.368
12586.399774135947,0.552,0.376
12586.400015827418,0.536,0.376
12586.400257518888,0.544,0.368
12586.400499210358,0.536,0.384
12586.400740901829,0.552,0.368
12586.400982593297,0.536,0.376
12586.401224284768,0.552,0.368
12586.401465976238,0.536,0.368
12586.401707667708,0.552,0.376
12586.401949359179,0.552,0.368
12586.402191050649,0.536,0.376
12586.40243274212,0.536,0.368
12586.40267443359,0.552,0.376
12586.402916125058,0.536,0.368
12586.403157816529,0.552,0.376
12586.403399507999,0.536,0.368
12586.40364119947,0.552,0.368
12586.40388289094,0.552,0.368
12586.40412458241,0.536,0.376
12586.40436627388,0.536,0.368
12586.40460796535,0.552,0.376
12586.404849656821,0.552,0.376
12586.40509134829,0.536,0.368
12586.40533303976,0.536,0.376
12586.40557473123,0.552,0.368
12586.4058164227,0.544,0.368
12586.406058114171,0.536,0.368
12586.406299805642,0.536,0.368
12586.406541497112,0.544,0.376
12586.406783188582,0.536,0.368
12586.40702488005,0.552,0.376
12586.407266571521,0.552,0.368
12586.407508262992,0.536,0.368
12586.407749954462,0.536,0.368
12586.407991645932,0.552,0.368
12586.408233337403,0.536,0.368
12586.408475028873,0.56,0.376
12586.408716720343,0.552,0.368
12586.408958411812,0.536,0.376
12586.409200103282,0.552,0.368
12586.409441794753,0.536,0.376
12586.409683486223,0.552,0.368
12586.409925177693,0.536,0.376
12586.410166869164,0.552,0.368
12586.410408560634,0.536,0.376
12586.410650252104,0.536,0.368
12586.410891943575,0.552,0.376
12586.411133635043,0.56,0.384
12586.411375326514,0.536,0.424
12586.411617017984,0.552,0.41600000000000004
12586.411858709454,0.536,0.432
12586.412100400925,0.536,0.44
12586.412342092395,0.552,0.40800000000000003
12586.412583783866,0.536,0.4
12586.412825475336,0.552,0.376
12586.413067166804,0.536,0.368
12586.413308858275,0.552,0.384
12586.413550549745,0.536,0.384
12586.413792241216,0.552,0.424
12586.414033932686,0.552,0.41600000000000004
12586.414275624156,0.536,0.432
12586.414517315627,0.536,0.41600000000000004
12586.414759007097,0.552,0.432
12586.415000698566,0.536,0.432
12586.415242390036,0.512,0.41600000000000004
12586.415484081506,0.528,0.44
12586.415725772977,0.512,0.41600000000000004
