Time,Channel 1,Channel 2
11812.820110797882,0.52,-0.008
11812.82037721773,0.528,-0.016
11812.820643637579,0.52,-0.016
11812.820910057426,0.536,-0.008
11812.821176477273,0.52,-0.016
11812.82144289712,0.536,0.0
11812.82170931697,0.536,-0.016
11812.821975736817,0.512,0.0
11812.822242156664,0.512,-0.008
11812.822508576512,0.536,-0.016
11812.82277499636,0.52,-0.008
11812.823041416208,0.536,-0.016
11812.823307836055,0.52,-0.016
11812.823574255903,0.528,0.0
11812.823840675752,0.52,0.0
11812.8241070956,0.536,-0.016
11812.824373515446,0.52,0.0
11812.824639935296,0.536,-0.016
11812.824906355143,0.52,-0.016
11812.82517277499,0.536,0.0
11812.825439194838,0.52,-0.008
11812.825705614687,0.536,0.032
11812.825972034534,0.52,0.032
11812.826238454381,0.528,0.152
11812.826504874229,0.52,0.152
11812.826771294078,0.536,0.28
11812.827037713925,0.528,0.28800000000000003
11812.827304133772,0.512,0.34400000000000003
11812.82757055362,0.52,0.352
11812.827836973469,0.528,0.368
11812.828103393316,0.52,0.368
11812.828369813164,0.536,0.368
11812.828636233013,0.52,0.368
11812.82890265286,0.536,0.376
11812.829169072707,0.52,0.384
11812.829435492555,0.536,0.368
11812.829701912404,0.52,0.368
11812.829968332251,0.536,0.384
11812.830234752098,0.512,0.384
11812.830501171946,0.536,0.4
11812.830767591795,0.52,0.4
11812.831034011642,0.528,0.376
11812.83130043149,0.52,0.392
11812.831566851337,0.536,0.376
11812.831833271186,0.52,0.376
11812.832099691033,0.528,0.384
11812.83236611088,0.536,0.376
11812.83263253073,0.512,0.376
11812.832898950577,0.536,0.376
11812.833165370424,0.52,0.384
11812.833431790272,0.52,0.376
11812.833698210121,0.536,0.384
11812.833964629968,0.52,0.376
11812.834231049816,0.536,0.384
11812.834497469663,0.52,0.376
11812.834763889512,0.536,0.384
11812.83503030936,0.536,0.376
11812.835296729207,0.52,0.376
11812.835563149054,0.52,0.376
11812.835829568903,0.536,0.368
11812.83609598875,0.536,0.368
11812.836362408598,0.52,0.4
11812.836628828447,0.52,0.4
11812.836895248294,0.528,0.41600000000000004
11812.837161668142,0.52,0.4
11812.837428087989,0.528,0.41600000000000004
11812.837694507838,0.528,0.4
11812.837960927685,0.512,0.41600000000000004
11812.838227347533,0.512,0.41600000000000004
11812.83849376738,0.536,0.392
11812.83876018723,0.528,0.392
11812.839026607076,0.52,0.376
11812.839293026924,0.52,0.376
11812.839559446771,0.528,0.368
11812.83982586662,0.52,0.392
11812.840092286468,0.536,0.368
11812.840358706315,0.536,0.376
11812.840625126164,0.52,0.4
11812.840891546011,0.528,0.4
11812.841157965859,0.512,0.41600000000000004
11812.841424385706,0.528,0.40800000000000003
11812.841690805555,0.512,0.384
11812.841957225402,0.528,0.384
11812.84222364525,0.504,0.376
11812.842490065097,0.512,0.376
11812.842756484946,0.52,0.392
11812.843022904794,0.512,0.376
11812.84328932464,0.528,0.368
11812.843555744488,0.512,0.368
11812.843822164337,0.528,0.376
11812.844088584185,0.512,0.368
11812.844355004032,0.536,0.376
11812.844621423881,0.512,0.384
11812.844887843728,0.528,0.376
11812.845154263576,0.504,0.376
11812.845420683423,0.52,0.4
11812.845687103272,0.512,0.392
11812.84595352312,0.52,0.376
11812.846219942967,0.512,0.392
11812.846486362814,0.528,0.41600000000000004
11812.846752782663,0.512,0.40800000000000003
11812.84701920251,0.544,0.376
11812.847285622358,0.544,0.392
11812.847552042205,0.512,0.40800000000000003
11812.847818462054,0.512,0.4
11812.848084881902,0.52,0.41600000000000004
11812.848351301749,0.504,0.41600000000000004
11812.848617721598,0.536,0.376
11812.848884141446,0.512,0.376
11812.849150561293,0.528,0.368
11812.84941698114,0.512,0.376
11812.84968340099,0.528,0.4
11812.849949820837,0.512,0.4
11812.850216240684,0.528,0.41600000000000004
11812.850482660531,0.512,0.40800000000000003
11812.85074908038,0.52,0.41600000000000004
11812.851015500228,0.512,0.40800000000000003
11812.851281920075,0.528,0.41600000000000004
11812.851548339922,0.528,0.4
11812.851814759772,0.512,0.41600000000000004
11812.852081179619,0.512,0.40800000000000003
11812.852347599466,0.52,0.41600000000000004
11812.852614019315,0.512,0.40800000000000003
11812.852880439163,0.528,0.40800000000000003
11812.85314685901,0.528,0.40800000000000003
11812.853413278857,0.512,0.376
11812.853679698706,0.528,0.376
11812.853946118554,0.504,0.368
11812.854212538401,0.504,0.376
11812.854478958248,0.52,0.4
11812.854745378098,0.512,0.4
11812.855011797945,0.52,0.40800000000000003
11812.855278217792,0.512,0.40800000000000003
11812.85554463764,0.528,0.41600000000000004
11812.855811057489,0.512,0.41600000000000004
11812.856077477336,0.528,0.4
11812.856343897183,0.528,0.40800000000000003
11812.856610317032,0.512,0.384
11812.85687673688,0.512,0.384
11812.857143156727,0.528,0.368
11812.857409576574,0.512,0.368
11812.857675996423,0.52,0.376
11812.85794241627,0.512,0.376
11812.858208836118,0.528,0.4
11812.858475255965,0.528,0.4
11812.858741675815,0.504,0.40800000000000003
11812.859008095662,0.52,0.4
11812.85927451551,0.504,0.376
11812.859540935357,0.504,0.376
11812.859807355206,0.528,0.368
11812.860073775053,0.528,0.376
11812.8603401949,0.512,0.368
11812.86060661475,0.528,0.368
11812.860873034597,0.512,0.384
11812.861139454444,0.512,0.368
11812.861405874291,0.528,0.384
11812.86167229414,0.512,0.376
11812.861938713988,0.52,0.368
11812.862205133835,0.512,0.368
11812.862471553683,0.528,0.376
11812.862737973532,0.536,0.368
11812.863004393379,0.512,0.376
11812.863270813226,0.512,0.384
11812.863537233074,0.528,0.40800000000000003
11812.863803652923,0.504,0.4
11812.86407007277,0.52,0.41600000000000004
11812.864336492617,0.52,0.4
11812.864602912467,0.504,0.41600000000000004
11812.864869332314,0.52,0.40800000000000003
11812.865135752161,0.512,0.376
11812.865402172009,0.512,0.368
11812.865668591858,0.528,0.384
11812.865935011705,0.512,0.368
11812.866201431552,0.52,0.384
11812.8664678514,0.512,0.384
11812.866734271249,0.52,0.4
11812.867000691096,0.512,0.392
11812.867267110943,0.528,0.41600000000000004
11812.86753353079,0.512,0.41600000000000004
11812.86779995064,0.536,0.4
11812.868066370487,0.512,0.41600000000000004
11812.868332790335,0.52,0.4
11812.868599210184,0.512,0.4
11812.868865630031,0.52,0.41600000000000004
11812.869132049878,0.528,0.41600000000000004
11812.869398469726,0.512,0.4
11812.869664889575,0.512,0.4
11812.869931309422,0.528,0.376
11812.87019772927,0.512,0.376
11812.870464149117,0.528,0.368
11812.870730568966,0.504,0.368
11812.870996988813,0.528,0.376
11812.87126340866,0.528,0.368
11812.871529828508,0.512,0.376
11812.871796248357,0.504,0.368
11812.872062668204,0.52,0.376
11812.872329088052,0.512,0.368
11812.8725955079,0.52,0.40800000000000003
11812.872861927748,0.512,0.4
11812.873128347595,0.528,0.41600000000000004
11812.873394767443,0.528,0.4
11812.873661187292,0.504,0.41600000000000004
11812.87392760714,0.512,0.40800000000000003
11812.874194026987,0.528,0.376
11812.874460446834,0.512,0.384
11812.874726866683,0.52,0.368
11812.87499328653,0.512,0.376
11812.875259706378,0.528,0.384
11812.875526126225,0.512,0.392
11812.875792546074,0.536,0.376
11812.876058965921,0.536,0.368
11812.876325385769,0.504,0.376
11812.876591805618,0.512,0.368
11812.876858225465,0.528,0.384
11812.877124645313,0.52,0.368
11812.87739106516,0.536,0.384
11812.877657485009,0.52,0.376
11812.877923904856,0.536,0.4
11812.878190324704,0.528,0.4
11812.878456744551,0.512,0.376
11812.8787231644,0.512,0.368
11812.878989584247,0.528,0.376
11812.879256004095,0.512,0.368
11812.879522423942,0.528,0.376
11812.879788843791,0.512,0.368
11812.880055263638,0.528,0.376
11812.880321683486,0.512,0.368
11812.880588103335,0.536,0.4
11812.880854523182,0.528,0.4
11812.88112094303,0.512,0.41600000000000004
11812.881387362877,0.536,0.40800000000000003
11812.881653782726,0.512,0.41600000000000004
11812.881920202573,0.512,0.41600000000000004
11812.88218662242,0.528,0.392
11812.882453042268,0.528,0.392
11812.882719462117,0.512,0.41600000000000004
11812.882985881964,0.512,0.4
11812.883252301812,0.528,0.41600000000000004
11812.88351872166,0.512,0.4
11812.883785141508,0.52,0.41600000000000004
11812.884051561356,0.512,0.40800000000000003
11812.884317981203,0.52,0.41600000000000004
11812.884584401052,0.512,0.41600000000000004
11812.8848508209,0.536,0.392
11812.885117240747,0.504,0.4
11812.885383660594,0.52,0.376
11812.885650080443,0.528,0.384
11812.88591650029,0.504,0.368
11812.886182920138,0.512,0.368
11812.886449339985,0.528,0.4
11812.886715759834,0.512,0.40800000000000003
11812.886982179682,0.528,0.384
11812.887248599529,0.528,0.384
11812.887515019376,0.512,0.376
11812.887781439225,0.528,0.376
11812.888047859073,0.512,0.384
11812.88831427892,0.512,0.376
11812.88858069877,0.528,0.4
11812.888847118616,0.504,0.392
11812.889113538464,0.512,0.368
11812.889379958311,0.504,0.368
11812.88964637816,0.528,0.4
11812.889912798008,0.504,0.4
11812.890179217855,0.528,0.40800000000000003
11812.890445637702,0.512,0.4
11812.890712057551,0.528,0.40800000000000003
11812.890978477399,0.512,0.41600000000000004
11812.891244897246,0.528,0.4
11812.891511317093,0.512,0.40800000000000003
11812.891777736942,0.528,0.36
11812.89204415679,0.512,0.352
11812.892310576637,0.528,0.28800000000000003
11812.892576996486,0.528,0.28
11812.892843416334,0.512,0.14400000000000002
11812.89310983618,0.52,0.136
11812.893376256028,0.536,0.04
11812.893642675877,0.528,0.032
11812.893909095725,0.504,0.0
11812.894175515572,0.512,0.008
11812.89444193542,0.52,-0.008
11812.894708355268,0.512,0.0
11812.894974775116,0.52,-0.008
11812.895241194963,0.512,0.0
11812.89550761481,0.528,-0.016
11812.89577403466,0.512,-0.008
11812.896040454507,0.52,0.0
11812.896306874354,0.512,-0.016
11812.896573294203,0.528,0.0
11812.89683971405,0.528,0.0
11812.897106133898,0.504,-0.016
11812.897372553745,0.504,0.0
11812.897638973594,0.528,-0.016
11812.897905393442,0.512,-0.016
11812.898171813289,0.52,0.0
11812.898438233136,0.536,-0.016
11812.898704652986,0.512,0.0
11812.898971072833,0.52,0.0
11812.89923749268,0.504,-0.016
11812.899503912528,0.512,-0.016
11812.899770332377,0.528,0.0
11812.900036752224,0.512,0.0
11812.900303172071,0.536,-0.016
11812.90056959192,0.52,0.0
11812.900836011768,0.504,-0.016
11812.901102431615,0.504,-0.016
11812.901368851462,0.528,0.0
11812.901635271312,0.512,0.0
11812.901901691159,0.528,-0.016
11812.902168111006,0.512,0.0
11812.902434530853,0.52,-0.016
11812.902700950703,0.512,0.0
11812.90296737055,0.536,-0.016
11812.903233790397,0.528,0.0
11812.903500210245,0.512,-0.016
11812.903766630094,0.512,-0.016
11812.904033049941,0.52,0.0
11812.904299469788,0.512,-0.016
11812.904565889638,0.528,0.0
11812.904832309485,0.512,-0.016
11812.905098729332,0.528,0.0
11812.90536514918,0.512,-0.016
11812.905631569029,0.528,0.0
11812.905897988876,0.512,-0.016
11812.906164408723,0.528,0.0
11812.90643082857,0.512,-0.016
11812.90669724842,0.528,0.0
11812.906963668267,0.528,-0.016
11812.907230088114,0.504,0.0
11812.907496507962,0.504,-0.016
11812.90776292781,0.528,0.0
11812.908029347658,0.512,-0.016
11812.908295767505,0.528,0.0
11812.908562187355,0.512,-0.016
11812.908828607202,0.528,0.0
11812.90909502705,0.536,-0.016
11812.909361446897,0.512,0.0
11812.909627866746,0.512,0.0
11812.909894286593,0.52,-0.016
11812.91016070644,0.512,0.0
11812.910427126288,0.52,-0.016
11812.910693546137,0.512,0.0
11812.910959965984,0.536,-0.016
11812.911226385831,0.52,0.0
11812.911492805679,0.504,-0.016
11812.911759225528,0.512,0.0
11812.912025645375,0.528,-0.016
11812.912292065223,0.512,-0.016
11812.912558485072,0.536,0.0
11812.912824904919,0.512,-0.016
11812.913091324766,0.528,0.0
11812.913357744614,0.512,-0.016
11812.913624164463,0.528,0.0
11812.91389058431,0.512,0.0
11812.914157004157,0.528,-0.016
11812.914423424005,0.528,-0.016
11812.914689843854,0.512,0.0
11812.914956263701,0.504,0.0
11812.915222683549,0.528,-0.016
11812.915489103396,0.512,-0.008
11812.915755523245,0.528,-0.016
11812.916021943092,0.512,-0.016
11812.91628836294,0.52,-0.008
11812.916554782789,0.512,-0.008
11812.916821202636,0.528,-0.016
11812.917087622483,0.528,-0.016
11812.91735404233,0.512,0.0
11812.91762046218,0.528,-0.016
11812.917886882027,0.504,0.0
11812.918153301875,0.504,-0.016
11812.918419721722,0.52,0.0
11812.918686141571,0.504,-0.016
11812.918952561418,0.528,0.0
11812.919218981266,0.512,-0.016
11812.919485401113,0.528,0.0
11812.919751820962,0.512,-0.016
11812.92001824081,0.528,0.0
11812.920284660657,0.512,-0.016
11812.920551080506,0.528,0.0
11812.920817500353,0.512,-0.008
11812.9210839202,0.52,-0.016
11812.921350340048,0.512,-0.008
11812.921616759897,0.52,-0.016
11812.921883179744,0.512,-0.016
11812.922149599592,0.528,0.0
11812.922416019439,0.512,-0.016
11812.922682439288,0.528,-0.008
11812.922948859135,0.528,-0.016
11812.923215278983,0.504,-0.008
11812.92348169883,0.504,0.0
11812.92374811868,0.52,-0.016
11812.924014538527,0.512,-0.016
11812.924280958374,0.528,0.0
11812.924547378223,0.512,-0.008
11812.92481379807,0.528,-0.016
11812.925080217918,0.528,-0.008
11812.925346637765,0.504,-0.016
11812.925613057614,0.512,-0.016
11812.925879477461,0.528,0.0
11812.926145897309,0.512,-0.008
11812.926412317156,0.528,-0.016
11812.926678737005,0.528,-0.016
11812.926945156853,0.512,0.0
11812.9272115767,0.52,-0.008
11812.927477996547,0.504,-0.016
11812.927744416396,0.52,-0.016
11812.928010836244,0.504,0.0
11812.928277256091,0.512,-0.008
11812.92854367594,0.536,-0.016
11812.928810095787,0.504,-0.016
11812.929076515635,0.52,0.0
11812.929342935482,0.512,-0.008
11812.929609355331,0.52,-0.016
11812.929875775179,0.512,-0.008
11812.930142195026,0.528,-0.016
11812.930408614873,0.504,-0.016
11812.930675034722,0.52,0.0
11812.93094145457,0.512,-0.008
11812.931207874417,0.52,-0.016
11812.931474294264,0.512,-0.008
11812.931740714113,0.528,-0.016
11812.93200713396,0.512,-0.016
11812.932273553808,0.52,-0.008
11812.932539973657,0.512,-0.008
11812.932806393505,0.536,-0.016
11812.933072813352,0.528,-0.008
11812.9333392332,0.512,-0.016
11812.933605653048,0.52,-0.016
11812.933872072896,0.504,-0.008
11812.934138492743,0.512,-0.008
11812.93440491259,0.52,-0.016
11812.93467133244,0.512,-0.016
11812.934937752287,0.52,-0.008
11812.935204172134,0.512,-0.008
11812.935470591981,0.528,-0.016
11812.93573701183,0.512,-0.008
11812.936003431678,0.528,-0.016
11812.936269851525,0.512,-0.008
11812.936536271374,0.52,-0.016
11812.936802691222,0.512,-0.016
11812.937069111069,0.528,0.0
11812.937335530916,0.512,-0.016
11812.937601950765,0.528,-0.008
11812.937868370613,0.512,-0.008
11812.93813479046,0.52,-0.016
11812.938401210307,0.512,-0.008
11812.938667630156,0.528,-0.016
11812.938934050004,0.536,-0.016
11812.939200469851,0.512,-0.008
11812.939466889698,0.512,-0.016
11812.939733309548,0.528,0.0
11812.939999729395,0.512,-0.016
11812.940266149242,0.528,0.0
11812.940532569091,0.512,-0.008
11812.940798988939,0.528,-0.016
11812.941065408786,0.528,-0.008
11812.941331828633,0.512,-0.016
11812.941598248482,0.512,-0.008
11812.94186466833,0.528,-0.016
11812.942131088177,0.528,-0.008
11812.942397508024,0.512,-0.016
11812.942663927874,0.504,-0.016
11812.94293034772,0.528,-0.008
11812.943196767568,0.528,-0.008
11812.943463187416,0.504,-0.016
11812.943729607265,0.504,-0.016
11812.943996027112,0.528,-0.008
11812.94426244696,0.512,-0.016
11812.944528866808,0.528,-0.008
11812.944795286656,0.512,0.0
11812.945061706503,0.528,-0.016
11812.94532812635,0.512,-0.016
11812.9455945462,0.528,0.0
11812.945860966047,0.512,-0.016
11812.946127385894,0.528,-0.008
11812.946393805742,0.512,-0.016
11812.94666022559,0.528,0.0
11812.946926645438,0.512,-0.016
11812.947193065285,0.528,0.0
11812.947459485133,0.528,-0.016
11812.947725904982,0.512,0.0
11812.94799232483,0.512,-0.016
11812.948258744676,0.528,-0.008
11812.948525164526,0.52,-0.016
11812.948791584373,0.504,-0.008
11812.94905800422,0.512,-0.008
11812.949324424068,0.528,-0.016
11812.949590843917,0.512,-0.016
11812.949857263764,0.528,0.0
11812.950123683611,0.512,-0.016
11812.950390103459,0.528,0.0
11812.950656523308,0.512,-0.016
11812.950922943155,0.536,-0.008
11812.951189363002,0.52,-0.016
11812.95145578285,0.536,-0.008
11812.951722202699,0.52,-0.016
11812.951988622546,0.536,0.0
11812.952255042394,0.528,-0.016
11812.952521462243,0.52,0.0
11812.95278788209,0.52,-0.008
11812.953054301937,0.536,-0.016
11812.953320721785,0.52,-0.016
11812.953587141634,0.528,0.0
11812.953853561481,0.52,-0.016
11812.954119981328,0.536,0.0
11812.954386401176,0.52,-0.016
11812.954652821025,0.536,0.0
11812.954919240872,0.536,-0.016
11812.95518566072,0.512,0.0
11812.955452080567,0.52,-0.016
11812.955718500416,0.528,-0.008
11812.955984920263,0.52,-0.016
11812.95625134011,0.528,0.0
11812.95651775996,0.52,-0.008
11812.956784179807,0.528,-0.016
11812.957050599654,0.52,-0.016
11812.957317019502,0.536,0.0
11812.95758343935,0.52,0.0
11812.957849859198,0.536,-0.016
11812.958116279045,0.52,-0.016
11812.958382698893,0.528,0.0
11812.958649118742,0.52,-0.008
11812.95891553859,0.536,0.024
11812.959181958437,0.52,0.032
11812.959448378284,0.528,0.14400000000000002
11812.959714798133,0.52,0.152
11812.95998121798,0.536,0.28800000000000003
11812.960247637828,0.536,0.28
11812.960514057677,0.512,0.352
11812.960780477524,0.536,0.352
11812.961046897371,0.52,0.368
11812.961313317219,0.52,0.368
11812.961579737068,0.528,0.384
11812.961846156915,0.52,0.384
11812.962112576763,0.528,0.40800000000000003
11812.96237899661,0.536,0.4
11812.962645416459,0.52,0.376
11812.962911836306,0.52,0.376
11812.963178256154,0.536,0.376
11812.963444676001,0.52,0.376
11812.96371109585,0.536,0.4
11812.963977515697,0.52,0.384
11812.964243935545,0.536,0.376
11812.964510355394,0.52,0.384
11812.964776775241,0.528,0.376
11812.965043195089,0.52,0.376
11812.965309614936,0.528,0.4
11812.965576034785,0.528,0.4
11812.965842454632,0.512,0.41600000000000004
11812.96610887448,0.512,0.41600000000000004
11812.966375294327,0.536,0.4
11812.966641714176,0.52,0.4
11812.966908134023,0.528,0.368
11812.96717455387,0.52,0.368
11812.967440973718,0.536,0.376
11812.967707393567,0.52,0.376
11812.967973813415,0.536,0.40800000000000003
11812.968240233262,0.52,0.392
11812.968506653111,0.528,0.40800000000000003
11812.968773072958,0.52,0.4
11812.969039492806,0.536,0.376
11812.969305912653,0.52,0.376
11812.969572332502,0.528,0.4
11812.96983875235,0.52,0.4
11812.970105172197,0.536,0.41600000000000004
11812.970371592044,0.52,0.41600000000000004
11812.970638011893,0.528,0.392
11812.97090443174,0.52,0.384
11812.971170851588,0.536,0.376
11812.971437271435,0.52,0.384
11812.971703691284,0.536,0.368
11812.971970111132,0.52,0.376
11812.972236530979,0.536,0.4
11812.972502950828,0.536,0.392
11812.972769370675,0.52,0.40800000000000003
11812.973035790523,0.52,0.384
11812.97330221037,0.536,0.376
11812.97356863022,0.52,0.368
11812.973835050067,0.536,0.4
11812.974101469914,0.52,0.4
11812.974367889761,0.536,0.40800000000000003
11812.97463430961,0.52,0.40800000000000003
11812.974900729458,0.536,0.41600000000000004
11812.975167149305,0.52,0.41600000000000004
11812.975433569152,0.528,0.4
11812.975699989001,0.52,0.4
11812.975966408849,0.528,0.41600000000000004
11812.976232828696,0.52,0.40800000000000003
11812.976499248545,0.528,0.41600000000000004
11812.976765668393,0.52,0.4
11812.97703208824,0.536,0.41600000000000004
11812.977298508087,0.52,0.41600000000000004
11812.977564927936,0.528,0.4
11812.977831347784,0.52,0.41600000000000004
11812.978097767631,0.528,0.4
11812.978364187478,0.52,0.41600000000000004
11812.978630607327,0.536,0.4
11812.978897027175,0.52,0.4
11812.979163447022,0.536,0.41600000000000004
11812.97942986687,0.52,0.4
11812.979696286719,0.528,0.376
11812.979962706566,0.52,0.384
11812.980229126413,0.536,0.368
11812.980495546262,0.52,0.368
11812.98076196611,0.536,0.376
11812.981028385957,0.52,0.376
11812.981294805804,0.536,0.392
11812.981561225653,0.528,0.384
11812.9818276455,0.512,0.4
11812.982094065348,0.52,0.384
11812.982360485195,0.536,0.392
11812.982626905045,0.52,0.384
11812.982893324892,0.528,0.368
11812.98315974474,0.52,0.376
11812.983426164586,0.528,0.4
11812.983692584436,0.52,0.392
11812.983959004283,0.536,0.376
11812.98422542413,0.52,0.368
11812.98449184398,0.528,0.376
11812.984758263827,0.52,0.368
11812.985024683674,0.528,0.384
11812.985291103521,0.52,0.376
11812.98555752337,0.528,0.384
11812.985823943218,0.52,0.376
11812.986090363065,0.528,0.40800000000000003
11812.986356782912,0.52,0.392
11812.986623202762,0.528,0.40800000000000003
11812.986889622609,0.528,0.4
11812.987156042456,0.512,0.40800000000000003
11812.987422462304,0.52,0.4
11812.987688882153,0.536,0.41600000000000004
11812.987955302,0.52,0.40800000000000003
11812.988221721847,0.536,0.384
11812.988488141697,0.52,0.392
11812.988754561544,0.536,0.376
11812.989020981391,0.52,0.376
11812.989287401238,0.536,0.368
11812.989553821088,0.536,0.376
11812.989820240935,0.52,0.368
11812.990086660782,0.528,0.376
11812.99035308063,0.52,0.368
11812.990619500479,0.52,0.368
11812.990885920326,0.536,0.384
11812.991152340173,0.52,0.384
11812.99141876002,0.528,0.40800000000000003
11812.99168517987,0.52,0.4
11812.991951599717,0.536,0.41600000000000004
11812.992218019564,0.52,0.4
11812.992484439414,0.536,0.41600000000000004
11812.992750859261,0.512,0.4
11812.993017279108,0.536,0.376
11812.993283698956,0.52,0.376
11812.993550118805,0.536,0.4
11812.993816538652,0.52,0.4
11812.9940829585,0.528,0.41600000000000004
11812.994349378347,0.52,0.40800000000000003
11812.994615798196,0.536,0.40800000000000003
11812.994882218043,0.52,0.41600000000000004
11812.99514863789,0.528,0.384
11812.995415057738,0.512,0.384
11812.995681477587,0.528,0.376
11812.995947897434,0.512,0.376
11812.996214317282,0.536,0.41600000000000004
11812.99648073713,0.512,0.4
11812.996747156978,0.536,0.384
11812.997013576825,0.512,0.376
11812.997279996673,0.536,0.392
11812.997546416522,0.512,0.4
11812.99781283637,0.528,0.376
11812.998079256216,0.512,0.368
11812.998345676064,0.528,0.384
11812.998612095913,0.512,0.376
11812.99887851576,0.528,0.384
11812.999144935608,0.512,0.368
11812.999411355455,0.528,0.4
11812.999677775304,0.528,0.40800000000000003
11812.999944195151,0.512,0.384
11813.000210614999,0.512,0.384
11813.000477034848,0.528,0.376
11813.000743454695,0.536,0.376
11813.001009874542,0.512,0.384
11813.00127629439,0.512,0.376
11813.001542714239,0.528,0.376
11813.001809134086,0.512,0.376
11813.002075553934,0.528,0.376
11813.00234197378,0.512,0.376
11813.00260839363,0.528,0.376
11813.002874813477,0.512,0.376
11813.003141233325,0.544,0.368
11813.003407653172,0.512,0.368
11813.003674073021,0.528,0.4
11813.003940492868,0.536,0.392
11813.004206912716,0.504,0.41600000000000004
11813.004473332565,0.504,0.40800000000000003
11813.004739752412,0.528,0.4
11813.00500617226,0.536,0.41600000000000004
11813.005272592107,0.512,0.384
11813.005539011956,0.512,0.376
11813.005805431803,0.528,0.392
11813.00607185165,0.528,0.376
11813.006338271498,0.512,0.384
11813.006604691347,0.52,0.376
11813.006871111194,0.504,0.392
11813.007137531042,0.512,0.376
11813.007403950889,0.52,0.384
11813.007670370738,0.512,0.376
11813.007936790586,0.528,0.376
11813.008203210433,0.512,0.376
11813.008469630282,0.528,0.384
11813.00873605013,0.512,0.376
11813.009002469977,0.528,0.376
11813.009268889824,0.512,0.376
11813.009535309673,0.528,0.376
11813.00980172952,0.512,0.376
11813.010068149368,0.528,0.384
11813.010334569215,0.528,0.376
11813.010600989064,0.512,0.384
11813.010867408912,0.512,0.376
11813.011133828759,0.528,0.376
11813.011400248606,0.512,0.376
11813.011666668455,0.528,0.384
11813.011933088303,0.512,0.376
11813.01219950815,0.536,0.384
11813.012465927999,0.528,0.376
11813.012732347846,0.512,0.384
11813.012998767694,0.512,0.376
11813.013265187541,0.528,0.384
11813.01353160739,0.512,0.376
11813.013798027237,0.536,0.384
11813.014064447085,0.52,0.376
11813.014330866932,0.536,0.376
11813.014597286781,0.536,0.376
11813.014863706629,0.512,0.384
11813.015130126476,0.52,0.376
11813.015396546323,0.528,0.376
11813.015662966172,0.52,0.376
11813.01592938602,0.536,0.384
11813.016195805867,0.52,0.376
11813.016462225716,0.536,0.384
11813.016728645563,0.52,0.376
11813.01699506541,0.536,0.376
11813.017261485258,0.536,0.376
11813.017527905107,0.512,0.384
11813.017794324955,0.512,0.376
11813.018060744802,0.528,0.376
11813.01832716465,0.52,0.376
11813.018593584498,0.504,0.384
11813.018860004346,0.504,0.376
11813.019126424193,0.528,0.384
11813.01939284404,0.512,0.376
11813.01965926389,0.52,0.376
11813.019925683737,0.512,0.376
11813.020192103584,0.536,0.376
11813.020458523433,0.52,0.384
11813.02072494328,0.504,0.376
11813.020991363128,0.512,0.376
11813.021257782975,0.52,0.384
11813.021524202824,0.512,0.376
11813.021790622672,0.52,0.376
11813.022057042519,0.512,0.376
11813.022323462366,0.528,0.384
11813.022589882215,0.512,0.376
11813.022856302063,0.528,0.384
11813.02312272191,0.512,0.376
11813.023389141757,0.528,0.376
11813.023655561607,0.512,0.376
11813.023921981454,0.528,0.384
11813.024188401301,0.512,0.368
11813.02445482115,0.528,0.384
11813.024721240998,0.512,0.368
11813.024987660845,0.52,0.376
11813.025254080692,0.512,0.376
11813.025520500541,0.528,0.304
11813.025786920389,0.512,0.296
11813.026053340236,0.528,0.136
11813.026319760083,0.512,0.128
11813.026586179933,0.536,0.04
11813.02685259978,0.528,0.04
11813.027119019627,0.504,0.008
11813.027385439475,0.512,0.008
11813.027651859324,0.536,-0.008
11813.027918279171,0.528,-0.008
11813.028184699018,0.504,0.0
11813.028451118867,0.512,-0.016
11813.028717538715,0.52,0.0
11813.028983958562,0.512,-0.016
11813.02925037841,0.528,0.0
11813.029516798259,0.512,0.0
11813.029783218106,0.536,-0.016
11813.030049637953,0.528,0.0
11813.0303160578,0.512,-0.016
11813.03058247765,0.512,-0.016
11813.030848897497,0.528,0.0
11813.031115317344,0.52,0.0
11813.031381737192,0.504,-0.016
11813.03164815704,0.504,0.0
11813.031914576888,0.52,-0.016
11813.032180996735,0.52,-0.016
11813.032447416585,0.504,0.0
11813.032713836432,0.504,0.0
11813.03298025628,0.52,-0.016
11813.033246676127,0.512,0.0
11813.033513095976,0.528,-0.016
11813.033779515823,0.512,0.0
11813.03404593567,0.52,-0.016
11813.034312355518,0.512,-0.016
11813.034578775367,0.52,0.0
11813.034845195214,0.512,0.0
11813.035111615061,0.528,-0.016
11813.035378034909,0.512,0.0
11813.035644454758,0.536,-0.016
11813.035910874605,0.528,0.0
11813.036177294453,0.512,-0.016
11813.036443714302,0.504,0.0
11813.036710134149,0.528,-0.016
11813.036976553996,0.52,0.0
11813.037242973844,0.528,-0.016
11813.037509393693,0.512,0.0
11813.03777581354,0.528,-0.016
11813.038042233387,0.52,-0.016
11813.038308653235,0.536,0.0
11813.038575073084,0.528,-0.016
11813.038841492931,0.52,0.0
11813.039107912778,0.52,-0.016
11813.039374332626,0.528,0.0
11813.039640752475,0.52,-0.016
11813.039907172322,0.536,0.0
11813.04017359217,0.528,0.0
11813.040440012019,0.512,-0.016
11813.040706431866,0.512,0.0
11813.040972851713,0.528,-0.016
11813.04123927156,0.512,-0.016
11813.04150569141,0.528,0.0
11813.041772111257,0.512,0.0
11813.042038531104,0.528,-0.016
11813.042304950952,0.512,-0.016
11813.042571370801,0.536,0.0
11813.042837790648,0.512,0.0
11813.043104210496,0.52,-0.016
11813.043370630343,0.512,-0.008
11813.043637050192,0.536,-0.016
11813.04390347004,0.536,-0.016
11813.044169889887,0.512,0.0
11813.044436309736,0.528,-0.016
11813.044702729583,0.512,0.0
11813.04496914943,0.52,-0.016
11813.045235569278,0.504,0.0
11813.045501989127,0.512,-0.016
11813.045768408974,0.52,0.0
11813.046034828822,0.512,-0.008
11813.046301248669,0.52,-0.016
11813.046567668518,0.512,-0.016
11813.046834088365,0.528,0.0
11813.047100508213,0.528,-0.016
11813.04736692806,0.512,0.0
11813.04763334791,0.512,-0.016
11813.047899767756,0.536,0.0
11813.048166187604,0.52,-0.016
11813.048432607453,0.504,0.0
11813.0486990273,0.512,-0.016
11813.048965447148,0.528,0.0
11813.049231866995,0.512,0.0
11813.049498286844,0.52,-0.016
11813.049764706691,0.512,-0.016
11813.050031126539,0.52,0.0
11813.050297546386,0.512,-0.016
11813.050563966235,0.528,-0.008
11813.050830386082,0.512,-0.016
11813.05109680593,0.528,0.0
11813.051363225777,0.512,-0.016
11813.051629645626,0.52,0.0
11813.051896065474,0.512,-0.016
11813.05216248532,0.52,0.0
11813.05242890517,0.512,-0.016
11813.052695325017,0.536,0.0
11813.052961744865,0.528,-0.016
11813.053228164712,0.504,0.0
11813.053494584561,0.512,-0.016
11813.053761004408,0.528,0.0
11813.054027424256,0.528,-0.016
11813.054293844103,0.512,0.0
11813.054560263952,0.528,-0.008
11813.0548266838,0.512,-0.016
11813.055093103647,0.504,-0.008
11813.055359523494,0.528,-0.016
11813.055625943343,0.512,-0.016
11813.05589236319,0.52,0.0
11813.056158783038,0.512,-0.016
11813.056425202887,0.528,0.0
11813.056691622734,0.512,-0.016
11813.056958042582,0.528,0.0
11813.057224462429,0.536,-0.016
11813.057490882278,0.504,-0.008
11813.057757302126,0.504,-0.016
11813.058023721973,0.528,-0.008
11813.05829014182,0.528,-0.016
11813.05855656167,0.512,0.0
11813.058822981517,0.504,-0.016
11813.059089401364,0.52,0.0
11813.059355821211,0.512,-0.016
11813.05962224106,0.52,0.0
11813.059888660908,0.512,-0.016
11813.060155080755,0.52,0.0
11813.060421500604,0.512,-0.008
11813.060687920452,0.528,-0.016
11813.060954340299,0.512,-0.008
11813.061220760146,0.528,-0.016
11813.061487179995,0.52,-0.016
11813.061753599843,0.504,-0.008
11813.06202001969,0.512,0.0
11813.062286439537,0.528,-0.016
11813.062552859386,0.512,-0.016
11813.062819279234,0.528,0.0
11813.063085699081,0.512,0.0
11813.063352118928,0.536,-0.016
11813.063618538778,0.544,-0.016
11813.063884958625,0.512,0.0
11813.064151378472,0.52,-0.008
11813.064417798321,0.504,-0.016
11813.064684218169,0.52,-0.016
11813.064950638016,0.512,0.0
11813.065217057863,0.512,-0.016
11813.065483477712,0.528,0.0
11813.06574989756,0.512,-0.016
11813.066016317407,0.528,-0.008
11813.066282737254,0.52,-0.016
11813.066549157104,0.496,0.0
11813.06681557695,0.504,-0.008
11813.067081996798,0.52,-0.016
11813.067348416645,0.52,-0.016
11813.067614836495,0.512,-0.008
11813.067881256342,0.512,-0.016
11813.06814767619,0.52,-0.008
11813.068414096038,0.512,-0.016
11813.068680515886,0.528,0.0
11813.068946935733,0.536,-0.016
11813.06921335558,0.504,0.0
11813.06947977543,0.504,-0.016
11813.069746195277,0.52,0.0
11813.070012615124,0.512,-0.008
11813.070279034971,0.528,-0.016
11813.07054545482,0.512,-0.008
11813.070811874668,0.528,-0.016
11813.071078294515,0.512,-0.016
11813.071344714363,0.528,0.0
11813.071611134212,0.512,-0.008
11813.071877554059,0.536,-0.016
11813.072143973906,0.512,-0.008
11813.072410393755,0.528,-0.016
11813.072676813603,0.512,-0.008
11813.07294323345,0.52,-0.016
11813.073209653297,0.512,-0.008
11813.073476073147,0.528,-0.016
11813.073742492994,0.536,-0.016
11813.074008912841,0.496,-0.008
11813.074275332689,0.496,-0.016
11813.074541752538,0.528,0.0
11813.074808172385,0.512,-0.016
11813.075074592232,0.528,0.0
11813.07534101208,0.512,-0.008
11813.075607431929,0.52,-0.016
11813.075873851776,0.512,-0.016
11813.076140271623,0.528,-0.008
11813.076406691473,0.504,-0.008
11813.07667311132,0.52,-0.016
11813.076939531167,0.512,-0.008
11813.077205951015,0.52,-0.016
11813.077472370864,0.512,-0.008
11813.077738790711,0.528,-0.016
11813.078005210558,0.512,-0.008
11813.078271630406,0.536,-0.016
11813.078538050255,0.512,-0.016
11813.078804470102,0.536,0.0
11813.07907088995,0.536,-0.008
11813.079337309797,0.512,-0.016
11813.079603729646,0.512,-0.016
11813.079870149493,0.528,-0.008
11813.08013656934,0.512,0.0
11813.08040298919,0.528,-0.016
11813.080669409037,0.512,-0.008
11813.080935828884,0.536,-0.016
11813.081202248732,0.528,-0.016
11813.08146866858,0.512,0.0
11813.081735088428,0.512,-0.016
11813.082001508275,0.528,-0.008
11813.082267928123,0.512,-0.008
11813.082534347972,0.528,-0.016
11813.08280076782,0.512,-0.016
11813.083067187667,0.528,-0.008
11813.083333607514,0.528,-0.008
11813.083600027363,0.504,-0.016
11813.08386644721,0.512,-0.016
11813.084132867058,0.536,0.0
11813.084399286907,0.528,-0.016
11813.084665706754,0.512,-0.008
11813.084932126601,0.512,-0.008
11813.085198546449,0.528,-0.016
11813.085464966298,0.528,-0.008
11813.085731386145,0.512,-0.016
11813.085997805993,0.512,-0.016
11813.08626422584,0.52,0.0
11813.086530645689,0.52,-0.016
11813.086797065536,0.512,-0.008
11813.087063485384,0.512,-0.016
11813.087329905231,0.52,-0.008
11813.08759632508,0.512,-0.016
11813.087862744927,0.528,0.0
11813.088129164775,0.512,0.0
11813.088395584624,0.528,-0.016
11813.088662004471,0.512,-0.016
11813.088928424319,0.528,0.0
11813.089194844166,0.52,-0.016
11813.089461264015,0.528,0.0
11813.089727683862,0.528,-0.016
11813.08999410371,0.512,0.0
11813.090260523557,0.52,-0.016
11813.090526943406,0.528,0.0
11813.090793363253,0.52,-0.016
11813.0910597831,0.496,0.0
11813.091326202948,0.504,-0.016
11813.091592622797,0.536,0.0
11813.091859042645,0.52,-0.008
11813.092125462492,0.536,0.032
11813.092391882341,0.52,0.032
11813.092658302188,0.528,0.136
11813.092924722036,0.512,0.14400000000000002
11813.093191141883,0.536,0.272
11813.093457561732,0.528,0.28800000000000003
11813.09372398158,0.512,0.34400000000000003
11813.093990401427,0.528,0.34400000000000003
11813.094256821274,0.512,0.376
11813.094523241123,0.52,0.376
11813.09478966097,0.536,0.40800000000000003
11813.095056080818,0.536,0.4
11813.095322500665,0.52,0.41600000000000004
11813.095588920514,0.52,0.40800000000000003
11813.095855340362,0.528,0.376
11813.096121760209,0.52,0.384
11813.096388180058,0.536,0.368
11813.096654599905,0.52,0.368
11813.096921019753,0.528,0.376
11813.0971874396,0.52,0.376
11813.09745385945,0.536,0.40800000000000003
11813.097720279296,0.52,0.4
11813.097986699144,0.536,0.376
11813.098253118991,0.52,0.376
11813.09851953884,0.536,0.376
11813.098785958688,0.512,0.376
11813.099052378535,0.536,0.384
11813.099318798382,0.512,0.368
11813.099585218231,0.536,0.384
11813.099851638079,0.52,0.384
11813.100118057926,0.536,0.4
11813.100384477775,0.52,0.392
11813.100650897622,0.536,0.376
11813.10091731747,0.52,0.4
11813.101183737317,0.536,0.384
11813.101450157166,0.52,0.376
11813.101716577014,0.536,0.392
11813.10198299686,0.52,0.392
11813.102249416708,0.528,0.4
11813.102515836557,0.52,0.41600000000000004
11813.102782256405,0.536,0.392
11813.103048676252,0.52,0.4
11813.1033150961,0.536,0.376
11813.103581515948,0.52,0.376
11813.103847935796,0.536,0.368
11813.104114355643,0.536,0.368
11813.104380775492,0.512,0.376
11813.10464719534,0.52,0.376
11813.104913615187,0.528,0.40800000000000003
11813.105180035034,0.52,0.392
11813.105446454883,0.536,0.376
11813.10571287473,0.52,0.392
11813.105979294578,0.528,0.40800000000000003
11813.106245714425,0.52,0.4
11813.106512134274,0.528,0.376
11813.106778554122,0.52,0.384
11813.10704497397,0.528,0.368
11813.107311393816,0.52,0.384
11813.107577813666,0.536,0.368
11813.107844233513,0.52,0.376
11813.10811065336,0.536,0.4
11813.10837707321,0.52,0.4
11813.108643493057,0.536,0.41600000000000004
11813.108909912904,0.52,0.4
11813.109176332751,0.536,0.376
11813.1094427526,0.528,0.368
11813.109709172448,0.512,0.384
11813.109975592295,0.512,0.368
11813.110242012142,0.536,0.384
11813.110508431992,0.52,0.384
11813.110774851839,0.536,0.41600000000000004
11813.111041271686,0.52,0.4
11813.111307691534,0.536,0.376
11813.111574111383,0.528,0.376
11813.11184053123,0.512,0.392
11813.112106951077,0.512,0.4
11813.112373370926,0.528,0.384
11813.112639790774,0.512,0.376
11813.112906210621,0.528,0.376
11813.113172630468,0.536,0.368
11813.113439050318,0.512,0.376
11813.113705470165,0.528,0.368
11813.113971890012,0.512,0.392
11813.11423830986,0.512,0.392
11813.114504729709,0.528,0.41600000000000004
11813.114771149556,0.528,0.41600000000000004
11813.115037569403,0.504,0.4
11813.11530398925,0.512,0.392
11813.1155704091,0.52,0.376
11813.115836828947,0.512,0.368
11813.116103248794,0.52,0.384
11813.116369668644,0.512,0.376
11813.11663608849,0.52,0.392
11813.116902508338,0.512,0.392
11813.117168928185,0.528,0.40800000000000003
11813.117435348035,0.512,0.41600000000000004
11813.117701767882,0.52,0.384
11813.11796818773,0.512,0.392
11813.118234607577,0.528,0.376
11813.118501027426,0.512,0.4
11813.118767447273,0.536,0.376
11813.11903386712,0.536,0.384
11813.119300286968,0.504,0.368
11813.119566706817,0.52,0.376
11813.119833126664,0.512,0.392
11813.120099546511,0.504,0.392
11813.12036596636,0.528,0.40800000000000003
11813.120632386208,0.512,0.40800000000000003
11813.120898806055,0.52,0.384
11813.121165225903,0.512,0.392
11813.121431645752,0.52,0.376
11813.121698065599,0.512,0.376
11813.121964485446,0.528,0.392
11813.122230905294,0.512,0.384
11813.122497325143,0.528,0.376
11813.12276374499,0.512,0.376
11813.123030164837,0.52,0.4
11813.123296584685,0.512,0.40800000000000003
11813.123563004534,0.528,0.384
11813.123829424381,0.512,0.376
11813.124095844229,0.52,0.384
11813.124362264078,0.512,0.376
11813.124628683925,0.528,0.376
11813.124895103772,0.512,0.376
11813.12516152362,0.52,0.384
11813.125427943469,0.504,0.376
11813.125694363316,0.528,0.376
11813.125960783163,0.512,0.376
11813.12622720301,0.528,0.384
11813.12649362286,0.528,0.376
11813.126760042707,0.512,0.384
11813.127026462555,0.512,0.376
11813.127292882402,0.528,0.376
11813.127559302251,0.512,0.376
11813.127825722098,0.528,0.384
11813.128092141946,0.512,0.376
11813.128358561795,0.528,0.376
11813.128624981642,0.512,0.376
11813.12889140149,0.528,0.376
11813.129157821337,0.512,0.376
11813.129424241186,0.52,0.376
11813.129690661033,0.512,0.376
11813.12995708088,0.528,0.384
11813.130223500728,0.52,0.376
11813.130489920577,0.512,0.384
11813.130756340424,0.512,0.376
11813.131022760272,0.536,0.376
11813.131289180119,0.504,0.376
11813.131555599968,0.528,0.384
11813.131822019815,0.52,0.376
11813.132088439663,0.512,0.376
11813.132354859512,0.52,0.376
11813.13262127936,0.504,0.384
11813.132887699207,0.512,0.376
11813.133154119054,0.528,0.392
11813.133420538903,0.528,0.376
11813.13368695875,0.512,0.384
11813.133953378598,0.504,0.376
11813.134219798445,0.528,0.376
11813.134486218294,0.52,0.376
11813.134752638141,0.504,0.384
11813.135019057989,0.512,0.376
11813.135285477836,0.52,0.384
11813.135551897685,0.528,0.376
11813.135818317533,0.512,0.384
11813.13608473738,0.504,0.376
11813.136351157229,0.528,0.376
11813.136617577076,0.512,0.376
11813.136883996924,0.52,0.384
11813.137150416771,0.512,0.376
11813.13741683662,0.528,0.384
11813.137683256467,0.512,0.376
11813.137949676315,0.528,0.384
11813.138216096162,0.52,0.376
11813.138482516011,0.504,0.384
11813.138748935859,0.512,0.376
11813.139015355706,0.528,0.384
11813.139281775553,0.504,0.376
11813.139548195402,0.528,0.376
11813.144813776016,0.512,0.0
11813.145059716702,0.528,-0.016
11813.145305657386,0.512,0.0
11813.145551598072,0.528,-0.016
11813.145797538757,0.512,-0.008
11813.146043479443,0.536,0.0
11813.146289420129,0.512,-0.016
11813.146535360813,0.528,0.0
11813.146781301499,0.528,-0.016
11813.147027242183,0.504,0.0
11813.147273182869,0.504,0.0
11813.147519123555,0.52,-0.008
11813.14776506424,0.512,0.0
11813.148011004925,0.528,-0.008
11813.14825694561,0.512,-0.016
11813.148502886295,0.528,0.0
11813.148748826981,0.512,-0.008
11813.148994767665,0.528,0.0
11813.149240708351,0.504,-0.008
11813.149486649036,0.52,0.0
11813.149732589722,0.512,-0.008
11813.149978530408,0.52,0.032
11813.150224471092,0.512,0.032
11813.150470411778,0.528,0.14400000000000002
11813.150716352462,0.512,0.152
11813.150962293148,0.528,0.312
11813.151208233834,0.512,0.32
11813.151454174518,0.528,0.392
11813.151700115204,0.52,0.392
11813.151946055888,0.504,0.41600000000000004
11813.152191996574,0.512,0.424
11813.15243793726,0.504,0.4
11813.152683877945,0.52,0.384
11813.15292981863,0.504,0.4
11813.153175759315,0.504,0.384
11813.1534217,0.52,0.4
11813.153667640687,0.528,0.392
11813.153913581371,0.504,0.40800000000000003
11813.154159522057,0.512,0.424
11813.154405462741,0.52,0.384
11813.154651403427,0.512,0.384
11813.154897344113,0.528,0.4
11813.155143284797,0.512,0.384
11813.155389225483,0.528,0.392
11813.155635166167,0.512,0.384
11813.155881106853,0.536,0.4
11813.15612704754,0.512,0.392
11813.156372988224,0.528,0.424
11813.15661892891,0.512,0.424
11813.156864869594,0.528,0.40800000000000003
11813.15711081028,0.512,0.40800000000000003
11813.157356750966,0.536,0.384
11813.15760269165,0.512,0.384
11813.157848632336,0.528,0.4
11813.15809457302,0.512,0.384
11813.158340513706,0.528,0.392
11813.158586454392,0.52,0.4
11813.158832395076,0.512,0.384
11813.159078335762,0.512,0.4
11813.159324276447,0.52,0.424
11813.159570217133,0.512,0.41600000000000004
11813.159816157819,0.52,0.432
11813.160062098503,0.504,0.432
11813.160308039189,0.528,0.41600000000000004
11813.160553979873,0.52,0.424
11813.160799920559,0.504,0.392
11813.161045861245,0.504,0.384
11813.16129180193,0.52,0.4
11813.161537742615,0.512,0.384
11813.1617836833,0.528,0.392
11813.162029623985,0.512,0.384
11813.162275564671,0.528,0.392
11813.162521505355,0.528,0.384
11813.162767446041,0.512,0.384
11813.163013386726,0.512,0.384
11813.163259327412,0.528,0.4
11813.163505268098,0.512,0.384
11813.163751208782,0.528,0.40800000000000003
11813.163997149468,0.52,0.40800000000000003
11813.164243090152,0.504,0.424
11813.164489030838,0.512,0.40800000000000003
11813.164734971524,0.528,0.392
11813.164980912208,0.52,0.392
11813.165226852894,0.528,0.384
11813.165472793578,0.528,0.392
11813.165718734264,0.512,0.424
11813.16596467495,0.52,0.424
11813.166210615635,0.504,0.392
11813.16645655632,0.512,0.4
11813.166702497005,0.504,0.384
11813.16694843769,0.504,0.392
11813.167194378377,0.52,0.432
11813.167440319061,0.528,0.424
11813.167686259747,0.504,0.392
11813.167932200431,0.512,0.392
11813.168178141117,0.52,0.384
11813.168424081803,0.512,0.384
11813.168670022487,0.52,0.392
11813.168915963173,0.512,0.392
11813.169161903857,0.528,0.384
11813.169407844543,0.512,0.384
11813.16965378523,0.528,0.424
11813.169899725914,0.512,0.41600000000000004
11813.1701456666,0.528,0.432
11813.170391607284,0.504,0.41600000000000004
11813.17063754797,0.52,0.432
11813.170883488656,0.52,0.41600000000000004
11813.17112942934,0.504,0.384
11813.171375370026,0.512,0.384
11813.17162131071,0.52,0.4
11813.171867251396,0.512,0.392
11813.172113192082,0.528,0.41600000000000004
11813.172359132766,0.512,0.41600000000000004
11813.172605073452,0.528,0.432
11813.172851014137,0.512,0.41600000000000004
11813.173096954823,0.536,0.392
11813.173342895509,0.528,0.384
11813.173588836193,0.504,0.392
11813.173834776879,0.496,0.4
11813.174080717563,0.52,0.384
11813.174326658249,0.512,0.4
11813.174572598935,0.528,0.384
11813.174818539619,0.512,0.384
11813.175064480305,0.528,0.424
11813.17531042099,0.528,0.41600000000000004
11813.175556361675,0.512,0.424
11813.175802302361,0.504,0.41600000000000004
11813.176048243045,0.52,0.432
11813.176294183731,0.512,0.424
11813.176540124416,0.528,0.392
11813.176786065102,0.512,0.384
11813.177032005788,0.528,0.4
11813.177277946472,0.512,0.392
11813.177523887158,0.528,0.40800000000000003
11813.177769827842,0.52,0.40800000000000003
11813.178015768528,0.504,0.432
11813.178261709214,0.512,0.424
11813.178507649898,0.52,0.4
11813.178753590584,0.528,0.4
11813.178999531268,0.504,0.384
11813.179245471954,0.528,0.384
11813.17949141264,0.512,0.41600000000000004
11813.179737353325,0.512,0.41600000000000004
11813.17998329401,0.528,0.432
11813.180229234695,0.512,0.432
11813.18047517538,0.528,0.41600000000000004
11813.180721116067,0.512,0.424
11813.18096705675,0.536,0.41600000000000004
11813.181212997437,0.528,0.41600000000000004
11813.181458938121,0.504,0.432
11813.181704878807,0.52,0.432
11813.181950819493,0.496,0.41600000000000004
11813.182196760177,0.512,0.424
11813.182442700863,0.52,0.384
11813.182688641547,0.512,0.384
11813.182934582233,0.528,0.4
11813.18318052292,0.504,0.392
11813.183426463604,0.528,0.424
11813.18367240429,0.52,0.424
11813.183918344974,0.504,0.392
11813.18416428566,0.512,0.392
11813.184410226346,0.52,0.384
11813.18465616703,0.512,0.384
11813.184902107716,0.52,0.392
11813.1851480484,0.512,0.384
11813.185393989086,0.528,0.40800000000000003
11813.185639929772,0.52,0.40800000000000003
11813.185885870456,0.504,0.424
11813.186131811142,0.512,0.424
11813.186377751827,0.52,0.392
11813.186623692513,0.512,0.392
11813.186869633199,0.528,0.424
11813.187115573883,0.512,0.41600000000000004
11813.187361514569,0.528,0.432
11813.187607455253,0.512,0.424
11813.187853395939,0.528,0.432
11813.188099336625,0.528,0.432
11813.188345277309,0.512,0.41600000000000004
11813.188591217995,0.528,0.432
11813.18883715868,0.504,0.41600000000000004
11813.189083099365,0.512,0.424
11813.189329040051,0.52,0.392
11813.189574980735,0.528,0.384
11813.189820921421,0.512,0.4
11813.190066862106,0.512,0.384
11813.190312802792,0.528,0.41600000000000004
11813.190558743478,0.536,0.40800000000000003
11813.190804684162,0.504,0.432
11813.191050624848,0.504,0.432
11813.191296565532,0.528,0.41600000000000004
11813.191542506218,0.512,0.432
11813.191788446904,0.52,0.41600000000000004
11813.192034387588,0.512,0.432
11813.192280328274,0.528,0.41600000000000004
11813.192526268958,0.512,0.432
11813.192772209644,0.528,0.41600000000000004
11813.19301815033,0.504,0.41600000000000004
11813.193264091014,0.52,0.384
11813.1935100317,0.512,0.384
11813.193755972385,0.52,0.41600000000000004
11813.19400191307,0.512,0.41600000000000004
11813.194247853757,0.52,0.392
11813.19449379444,0.512,0.392
11813.194739735127,0.528,0.41600000000000004
11813.194985675811,0.512,0.40800000000000003
11813.195231616497,0.528,0.432
11813.195477557183,0.512,0.41600000000000004
11813.195723497867,0.528,0.432
11813.195969438553,0.536,0.41600000000000004
11813.196215379237,0.512,0.432
11813.196461319923,0.52,0.424
11813.19670726061,0.536,0.392
11813.196953201294,0.512,0.392
11813.19719914198,0.528,0.384
11813.197445082664,0.512,0.392
11813.19769102335,0.536,0.424
11813.197936964036,0.52,0.41600000000000004
11813.19818290472,0.512,0.392
11813.198428845406,0.512,0.392
11813.19867478609,0.52,0.41600000000000004
11813.198920726776,0.512,0.40800000000000003
11813.199166667462,0.528,0.432
11813.199412608146,0.512,0.41600000000000004
11813.199658548832,0.528,0.432
11813.199904489516,0.512,0.432
11813.200150430202,0.528,0.41600000000000004
11813.200396370888,0.512,0.432
11813.200642311573,0.528,0.4
11813.200888252259,0.528,0.4
11813.201134192943,0.504,0.392
11813.201380133629,0.504,0.392
11813.201626074315,0.528,0.384
11813.201872014999,0.52,0.384
11813.202117955685,0.528,0.4
11813.20236389637,0.52,0.392
11813.202609837055,0.528,0.4
11813.202855777741,0.52,0.4
11813.203101718425,0.536,0.424
11813.203347659111,0.52,0.4
11813.203593599796,0.536,0.384
11813.203839540482,0.52,0.384
11813.204085481168,0.536,0.392
11813.204331421852,0.52,0.384
11813.204577362538,0.528,0.392
11813.204823303222,0.536,0.392
11813.205069243908,0.512,0.41600000000000004
11813.205315184594,0.528,0.41600000000000004
11813.205561125278,0.512,0.432
11813.205807065964,0.52,0.424
11813.206053006648,0.536,0.41600000000000004
11813.206298947334,0.512,0.41600000000000004
11813.20654488802,0.528,0.392
11813.206790828704,0.512,0.384
11813.20703676939,0.528,0.40800000000000003
11813.207282710075,0.504,0.41600000000000004
11813.20752865076,0.52,0.392
11813.207774591447,0.512,0.384
11813.20802053213,0.528,0.4
11813.208266472817,0.512,0.384
11813.208512413501,0.544,0.40800000000000003
11813.208758354187,0.536,0.40800000000000003
11813.209004294873,0.512,0.4
11813.209250235557,0.528,0.4
11813.209496176243,0.512,0.40800000000000003
11813.209742116927,0.528,0.4
11813.209988057613,0.512,0.432
11813.2102339983,0.512,0.41600000000000004
11813.210479938984,0.536,0.432
11813.21072587967,0.512,0.424
11813.210971820354,0.52,0.392
11813.21121776104,0.512,0.384
11813.211463701726,0.52,0.312
11813.21170964241,0.512,0.304
11813.211955583096,0.528,0.16
11813.21220152378,0.512,0.16
11813.212447464466,0.528,0.056
11813.212693405152,0.512,0.056
11813.212939345836,0.52,0.008
11813.213185286522,0.512,0.016
11813.213431227206,0.528,-0.008
11813.213677167892,0.52,-0.008
11813.213923108578,0.536,0.0
11813.214169049263,0.512,0.0
11813.214414989949,0.528,-0.008
11813.214660930633,0.512,0.0
11813.214906871319,0.52,-0.008
11813.215152812005,0.512,0.0
11813.215398752689,0.528,-0.008
11813.215644693375,0.52,0.0
11813.21589063406,0.512,-0.008
11813.216136574745,0.512,-0.008
11813.216382515431,0.52,0.0
11813.216628456115,0.52,0.0
11813.216874396801,0.504,-0.008
11813.217120337486,0.528,-0.008
11813.217366278172,0.512,0.0
11813.217612218858,0.528,0.0
11813.217858159542,0.504,-0.008
11813.218104100228,0.512,-0.008
11813.218350040912,0.528,0.0
11813.218595981598,0.52,-0.008
11813.218841922284,0.528,0.0
11813.219087862968,0.52,0.0
11813.219333803654,0.536,-0.016
11813.219579744338,0.52,0.0
11813.219825685024,0.536,-0.008
11813.22007162571,0.52,0.0
11813.220317566394,0.536,-0.016
11813.22056350708,0.52,0.0
11813.220809447765,0.528,-0.016
11813.22105538845,0.52,-0.008
11813.221301329137,0.528,0.0
11813.22154726982,0.52,0.0
11813.221793210507,0.536,-0.008
11813.222039151191,0.512,0.0
11813.222285091877,0.528,-0.008
11813.222531032563,0.52,-0.008
11813.222776973247,0.536,0.0
11813.223022913933,0.52,-0.008
11813.223268854617,0.536,0.0
11813.223514795303,0.52,-0.008
11813.22376073599,0.528,0.0
11813.224006676674,0.52,-0.008
11813.22425261736,0.528,0.0
11813.224498558044,0.52,0.0
11813.22474449873,0.536,-0.008
11813.224990439416,0.52,-0.008
11813.2252363801,0.536,0.0
11813.225482320786,0.52,0.0
11813.22572826147,0.536,-0.008
11813.225974202156,0.52,0.0
11813.226220142842,0.528,-0.008
11813.226466083526,0.52,0.0
11813.226712024212,0.536,-0.008
11813.226957964896,0.52,0.0
11813.227203905582,0.528,-0.008
11813.227449846268,0.512,0.0
11813.227695786953,0.536,-0.008
11813.227941727639,0.52,0.0
11813.228187668323,0.528,-0.016
11813.228433609009,0.52,-0.008
11813.228679549695,0.536,0.0
11813.228925490379,0.52,-0.008
11813.229171431065,0.536,0.0
11813.22941737175,0.52,0.0
11813.229663312435,0.536,-0.008
11813.229909253121,0.512,-0.008
11813.230155193805,0.536,0.0
11813.230401134491,0.52,-0.008
11813.230647075176,0.528,0.0
11813.230893015862,0.52,-0.008
11813.231138956548,0.536,0.0
11813.231384897232,0.528,0.0
11813.231630837918,0.512,-0.008
11813.231876778602,0.52,0.0
11813.232122719288,0.536,-0.008
11813.232368659974,0.52,-0.008
11813.232614600658,0.536,0.0
11813.232860541344,0.52,0.0
11813.233106482028,0.536,-0.008
11813.233352422714,0.52,0.0
11813.2335983634,0.536,-0.016
11813.233844304084,0.52,0.0
11813.23409024477,0.536,-0.008
11813.234336185455,0.536,0.0
11813.23458212614,0.52,-0.008
11813.234828066827,0.52,0.0
11813.23507400751,0.536,-0.008
11813.235319948197,0.52,0.0
11813.235565888881,0.536,-0.008
11813.235811829567,0.52,0.0
11813.236057770253,0.528,-0.008
11813.236303710937,0.52,0.0
11813.236549651623,0.528,-0.008
11813.236795592307,0.52,0.0
11813.237041532993,0.528,-0.008
11813.23728747368,0.528,-0.008
11813.237533414363,0.512,0.0
11813.23777935505,0.52,0.0
11813.238025295734,0.528,-0.016
11813.23827123642,0.52,-0.008
11813.238517177106,0.528,0.0
11813.23876311779,0.52,-0.008
11813.239009058476,0.536,0.0
11813.23925499916,0.528,0.0
11813.239500939846,0.512,-0.008
11813.239746880532,0.536,0.0
11813.239992821216,0.512,-0.008
11813.240238761902,0.512,0.0
11813.240484702586,0.528,-0.008
11813.240730643272,0.512,0.0
11813.240976583958,0.52,-0.008
11813.241222524643,0.512,-0.008
11813.241468465329,0.52,0.0
11813.241714406013,0.512,-0.008
11813.241960346699,0.536,0.0
11813.242206287385,0.528,0.0
11813.242452228069,0.512,-0.008
11813.242698168755,0.52,-0.016
11813.24294410944,0.528,0.0
11813.243190050125,0.52,0.0
11813.243435990811,0.528,-0.016
11813.243681931495,0.52,0.0
11813.243927872181,0.528,-0.016
11813.244173812865,0.52,-0.016
11813.244419753551,0.528,0.0
11813.244665694237,0.536,0.0
11813.244911634922,0.512,-0.008
11813.245157575608,0.52,-0.008
11813.245403516292,0.536,0.0
11813.245649456978,0.52,-0.008
11813.245895397664,0.528,0.0
11813.246141338348,0.52,-0.016
11813.246387279034,0.536,0.0
11813.246633219718,0.52,-0.008
11813.246879160404,0.536,0.0
11813.24712510109,0.52,0.0
11813.247371041774,0.536,-0.008
11813.24761698246,0.528,-0.008
11813.247862923145,0.512,0.0
11813.24810886383,0.536,0.0
11813.248354804517,0.52,-0.008
11813.2486007452,0.52,0.0
11813.248846685887,0.528,-0.008
11813.249092626571,0.52,0.0
11813.249338567257,0.536,-0.008
11813.249584507943,0.536,-0.008
11813.249830448627,0.512,0.0
11813.250076389313,0.528,-0.008
11813.250322329997,0.52,0.0
11813.250568270683,0.52,0.0
11813.25081421137,0.536,-0.008
11813.251060152053,0.528,0.0
11813.25130609274,0.52,-0.008
11813.251552033424,0.52,0.0
11813.25179797411,0.528,-0.008
11813.252043914796,0.52,0.0
11813.25228985548,0.528,-0.016
11813.252535796166,0.52,-0.016
11813.25278173685,0.528,0.0
11813.253027677536,0.52,-0.016
11813.253273618222,0.536,0.0
11813.253519558906,0.52,-0.016
11813.253765499592,0.528,0.0
11813.254011440276,0.52,0.0
11813.254257380962,0.528,-0.008
11813.254503321648,0.536,0.0
11813.254749262333,0.52,-0.016
11813.254995203019,0.52,-0.008
11813.255241143703,0.536,0.0
11813.255487084389,0.528,-0.016
11813.255733025075,0.52,0.0
11813.255978965759,0.52,0.0
11813.256224906445,0.536,-0.016
11813.25647084713,0.52,0.0
11813.256716787815,0.536,-0.008
11813.256962728501,0.52,0.0
11813.257208669185,0.528,-0.016
11813.257454609871,0.52,-0.016
11813.257700550555,0.536,0.0
11813.257946491241,0.52,-0.008
11813.258192431927,0.536,0.0
11813.258438372612,0.52,-0.016
11813.258684313298,0.536,0.0
11813.258930253982,0.52,0.0
11813.259176194668,0.536,-0.016
11813.259422135354,0.536,0.0
11813.259668076038,0.512,-0.016
11813.259914016724,0.52,-0.008
11813.260159957408,0.536,0.0
11813.260405898094,0.52,0.0
11813.26065183878,0.536,-0.016
11813.260897779464,0.52,0.0
11813.26114372015,0.528,-0.008
11813.261389660835,0.52,-0.008
11813.26163560152,0.528,0.0
11813.261881542207,0.52,0.0
11813.26212748289,0.528,-0.016
11813.262373423577,0.52,0.0
11813.26261936426,0.536,-0.016
11813.262865304947,0.52,0.0
11813.263111245633,0.536,-0.008
11813.263357186317,0.528,0.0
11813.263603127003,0.512,-0.008
11813.263849067687,0.528,0.0
11813.264095008373,0.512,-0.008
11813.26434094906,0.528,0.0
11813.264586889743,0.512,-0.016
11813.26483283043,0.528,0.0
11813.265078771114,0.512,-0.016
11813.2653247118,0.52,0.0
11813.265570652486,0.528,-0.008
11813.26581659317,0.528,0.0
11813.266062533856,0.512,-0.008
11813.26630847454,0.512,-0.008
11813.266554415226,0.52,0.0
11813.266800355912,0.52,-0.016
11813.267046296596,0.512,0.0
11813.267292237282,0.512,0.0
11813.267538177966,0.528,-0.016
11813.267784118652,0.512,0.0
11813.268030059338,0.528,-0.008
11813.268276000023,0.528,0.0
11813.268521940709,0.512,-0.016
11813.268767881393,0.512,-0.008
11813.269013822079,0.52,0.0
11813.269259762765,0.512,0.0
11813.269505703449,0.52,-0.016
11813.269751644135,0.512,0.0
11813.269997584819,0.528,-0.016
11813.270243525505,0.528,0.0
11813.270489466191,0.512,-0.016
11813.270735406875,0.512,-0.016
11813.270981347561,0.528,0.0
11813.271227288245,0.536,-0.016
11813.271473228931,0.512,0.0
11813.271719169617,0.504,-0.016
11813.271965110302,0.52,0.0
11813.272211050988,0.52,-0.016
11813.272456991672,0.504,0.0
11813.272702932358,0.512,-0.008
11813.272948873044,0.528,0.032
11813.273194813728,0.512,0.024
11813.273440754414,0.52,0.136
11813.273686695098,0.52,0.14400000000000002
11813.273932635784,0.512,0.28
11813.27417857647,0.512,0.28800000000000003
11813.274424517154,0.52,0.352
11813.27467045784,0.528,0.36
11813.274916398525,0.512,0.376
11813.27516233921,0.512,0.376
11813.275408279897,0.528,0.4
11813.27565422058,0.528,0.4
11813.275900161267,0.512,0.424
11813.27614610195,0.528,0.424
11813.276392042637,0.512,0.392
11813.276637983323,0.52,0.384
11813.276883924007,0.504,0.4
11813.277129864693,0.512,0.384
11813.277375805377,0.52,0.4
11813.277621746063,0.504,0.384
11813.27786768675,0.52,0.41600000000000004
11813.278113627433,0.52,0.424
11813.27835956812,0.504,0.4
11813.278605508804,0.512,0.4
11813.27885144949,0.536,0.392
11813.279097390176,0.52,0.4
11813.27934333086,0.496,0.432
11813.279589271546,0.504,0.40800000000000003
11813.27983521223,0.52,0.392
11813.280081152916,0.512,0.384
11813.280327093602,0.52,0.41600000000000004
11813.280573034286,0.52,0.41600000000000004
11813.280818974972,0.504,0.432
11813.281064915656,0.504,0.41600000000000004
11813.281310856342,0.52,0.432
11813.281556797028,0.512,0.424
11813.281802737712,0.528,0.392
11813.282048678398,0.512,0.384
11813.282294619083,0.504,0.4
11813.282540559769,0.52,0.384
11813.282786500455,0.504,0.4
11813.283032441139,0.52,0.392
11813.283278381825,0.504,0.41600000000000004
11813.283524322509,0.512,0.40800000000000003
11813.283770263195,0.528,0.432
11813.284016203881,0.52,0.432
11813.284262144565,0.504,0.424
11813.284508085251,0.512,0.424
11813.284754025935,0.528,0.432
11813.284999966621,0.512,0.432
11813.285245907307,0.528,0.424
11813.285491847992,0.512,0.432
11813.285737788678,0.528,0.40800000000000003
11813.285983729362,0.512,0.4
11813.286229670048,0.52,0.392
11813.286475610734,0.52,0.392
11813.286721551418,0.504,0.384
11813.286967492104,0.512,0.384
11813.287213432788,0.52,0.40800000000000003
11813.287459373474,0.512,0.40800000000000003
11813.28770531416,0.52,0.424
11813.287951254844,0.504,0.41600000000000004
11813.28819719553,0.52,0.432
11813.288443136214,0.512,0.432
11813.2886890769,0.536,0.392
11813.288935017586,0.504,0.392
11813.28918095827,0.528,0.424
11813.289426898957,0.512,0.41600000000000004
11813.28967283964,0.528,0.392
11813.289918780327,0.512,0.392
11813.290164721013,0.528,0.40800000000000003
11813.290410661697,0.512,0.392
11813.290656602383,0.52,0.4
11813.290902543067,0.528,0.4
11813.291148483753,0.512,0.384
11813.29139442444,0.528,0.384
11813.291640365123,0.512,0.392
11813.29188630581,0.496,0.384
11813.292132246494,0.52,0.392
11813.29237818718,0.512,0.392
11813.292624127866,0.528,0.384
11813.29287006855,0.512,0.392
11813.293116009236,0.528,0.424
11813.29336194992,0.512,0.41600000000000004
11813.293607890606,0.52,0.432
11813.293853831292,0.512,0.432
11813.294099771976,0.528,0.41600000000000004
11813.294345712662,0.528,0.41600000000000004
11813.294591653346,0.512,0.432
11813.294837594032,0.536,0.41600000000000004
11813.295083534718,0.512,0.432
11813.295329475402,0.52,0.432
11813.295575416088,0.504,0.41600000000000004
11813.295821356773,0.512,0.41600000000000004
11813.296067297459,0.52,0.424
11813.296313238145,0.512,0.424
11813.296559178829,0.528,0.4
11813.296805119515,0.512,0.4
11813.297051060199,0.528,0.392
11813.297297000885,0.512,0.4
11813.297542941571,0.528,0.384
11813.297788882255,0.512,0.384
11813.298034822941,0.52,0.392
11813.298280763625,0.512,0.392
11813.298526704311,0.528,0.424
11813.298772644997,0.512,0.424
11813.299018585682,0.528,0.4
11813.299264526368,0.512,0.40800000000000003
11813.299510467052,0.536,0.392
11813.299756407738,0.504,0.4
11813.300002348424,0.528,0.424
11813.300248289108,0.504,0.41600000000000004
11813.300494229794,0.528,0.432
11813.300740170478,0.512,0.424
11813.300986111164,0.528,0.4
11813.30123205185,0.512,0.4
11813.301477992534,0.528,0.384
11813.30172393322,0.528,0.392
11813.301969873904,0.512,0.424
11813.30221581459,0.536,0.41600000000000004
11813.302461755276,0.504,0.392
11813.30270769596,0.496,0.392
11813.302953636647,0.528,0.4
11813.30319957733,0.528,0.4
11813.303445518017,0.512,0.41600000000000004
11813.303691458703,0.512,0.424
11813.303937399387,0.528,0.392
11813.304183340073,0.512,0.4
11813.304429280757,0.528,0.384
11813.304675221443,0.512,0.384
11813.30492116213,0.52,0.424
11813.305167102813,0.52,0.424
11813.3054130435,0.504,0.4
11813.305658984184,0.512,0.392
11813.30590492487,0.528,0.384
11813.306150865556,0.512,0.384
11813.30639680624,0.528,0.392
11813.306642746926,0.512,0.384
11813.30688868761,0.528,0.424
11813.307134628296,0.52,0.424
11813.307380568982,0.504,0.392
11813.307626509666,0.504,0.392
11813.307872450352,0.52,0.384
11813.308118391036,0.504,0.384
11813.308364331722,0.52,0.40800000000000003
11813.308610272408,0.504,0.40800000000000003
11813.308856213092,0.52,0.424
11813.309102153778,0.512,0.41600000000000004
11813.309348094463,0.52,0.392
11813.309594035149,0.512,0.392
11813.309839975835,0.528,0.4
11813.310085916519,0.528,0.392
11813.310331857205,0.512,0.41600000000000004
11813.310577797889,0.512,0.41600000000000004
11813.310823738575,0.528,0.424
11813.311069679261,0.528,0.41600000000000004
11813.311315619945,0.504,0.432
11813.311561560631,0.504,0.432
11813.311807501315,0.528,0.41600000000000004
11813.312053442001,0.512,0.41600000000000004
11813.312299382687,0.528,0.432
11813.312545323372,0.512,0.432
11813.312791264058,0.528,0.40800000000000003
11813.313037204742,0.528,0.4
11813.313283145428,0.504,0.41600000000000004
11813.313529086114,0.512,0.4
11813.313775026798,0.528,0.432
11813.314020967484,0.52,0.40800000000000003
11813.314266908168,0.528,0.424
11813.314512848854,0.52,0.41600000000000004
11813.31475878954,0.528,0.392
11813.315004730224,0.52,0.4
11813.31525067091,0.528,0.384
11813.315496611594,0.52,0.384
11813.31574255228,0.528,0.41600000000000004
11813.315988492966,0.52,0.40800000000000003
11813.31623443365,0.528,0.432
11813.316480374337,0.52,0.432
11813.31672631502,0.536,0.40800000000000003
11813.316972255707,0.528,0.41600000000000004
11813.317218196393,0.512,0.432
11813.317464137077,0.52,0.41600000000000004
11813.317710077763,0.528,0.432
11813.317956018447,0.52,0.432
11813.318201959133,0.536,0.40800000000000003
11813.31844789982,0.52,0.41600000000000004
11813.318693840503,0.528,0.392
11813.31893978119,0.52,0.392
11813.319185721874,0.536,0.41600000000000004
11813.31943166256,0.52,0.41600000000000004
11813.319677603246,0.536,0.4
11813.31992354393,0.528,0.40800000000000003
11813.320169484616,0.512,0.424
11813.3204154253,0.52,0.424
11813.320661365986,0.536,0.4
11813.320907306672,0.52,0.4
11813.321153247356,0.528,0.384
11813.321399188042,0.52,0.384
11813.321645128726,0.528,0.41600000000000004
11813.321891069412,0.512,0.424
11813.322137010098,0.536,0.41600000000000004
11813.322382950782,0.536,0.424
11813.322628891468,0.52,0.4
11813.322874832153,0.52,0.392
11813.323120772839,0.528,0.392
11813.323366713525,0.52,0.392
11813.323612654209,0.536,0.392
11813.323858594895,0.52,0.4
11813.324104535579,0.536,0.392
11813.324350476265,0.536,0.384
11813.324596416951,0.512,0.4
11813.324842357635,0.52,0.392
11813.325088298321,0.536,0.392
11813.325334239005,0.52,0.392
11813.325580179691,0.528,0.4
11813.325826120377,0.536,0.392
11813.326072061061,0.52,0.392
11813.326318001747,0.52,0.392
11813.326563942432,0.528,0.4
11813.326809883118,0.536,0.392
11813.327055823804,0.512,0.4
11813.327301764488,0.512,0.392
11813.327547705174,0.536,0.4
11813.327793645858,0.528,0.392
11813.328039586544,0.512,0.4
11813.32828552723,0.512,0.392
11813.328531467914,0.528,0.392
11813.3287774086,0.512,0.392
11813.329023349284,0.528,0.392
11813.32926928997,0.512,0.392
11813.329515230656,0.52,0.4
11813.32976117134,0.512,0.40800000000000003
11813.330007112027,0.52,0.384
11813.33025305271,0.512,0.392
11813.330498993397,0.536,0.40800000000000003
11813.330744934083,0.528,0.40800000000000003
11813.330990874767,0.504,0.392
11813.331236815453,0.512,0.40800000000000003
11813.331482756137,0.528,0.384
11813.331728696823,0.536,0.392
11813.33197463751,0.512,0.4
11813.332220578193,0.512,0.392
11813.33246651888,0.52,0.4
11813.332712459563,0.512,0.4
11813.33295840025,0.528,0.392
11813.333204340935,0.512,0.4
11813.33345028162,0.536,0.392
11813.333696222306,0.512,0.392
11813.33394216299,0.528,0.376
11813.334188103676,0.512,0.376
11813.334434044362,0.536,0.304
11813.334679985046,0.528,0.296
11813.334925925732,0.512,0.16
11813.335171866416,0.528,0.152
11813.335417807102,0.512,0.048
11813.335663747788,0.512,0.04
11813.335909688472,0.528,0.008
11813.336155629158,0.512,0.008
11813.336401569843,0.528,-0.008
11813.336647510529,0.512,-0.008
11813.336893451215,0.528,0.0
11813.337139391899,0.512,-0.008
11813.337385332585,0.528,0.0
11813.337631273269,0.512,-0.008
11813.337877213955,0.528,0.0
11813.338123154641,0.528,-0.008
11813.338369095325,0.512,0.0
11813.338615036011,0.512,0.0
11813.338860976695,0.52,-0.008
11813.339106917381,0.528,0.0
11813.339352858067,0.504,-0.008
11813.339598798751,0.512,0.0
11813.339844739437,0.52,-0.008
11813.340090680122,0.512,0.0
11813.340336620808,0.536,-0.008
11813.340582561494,0.512,0.0
11813.340828502178,0.52,-0.008
11813.341074442864,0.512,0.0
11813.341320383548,0.528,-0.008
11813.341566324234,0.512,0.0
11813.34181226492,0.528,-0.008
11813.342058205604,0.52,-0.008
11813.34230414629,0.504,0.0
11813.342550086974,0.512,0.0
11813.34279602766,0.52,-0.008
11813.343041968346,0.528,0.0
11813.34328790903,0.504,-0.008
11813.343533849717,0.512,-0.008
11813.3437797904,0.52,0.0
11813.344025731087,0.512,0.0
11813.344271671773,0.52,-0.008
11813.344517612457,0.528,0.0
11813.344763553143,0.512,-0.008
11813.345009493827,0.528,-0.008
11813.345255434513,0.512,0.0
11813.3455013752,0.512,0.0
11813.345747315883,0.528,-0.008
11813.34599325657,0.528,0.0
11813.346239197253,0.512,-0.008
11813.34648513794,0.512,-0.008
11813.346731078625,0.528,0.0
11813.34697701931,0.504,0.0
11813.347222959996,0.52,-0.008
11813.34746890068,0.512,0.0
11813.347714841366,0.528,-0.008
11813.347960782052,0.512,-0.008
11813.348206722736,0.528,0.0
11813.348452663422,0.504,0.0
11813.348698604106,0.528,-0.016
11813.348944544792,0.512,0.0
11813.349190485478,0.52,-0.008
11813.349436426162,0.512,0.0
11813.349682366848,0.528,-0.008
11813.349928307533,0.512,0.0
11813.350174248219,0.536,-0.008
11813.350420188905,0.512,-0.008
11813.350666129589,0.528,0.0
11813.350912070275,0.512,-0.008
11813.351158010959,0.528,0.0
11813.351403951645,0.512,0.0
11813.35164989233,0.52,-0.008
11813.351895833015,0.512,-0.008
11813.352141773701,0.528,0.0
11813.352387714385,0.512,0.0
11813.352633655071,0.528,-0.008
11813.352879595757,0.528,-0.008
11813.353125536441,0.504,0.0
11813.353371477127,0.512,-0.008
11813.353617417812,0.528,0.0
11813.353863358498,0.52,0.0
11813.354109299184,0.512,-0.008
11813.354355239868,0.528,0.0
11813.354601180554,0.504,-0.008
11813.354847121238,0.512,0.0
11813.355093061924,0.528,-0.016
11813.35533900261,0.52,-0.008
11813.355584943294,0.512,0.0
11813.35583088398,0.512,0.0
11813.356076824664,0.528,-0.016
11813.35632276535,0.512,-0.008
11813.356568706036,0.528,0.0
11813.35681464672,0.512,0.0
11813.357060587407,0.528,-0.008
11813.35730652809,0.512,0.0
11813.357552468777,0.52,-0.008
11813.357798409463,0.512,0.0
11813.358044350147,0.528,-0.016
11813.358290290833,0.512,0.0
11813.358536231517,0.528,-0.008
11813.358782172203,0.504,-0.016
11813.359028112889,0.528,0.0
11813.359274053573,0.512,0.0
11813.35951999426,0.504,-0.008
11813.359765934943,0.512,0.0
11813.36001187563,0.528,-0.008
11813.360257816315,0.512,0.0
11813.360503757,0.528,-0.008
11813.360749697686,0.512,-0.008
11813.36099563837,0.536,0.0
11813.361241579056,0.504,0.0
11813.361487519742,0.52,-0.008
11813.361733460426,0.512,-0.008
11813.361979401112,0.528,0.0
11813.362225341796,0.512,0.0
11813.362471282482,0.536,-0.008
11813.362717223168,0.512,-0.008
11813.362963163852,0.536,0.0
11813.363209104538,0.528,0.0
11813.363455045223,0.512,-0.008
11813.363700985909,0.512,0.0
11813.363946926595,0.52,-0.008
11813.364192867279,0.52,0.0
11813.364438807965,0.512,-0.008
11813.364684748649,0.512,-0.008
11813.364930689335,0.528,0.0
11813.36517663002,0.536,-0.008
11813.365422570705,0.512,0.0
11813.365668511391,0.512,-0.008
11813.365914452075,0.52,0.0
11813.366160392761,0.512,0.0
11813.366406333447,0.52,-0.008
11813.366652274131,0.528,-0.008
11813.366898214817,0.504,0.0
11813.367144155502,0.512,0.0
11813.367390096188,0.528,-0.016
11813.367636036874,0.512,-0.008
11813.367881977558,0.52,0.0
11813.368127918244,0.512,0.0
11813.368373858928,0.536,-0.008
11813.368619799614,0.528,0.0
11813.3688657403,0.504,-0.008
11813.369111680984,0.512,0.0
11813.36935762167,0.528,-0.016
11813.369603562354,0.52,0.0
11813.36984950304,0.536,-0.008
11813.370095443726,0.52,-0.008
11813.37034138441,0.528,0.0
11813.370587325096,0.512,-0.008
11813.37083326578,0.536,0.0
11813.371079206467,0.52,0.0
11813.371325147153,0.528,-0.016
11813.371571087837,0.52,-0.016
11813.371817028523,0.528,0.0
11813.372062969207,0.52,-0.008
11813.372308909893,0.536,0.0
11813.372554850579,0.536,-0.008
11813.372800791263,0.512,0.0
11813.37304673195,0.528,-0.008
11813.373292672633,0.52,0.0
11813.37353861332,0.52,0.0
11813.373784554005,0.536,-0.016
11813.37403049469,0.536,-0.016
11813.374276435376,0.52,0.0
11813.37452237606,0.52,-0.008
11813.374768316746,0.528,0.0
11813.375014257432,0.52,-0.016
11813.375260198116,0.528,0.0
11813.375506138802,0.528,-0.016
11813.375752079486,0.52,0.0
11813.375998020172,0.52,0.0
11813.376243960858,0.528,-0.016
11813.376489901542,0.52,-0.016
11813.376735842228,0.528,0.0
11813.376981782912,0.52,-0.008
11813.377227723598,0.536,0.0
11813.377473664284,0.528,-0.008
11813.377719604969,0.512,0.0
11813.377965545655,0.52,-0.008
11813.378211486339,0.536,0.0
11813.378457427025,0.512,-0.008
11813.37870336771,0.536,0.0
11813.378949308395,0.52,-0.008
11813.379195249081,0.528,0.0
11813.379441189765,0.52,0.0
11813.379687130451,0.528,-0.008
11813.379933071137,0.52,0.0
11813.380179011821,0.528,-0.008
11813.380424952507,0.52,0.0
11813.380670893192,0.536,-0.016
11813.380916833878,0.52,-0.008
11813.381162774564,0.528,0.0
11813.381408715248,0.536,0.0
11813.381654655934,0.512,-0.008
11813.381900596618,0.52,0.0
11813.382146537304,0.536,-0.008
11813.38239247799,0.528,0.0
11813.382638418674,0.52,-0.016
11813.38288435936,0.512,0.0
11813.383130300044,0.536,-0.008
11813.38337624073,0.52,0.0
11813.383622181416,0.536,-0.008
11813.3838681221,0.536,0.0
11813.384114062786,0.52,-0.016
11813.38436000347,0.52,0.0
11813.384605944157,0.528,-0.008
11813.384851884843,0.52,0.0
11813.385097825527,0.536,-0.016
11813.385343766213,0.52,0.0
11813.385589706897,0.536,-0.016
11813.385835647583,0.52,0.0
11813.386081588269,0.536,-0.016
11813.386327528953,0.536,-0.008
11813.38657346964,0.52,0.0
11813.386819410323,0.52,-0.008
11813.38706535101,0.536,0.0
11813.387311291695,0.512,0.0
11813.38755723238,0.536,-0.008
11813.387803173066,0.52,0.0
11813.38804911375,0.536,-0.008
11813.388295054436,0.52,0.0
11813.388540995122,0.536,-0.016
11813.388786935806,0.52,-0.008
11813.389032876492,0.528,0.0
11813.389278817176,0.52,-0.016
11813.389524757862,0.528,0.0
11813.389770698548,0.52,0.0
11813.390016639232,0.528,-0.016
11813.390262579918,0.52,-0.008
11813.390508520602,0.536,0.0
11813.390754461288,0.52,0.0
11813.391000401974,0.528,-0.008
11813.391246342659,0.528,-0.008
11813.391492283345,0.512,0.0
11813.391738224029,0.528,0.0
11813.391984164715,0.504,-0.016
11813.3922301054,0.504,-0.016
11813.392476046085,0.52,0.0
11813.392721986771,0.512,0.0
11813.392967927455,0.528,-0.016
11813.393213868141,0.512,0.0
11813.393459808827,0.536,-0.008
11813.393705749511,0.52,0.0
11813.393951690197,0.504,-0.016
11813.394197630882,0.512,-0.008
11813.394443571568,0.528,0.0
11813.394689512254,0.512,-0.008
11813.394935452938,0.52,0.0
11813.395181393624,0.512,0.0
11813.395427334308,0.528,-0.008
11813.395673274994,0.512,0.0
11813.39591921568,0.528,0.032
11813.396165156364,0.512,0.024
11813.39641109705,0.528,0.14400000000000002
11813.396657037734,0.504,0.152
11813.39690297842,0.528,0.28800000000000003
11813.397148919106,0.512,0.296
11813.39739485979,0.536,0.36
11813.397640800476,0.512,0.36
11813.39788674116,0.528,0.384
11813.398132681847,0.52,0.384
11813.398378622533,0.512,0.392
11813.398624563217,0.512,0.392
11813.398870503903,0.536,0.392
11813.399116444587,0.528,0.392
11813.399362385273,0.504,0.384
11813.399608325959,0.504,0.384
11813.399854266643,0.528,0.392
11813.40010020733,0.512,0.392
11813.400346148013,0.52,0.384
11813.4005920887,0.512,0.392
11813.400838029385,0.52,0.384
11813.40108397007,0.52,0.384
11813.401329910756,0.512,0.4
11813.40157585144,0.512,0.384
11813.401821792126,0.528,0.4
11813.402067732812,0.512,0.392
11813.402313673496,0.528,0.41600000000000004
11813.402559614182,0.528,0.432
11813.402805554866,0.512,0.41600000000000004
11813.403051495552,0.512,0.41600000000000004
11813.403297436238,0.528,0.392
11813.403543376922,0.512,0.384
11813.403789317608,0.52,0.424
11813.404035258292,0.512,0.41600000000000004
11813.404281198978,0.528,0.392
11813.404527139664,0.512,0.392
11813.404773080349,0.528,0.41600000000000004
11813.405019021035,0.512,0.40800000000000003
11813.405264961719,0.528,0.384
11813.405510902405,0.52,0.384
11813.40575684309,0.536,0.4
11813.406002783775,0.528,0.4
11813.406248724461,0.512,0.432
11813.406494665145,0.512,0.41600000000000004
11813.406740605831,0.528,0.432
11813.406986546517,0.52,0.432
11813.407232487201,0.504,0.40800000000000003
11813.407478427887,0.512,0.40800000000000003
11813.407724368572,0.528,0.392
11813.407970309258,0.512,0.392
11813.408216249944,0.528,0.384
11813.408462190628,0.512,0.384
11813.408708131314,0.528,0.392
11813.408954071998,0.512,0.384
11813.409200012684,0.528,0.4
11813.40944595337,0.512,0.384
11813.409691894054,0.52,0.392
11813.40993783474,0.512,0.392
11813.410183775424,0.528,0.424
11813.41042971611,0.512,0.41600000000000004
11813.410675656796,0.528,0.432
11813.41092159748,0.512,0.41600000000000004
11813.411167538166,0.528,0.424
11813.41141347885,0.528,0.41600000000000004
11813.411659419537,0.504,0.432
11813.411905360223,0.504,0.432
11813.412151300907,0.52,0.41600000000000004
11813.412397241593,0.504,0.41600000000000004
11813.412643182277,0.536,0.392
11813.412889122963,0.528,0.384
11813.413135063649,0.504,0.41600000000000004
11813.413381004333,0.496,0.41600000000000004
11813.41362694502,0.52,0.432
11813.413872885703,0.512,0.432
11813.41411882639,0.528,0.392
11813.414364767075,0.512,0.392
11813.41461070776,0.528,0.384
11813.414856648445,0.512,0.392
11813.41510258913,0.528,0.384
11813.415348529816,0.512,0.384
11813.415594470502,0.528,0.392
11813.415840411186,0.512,0.384
11813.416086351872,0.52,0.424
11813.416332292556,0.512,0.41600000000000004
11813.416578233242,0.528,0.432
11813.416824173928,0.52,0.432
11813.417070114612,0.504,0.424
11813.417316055298,0.512,0.432
11813.417561995982,0.536,0.41600000000000004
11813.417807936668,0.512,0.4
11813.418053877354,0.528,0.41600000000000004
11813.418299818039,0.52,0.40800000000000003
11813.418545758725,0.504,0.432
11813.418791699409,0.52,0.432
11813.419037640095,0.504,0.41600000000000004
11813.41928358078,0.504,0.432
11813.419529521465,0.528,0.40800000000000003
11813.419775462151,0.512,0.40800000000000003
11813.420021402835,0.52,0.392
11813.420267343521,0.512,0.392
11813.420513284207,0.528,0.4
11813.420759224891,0.512,0.392
11813.421005165577,0.52,0.4
11813.421251106261,0.512,0.392
11813.421497046947,0.52,0.4
11813.421742987633,0.512,0.4
11813.421988928318,0.536,0.392
11813.422234869004,0.528,0.392
11813.422480809688,0.512,0.4
11813.422726750374,0.52,0.392
11813.42297269106,0.512,0.4
11813.423218631744,0.512,0.392
11813.42346457243,0.528,0.392
11813.423710513114,0.52,0.392
11813.4239564538,0.504,0.392
11813.424202394486,0.512,0.392
11813.42444833517,0.528,0.392
11813.424694275856,0.512,0.392
11813.42494021654,0.528,0.4
11813.425186157227,0.536,0.392
11813.425432097913,0.504,0.392
11813.425678038597,0.512,0.392
11813.425923979283,0.528,0.392
11813.426169919967,0.52,0.392
11813.426415860653,0.528,0.4
11813.426661801339,0.52,0.4
11813.426907742023,0.536,0.392
11813.42715368271,0.528,0.392
11813.427399623393,0.512,0.392
11813.42764556408,0.512,0.392
11813.427891504765,0.528,0.4
11813.42813744545,0.528,0.392
11813.428383386135,0.512,0.4
11813.42862932682,0.52,0.392
11813.428875267506,0.504,0.392
11813.429121208192,0.504,0.392
11813.429367148876,0.528,0.4
11813.429613089562,0.512,0.392
11813.429859030246,0.528,0.40800000000000003
11813.430104970932,0.512,0.392
11813.430350911618,0.536,0.4
11813.430596852302,0.528,0.392
11813.430842792988,0.504,0.4
11813.431088733672,0.512,0.392
11813.431334674358,0.52,0.392
11813.431580615044,0.528,0.392
11813.431826555729,0.504,0.4
11813.432072496415,0.512,0.392
11813.432318437099,0.52,0.4
11813.432564377785,0.512,0.392
11813.43281031847,0.528,0.4
11813.433056259155,0.528,0.392
11813.43330219984,0.512,0.392
11813.433548140525,0.512,0.392
11813.433794081211,0.536,0.4
11813.434040021897,0.528,0.392
11813.434285962581,0.504,0.4
11813.434531903267,0.512,0.392
11813.434777843951,0.52,0.4
11813.435023784637,0.512,0.392
11813.435269725323,0.536,0.4
11813.435515666008,0.512,0.4
11813.435761606694,0.528,0.392
11813.436007547378,0.52,0.392
11813.436253488064,0.496,0.392
11813.43649942875,0.52,0.392
11813.436745369434,0.504,0.4
11813.43699131012,0.512,0.392
11813.437237250804,0.528,0.4
11813.43748319149,0.512,0.392
11813.437729132176,0.528,0.4
11813.43797507286,0.512,0.392
11813.438221013546,0.528,0.4
11813.43846695423,0.528,0.392
11813.438712894917,0.512,0.392
11813.438958835603,0.512,0.392
11813.439204776287,0.528,0.4
11813.439450716973,0.528,0.392
11813.439696657657,0.512,0.384
11813.444943189621,0.52,0.0
11813.445209645828,0.528,-0.016
11813.445476102033,0.52,0.0
11813.44574255824,0.536,-0.016
11813.446009014448,0.52,0.0
11813.446275470655,0.536,-0.016
11813.44654192686,0.52,0.0
11813.446808383067,0.528,-0.016
11813.447074839274,0.536,0.0
11813.447341295481,0.512,-0.016
11813.447607751687,0.528,0.0
11813.447874207894,0.512,-0.016
11813.4481406641,0.52,-0.016
11813.448407120308,0.536,0.0
11813.448673576513,0.52,-0.016
11813.44894003272,0.536,0.0
11813.449206488927,0.52,0.0
11813.449472945134,0.536,-0.016
11813.44973940134,0.52,-0.016
11813.450005857547,0.536,0.0
11813.450272313754,0.528,-0.008
11813.450538769961,0.52,0.016
11813.450805226166,0.52,0.024
11813.451071682373,0.528,0.112
11813.45133813858,0.52,0.12
11813.451604594788,0.536,0.272
11813.451871050993,0.536,0.272
11813.4521375072,0.512,0.352
11813.452403963407,0.52,0.352
11813.452670419614,0.536,0.384
11813.45293687582,0.52,0.384
11813.453203332027,0.528,0.4
11813.453469788234,0.52,0.392
11813.45373624444,0.536,0.41600000000000004
11813.454002700646,0.52,0.41600000000000004
11813.454269156853,0.536,0.44
11813.45453561306,0.52,0.424
11813.454802069267,0.536,0.44
11813.455068525473,0.52,0.424
11813.45533498168,0.536,0.44
11813.455601437887,0.52,0.44
11813.455867894094,0.536,0.4
11813.4561343503,0.52,0.40800000000000003
11813.456400806506,0.528,0.432
11813.456667262713,0.52,0.424
11813.45693371892,0.536,0.44
11813.457200175126,0.52,0.432
11813.457466631333,0.528,0.44
11813.45773308754,0.528,0.432
11813.457999543747,0.512,0.44
11813.458265999952,0.528,0.44
11813.45853245616,0.512,0.424
11813.458798912367,0.528,0.44
11813.459065368574,0.512,0.41600000000000004
11813.459331824779,0.512,0.41600000000000004
11813.459598280986,0.528,0.392
11813.459864737193,0.512,0.392
11813.4601311934,0.528,0.40800000000000003
11813.460397649606,0.512,0.392
11813.460664105813,0.528,0.4
11813.46093056202,0.512,0.392
11813.461197018227,0.528,0.40800000000000003
11813.461463474432,0.512,0.424
11813.46172993064,0.528,0.392
11813.461996386846,0.528,0.4
11813.462262843053,0.496,0.40800000000000003
11813.462529299259,0.496,0.392
11813.462795755466,0.528,0.41600000000000004
11813.463062211673,0.52,0.41600000000000004
11813.46332866788,0.536,0.432
11813.463595124085,0.512,0.432
11813.463861580292,0.536,0.4
11813.4641280365,0.52,0.40800000000000003
11813.464394492707,0.504,0.392
11813.464660948912,0.52,0.392
11813.464927405119,0.504,0.40800000000000003
11813.465193861326,0.512,0.392
11813.465460317531,0.528,0.4
11813.465726773738,0.528,0.392
11813.465993229946,0.512,0.40800000000000003
11813.466259686153,0.52,0.4
11813.466526142358,0.504,0.44
11813.466792598565,0.512,0.424
11813.467059054772,0.52,0.44
11813.46732551098,0.512,0.424
11813.467591967184,0.52,0.4
11813.467858423392,0.512,0.40800000000000003
11813.468124879599,0.528,0.392
11813.468391335806,0.512,0.392
11813.468657792011,0.536,0.4
11813.468924248218,0.544,0.392
11813.469190704425,0.512,0.41600000000000004
11813.469457160632,0.512,0.41600000000000004
11813.469723616838,0.52,0.424
11813.469990073045,0.512,0.424
11813.470256529252,0.52,0.44
11813.470522985459,0.52,0.432
11813.470789441664,0.504,0.4
11813.471055897871,0.512,0.40800000000000003
11813.471322354078,0.528,0.392
11813.471588810286,0.52,0.392
11813.47185526649,0.504,0.41600000000000004
11813.472121722698,0.512,0.41600000000000004
11813.472388178905,0.52,0.432
11813.472654635112,0.528,0.40800000000000003
11813.472921091317,0.512,0.392
11813.473187547525,0.512,0.392
11813.473454003732,0.528,0.40800000000000003
11813.473720459939,0.512,0.4
11813.473986916144,0.528,0.432
11813.474253372351,0.512,0.44
11813.474519828558,0.528,0.4
11813.474786284765,0.512,0.40800000000000003
11813.47505274097,0.528,0.392
11813.475319197178,0.512,0.392
11813.475585653385,0.52,0.40800000000000003
11813.475852109592,0.512,0.4
11813.476118565797,0.528,0.44
11813.476385022004,0.528,0.432
11813.476651478211,0.512,0.41600000000000004
11813.476917934418,0.528,0.41600000000000004
11813.477184390624,0.512,0.432
11813.47745084683,0.512,0.424
11813.477717303038,0.528,0.392
11813.477983759245,0.512,0.392
11813.47825021545,0.52,0.40800000000000003
11813.478516671657,0.512,0.40800000000000003
11813.478783127865,0.52,0.432
11813.479049584072,0.528,0.41600000000000004
11813.479316040277,0.504,0.432
11813.479582496484,0.512,0.432
11813.479848952691,0.528,0.41600000000000004
11813.480115408898,0.528,0.424
11813.480381865103,0.512,0.44
11813.48064832131,0.512,0.44
11813.480914777518,0.528,0.424
11813.481181233725,0.52,0.44
11813.48144768993,0.536,0.424
11813.481714146137,0.512,0.44
11813.481980602344,0.528,0.432
11813.482247058551,0.536,0.424
11813.482513514757,0.512,0.44
11813.482779970964,0.512,0.44
11813.48304642717,0.528,0.424
11813.483312883378,0.512,0.424
11813.483579339583,0.52,0.44
11813.48384579579,0.512,0.40800000000000003
11813.484112251997,0.528,0.432
11813.484378708205,0.536,0.432
11813.48464516441,0.504,0.40800000000000003
11813.484911620617,0.528,0.4
11813.485178076824,0.504,0.432
11813.48544453303,0.512,0.432
11813.485710989236,0.528,0.4
11813.485977445443,0.512,0.41600000000000004
11813.48624390165,0.52,0.392
11813.486510357856,0.528,0.392
11813.486776814063,0.504,0.40800000000000003
11813.48704327027,0.512,0.40800000000000003
11813.487309726477,0.52,0.432
11813.487576182682,0.512,0.41600000000000004
11813.48784263889,0.52,0.392
11813.488109095097,0.528,0.392
11813.488375551304,0.512,0.41600000000000004
11813.488642007509,0.512,0.424
11813.488908463716,0.528,0.432
11813.489174919923,0.512,0.432
11813.48944137613,0.536,0.4
11813.489707832336,0.52,0.4
11813.489974288543,0.504,0.392
11813.49024074475,0.512,0.392
11813.490507200957,0.528,0.432
11813.490773657162,0.512,0.424
11813.49104011337,0.52,0.44
11813.491306569576,0.512,0.44
11813.491573025784,0.528,0.40800000000000003
11813.491839481989,0.528,0.40800000000000003
11813.492105938196,0.512,0.392
11813.492372394403,0.512,0.392
11813.49263885061,0.528,0.40800000000000003
11813.492905306815,0.512,0.4
11813.493171763022,0.528,0.432
11813.49343821923,0.52,0.424
11813.493704675437,0.496,0.44
11813.493971131642,0.504,0.432
11813.494237587849,0.52,0.44
11813.494504044056,0.512,0.424
11813.494770500263,0.528,0.392
11813.495036956469,0.528,0.392
11813.495303412676,0.504,0.4
11813.495569868883,0.512,0.40800000000000003
11813.49583632509,0.528,0.424
11813.496102781295,0.52,0.40800000000000003
11813.496369237502,0.504,0.4
11813.49663569371,0.512,0.40800000000000003
11813.496902149916,0.52,0.4
11813.497168606122,0.512,0.392
11813.497435062329,0.52,0.4
11813.497701518536,0.512,0.392
11813.497967974743,0.52,0.4
11813.498234430948,0.52,0.392
11813.498500887155,0.512,0.424
11813.498767343362,0.512,0.424
11813.49903379957,0.52,0.432
11813.499300255775,0.512,0.44
11813.499566711982,0.52,0.424
11813.499833168189,0.512,0.424
11813.500099624396,0.528,0.432
11813.500366080601,0.512,0.424
11813.500632536809,0.528,0.44
11813.500898993016,0.512,0.424
11813.501165449223,0.528,0.392
11813.501431905428,0.52,0.392
11813.501698361635,0.512,0.40800000000000003
11813.501964817842,0.512,0.4
11813.50223127405,0.528,0.432
11813.502497730255,0.512,0.424
11813.502764186462,0.528,0.44
11813.503030642669,0.512,0.44
11813.503297098876,0.52,0.432
11813.503563555081,0.512,0.44
11813.503830011288,0.528,0.424
11813.504096467495,0.512,0.44
11813.504362923703,0.528,0.41600000000000004
11813.504629379908,0.512,0.424
11813.504895836115,0.528,0.40800000000000003
11813.505162292322,0.512,0.41600000000000004
11813.505428748527,0.536,0.4
11813.505695204734,0.536,0.4
11813.505961660941,0.52,0.41600000000000004
11813.506228117149,0.528,0.4
11813.506494573354,0.52,0.40800000000000003
11813.506761029561,0.528,0.4
11813.507027485768,0.512,0.40800000000000003
11813.507293941975,0.52,0.4
11813.50756039818,0.528,0.40800000000000003
11813.507826854388,0.52,0.41600000000000004
11813.508093310595,0.536,0.392
11813.508359766802,0.528,0.41600000000000004
11813.508626223007,0.52,0.392
11813.508892679214,0.528,0.40800000000000003
11813.509159135421,0.512,0.392
11813.509425591628,0.52,0.4
11813.509692047834,0.528,0.4
11813.50995850404,0.52,0.4
11813.510224960248,0.536,0.40800000000000003
11813.510491416455,0.52,0.4
11813.51075787266,0.528,0.40800000000000003
11813.511024328867,0.536,0.4
11813.511290785074,0.512,0.40800000000000003
11813.511557241281,0.52,0.4
11813.511823697487,0.536,0.40800000000000003
11813.512090153694,0.52,0.4
11813.512356609901,0.536,0.4
11813.512623066108,0.52,0.4
11813.512889522313,0.528,0.40800000000000003
11813.51315597852,0.52,0.4
11813.513422434728,0.536,0.4
11813.513688890935,0.528,0.4
11813.51395534714,0.512,0.40800000000000003
11813.514221803347,0.528,0.40800000000000003
11813.514488259554,0.512,0.4
11813.514754715761,0.512,0.40800000000000003
11813.515021171967,0.536,0.4
11813.515287628174,0.528,0.4
11813.51555408438,0.512,0.40800000000000003
11813.515820540588,0.512,0.4
11813.516086996793,0.528,0.40800000000000003
11813.516353453,0.512,0.40800000000000003
11813.516619909207,0.528,0.384
11813.516886365414,0.52,0.384
11813.51715282162,0.512,0.328
11813.517419277827,0.528,0.328
11813.517685734034,0.512,0.192
11813.517952190241,0.512,0.184
11813.518218646446,0.536,0.056
11813.518485102653,0.512,0.056
11813.51875155886,0.528,0.016
11813.519018015068,0.528,0.016
11813.519284471273,0.512,-0.008
11813.51955092748,0.528,-0.008
11813.519817383687,0.504,0.0
11813.520083839894,0.512,-0.008
11813.5203502961,0.528,0.0
11813.520616752307,0.52,0.0
11813.520883208514,0.536,-0.008
11813.52114966472,0.528,0.0
11813.521416120926,0.52,-0.008
11813.521682577133,0.536,0.0
11813.52194903334,0.512,-0.008
11813.522215489547,0.52,-0.008
11813.522481945753,0.536,0.0
11813.52274840196,0.52,0.0
11813.523014858167,0.536,-0.008
11813.523281314374,0.52,-0.008
11813.52354777058,0.536,0.0
11813.523814226786,0.52,0.0
11813.524080682993,0.536,-0.016
11813.5243471392,0.528,-0.008
11813.524613595406,0.52,0.0
11813.524880051613,0.528,0.0
11813.52514650782,0.512,-0.008
11813.525412964025,0.512,-0.008
11813.525679420232,0.536,0.0
11813.52594587644,0.528,0.0
11813.526212332647,0.512,-0.008
11813.526478788852,0.512,-0.008
11813.526745245059,0.52,0.0
11813.527011701266,0.512,0.0
11813.527278157473,0.528,-0.008
11813.527544613678,0.536,0.0
11813.527811069886,0.512,-0.008
11813.528077526093,0.512,0.0
11813.5283439823,0.52,-0.016
11813.528610438505,0.512,0.0
11813.528876894712,0.52,-0.016
11813.52914335092,0.512,0.0
11813.529409807126,0.528,-0.008
11813.529676263332,0.512,0.0
11813.529942719539,0.528,-0.016
11813.530209175746,0.512,0.0
11813.530475631953,0.52,-0.008
11813.530742088158,0.512,-0.008
11813.531008544365,0.536,0.0
11813.531275000572,0.512,-0.008
11813.53154145678,0.528,0.0
11813.531807912985,0.512,-0.008
11813.532074369192,0.52,0.0
11813.532340825399,0.536,-0.008
11813.532607281606,0.512,0.0
11813.532873737811,0.52,0.0
11813.533140194018,0.504,-0.016
11813.533406650226,0.512,0.0
11813.533673106433,0.52,-0.016
11813.533939562638,0.528,0.0
11813.534206018845,0.512,-0.008
11813.534472475052,0.512,0.0
11813.53473893126,0.528,-0.008
11813.535005387464,0.512,-0.008
11813.535271843672,0.528,0.0
11813.535538299879,0.528,-0.008
11813.535804756086,0.512,0.0
11813.536071212291,0.528,0.0
11813.536337668498,0.496,-0.008
11813.536604124705,0.504,0.0
11813.536870580912,0.528,-0.016
11813.537137037118,0.512,-0.008
11813.537403493325,0.528,0.0
11813.537669949532,0.512,0.0
11813.537936405739,0.536,-0.016
11813.538202861944,0.536,0.0
11813.538469318151,0.512,-0.008
11813.538735774358,0.512,0.0
11813.539002230566,0.528,-0.008
11813.53926868677,0.512,0.0
11813.539535142978,0.528,-0.016
11813.539801599185,0.512,0.0
11813.540068055392,0.528,-0.016
11813.540334511597,0.528,-0.016
11813.540600967804,0.512,0.0
11813.540867424012,0.504,0.0
11813.541133880219,0.528,-0.016
11813.541400336424,0.512,0.0
11813.541666792631,0.528,-0.016
11813.541933248838,0.512,0.0
11813.542199705045,0.528,-0.016
11813.54246616125,0.512,0.0
11813.542732617458,0.52,-0.008
11813.542999073665,0.52,0.0
11813.543265529872,0.504,-0.016
11813.543531986077,0.512,0.0
11813.543798442284,0.52,-0.016
11813.544064898491,0.52,0.0
11813.544331354698,0.512,-0.016
11813.544597810904,0.512,0.0
11813.54486426711,0.528,-0.016
11813.545130723318,0.528,0.0
11813.545397179523,0.512,-0.016
11813.54566363573,0.512,-0.016
11813.545930091937,0.528,0.0
11813.546196548145,0.512,0.0
11813.54646300435,0.52,-0.016
11813.546729460557,0.512,-0.016
11813.546995916764,0.528,0.0
11813.547262372971,0.512,0.0
11813.547528829176,0.52,-0.016
11813.547795285383,0.52,0.0
11813.54806174159,0.536,-0.016
11813.548328197798,0.528,0.0
11813.548594654003,0.504,-0.016
11813.54886111021,0.512,0.0
11813.549127566417,0.536,-0.016
11813.549394022624,0.512,0.0
11813.54966047883,0.536,-0.016
11813.549926935037,0.528,0.0
11813.550193391244,0.512,-0.016
11813.55045984745,0.512,-0.016
11813.550726303656,0.536,0.0
11813.550992759863,0.528,-0.016
11813.55125921607,0.504,0.0
11813.551525672277,0.528,0.0
11813.551792128483,0.512,-0.016
11813.55205858469,0.536,0.0
11813.552325040897,0.512,-0.016
11813.552591497104,0.512,0.0
11813.55285795331,0.528,-0.016
11813.553124409516,0.512,0.0
11813.553390865723,0.52,-0.016
11813.55365732193,0.52,0.0
11813.553923778136,0.504,-0.016
11813.554190234343,0.512,0.0
11813.55445669055,0.52,-0.016
11813.554723146757,0.512,-0.016
11813.554989602962,0.52,0.0
11813.55525605917,0.512,0.0
11813.555522515377,0.52,-0.016
11813.555788971584,0.512,0.0
11813.556055427789,0.52,-0.016
11813.556321883996,0.512,0.0
11813.556588340203,0.528,-0.016
11813.55685479641,0.528,0.0
11813.557121252616,0.512,-0.016
11813.557387708823,0.512,0.0
11813.55765416503,0.528,-0.016
11813.557920621237,0.528,0.0
11813.558187077442,0.504,-0.016
11813.55845353365,0.512,0.0
11813.558719989856,0.52,-0.016
11813.558986446063,0.512,0.0
11813.559252902269,0.528,-0.016
11813.559519358476,0.512,0.0
11813.559785814683,0.536,-0.016
11813.56005227089,0.528,0.0
11813.560318727095,0.504,-0.016
11813.560585183302,0.512,0.0
11813.56085163951,0.528,-0.016
11813.561118095717,0.528,0.0
11813.561384551922,0.512,-0.016
11813.561651008129,0.512,0.0
11813.561917464336,0.52,-0.016
11813.562183920543,0.536,-0.016
11813.562450376749,0.512,0.0
11813.562716832956,0.512,0.0
11813.562983289163,0.528,-0.016
11813.56324974537,0.528,0.0
11813.563516201575,0.496,-0.016
11813.563782657782,0.504,0.0
11813.56404911399,0.52,-0.016
11813.564315570196,0.512,-0.016
11813.564582026402,0.536,0.0
11813.564848482609,0.512,0.0
11813.565114938816,0.528,-0.016
11813.565381395021,0.512,0.0
11813.565647851228,0.528,-0.016
11813.565914307435,0.512,0.0
11813.566180763642,0.528,-0.016
11813.566447219848,0.52,0.0
11813.566713676055,0.504,-0.016
11813.566980132262,0.512,0.0
11813.567246588469,0.52,-0.016
11813.567513044674,0.528,-0.016
11813.567779500881,0.512,0.0
11813.568045957089,0.528,-0.016
11813.568312413296,0.512,0.0
11813.568578869501,0.528,0.0
11813.568845325708,0.512,-0.016
11813.569111781915,0.512,0.0
11813.569378238122,0.528,-0.016
11813.569644694328,0.52,0.0
11813.569911150535,0.504,-0.016
11813.570177606742,0.512,0.0
11813.570444062949,0.528,-0.016
11813.570710519154,0.512,0.0
11813.570976975361,0.528,-0.016
11813.571243431568,0.52,0.0
11813.571509887775,0.512,-0.008
11813.57177634398,0.528,0.0
11813.572042800188,0.504,-0.016
11813.572309256395,0.504,0.0
11813.572575712602,0.528,-0.016
11813.572842168807,0.512,0.0
11813.573108625014,0.528,-0.016
11813.573375081221,0.528,0.0
11813.573641537429,0.512,-0.016
11813.573907993634,0.512,0.0
11813.574174449841,0.52,-0.016
11813.574440906048,0.52,0.0
11813.574707362255,0.504,-0.016
11813.57497381846,0.512,0.0
11813.575240274668,0.528,-0.016
11813.575506730875,0.512,0.0
11813.575773187082,0.528,-0.016
11813.576039643287,0.528,0.0
11813.576306099494,0.504,-0.016
11813.576572555701,0.512,0.0
11813.576839011908,0.528,-0.008
11813.577105468114,0.512,0.0
11813.57737192432,0.528,-0.016
11813.577638380528,0.504,0.0
11813.577904836735,0.528,-0.016
11813.57817129294,0.52,-0.016
11813.578437749147,0.504,0.0
11813.578704205354,0.512,0.0
11813.578970661561,0.528,-0.016
11813.579237117767,0.512,-0.016
11813.579503573974,0.528,0.0
11813.579770030181,0.512,-0.016
11813.580036486388,0.536,0.0
11813.580302942593,0.528,-0.016
11813.5805693988,0.512,0.0
11813.580835855008,0.512,0.0
11813.581102311215,0.52,-0.016
11813.58136876742,0.528,0.0
11813.581635223627,0.512,-0.016
11813.581901679834,0.512,0.0
11813.582168136041,0.528,-0.016
11813.582434592246,0.512,0.0
11813.582701048454,0.528,-0.016
11813.58296750466,0.528,-0.008
11813.583233960868,0.504,0.0
11813.583500417073,0.504,-0.008
11813.58376687328,0.528,0.016
11813.584033329487,0.528,0.016
11813.584299785694,0.512,0.12
11813.5845662419,0.528,0.136
11813.584832698107,0.512,0.28
11813.585099154314,0.512,0.28800000000000003
11813.58536561052,0.536,0.368
11813.585632066726,0.528,0.368
11813.585898522933,0.504,0.40800000000000003
11813.58616497914,0.512,0.40800000000000003
11813.586431435346,0.528,0.432
11813.586697891553,0.512,0.424
11813.58696434776,0.536,0.44
11813.587230803967,0.52,0.424
11813.587497260172,0.536,0.44
11813.58776371638,0.52,0.432
11813.588030172587,0.528,0.4
11813.588296628794,0.52,0.40800000000000003
11813.588563084999,0.536,0.392
11813.588829541206,0.52,0.392
11813.589095997413,0.528,0.4
11813.58936245362,0.52,0.4
11813.589628909825,0.528,0.392
11813.589895366033,0.52,0.392
11813.59016182224,0.536,0.41600000000000004
11813.590428278447,0.52,0.41600000000000004
11813.590694734652,0.536,0.432
11813.59096119086,0.528,0.41600000000000004
11813.591227647066,0.512,0.4
11813.591494103273,0.52,0.40800000000000003
11813.591760559479,0.528,0.392
11813.592027015686,0.52,0.392
11813.592293471893,0.536,0.4
11813.5925599281,0.536,0.392
11813.592826384305,0.52,0.4
11813.593092840512,0.52,0.4
11813.59335929672,0.528,0.392
11813.593625752927,0.52,0.392
11813.593892209132,0.536,0.432
11813.594158665339,0.52,0.424
11813.594425121546,0.536,0.44
11813.594691577753,0.52,0.44
11813.594958033958,0.536,0.40800000000000003
11813.595224490165,0.536,0.41600000000000004
11813.595490946373,0.52,0.392
11813.59575740258,0.52,0.392
11813.596023858785,0.536,0.4
11813.596290314992,0.52,0.392
11813.5965567712,0.536,0.4
11813.596823227406,0.52,0.392
11813.597089683612,0.536,0.392
11813.597356139819,0.52,0.392
11813.597622596026,0.536,0.392
11813.597889052233,0.52,0.392
11813.598155508438,0.528,0.40800000000000003
11813.598421964645,0.52,0.4
11813.598688420852,0.528,0.392
11813.59895487706,0.52,0.392
11813.599221333265,0.536,0.4
11813.599487789472,0.52,0.392
11813.599754245679,0.536,0.4
11813.600020701886,0.52,0.4
11813.600287158091,0.536,0.432
11813.600553614298,0.52,0.44
11813.600820070506,0.536,0.41600000000000004
11813.601086526713,0.52,0.40800000000000003
11813.601352982918,0.528,0.4
11813.601619439125,0.536,0.392
11813.601885895332,0.512,0.4
11813.60215235154,0.52,0.392
11813.602418807744,0.536,0.424
11813.602685263952,0.52,0.424
11813.602951720159,0.528,0.44
11813.603218176366,0.52,0.44
11813.603484632571,0.536,0.424
11813.603751088778,0.52,0.44
11813.604017544985,0.536,0.424
11813.604284001192,0.536,0.44
11813.604550457398,0.52,0.40800000000000003
11813.604816913605,0.52,0.40800000000000003
11813.605083369812,0.536,0.392
11813.605349826017,0.52,0.40800000000000003
11813.605616282224,0.536,0.392
11813.605882738431,0.52,0.4
11813.606149194638,0.536,0.432
11813.606415650844,0.52,0.424
11813.60668210705,0.536,0.44
11813.606948563258,0.536,0.432
11813.607215019465,0.512,0.4
11813.60748147567,0.52,0.4
11813.607747931877,0.536,0.392
11813.608014388084,0.536,0.392
11813.608280844292,0.52,0.4
11813.608547300497,0.52,0.392
11813.608813756704,0.536,0.4
11813.609080212911,0.536,0.392
11813.609346669118,0.52,0.4
11813.609613125323,0.52,0.392
11813.60987958153,0.528,0.40800000000000003
11813.610146037738,0.52,0.4
11813.610412493945,0.528,0.432
11813.61067895015,0.52,0.424
11813.610945406357,0.528,0.432
11813.611211862564,0.52,0.424
11813.611478318771,0.536,0.44
11813.611744774977,0.528,0.424
11813.612011231184,0.52,0.44
11813.61227768739,0.528,0.432
11813.612544143598,0.512,0.424
11813.612810599803,0.52,0.44
11813.61307705601,0.536,0.424
11813.613343512217,0.536,0.41600000000000004
11813.613609968424,0.52,0.4
11813.61387642463,0.52,0.4
11813.614142880837,0.536,0.424
11813.614409337044,0.52,0.4
11813.614675793251,0.536,0.384
11813.614942249456,0.52,0.392
11813.615208705663,0.536,0.4
11813.61547516187,0.52,0.4
11813.615741618078,0.528,0.41600000000000004
11813.616008074283,0.52,0.41600000000000004
11813.61627453049,0.536,0.432
11813.616540986697,0.52,0.432
11813.616807442904,0.536,0.4
11813.61707389911,0.52,0.392
11813.617340355317,0.536,0.40800000000000003
11813.617606811524,0.536,0.392
11813.61787326773,0.512,0.4
11813.618139723936,0.52,0.392
11813.618406180143,0.528,0.4
11813.61867263635,0.52,0.392
11813.618939092557,0.528,0.40800000000000003
11813.619205548763,0.52,0.392
11813.61947200497,0.536,0.4
11813.619738461177,0.52,0.392
11813.620004917384,0.536,0.41600000000000004
11813.62027137359,0.52,0.424
11813.620537829796,0.528,0.41600000000000004
11813.620804286003,0.52,0.424
11813.62107074221,0.536,0.44
11813.621337198416,0.52,0.44
11813.621603654623,0.536,0.4
11813.62187011083,0.52,0.40800000000000003
11813.622136567037,0.536,0.392
11813.622403023242,0.52,0.392
11813.62266947945,0.536,0.4
11813.622935935657,0.536,0.392
11813.623202391864,0.512,0.41600000000000004
11813.623468848069,0.52,0.41600000000000004
11813.623735304276,0.528,0.44
11813.624001760483,0.52,0.424
11813.62426821669,0.536,0.44
11813.624534672896,0.536,0.432
11813.624801129103,0.52,0.424
11813.62506758531,0.52,0.432
11813.625334041515,0.536,0.392
11813.625600497722,0.52,0.40800000000000003
11813.62586695393,0.536,0.392
11813.626133410136,0.528,0.392
11813.626399866342,0.52,0.4
11813.626666322549,0.52,0.4
11813.626932778756,0.528,0.424
11813.627199234963,0.52,0.424
11813.627465691168,0.528,0.44
11813.627732147375,0.52,0.424
11813.627998603582,0.528,0.44
11813.62826505979,0.536,0.424
11813.628531515995,0.512,0.4
11813.628797972202,0.52,0.392
11813.629064428409,0.536,0.40800000000000003
11813.629330884616,0.52,0.41600000000000004
11813.629597340821,0.536,0.44
11813.629863797029,0.52,0.424
11813.630130253236,0.536,0.44
11813.630396709443,0.52,0.424
11813.630663165648,0.536,0.44
11813.630929621855,0.536,0.432
11813.631196078062,0.52,0.4
11813.63146253427,0.52,0.40800000000000003
11813.631728990475,0.536,0.392
11813.631995446682,0.536,0.40800000000000003
11813.632261902889,0.512,0.392
11813.632528359096,0.512,0.392
11813.632794815301,0.528,0.424
11813.633061271508,0.512,0.41600000000000004
11813.633327727715,0.528,0.432
11813.633594183922,0.512,0.424
11813.633860640128,0.528,0.392
11813.634127096335,0.52,0.392
11813.634393552542,0.536,0.4
11813.634660008749,0.52,0.392
11813.634926464954,0.536,0.432
11813.635192921161,0.52,0.41600000000000004
11813.635459377369,0.536,0.432
11813.635725833576,0.52,0.432
11813.635992289781,0.536,0.392
11813.636258745988,0.52,0.392
11813.636525202195,0.536,0.40800000000000003
11813.636791658402,0.52,0.4
11813.637058114607,0.528,0.424
11813.637324570815,0.52,0.40800000000000003
11813.637591027022,0.528,0.4
11813.637857483229,0.52,0.40800000000000003
11813.638123939434,0.528,0.4
11813.638390395641,0.52,0.4
11813.638656851848,0.536,0.4
11813.638923308055,0.528,0.4
11813.63918976426,0.512,0.40800000000000003
11813.639456220468,0.52,0.4
11813.639722676675,0.528,0.4
11813.639989132882,0.52,0.4
11813.640255589087,0.528,0.40800000000000003
11813.640522045294,0.52,0.4
11813.640788501501,0.536,0.40800000000000003
11813.641054957709,0.536,0.4
11813.641321413914,0.512,0.40800000000000003
11813.641587870121,0.528,0.4
11813.641854326328,0.512,0.40800000000000003
11813.642120782535,0.512,0.4
11813.64238723874,0.528,0.40800000000000003
11813.642653694948,0.52,0.4
11813.642920151155,0.528,0.4
11813.643186607362,0.512,0.4
11813.643453063567,0.496,0.40800000000000003
11813.643719519774,0.504,0.4
11813.643985975981,0.52,0.40800000000000003
11813.644252432188,0.512,0.4
11813.644518888394,0.528,0.40800000000000003
11813.6447853446,0.512,0.4
11813.645051800808,0.528,0.40800000000000003
11813.645318257013,0.528,0.4
11813.64558471322,0.512,0.40800000000000003
11813.645851169427,0.512,0.4
11813.646117625634,0.528,0.40800000000000003
11813.64638408184,0.528,0.40800000000000003
11813.646650538047,0.504,0.392
11813.646916994254,0.528,0.40800000000000003
11813.647183450461,0.512,0.4
11813.647449906666,0.512,0.4
11813.647716362873,0.52,0.40800000000000003
11813.64798281908,0.512,0.4
11813.648249275288,0.528,0.40800000000000003
11813.648515731493,0.528,0.40800000000000003
11813.6487821877,0.512,0.4
11813.649048643907,0.528,0.4
11813.649315100114,0.512,0.40800000000000003
11813.64958155632,0.536,0.4
11813.649848012526,0.512,0.384
11813.650114468734,0.512,0.384
11813.65038092494,0.52,0.32
11813.650647381146,0.52,0.32
11813.650913837353,0.512,0.184
11813.65118029356,0.512,0.192
11813.651446749767,0.52,0.064
11813.651713205973,0.528,0.064
11813.65197966218,0.512,0.008
11813.652246118387,0.536,0.016
11813.652512574594,0.512,-0.008
11813.6527790308,0.512,-0.008
11813.653045487006,0.528,0.0
11813.653311943213,0.512,0.0
11813.65357839942,0.528,-0.008
11813.653844855626,0.512,-0.008
11813.654111311833,0.528,0.0
11813.65437776804,0.512,-0.008
11813.654644224247,0.52,0.0
11813.654910680452,0.512,0.0
11813.65517713666,0.528,-0.008
11813.655443592867,0.512,-0.008
11813.655710049074,0.528,0.0
11813.655976505279,0.528,0.0
11813.656242961486,0.512,-0.016
11813.656509417693,0.52,-0.008
11813.6567758739,0.512,0.0
11813.657042330105,0.512,0.0
11813.657308786313,0.528,-0.008
11813.65757524252,0.512,-0.008
11813.657841698727,0.52,0.0
11813.658108154932,0.528,0.0
11813.65837461114,0.512,-0.008
11813.658641067346,0.512,0.0
11813.658907523553,0.528,-0.016
11813.659173979759,0.512,0.0
11813.659440435966,0.536,-0.008
11813.659706892173,0.512,-0.008
11813.65997334838,0.528,0.0
11813.660239804585,0.536,0.0
11813.660506260792,0.504,-0.008
11813.660772717,0.528,0.0
11813.661039173207,0.512,-0.008
11813.661305629412,0.512,-0.008
11813.661572085619,0.528,0.0
11813.661838541826,0.512,-0.008
11813.662104998033,0.528,0.0
11813.662371454238,0.512,0.0
11813.662637910445,0.528,-0.016
11813.662904366653,0.504,0.0
11813.66317082286,0.52,-0.008
11813.663437279065,0.512,-0.008
11813.663703735272,0.528,0.0
11813.66397019148,0.52,-0.008
11813.664236647686,0.512,0.0
11813.664503103892,0.512,0.0
11813.664769560099,0.52,-0.016
11813.665036016306,0.52,-0.008
11813.665302472511,0.512,0.0
11813.665568928718,0.52,0.0
11813.665835384925,0.504,-0.016
11813.666101841132,0.52,0.0
11813.666368297338,0.504,-0.008
11813.666634753545,0.512,0.0
11813.666901209752,0.52,-0.008
11813.667167665959,0.512,0.0
11813.667434122164,0.528,-0.016
11813.667700578371,0.512,0.0
11813.667967034578,0.544,-0.016
11813.668233490785,0.512,0.0
11813.66849994699,0.528,-0.008
11813.668766403198,0.512,0.0
11813.669032859405,0.52,-0.016
11813.669299315612,0.512,0.0
11813.669565771817,0.528,-0.016
11813.669832228024,0.512,0.0
11813.670098684232,0.52,-0.016
11813.670365140439,0.512,0.0
11813.670631596644,0.528,-0.016
11813.670898052851,0.512,-0.016
11813.671164509058,0.536,0.0
11813.671430965265,0.528,0.0
11813.67169742147,0.512,-0.016
11813.671963877678,0.512,0.0
11813.672230333885,0.528,-0.016
11813.672496790092,0.512,0.0
11813.672763246297,0.52,-0.016
11813.673029702504,0.512,0.0
11813.673296158711,0.52,-0.016
11813.673562614918,0.512,0.0
11813.673829071124,0.528,-0.008
11813.67409552733,0.512,-0.016
11813.674361983538,0.528,0.0
11813.674628439745,0.512,0.0
11813.67489489595,0.528,-0.008
11813.675161352157,0.52,-0.016
11813.675427808364,0.512,0.0
11813.675694264572,0.504,0.0
11813.675960720777,0.52,-0.016
11813.676227176984,0.504,0.0
11813.676493633191,0.528,-0.016
11813.676760089398,0.512,0.0
11813.677026545603,0.536,-0.016
11813.67729300181,0.512,0.0
11813.677559458018,0.528,-0.016
11813.677825914225,0.528,0.0
11813.67809237043,0.512,-0.016
11813.678358826637,0.512,0.0
11813.678625282844,0.528,-0.016
11813.678891739051,0.512,0.0
11813.679158195257,0.528,-0.016
11813.679424651464,0.512,0.0
11813.67969110767,0.528,-0.016
11813.679957563878,0.52,0.0
11813.680224020083,0.504,-0.016
11813.68049047629,0.52,0.0
11813.680756932497,0.504,-0.016
11813.681023388704,0.512,-0.008
11813.68128984491,0.52,0.0
11813.681556301117,0.528,0.0
11813.681822757324,0.512,-0.016
11813.682089213531,0.52,0.0
11813.682355669736,0.504,-0.016
11813.682622125943,0.504,-0.008
11813.68288858215,0.528,0.0
11813.683155038358,0.512,0.0
11813.683421494563,0.528,-0.008
11813.68368795077,0.512,0.0
11813.683954406977,0.528,-0.016
11813.684220863184,0.512,-0.008
11813.68448731939,0.52,0.0
11813.684753775597,0.504,0.0
11813.685020231804,0.52,-0.016
11813.685286688009,0.512,0.0
11813.685553144216,0.52,-0.008
11813.685819600423,0.52,0.0
11813.68608605663,0.504,-0.016
11813.686352512836,0.512,0.0
11813.686618969043,0.52,-0.016
11813.68688542525,0.52,0.0
11813.687151881457,0.504,-0.016
11813.687418337662,0.512,-0.016
11813.68768479387,0.52,0.0
11813.687951250076,0.512,0.0
11813.688217706283,0.528,-0.016
11813.688484162489,0.52,-0.008
11813.688750618696,0.512,0.0
11813.689017074903,0.504,0.0
11813.68928353111,0.528,-0.016
11813.689549987315,0.512,0.0
11813.689816443522,0.528,-0.016
11813.69008289973,0.52,0.0
11813.690349355937,0.504,-0.016
11813.690615812142,0.504,-0.008
11813.690882268349,0.528,0.0
11813.691148724556,0.528,-0.016
11813.691415180763,0.512,0.0
11813.691681636968,0.512,-0.016
11813.691948093176,0.52,0.0
11813.692214549383,0.52,-0.016
11813.69248100559,0.504,0.0
11813.692747461795,0.512,0.0
11813.693013918002,0.52,-0.016
11813.69328037421,0.528,0.0
11813.693546830416,0.504,-0.016
11813.693813286622,0.504,0.0
11813.694079742829,0.52,-0.016
11813.694346199036,0.512,0.0
11813.694612655243,0.528,-0.016
11813.694879111448,0.528,0.0
11813.695145567655,0.512,-0.016
11813.695412023862,0.512,0.0
11813.69567848007,0.528,-0.016
11813.695944936275,0.528,-0.016
11813.696211392482,0.504,0.0
11813.696477848689,0.496,0.0
11813.696744304896,0.52,-0.016
11813.697010761101,0.512,-0.016
11813.697277217309,0.52,0.0
11813.697543673516,0.52,0.0
11813.697810129723,0.504,-0.016
11813.698076585928,0.512,0.0
11813.698343042135,0.528,-0.016
11813.698609498342,0.512,0.0
11813.69887595455,0.52,-0.016
11813.699142410755,0.512,-0.016
11813.699408866962,0.528,0.0
11813.699675323169,0.512,0.0
11813.699941779376,0.52,-0.016
11813.700208235581,0.512,0.0
11813.700474691788,0.528,-0.016
11813.700741147995,0.512,0.0
11813.701007604202,0.528,-0.016
11813.701274060408,0.52,0.0
11813.701540516615,0.504,-0.016
11813.701806972822,0.52,-0.008
11813.702073429029,0.504,0.0
11813.702339885234,0.52,0.0
11813.702606341441,0.504,-0.016
11813.702872797649,0.512,0.0
11813.703139253856,0.528,-0.016
11813.70340571006,0.536,0.0
11813.703672166268,0.512,-0.016
11813.703938622475,0.528,-0.016
11813.704205078682,0.504,0.0
11813.704471534887,0.52,-0.016
11813.704737991095,0.528,0.0
11813.705004447302,0.512,-0.016
11813.705270903507,0.528,0.0
11813.705537359714,0.512,-0.016
11813.705803815921,0.52,0.0
11813.706070272128,0.512,0.0
11813.706336728334,0.528,-0.016
11813.70660318454,0.512,0.0
11813.706869640748,0.528,-0.016
11813.707136096955,0.528,0.0
11813.70740255316,0.512,-0.016
11813.707669009367,0.528,0.0
11813.707935465574,0.512,-0.016
11813.708201921781,0.512,0.0
11813.708468377987,0.528,-0.016
11813.708734834194,0.536,-0.016
11813.709001290401,0.504,0.0
11813.709267746608,0.512,0.0
11813.709534202813,0.528,-0.016
11813.70980065902,0.512,0.0
11813.710067115228,0.528,-0.016
11813.710333571435,0.512,-0.016
11813.71060002764,0.52,0.0
11813.710866483847,0.512,-0.016
11813.711132940054,0.528,0.0
11813.711399396261,0.512,-0.016
11813.711665852466,0.528,0.0
11813.711932308674,0.52,0.0
11813.71219876488,0.504,-0.016
11813.712465221088,0.512,0.0
11813.712731677293,0.528,-0.016
11813.7129981335,0.52,0.0
11813.713264589707,0.528,-0.016
11813.713531045914,0.528,0.0
11813.71379750212,0.504,-0.016
11813.714063958327,0.512,0.0
11813.714330414534,0.52,-0.016
11813.714596870741,0.512,0.0
11813.714863326946,0.528,-0.016
11813.715129783153,0.512,0.0
11813.71539623936,0.528,-0.016
11813.715662695568,0.512,0.0
11813.715929151773,0.536,-0.016
11813.71619560798,0.512,0.0
11813.716462064187,0.528,-0.016
11813.716728520394,0.512,-0.008
11813.7169949766,0.536,0.016
11813.717261432806,0.512,0.008
11813.717527889014,0.528,0.112
11813.71779434522,0.536,0.12
11813.718060801426,0.504,0.264
11813.718327257633,0.496,0.28
11813.71859371384,0.512,0.384
11813.718860170047,0.504,0.384
11813.719126626253,0.528,0.4
11813.71939308246,0.512,0.41600000000000004
11813.719659538667,0.528,0.4
11813.719925994874,0.512,0.40800000000000003
11813.72019245108,0.528,0.392
11813.720458907286,0.528,0.392
11813.720725363493,0.512,0.40800000000000003
11813.7209918197,0.52,0.40800000000000003
11813.721258275906,0.512,0.432
11813.721524732113,0.512,0.41600000000000004
11813.72179118832,0.52,0.4
11813.722057644527,0.512,0.4
11813.722324100732,0.528,0.40800000000000003
11813.72259055694,0.528,0.4
11813.722857013146,0.512,0.40800000000000003
11813.723123469354,0.512,0.40800000000000003
11813.723389925559,0.52,0.4
11813.723656381766,0.512,0.4
11813.723922837973,0.536,0.40800000000000003
11813.72418929418,0.536,0.40800000000000003
11813.724455750385,0.504,0.4
11813.724722206593,0.512,0.40800000000000003
11813.7249886628,0.536,0.4
11813.725255119005,0.52,0.4
11813.725521575212,0.528,0.40800000000000003
11813.72578803142,0.52,0.4
11813.726054487626,0.536,0.40800000000000003
11813.726320943832,0.52,0.4
11813.726587400039,0.528,0.4
11813.726853856246,0.52,0.4
11813.727120312453,0.536,0.40800000000000003
11813.727386768658,0.52,0.4
11813.727653224865,0.536,0.40800000000000003
11813.727919681072,0.52,0.4
11813.72818613728,0.536,0.40800000000000003
11813.728452593485,0.52,0.4
11813.728719049692,0.528,0.40800000000000003
11813.728985505899,0.52,0.40800000000000003
11813.729251962106,0.528,0.4
11813.729518418311,0.528,0.4
11813.729784874518,0.512,0.40800000000000003
11813.730051330725,0.52,0.4
11813.730317786933,0.536,0.40800000000000003
11813.730584243138,0.52,0.4
11813.730850699345,0.536,0.40800000000000003
11813.731117155552,0.52,0.4
11813.73138361176,0.528,0.40800000000000003
11813.731650067964,0.52,0.4
11813.731916524172,0.536,0.4
11813.732182980379,0.528,0.4
11813.732449436586,0.52,0.40800000000000003
11813.732715892791,0.52,0.4
11813.732982348998,0.536,0.40800000000000003
11813.733248805205,0.536,0.4
11813.733515261412,0.512,0.40800000000000003
11813.733781717618,0.52,0.40800000000000003
11813.734048173825,0.536,0.4
11813.734314630032,0.52,0.4
11813.734581086239,0.536,0.4
11813.734847542444,0.528,0.4
11813.735113998651,0.512,0.40800000000000003
11813.735380454858,0.512,0.4
11813.735646911065,0.536,0.4
11813.73591336727,0.52,0.4
11813.736179823478,0.536,0.40800000000000003
11813.736446279685,0.52,0.40800000000000003
11813.736712735892,0.536,0.4
11813.736979192097,0.52,0.40800000000000003
11813.737245648304,0.536,0.392
11813.737512104512,0.52,0.4
11813.737778560719,0.528,0.40800000000000003
11813.738045016924,0.512,0.4
11813.738311473131,0.528,0.40800000000000003
11813.738577929338,0.52,0.4
11813.738844385545,0.528,0.40800000000000003
11813.73911084175,0.52,0.4
11813.739377297958,0.536,0.4
11813.739643754165,0.52,0.4
11813.739910210372,0.536,0.40800000000000003
11813.740176666577,0.536,0.4
11813.740443122784,0.512,0.40800000000000003
11813.740709578991,0.52,0.4
11813.740976035198,0.536,0.40800000000000003
11813.741242491404,0.52,0.40800000000000003
11813.74150894761,0.528,0.4
11813.741775403818,0.52,0.4
11813.742041860025,0.536,0.40800000000000003
11813.74230831623,0.52,0.40800000000000003
11813.742574772437,0.536,0.392
11813.742841228644,0.52,0.4
11813.743107684852,0.536,0.40800000000000003
11813.743374141057,0.52,0.40800000000000003
11813.743640597264,0.528,0.4
11813.743907053471,0.52,0.4
11813.744173509678,0.536,0.40800000000000003
11813.744439965883,0.52,0.40800000000000003
11813.74470642209,0.536,0.4
11813.744972878298,0.52,0.4
11813.745239334503,0.536,0.392
11813.74550579071,0.536,0.392
11813.745772246917,0.512,0.4
11813.746038703124,0.52,0.392
11813.74630515933,0.536,0.4
11813.746571615537,0.52,0.4
11813.746838071744,0.536,0.432
11813.74710452795,0.52,0.424
11813.747370984156,0.536,0.44
11813.747637440363,0.52,0.424
11813.74790389657,0.528,0.44
11813.748170352777,0.52,0.44
11813.748436808983,0.528,0.424
11813.74870326519,0.52,0.44
11813.748969721397,0.528,0.432
11813.749236177604,0.52,0.44
11813.74950263381,0.528,0.4
11813.749769090016,0.52,0.392
11813.750035546223,0.536,0.40800000000000003
11813.75030200243,0.52,0.40800000000000003
11813.750568458636,0.528,0.392
11813.750834914843,0.528,0.41600000000000004
11813.75110137105,0.512,0.44
11813.751367827257,0.52,0.44
11813.751634283462,0.536,0.424
11813.75190073967,0.52,0.432
11813.752167195877,0.536,0.4
11813.752433652084,0.52,0.4
11813.752700108289,0.528,0.392
11813.752966564496,0.52,0.392
11813.753233020703,0.536,0.432
11813.75349947691,0.512,0.41600000000000004
11813.753765933116,0.528,0.4
11813.754032389323,0.536,0.392
11813.75429884553,0.512,0.40800000000000003
11813.754565301737,0.512,0.40800000000000003
11813.754831757942,0.528,0.392
11813.75509821415,0.512,0.40800000000000003
11813.755364670356,0.528,0.44
11813.755631126563,0.528,0.44
11813.755897582769,0.512,0.40800000000000003
11813.756164038976,0.52,0.40800000000000003
11813.756430495183,0.536,0.392
11813.75669695139,0.52,0.392
11813.756963407595,0.512,0.4
11813.757229863802,0.512,0.392
11813.75749632001,0.528,0.41600000000000004
11813.757762776217,0.52,0.424
11813.758029232422,0.536,0.432
11813.758295688629,0.528,0.44
11813.758562144836,0.512,0.41600000000000004
11813.758828601043,0.512,0.41600000000000004
11813.759095057248,0.52,0.392
11813.759361513456,0.512,0.392
11813.759627969663,0.528,0.4
11813.75989442587,0.512,0.4
11813.760160882075,0.528,0.392
11813.760427338282,0.52,0.392
11813.76069379449,0.528,0.4
11813.760960250696,0.52,0.392
11813.761226706902,0.536,0.424
11813.761493163109,0.528,0.424
11813.761759619316,0.512,0.432
11813.762026075523,0.528,0.424
11813.762292531728,0.504,0.432
11813.762558987935,0.512,0.432
11813.762825444142,0.536,0.44
11813.76309190035,0.52,0.44
11813.763358356555,0.536,0.424
11813.763624812762,0.52,0.432
11813.763891268969,0.536,0.392
11813.764157725176,0.52,0.40800000000000003
11813.764424181381,0.536,0.392
11813.76969051361,0.512,0.0
11813.769938039382,0.528,-0.016
11813.770185565154,0.512,0.0
11813.770433090926,0.528,-0.016
11813.770680616697,0.512,-0.016
11813.770928142469,0.528,0.0
11813.77117566824,0.512,0.0
11813.771423194012,0.528,-0.016
11813.771670719783,0.512,0.0
11813.771918245555,0.528,-0.016
11813.772165771325,0.528,-0.016
11813.772413297096,0.504,0.0
11813.772660822868,0.512,-0.016
11813.77290834864,0.528,0.0
11813.77315587441,0.512,-0.016
11813.773403400182,0.528,0.0
11813.773650925954,0.528,0.0
11813.773898451725,0.504,-0.016
11813.774145977497,0.512,0.0
11813.774393503269,0.52,-0.016
11813.77464102904,0.512,-0.008
11813.774888554812,0.528,0.016
11813.775136080583,0.512,0.024
11813.775383606355,0.528,0.112
11813.775631132126,0.512,0.128
11813.775878657898,0.528,0.264
11813.77612618367,0.528,0.264
11813.776373709441,0.512,0.352
11813.776621235213,0.504,0.352
11813.776868760982,0.528,0.376
11813.777116286754,0.528,0.376
11813.777363812525,0.496,0.384
11813.777611338297,0.504,0.384
11813.777858864069,0.52,0.392
11813.77810638984,0.512,0.392
11813.778353915612,0.528,0.376
11813.778601441383,0.512,0.392
11813.778848967155,0.528,0.376
11813.779096492926,0.512,0.376
11813.779344018698,0.528,0.384
11813.77959154447,0.512,0.376
11813.779839070241,0.528,0.384
11813.780086596013,0.504,0.384
11813.780334121784,0.528,0.40800000000000003
11813.780581647556,0.512,0.4
11813.780829173327,0.528,0.384
11813.781076699099,0.512,0.376
11813.781324224869,0.528,0.392
11813.78157175064,0.528,0.392
11813.781819276412,0.512,0.41600000000000004
11813.782066802183,0.52,0.40800000000000003
11813.782314327955,0.504,0.424
11813.782561853726,0.504,0.40800000000000003
11813.782809379498,0.528,0.424
11813.78305690527,0.528,0.424
11813.783304431041,0.504,0.392
11813.783551956813,0.504,0.392
11813.783799482584,0.52,0.384
11813.784047008356,0.504,0.384
11813.784294534127,0.52,0.376
11813.784542059899,0.504,0.376
11813.78478958567,0.52,0.384
11813.785037111442,0.52,0.384
11813.785284637213,0.504,0.41600000000000004
11813.785532162985,0.512,0.41600000000000004
11813.785779688757,0.528,0.392
11813.786027214526,0.504,0.392
11813.786274740298,0.528,0.384
11813.78652226607,0.512,0.384
11813.786769791841,0.528,0.392
11813.787017317612,0.512,0.392
11813.787264843384,0.528,0.384
11813.787512369156,0.512,0.384
11813.787759894927,0.528,0.392
11813.788007420699,0.512,0.384
11813.78825494647,0.528,0.384
11813.788502472242,0.512,0.384
11813.788749998013,0.528,0.384
11813.788997523785,0.52,0.384
11813.789245049556,0.504,0.392
11813.789492575328,0.512,0.384
11813.7897401011,0.528,0.392
11813.789987626871,0.512,0.384
11813.790235152643,0.528,0.392
11813.790482678414,0.512,0.384
11813.790730204184,0.528,0.392
11813.790977729956,0.512,0.384
11813.791225255727,0.528,0.384
11813.791472781499,0.512,0.392
11813.79172030727,0.536,0.384
11813.791967833042,0.528,0.384
11813.792215358813,0.512,0.392
11813.792462884585,0.52,0.384
11813.792710410356,0.504,0.392
11813.792957936128,0.512,0.384
11813.7932054619,0.52,0.392
11813.793452987671,0.528,0.384
11813.793700513443,0.504,0.392
11813.793948039214,0.512,0.392
11813.794195564986,0.528,0.384
11813.794443090757,0.52,0.392
11813.794690616529,0.528,0.384
11813.7949381423,0.512,0.384
11813.795185668072,0.528,0.392
11813.795433193842,0.528,0.384
11813.795680719613,0.512,0.392
11813.795928245385,0.536,0.384
11813.796175771156,0.512,0.392
11813.796423296928,0.512,0.384
11813.7966708227,0.528,0.392
11813.796918348471,0.52,0.384
11813.797165874243,0.536,0.384
11813.797413400014,0.52,0.384
11813.797660925786,0.536,0.384
11813.797908451557,0.52,0.384
11813.798155977329,0.528,0.384
11813.7984035031,0.512,0.384
11813.798651028872,0.536,0.392
11813.798898554644,0.528,0.384
11813.799146080415,0.512,0.392
11813.799393606187,0.512,0.384
11813.799641131958,0.528,0.384
11813.799888657728,0.52,0.384
11813.8001361835,0.528,0.392
11813.800383709271,0.528,0.384
11813.800631235043,0.512,0.392
11813.800878760814,0.528,0.384
11813.801126286586,0.512,0.392
11813.801373812357,0.528,0.384
11813.801621338129,0.512,0.384
11813.8018688639,0.52,0.392
11813.802116389672,0.528,0.376
11813.802363915443,0.512,0.376
11813.802611441215,0.536,0.392
11813.802858966987,0.528,0.392
11813.803106492758,0.512,0.424
11813.80335401853,0.512,0.424
11813.803601544301,0.528,0.392
11813.803849070073,0.536,0.392
11813.804096595844,0.512,0.376
11813.804344121616,0.512,0.376
11813.804591647386,0.528,0.384
11813.804839173157,0.52,0.376
11813.805086698929,0.536,0.384
11813.8053342247,0.528,0.376
11813.805581750472,0.52,0.376
11813.805829276243,0.512,0.376
11813.806076802015,0.528,0.384
11813.806324327787,0.528,0.384
11813.806571853558,0.512,0.376
11813.80681937933,0.52,0.384
11813.807066905101,0.528,0.376
11813.807314430873,0.528,0.384
11813.807561956644,0.512,0.41600000000000004
11813.807809482416,0.52,0.40800000000000003
11813.808057008187,0.536,0.41600000000000004
11813.808304533959,0.536,0.40800000000000003
11813.80855205973,0.512,0.424
11813.808799585502,0.52,0.40800000000000003
11813.809047111274,0.528,0.424
11813.809294637043,0.52,0.40800000000000003
11813.809542162815,0.528,0.424
11813.809789688587,0.512,0.41600000000000004
11813.810037214358,0.528,0.384
11813.81028474013,0.52,0.384
11813.810532265901,0.536,0.376
11813.810779791673,0.52,0.376
11813.811027317444,0.528,0.392
11813.811274843216,0.528,0.376
11813.811522368987,0.512,0.384
11813.811769894759,0.52,0.376
11813.81201742053,0.536,0.392
11813.812264946302,0.512,0.376
11813.812512472074,0.528,0.392
11813.812759997845,0.52,0.41600000000000004
11813.813007523617,0.536,0.392
11813.813255049388,0.528,0.392
11813.81350257516,0.512,0.376
11813.813750100931,0.52,0.384
11813.813997626701,0.528,0.376
11813.814245152473,0.536,0.384
11813.814492678244,0.52,0.4
11813.814740204016,0.52,0.41600000000000004
11813.814987729787,0.536,0.384
11813.815235255559,0.52,0.376
11813.81548278133,0.528,0.376
11813.815730307102,0.52,0.376
11813.815977832874,0.528,0.384
11813.816225358645,0.528,0.376
11813.816472884417,0.512,0.376
11813.816720410188,0.52,0.376
11813.81696793596,0.536,0.384
11813.817215461731,0.52,0.384
11813.817462987503,0.536,0.376
11813.817710513275,0.52,0.376
11813.817958039046,0.536,0.392
11813.818205564818,0.52,0.384
11813.818453090587,0.528,0.376
11813.818700616359,0.536,0.376
11813.81894814213,0.512,0.4
11813.819195667902,0.52,0.4
11813.819443193674,0.536,0.384
11813.819690719445,0.52,0.376
11813.819938245217,0.536,0.384
11813.820185770988,0.52,0.376
11813.82043329676,0.528,0.392
11813.820680822531,0.52,0.384
11813.820928348303,0.536,0.41600000000000004
11813.821175874074,0.512,0.40800000000000003
11813.821423399846,0.536,0.424
11813.821670925618,0.52,0.41600000000000004
11813.82191845139,0.536,0.384
11813.82216597716,0.52,0.392
11813.822413502932,0.536,0.376
11813.822661028704,0.52,0.376
11813.822908554475,0.536,0.40800000000000003
11813.823156080245,0.536,0.40800000000000003
11813.823403606017,0.52,0.392
11813.823651131788,0.52,0.392
11813.82389865756,0.536,0.384
11813.824146183331,0.52,0.392
11813.824393709103,0.536,0.384
11813.824641234874,0.512,0.384
11813.824888760646,0.536,0.384
11813.825136286418,0.52,0.384
11813.82538381219,0.536,0.392
11813.82563133796,0.52,0.384
11813.825878863732,0.528,0.392
11813.826126389504,0.512,0.392
11813.826373915275,0.528,0.384
11813.826621441047,0.52,0.384
11813.826868966818,0.528,0.384
11813.82711649259,0.52,0.384
11813.827364018362,0.528,0.392
11813.827611544133,0.52,0.384
11813.827859069903,0.528,0.384
11813.828106595674,0.52,0.384
11813.828354121446,0.528,0.392
11813.828601647218,0.52,0.384
11813.828849172989,0.528,0.392
11813.82909669876,0.512,0.376
11813.829344224532,0.528,0.392
11813.829591750304,0.52,0.384
11813.829839276075,0.536,0.392
11813.830086801847,0.52,0.384
11813.830334327618,0.536,0.376
11813.83058185339,0.52,0.376
11813.830829379162,0.528,0.384
11813.831076904933,0.52,0.384
11813.831324430705,0.536,0.40800000000000003
11813.831571956476,0.528,0.424
11813.831819482248,0.512,0.392
11813.83206700802,0.52,0.392
11813.83231453379,0.536,0.376
11813.83256205956,0.52,0.376
11813.832809585332,0.536,0.392
11813.833057111104,0.52,0.384
11813.833304636875,0.536,0.41600000000000004
11813.833552162647,0.528,0.40800000000000003
11813.833799688418,0.512,0.424
11813.83404721419,0.528,0.41600000000000004
11813.834294739961,0.512,0.40800000000000003
11813.834542265733,0.528,0.40800000000000003
11813.834789791505,0.512,0.424
11813.835037317276,0.512,0.424
11813.835284843048,0.528,0.40800000000000003
11813.83553236882,0.536,0.41600000000000004
11813.83577989459,0.496,0.40800000000000003
11813.836027420362,0.496,0.424
11813.836274946134,0.52,0.4
11813.836522471905,0.512,0.4
11813.836769997677,0.536,0.336
11813.837017523447,0.52,0.32
11813.837265049218,0.528,0.168
11813.83751257499,0.52,0.16
11813.837760100761,0.536,0.064
11813.838007626533,0.512,0.048
11813.838255152305,0.536,0.008
11813.838502678076,0.52,0.016
11813.838750203848,0.536,-0.008
11813.83899772962,0.528,0.0
11813.83924525539,0.512,-0.008
11813.839492781162,0.52,0.0
11813.839740306934,0.536,-0.008
11813.839987832705,0.52,-0.008
11813.840235358477,0.536,0.0
11813.840482884249,0.536,0.0
11813.84073041002,0.512,-0.008
11813.840977935792,0.528,0.0
11813.841225461563,0.512,-0.008
11813.841472987335,0.528,-0.008
11813.841720513105,0.512,0.0
11813.841968038876,0.52,0.0
11813.842215564648,0.528,-0.016
11813.84246309042,0.52,0.0
11813.84271061619,0.528,-0.008
11813.842958141962,0.52,0.0
11813.843205667734,0.528,-0.016
11813.843453193505,0.512,0.0
11813.843700719277,0.528,-0.016
11813.843948245049,0.528,0.0
11813.84419577082,0.512,-0.008
11813.844443296592,0.52,0.0
11813.844690822363,0.496,-0.008
11813.844938348135,0.504,-0.008
11813.845185873906,0.52,0.0
11813.845433399678,0.504,0.0
11813.84568092545,0.528,-0.008
11813.845928451221,0.536,-0.008
11813.846175976993,0.512,0.0
11813.846423502762,0.512,-0.008
11813.846671028534,0.528,0.0
11813.846918554305,0.512,0.0
11813.847166080077,0.528,-0.008
11813.847413605848,0.512,0.0
11813.84766113162,0.528,-0.008
11813.847908657392,0.512,0.0
11813.848156183163,0.528,-0.016
11813.848403708935,0.528,-0.016
11813.848651234706,0.512,0.0
11813.848898760478,0.512,0.0
11813.84914628625,0.52,-0.016
11813.849393812021,0.52,0.0
11813.849641337792,0.512,-0.016
11813.849888863564,0.512,0.0
11813.850136389336,0.528,-0.016
11813.850383915107,0.512,0.0
11813.850631440879,0.528,-0.016
11813.85087896665,0.512,0.0
11813.85112649242,0.528,-0.016
11813.851374018192,0.528,0.0
11813.851621543963,0.512,-0.008
11813.851869069735,0.512,-0.016
11813.852116595506,0.52,0.0
11813.852364121278,0.512,0.0
11813.85261164705,0.528,-0.016
11813.85285917282,0.528,0.0
11813.853106698592,0.512,-0.016
11813.853354224364,0.512,-0.016
11813.853601750136,0.528,0.0
11813.853849275907,0.52,0.0
11813.854096801679,0.504,-0.016
11813.85434432745,0.512,-0.008
11813.854591853222,0.52,0.0
11813.854839378993,0.512,0.0
11813.855086904765,0.528,-0.016
11813.855334430536,0.536,0.0
11813.855581956306,0.496,-0.016
11813.855829482078,0.504,-0.016
11813.85607700785,0.52,0.0
11813.85632453362,0.512,-0.016
11813.856572059392,0.528,0.0
11813.856819585164,0.504,0.0
11813.857067110936,0.52,-0.016
11813.857314636707,0.512,0.0
11813.857562162479,0.52,-0.016
11813.85780968825,0.512,0.0
11813.858057214022,0.528,-0.016
11813.858304739793,0.512,0.0
11813.858552265565,0.528,-0.016
11813.858799791336,0.512,0.0
11813.859047317108,0.528,-0.016
11813.85929484288,0.512,0.0
11813.859542368651,0.52,-0.016
11813.859789894423,0.512,0.0
11813.860037420194,0.52,-0.016
11813.860284945964,0.512,0.0
11813.860532471735,0.528,-0.016
11813.860779997507,0.512,-0.016
11813.861027523279,0.528,0.0
11813.86127504905,0.536,0.0
11813.861522574822,0.512,-0.016
11813.861770100593,0.512,-0.016
11813.862017626365,0.528,0.0
11813.862265152136,0.512,0.0
11813.862512677908,0.528,-0.016
11813.86276020368,0.512,0.0
11813.863007729451,0.528,-0.016
11813.863255255223,0.528,-0.016
11813.863502780994,0.512,0.0
11813.863750306766,0.528,0.0
11813.863997832537,0.504,-0.016
11813.864245358309,0.512,0.0
11813.86449288408,0.52,-0.016
11813.864740409852,0.52,0.0
11813.864987935622,0.512,-0.016
11813.865235461393,0.512,-0.016
11813.865482987165,0.536,0.0
11813.865730512936,0.504,0.0
11813.865978038708,0.528,-0.016
11813.86622556448,0.52,-0.016
11813.866473090251,0.504,0.0
11813.866720616023,0.52,0.0
11813.866968141794,0.504,-0.016
11813.867215667566,0.504,0.0
11813.867463193337,0.52,-0.016
11813.867710719109,0.512,0.0
11813.86795824488,0.528,-0.016
11813.868205770652,0.504,0.0
11813.868453296423,0.52,-0.016
11813.868700822195,0.504,0.0
11813.868948347967,0.52,-0.016
11813.869195873738,0.512,-0.016
11813.86944339951,0.52,0.0
11813.86969092528,0.504,0.0
11813.869938451051,0.528,-0.016
11813.870185976823,0.52,0.0
11813.870433502594,0.504,-0.016
11813.870681028366,0.52,-0.016
11813.870928554137,0.504,0.0
11813.871176079909,0.512,0.0
11813.87142360568,0.528,-0.016
11813.871671131452,0.512,-0.008
11813.871918657223,0.528,0.0
11813.872166182995,0.512,-0.016
11813.872413708767,0.528,0.0
11813.872661234538,0.52,0.0
11813.87290876031,0.504,-0.016
11813.873156286081,0.512,-0.016
11813.873403811853,0.528,0.0
11813.873651337624,0.512,-0.016
11813.873898863396,0.528,0.0
11813.874146389166,0.512,-0.016
11813.874393914937,0.528,0.0
11813.874641440709,0.512,0.0
11813.87488896648,0.536,-0.016
11813.875136492252,0.528,-0.016
11813.875384018023,0.504,0.0
11813.875631543795,0.512,0.0
11813.875879069567,0.528,-0.016
11813.876126595338,0.512,-0.016
11813.87637412111,0.528,0.0
11813.876621646881,0.536,0.0
11813.876869172653,0.512,-0.016
11813.877116698424,0.52,0.0
11813.877364224196,0.512,-0.016
11813.877611749967,0.528,-0.016
11813.877859275739,0.496,0.0
11813.87810680151,0.496,0.0
11813.878354327282,0.52,-0.016
11813.878601853054,0.512,0.0
11813.878849378823,0.52,-0.016
11813.879096904595,0.512,-0.016
11813.879344430366,0.504,0.0
11813.879591956138,0.512,-0.016
11813.87983948191,0.52,0.0
11813.880087007681,0.512,-0.016
11813.880334533453,0.536,0.0
11813.880582059224,0.528,-0.016
11813.880829584996,0.504,0.0
11813.881077110767,0.52,0.0
11813.881324636539,0.504,-0.016
11813.88157216231,0.504,0.0
11813.881819688082,0.528,-0.016
11813.882067213854,0.512,-0.016
11813.882314739625,0.52,0.0
11813.882562265397,0.512,-0.016
11813.882809791168,0.528,0.0
11813.88305731694,0.512,-0.016
11813.883304842711,0.528,0.0
11813.883552368481,0.504,0.0
11813.883799894253,0.528,-0.016
11813.884047420024,0.504,0.0
11813.884294945796,0.528,-0.016
11813.884542471567,0.512,-0.016
11813.884789997339,0.528,0.0
11813.88503752311,0.512,0.0
11813.885285048882,0.528,-0.016
11813.885532574654,0.52,0.0
11813.885780100425,0.504,-0.016
11813.886027626197,0.528,-0.016
11813.886275151968,0.504,0.0
11813.88652267774,0.512,0.0
11813.886770203511,0.528,-0.016
11813.887017729283,0.512,-0.016
11813.887265255054,0.52,0.0
11813.887512780826,0.528,-0.016
11813.887760306598,0.512,0.0
11813.88800783237,0.528,0.0
11813.888255358139,0.504,-0.016
11813.88850288391,0.496,0.0
11813.888750409682,0.528,-0.016
11813.888997935454,0.536,-0.016
11813.889245461225,0.512,0.0
11813.889492986997,0.512,0.0
11813.889740512768,0.528,-0.016
11813.88998803854,0.512,-0.016
11813.890235564311,0.52,0.0
11813.890483090083,0.504,-0.016
11813.890730615854,0.528,0.0
11813.890978141626,0.512,0.0
11813.891225667398,0.52,-0.016
11813.891473193169,0.512,0.0
11813.89172071894,0.528,-0.016
11813.891968244712,0.512,-0.016
11813.892215770484,0.536,0.0
11813.892463296255,0.52,-0.016
11813.892710822025,0.504,0.0
11813.892958347797,0.512,0.0
11813.893205873568,0.52,-0.016
11813.89345339934,0.512,0.0
11813.893700925111,0.52,-0.016
11813.893948450883,0.512,-0.016
11813.894195976654,0.528,0.0
11813.894443502426,0.512,0.0
11813.894691028197,0.528,-0.016
11813.894938553969,0.528,-0.016
11813.89518607974,0.504,0.0
11813.895433605512,0.528,-0.016
11813.895681131284,0.512,0.0
11813.895928657055,0.52,-0.016
11813.896176182827,0.512,0.0
11813.896423708598,0.528,0.0
11813.89667123437,0.512,-0.016
11813.896918760141,0.512,0.0
11813.897166285913,0.528,-0.016
11813.897413811683,0.512,-0.016
11813.897661337454,0.536,0.0
11813.897908863226,0.536,0.0
11813.898156388997,0.512,-0.016
11813.898403914769,0.512,-0.008
11813.89865144054,0.528,0.016
11813.898898966312,0.504,0.016
11813.899146492084,0.528,0.112
11813.899394017855,0.512,0.12
11813.899641543627,0.528,0.28800000000000003
11813.899889069398,0.512,0.28
11813.90013659517,0.528,0.368
11813.900384120941,0.536,0.376
11813.900631646713,0.512,0.392
11813.900879172485,0.504,0.376
11813.901126698256,0.528,0.4
11813.901374224028,0.52,0.4
11813.9016217498,0.512,0.384
11813.90186927557,0.512,0.376
11813.90211680134,0.528,0.40800000000000003
11813.902364327112,0.504,0.40800000000000003
11813.902611852884,0.52,0.376
11813.902859378655,0.512,0.384
11813.903106904427,0.52,0.40800000000000003
11813.903354430198,0.512,0.41600000000000004
11813.90360195597,0.52,0.384
11813.903849481741,0.512,0.384
11813.904097007513,0.528,0.4
11813.904344533285,0.528,0.384
11813.904592059056,0.504,0.4
11813.904839584828,0.504,0.4
11813.9050871106,0.52,0.41600000000000004
11813.90533463637,0.512,0.40800000000000003
11813.905582162142,0.528,0.392
11813.905829687914,0.512,0.4
11813.906077213685,0.528,0.41600000000000004
11813.906324739457,0.52,0.41600000000000004
11813.906572265229,0.504,0.4
11813.906819790998,0.512,0.41600000000000004
11813.90706731677,0.528,0.392
11813.907314842541,0.512,0.4
11813.907562368313,0.52,0.392
11813.907809894084,0.512,0.40800000000000003
11813.908057419856,0.528,0.384
11813.908304945628,0.544,0.384
11813.9085524714,0.504,0.376
11813.90879999717,0.52,0.376
11813.909047522942,0.512,0.4
11813.909295048714,0.528,0.392
11813.909542574485,0.512,0.41600000000000004
11813.909790100257,0.512,0.41600000000000004
11813.910037626028,0.528,0.384
11813.9102851518,0.528,0.384
11813.910532677572,0.512,0.392
11813.910780203343,0.536,0.392
11813.911027729115,0.512,0.40800000000000003
11813.911275254884,0.536,0.41600000000000004
11813.911522780656,0.512,0.4
11813.911770306428,0.52,0.4
11813.9120178322,0.536,0.41600000000000004
11813.91226535797,0.52,0.424
11813.912512883742,0.528,0.4
11813.912760409514,0.52,0.4
11813.913007935285,0.528,0.41600000000000004
11813.913255461057,0.52,0.41600000000000004
11813.913502986828,0.536,0.384
11813.9137505126,0.528,0.392
11813.913998038372,0.512,0.376
11813.914245564143,0.528,0.376
11813.914493089915,0.512,0.392
11813.914740615686,0.52,0.384
11813.914988141458,0.536,0.41600000000000004
11813.91523566723,0.528,0.392
11813.915483193001,0.512,0.384
11813.915730718772,0.52,0.384
11813.915978244542,0.528,0.40800000000000003
11813.916225770314,0.528,0.392
11813.916473296085,0.512,0.41600000000000004
11813.916720821857,0.52,0.40800000000000003
11813.916968347628,0.528,0.384
11813.9172158734,0.528,0.384
11813.917463399172,0.512,0.392
11813.917710924943,0.512,0.392
11813.917958450715,0.528,0.384
11813.918205976486,0.52,0.384
11813.918453502258,0.536,0.392
11813.91870102803,0.52,0.384
11813.9189485538,0.536,0.392
11813.919196079572,0.52,0.384
11813.919443605344,0.536,0.384
11813.919691131116,0.52,0.384
11813.919938656887,0.528,0.392
11813.920186182659,0.52,0.384
11813.92043370843,0.528,0.384
11813.9206812342,0.52,0.384
11813.920928759972,0.528,0.392
11813.921176285743,0.52,0.384
11813.921423811515,0.528,0.384
11813.921671337286,0.512,0.384
11813.921918863058,0.536,0.392
11813.92216638883,0.52,0.384
11813.9224139146,0.536,0.392
11813.922661440372,0.512,0.384
11813.922908966144,0.536,0.392
11813.923156491916,0.528,0.384
11813.923404017687,0.512,0.392
11813.923651543459,0.52,0.384
11813.92389906923,0.536,0.392
11813.924146595002,0.512,0.392
11813.924394120773,0.528,0.384
11813.924641646545,0.528,0.392
11813.924889172316,0.512,0.384
11813.925136698088,0.528,0.384
11813.925384223858,0.512,0.392
11813.92563174963,0.52,0.384
11813.9258792754,0.536,0.384
11813.926126801172,0.52,0.384
11813.926374326944,0.528,0.384
11813.926621852715,0.52,0.384
11813.926869378487,0.536,0.384
11813.927116904259,0.536,0.384
11813.92736443003,0.52,0.392
11813.927611955802,0.52,0.384
11813.927859481573,0.536,0.384
11813.928107007345,0.52,0.384
11813.928354533116,0.536,0.384
11813.928602058888,0.536,0.384
11813.92884958466,0.512,0.392
11813.929097110431,0.512,0.384
11813.929344636203,0.528,0.392
11813.929592161974,0.52,0.384
11813.929839687744,0.528,0.384
11813.930087213515,0.528,0.384
11813.930334739287,0.512,0.392
11813.930582265059,0.52,0.384
11813.93082979083,0.528,0.384
11813.931077316602,0.52,0.384
11813.931324842373,0.528,0.392
11813.931572368145,0.52,0.384
11813.931819893916,0.528,0.392
11813.932067419688,0.52,0.392
11813.93231494546,0.528,0.384
11813.932562471231,0.52,0.384
11813.932809997003,0.536,0.392
11813.933057522774,0.52,0.384
11813.933305048546,0.528,0.392
11813.933552574317,0.52,0.384
11813.933800100089,0.528,0.384
11813.93404762586,0.528,0.384
11813.934295151632,0.512,0.384
11813.934542677402,0.52,0.384
11813.934790203173,0.528,0.392
11813.935037728945,0.512,0.384
11813.935285254716,0.536,0.392
11813.935532780488,0.52,0.384
11813.93578030626,0.536,0.384
11813.936027832031,0.536,0.384
11813.936275357803,0.52,0.392
11813.936522883574,0.52,0.384
11813.936770409346,0.536,0.392
11813.937017935117,0.536,0.384
11813.937265460889,0.512,0.392
11813.93751298666,0.52,0.384
11813.937760512432,0.528,0.392
11813.938008038203,0.52,0.384
11813.938255563975,0.536,0.392
11813.938503089747,0.528,0.384
11813.938750615518,0.52,0.384
11813.93899814129,0.52,0.384
11813.93924566706,0.536,0.392
11813.939493192831,0.52,0.384
11813.939740718602,0.528,0.384
11813.939988244374,0.536,0.384
11813.940235770146,0.512,0.392
11813.940483295917,0.52,0.384
11813.940730821689,0.536,0.392
11813.94097834746,0.52,0.384
11813.941225873232,0.528,0.384
11813.941473399003,0.52,0.384
11813.941720924775,0.536,0.392
11813.941968450546,0.52,0.384
11813.942215976318,0.536,0.384
11813.94246350209,0.52,0.384
11813.942711027861,0.528,0.392
11813.942958553633,0.52,0.384
11813.943206079404,0.536,0.392
11813.943453605176,0.52,0.384
11813.943701130947,0.528,0.392
11813.943948656717,0.52,0.384
11813.944196182489,0.528,0.392
11813.94444370826,0.52,0.384
11813.944691234032,0.536,0.384
11813.944938759803,0.528,0.384
11813.945186285575,0.512,0.392
11813.945433811346,0.52,0.384
11813.945681337118,0.528,0.384
11813.94592886289,0.528,0.384
11813.946176388661,0.512,0.392
11813.946423914433,0.52,0.384
11813.946671440204,0.528,0.392
11813.946918965976,0.536,0.384
11813.947166491747,0.52,0.392
11813.947414017519,0.528,0.384
11813.94766154329,0.512,0.392
11813.947909069062,0.52,0.384
11813.948156594834,0.536,0.392
11813.948404120603,0.52,0.384
11813.948651646375,0.528,0.392
11813.948899172146,0.52,0.384
11813.949146697918,0.528,0.392
11813.94939422369,0.52,0.392
11813.949641749461,0.528,0.384
11813.949889275233,0.536,0.384
11813.950136801004,0.512,0.392
11813.950384326776,0.528,0.384
11813.950631852547,0.52,0.392
11813.950879378319,0.52,0.384
11813.95112690409,0.528,0.384
11813.951374429862,0.512,0.384
11813.951621955634,0.528,0.384
11813.951869481405,0.512,0.384
11813.952117007177,0.528,0.384
11813.952364532948,0.512,0.384
11813.95261205872,0.536,0.392
11813.952859584491,0.528,0.384
11813.953107110261,0.512,0.376
11813.953354636033,0.528,0.384
11813.953602161804,0.512,0.392
11813.953849687576,0.528,0.392
11813.954097213347,0.512,0.41600000000000004
11813.954344739119,0.528,0.41600000000000004
11813.95459226489,0.512,0.384
11813.954839790662,0.512,0.384
11813.955087316433,0.528,0.384
11813.955334842205,0.512,0.384
11813.955582367977,0.528,0.4
11813.955829893748,0.512,0.392
11813.95607741952,0.52,0.376
11813.956324945291,0.512,0.376
11813.956572471063,0.528,0.384
11813.956819996834,0.512,0.392
11813.957067522606,0.528,0.376
11813.957315048377,0.512,0.384
11813.957562574149,0.52,0.376
11813.957810099919,0.512,0.376
11813.95805762569,0.528,0.392
11813.958305151462,0.512,0.376
11813.958552677233,0.528,0.392
11813.958800203005,0.512,0.384
11813.959047728777,0.52,0.392
11813.959295254548,0.512,0.384
11813.95954278032,0.528,0.392
11813.959790306091,0.512,0.384
11813.960037831863,0.528,0.40800000000000003
11813.960285357634,0.52,0.392
11813.960532883406,0.512,0.32
11813.960780409177,0.512,0.32
11813.961027934949,0.536,0.176
11813.96127546072,0.528,0.176
11813.961522986492,0.512,0.056
11813.961770512264,0.512,0.056
11813.962018038035,0.52,0.008
11813.962265563807,0.512,0.016
11813.962513089577,0.528,-0.008
11813.962760615348,0.528,0.0
11813.96300814112,0.512,-0.008
11813.963255666891,0.512,0.0
11813.963503192663,0.528,-0.008
11813.963750718434,0.512,0.0
11813.963998244206,0.528,-0.008
11813.964245769977,0.512,-0.008
11813.964493295749,0.528,0.0
11813.96474082152,0.528,0.0
11813.964988347292,0.512,-0.008
11813.965235873064,0.504,0.0
11813.965483398835,0.52,-0.008
11813.965730924607,0.512,0.0
11813.965978450378,0.528,-0.008
11813.96622597615,0.512,0.0
11813.966473501921,0.528,-0.008
11813.966721027693,0.512,-0.008
11813.966968553463,0.528,0.0
11813.967216079234,0.528,-0.008
11813.967463605006,0.504,0.0
11813.967711130777,0.504,0.0
11813.967958656549,0.52,-0.016
11813.96820618232,0.512,0.0
11813.968453708092,0.528,-0.008
11813.968701233864,0.528,-0.008
11813.968948759635,0.504,0.0
11813.969196285407,0.504,-0.008
11813.969443811178,0.528,0.0
11813.96969133695,0.512,-0.008
11813.969938862721,0.528,0.0
11813.970186388493,0.512,0.0
11813.970433914265,0.52,-0.008
11813.970681440036,0.504,0.0
11813.970928965808,0.52,-0.008
11813.97117649158,0.512,-0.008
11813.97142401735,0.52,0.0
11813.97167154312,0.512,0.0
11813.971919068892,0.52,-0.008
11813.972166594664,0.512,-0.008
11813.972414120435,0.528,0.0
11813.972661646207,0.536,0.0
11813.972909171978,0.512,-0.008
11813.97315669775,0.512,0.0
11813.973404223521,0.528,-0.008
11813.973651749293,0.52,0.0
11813.973899275064,0.504,-0.008
11813.974146800836,0.512,0.0
11813.974394326608,0.528,-0.008
11813.97464185238,0.52,-0.008
11813.97488937815,0.504,0.0
11813.975136903922,0.512,-0.016
11813.975384429694,0.536,0.0
11813.975631955465,0.528,0.0
11813.975879481237,0.504,-0.016
11813.976127007008,0.512,0.0
11813.976374532778,0.528,-0.008
11813.97662205855,0.512,0.0
11813.976869584321,0.528,-0.016
11813.977117110093,0.512,0.0
11813.977364635864,0.528,-0.016
11813.977612161636,0.512,0.0
11813.977859687408,0.528,-0.016
11813.97810721318,0.512,0.0
11813.97835473895,0.528,-0.016
11813.978602264722,0.528,0.0
11813.978849790494,0.512,-0.016
11813.979097316265,0.512,0.0
11813.979344842037,0.528,-0.016
11813.979592367808,0.528,0.0
11813.97983989358,0.512,-0.016
11813.980087419352,0.512,0.0
11813.980334945123,0.52,-0.016
11813.980582470895,0.52,0.0
11813.980829996666,0.504,-0.016
11813.981077522436,0.504,0.0
11813.981325048208,0.52,-0.016
11813.981572573979,0.512,0.0
11813.98182009975,0.528,-0.016
11813.982067625522,0.512,0.0
11813.982315151294,0.528,-0.016
11813.982562677065,0.52,-0.008
11813.982810202837,0.512,0.0
11813.983057728608,0.512,0.0
11813.98330525438,0.528,-0.016
11813.983552780152,0.528,0.0
11813.983800305923,0.512,-0.016
11813.984047831695,0.512,0.0
11813.984295357466,0.528,-0.016
11813.984542883238,0.504,0.0
11813.98479040901,0.52,-0.016
11813.98503793478,0.512,0.0
11813.985285460552,0.528,-0.016
11813.985532986322,0.512,-0.016
11813.985780512094,0.528,0.0
11813.986028037865,0.504,-0.016
11813.986275563637,0.528,0.0
11813.986523089408,0.512,-0.016
11813.98677061518,0.528,0.0
11813.987018140951,0.512,-0.016
11813.987265666723,0.528,0.0
11813.987513192495,0.512,-0.016
11813.987760718266,0.528,0.0
11813.988008244038,0.512,0.0
11813.98825576981,0.52,-0.016
11813.98850329558,0.512,0.0
11813.988750821352,0.528,-0.016
11813.988998347124,0.504,-0.016
11813.989245872895,0.528,0.0
11813.989493398667,0.512,0.0
11813.989740924439,0.536,-0.016
11813.98998845021,0.52,-0.016
11813.99023597598,0.512,0.0
11813.990483501751,0.52,-0.016
11813.990731027523,0.528,0.0
11813.990978553295,0.528,0.0
11813.991226079066,0.512,-0.016
11813.991473604838,0.512,-0.016
11813.99172113061,0.536,0.0
11813.99196865638,0.52,0.0
11813.992216182152,0.536,-0.016
11813.992463707924,0.52,-0.016
11813.992711233695,0.528,0.0
11813.992958759467,0.52,0.0
11813.993206285239,0.528,-0.016
11813.99345381101,0.52,0.0
11813.993701336782,0.536,-0.016
11813.993948862553,0.52,-0.016
11813.994196388325,0.536,0.0
11813.994443914096,0.512,-0.016
11813.994691439868,0.536,0.0
11813.994938965638,0.512,0.0
11813.99518649141,0.528,-0.016
11813.99543401718,0.528,0.0
11813.995681542952,0.512,-0.016
11813.995929068724,0.512,0.0
11813.996176594495,0.528,-0.016
11813.996424120267,0.52,-0.008
11813.996671646039,0.512,0.0
11813.99691917181,0.512,0.0
11813.997166697582,0.52,-0.016
11813.997414223353,0.512,-0.016
11813.997661749125,0.536,0.0
11813.997909274896,0.528,-0.016
11813.998156800668,0.504,0.0
11813.99840432644,0.512,0.0
11813.998651852211,0.528,-0.016
11813.998899377983,0.52,-0.016
11813.999146903754,0.512,0.0
11813.999394429526,0.528,0.0
11813.999641955295,0.512,-0.016
11813.999889481067,0.528,0.0
11814.000137006838,0.512,-0.016
11814.00038453261,0.512,-0.016
11814.000632058382,0.528,0.0
11814.000879584153,0.512,-0.016
11814.001127109925,0.528,0.0
11814.001374635696,0.52,0.0
11814.001622161468,0.536,-0.016
11814.00186968724,0.536,0.0
11814.002117213011,0.512,-0.016
11814.002364738782,0.512,-0.016
11814.002612264554,0.528,0.0
11814.002859790326,0.512,0.0
11814.003107316097,0.52,-0.016
11814.003354841869,0.512,-0.016
11814.00360236764,0.52,0.0
11814.003849893412,0.512,-0.016
11814.004097419182,0.528,0.0
11814.004344944953,0.536,-0.016
11814.004592470725,0.504,0.0
11814.004839996496,0.504,-0.016
11814.005087522268,0.52,0.0
11814.00533504804,0.512,0.0
11814.00558257381,0.52,-0.016
11814.005830099582,0.512,-0.016
11814.006077625354,0.52,0.0
11814.006325151126,0.512,-0.016
11814.006572676897,0.528,0.0
11814.006820202669,0.504,0.0
11814.00706772844,0.528,-0.016
11814.007315254212,0.528,0.0
11814.007562779983,0.512,-0.016
11814.007810305755,0.512,-0.016
11814.008057831526,0.52,0.0
11814.008305357298,0.512,0.0
11814.00855288307,0.52,-0.016
11814.00880040884,0.528,-0.016
11814.00904793461,0.512,0.0
11814.009295460382,0.536,0.0
11814.009542986154,0.512,-0.016
11814.009790511926,0.512,0.0
11814.010038037697,0.52,-0.016
11814.010285563469,0.528,-0.016
11814.01053308924,0.512,0.0
11814.010780615012,0.52,0.0
11814.011028140783,0.512,-0.016
11814.011275666555,0.512,0.0
11814.011523192326,0.52,-0.016
11814.011770718098,0.512,-0.016
11814.01201824387,0.528,0.0
11814.012265769641,0.52,0.0
11814.012513295413,0.504,-0.016
11814.012760821184,0.512,0.0
11814.013008346956,0.528,-0.016
11814.013255872727,0.512,-0.016
11814.013503398497,0.52,0.0
11814.013750924269,0.512,-0.016
11814.01399845004,0.52,0.0
11814.014245975812,0.512,0.0
11814.014493501583,0.536,-0.016
11814.014741027355,0.512,-0.016
11814.014988553126,0.528,0.0
11814.015236078898,0.52,-0.016
11814.01548360467,0.512,0.0
11814.015731130441,0.512,0.0
11814.015978656213,0.52,-0.016
11814.016226181984,0.512,0.0
11814.016473707756,0.528,-0.016
11814.016721233527,0.528,-0.016
11814.016968759299,0.512,0.0
11814.01721628507,0.512,0.0
11814.017463810842,0.528,-0.016
11814.017711336614,0.512,-0.016
11814.017958862385,0.52,0.0
11814.018206388155,0.512,0.0
11814.018453913926,0.528,-0.016
11814.018701439698,0.512,0.0
11814.01894896547,0.528,-0.016
11814.019196491241,0.536,-0.016
11814.019444017013,0.504,0.0
11814.019691542784,0.504,0.0
11814.019939068556,0.52,-0.016
11814.020186594327,0.504,0.0
11814.020434120099,0.52,-0.016
11814.02068164587,0.512,0.0
11814.020929171642,0.528,-0.016
11814.021176697413,0.512,-0.016
11814.021424223185,0.528,0.0
11814.021671748957,0.512,0.0
11814.021919274728,0.528,-0.016
11814.0221668005,0.512,-0.008
11814.022414326271,0.528,0.016
11814.022661852041,0.512,0.024
11814.022909377813,0.52,0.112
11814.023156903584,0.512,0.128
11814.023404429356,0.528,0.264
11814.023651955127,0.512,0.264
11814.023899480899,0.528,0.34400000000000003
11814.02414700667,0.52,0.352
11814.024394532442,0.504,0.368
11814.024642058213,0.512,0.368
11814.024889583985,0.528,0.376
11814.025137109757,0.512,0.376
11814.025384635528,0.528,0.384
11814.0256321613,0.512,0.384
11814.025879687071,0.528,0.376
11814.026127212843,0.536,0.384
11814.026374738614,0.512,0.376
11814.026622264386,0.504,0.376
11814.026869790157,0.528,0.376
11814.027117315929,0.512,0.376
11814.027364841699,0.52,0.41600000000000004
11814.02761236747,0.536,0.424
11814.027859893242,0.504,0.392
11814.028107419013,0.512,0.4
11814.028354944785,0.52,0.376
11814.028602470557,0.512,0.376
11814.028849996328,0.528,0.384
11814.0290975221,0.52,0.376
11814.029345047871,0.504,0.4
11814.029592573643,0.512,0.40800000000000003
11814.029840099414,0.528,0.384
11814.030087625186,0.512,0.384
11814.030335150957,0.528,0.376
11814.030582676729,0.536,0.376
11814.0308302025,0.512,0.392
11814.031077728272,0.512,0.376
11814.031325254044,0.528,0.384
11814.031572779815,0.512,0.376
11814.031820305587,0.528,0.384
11814.032067831356,0.528,0.376
11814.032315357128,0.512,0.384
11814.0325628829,0.512,0.384
11814.032810408671,0.528,0.40800000000000003
11814.033057934443,0.528,0.4
11814.033305460214,0.504,0.376
11814.033552985986,0.512,0.376
11814.033800511757,0.52,0.384
11814.034048037529,0.512,0.384
11814.0342955633,0.52,0.392
11814.034543089072,0.512,0.4
11814.034790614844,0.528,0.41600000000000004
11814.035038140615,0.504,0.424
11814.035285666387,0.52,0.4
11814.035533192158,0.528,0.392
11814.03578071793,0.512,0.376
11814.036028243701,0.52,0.384
11814.036275769473,0.536,0.376
11814.036523295244,0.528,0.376
11814.036770821014,0.52,0.384
11814.037018346786,0.512,0.376
11814.037265872557,0.536,0.376
11814.037513398329,0.52,0.376
11814.0377609241,0.536,0.384
11814.038008449872,0.52,0.384
11814.038255975644,0.512,0.376
11814.038503501415,0.512,0.392
11814.038751027187,0.528,0.376
11814.038998552958,0.536,0.384
11814.03924607873,0.512,0.376
11814.039493604501,0.528,0.384
11814.039741130273,0.512,0.40800000000000003
11814.039988656044,0.512,0.40800000000000003
11814.040236181816,0.528,0.424
11814.040483707588,0.512,0.40800000000000003
11814.04073123336,0.52,0.424
11814.04097875913,0.512,0.41600000000000004
11814.0412262849,0.52,0.424
11814.041473810672,0.504,0.424
11814.041721336444,0.536,0.40800000000000003
11814.041968862215,0.504,0.40800000000000003
11814.042216387987,0.528,0.41600000000000004
11814.042463913758,0.528,0.41600000000000004
11814.04271143953,0.504,0.424
11814.042958965301,0.504,0.41600000000000004
11814.043206491073,0.52,0.424
11814.043454016844,0.504,0.41600000000000004
11814.043701542616,0.528,0.4
11814.043949068388,0.52,0.424
11814.044196594159,0.512,0.4
11814.04444411993,0.528,0.4
11814.044691645702,0.504,0.384
11814.044939171474,0.528,0.384
11814.045186697245,0.504,0.376
11814.045434223017,0.504,0.376
11814.045681748788,0.52,0.392
11814.045929274558,0.512,0.4
11814.04617680033,0.528,0.376
11814.046424326101,0.528,0.376
11814.046671851873,0.496,0.384
11814.046919377644,0.512,0.376
11814.047166903416,0.528,0.392
11814.047414429187,0.536,0.376
11814.047661954959,0.512,0.384
11814.04790948073,0.528,0.376
11814.048157006502,0.512,0.384
11814.048404532274,0.512,0.376
11814.048652058045,0.528,0.392
11814.048899583817,0.52,0.376
11814.049147109588,0.504,0.384
11814.04939463536,0.512,0.376
11814.049642161131,0.52,0.392
11814.049889686903,0.512,0.376
11814.050137212675,0.528,0.384
11814.050384738446,0.512,0.376
11814.050632264216,0.528,0.392
11814.050879789987,0.528,0.384
11814.051127315759,0.512,0.4
11814.05137484153,0.528,0.40800000000000003
11814.051622367302,0.512,0.424
11814.051869893074,0.504,0.4
11814.052117418845,0.52,0.384
11814.052364944617,0.512,0.376
11814.052612470388,0.528,0.392
11814.05285999616,0.512,0.376
11814.053107521931,0.536,0.392
11814.053355047703,0.512,0.384
11814.053602573475,0.528,0.41600000000000004
11814.053850099246,0.528,0.41600000000000004
11814.054097625018,0.512,0.4
11814.05434515079,0.52,0.40800000000000003
11814.05459267656,0.536,0.41600000000000004
11814.054840202332,0.536,0.41600000000000004
11814.055087728104,0.52,0.40800000000000003
11814.055335253874,0.536,0.41600000000000004
11814.055582779645,0.512,0.392
11814.055830305417,0.52,0.392
11814.056077831188,0.528,0.376
11814.05632535696,0.52,0.376
11814.056572882731,0.528,0.384
11814.056820408503,0.52,0.376
11814.057067934275,0.536,0.40800000000000003
11814.057315460046,0.512,0.41600000000000004
11814.057562985818,0.528,0.384
11814.05781051159,0.52,0.392
11814.05805803736,0.528,0.376
11814.058305563132,0.52,0.376
11814.058553088904,0.528,0.384
11814.058800614675,0.528,0.384
11814.059048140447,0.512,0.376
11814.059295666219,0.52,0.376
11814.05954319199,0.528,0.376
11814.05979071776,0.528,0.376
11814.060038243531,0.52,0.376
11814.060285769303,0.528,0.376
11814.060533295074,0.512,0.384
11814.060780820846,0.528,0.384
11814.061028346618,0.512,0.376
11814.06127587239,0.52,0.376
11814.06152339816,0.528,0.384
11814.061770923932,0.52,0.376
11814.062018449704,0.536,0.392
11814.062265975475,0.52,0.392
11814.062513501247,0.528,0.41600000000000004
11814.062761027018,0.52,0.4
11814.06300855279,0.536,0.384
11814.063256078562,0.52,0.392
11814.063503604333,0.528,0.376
11814.063751130105,0.52,0.376
11814.063998655876,0.528,0.392
11814.064246181648,0.52,0.392
11814.064493707418,0.536,0.41600000000000004
11814.06474123319,0.52,0.40800000000000003
11814.06498875896,0.528,0.424
11814.065236284732,0.52,0.41600000000000004
11814.065483810504,0.528,0.384
11814.065731336275,0.52,0.384
11814.065978862047,0.528,0.376
11814.066226387818,0.52,0.376
11814.06647391359,0.528,0.40800000000000003
11814.071728229523,0.528,0.0
11814.07199470083,0.512,-0.016
11814.072261172136,0.512,-0.008
11814.072527643442,0.536,0.0
11814.072794114749,0.528,0.0
11814.073060586055,0.512,-0.016
11814.073327057362,0.512,0.0
11814.073593528668,0.528,-0.016
11814.073859999975,0.512,0.0
11814.074126471281,0.528,-0.016
11814.074392942588,0.528,-0.008
11814.074659413895,0.512,0.0
11814.074925885201,0.52,0.0
11814.075192356508,0.536,-0.016
11814.075458827814,0.528,0.0
11814.07572529912,0.512,-0.016
11814.075991770427,0.512,0.0
11814.076258241734,0.528,-0.016
11814.07652471304,0.512,-0.008
11814.076791184345,0.52,0.0
11814.077057655652,0.512,-0.008
11814.077324126958,0.528,0.032
11814.077590598265,0.512,0.024
11814.077857069571,0.536,0.136
11814.078123540878,0.536,0.14400000000000002
11814.078390012184,0.512,0.28
11814.07865648349,0.512,0.28800000000000003
11814.078922954797,0.528,0.34400000000000003
11814.079189426104,0.512,0.352
11814.07945589741,0.528,0.376
11814.079722368717,0.536,0.376
11814.079988840023,0.512,0.41600000000000004
11814.08025531133,0.512,0.40800000000000003
11814.080521782636,0.528,0.424
11814.080788253943,0.512,0.41600000000000004
11814.08105472525,0.528,0.424
11814.081321196556,0.512,0.424
11814.081587667863,0.528,0.40800000000000003
11814.081854139169,0.528,0.40800000000000003
11814.082120610476,0.512,0.424
11814.082387081782,0.512,0.41600000000000004
11814.082653553089,0.536,0.392
11814.082920024395,0.536,0.384
11814.083186495702,0.512,0.4
11814.083452967008,0.512,0.384
11814.083719438315,0.528,0.41600000000000004
11814.083985909621,0.512,0.40800000000000003
11814.084252380928,0.528,0.41600000000000004
11814.084518852234,0.504,0.40800000000000003
11814.084785323541,0.52,0.384
11814.085051794847,0.512,0.384
11814.085318266154,0.528,0.376
11814.08558473746,0.512,0.384
11814.085851208767,0.528,0.41600000000000004
11814.086117680074,0.512,0.424
11814.08638415138,0.528,0.40800000000000003
11814.086650622687,0.512,0.41600000000000004
11814.086917093991,0.536,0.424
11814.087183565298,0.512,0.424
11814.087450036604,0.528,0.40800000000000003
11814.087716507911,0.512,0.40800000000000003
11814.087982979217,0.528,0.424
11814.088249450524,0.528,0.41600000000000004
11814.08851592183,0.512,0.424
11814.088782393137,0.512,0.41600000000000004
11814.089048864444,0.52,0.392
11814.08931533575,0.512,0.4
11814.089581807057,0.52,0.376
11814.089848278363,0.504,0.384
11814.09011474967,0.528,0.376
11814.090381220976,0.512,0.384
11814.090647692283,0.528,0.376
11814.09091416359,0.512,0.384
11814.091180634896,0.528,0.40800000000000003
11814.091447106202,0.512,0.4
11814.091713577509,0.528,0.424
11814.091980048815,0.512,0.424
11814.092246520122,0.52,0.392
11814.092512991429,0.512,0.4
11814.092779462735,0.52,0.376
11814.093045934042,0.512,0.384
11814.093312405348,0.528,0.41600000000000004
11814.093578876655,0.512,0.424
11814.093845347961,0.528,0.40800000000000003
11814.094111819268,0.512,0.40800000000000003
11814.094378290574,0.528,0.424
11814.09464476188,0.512,0.41600000000000004
11814.094911233187,0.536,0.424
11814.095177704494,0.528,0.424
11814.0954441758,0.512,0.41600000000000004
11814.095710647107,0.512,0.424
11814.095977118413,0.52,0.40800000000000003
11814.09624358972,0.512,0.4
11814.096510061026,0.528,0.384
11814.096776532331,0.512,0.384
11814.097043003638,0.528,0.376
11814.097309474944,0.512,0.384
11814.09757594625,0.52,0.40800000000000003
11814.097842417557,0.512,0.40800000000000003
11814.098108888864,0.528,0.424
11814.09837536017,0.512,0.41600000000000004
11814.098641831477,0.52,0.424
11814.098908302783,0.512,0.424
11814.09917477409,0.536,0.41600000000000004
11814.099441245397,0.528,0.41600000000000004
11814.099707716703,0.512,0.424
11814.09997418801,0.512,0.41600000000000004
11814.100240659316,0.52,0.424
11814.100507130623,0.512,0.424
11814.10077360193,0.528,0.40800000000000003
11814.101040073236,0.528,0.424
11814.101306544542,0.512,0.40800000000000003
11814.101573015849,0.512,0.424
11814.101839487155,0.528,0.392
11814.102105958462,0.512,0.4
11814.102372429768,0.536,0.376
11814.102638901075,0.528,0.376
11814.102905372381,0.504,0.392
11814.103171843688,0.512,0.376
11814.103438314994,0.528,0.392
11814.103704786301,0.512,0.384
11814.103971257608,0.52,0.376
11814.104237728914,0.512,0.384
11814.10450420022,0.528,0.376
11814.104770671527,0.512,0.376
11814.105037142834,0.528,0.384
11814.10530361414,0.512,0.376
11814.105570085447,0.536,0.4
11814.105836556753,0.512,0.4
11814.10610302806,0.52,0.41600000000000004
11814.106369499366,0.512,0.41600000000000004
11814.106635970673,0.528,0.424
11814.106902441978,0.512,0.41600000000000004
11814.107168913284,0.528,0.424
11814.10743538459,0.512,0.41600000000000004
11814.107701855897,0.528,0.424
11814.107968327204,0.512,0.424
11814.10823479851,0.528,0.392
11814.108501269817,0.512,0.392
11814.108767741123,0.536,0.384
11814.10903421243,0.528,0.384
11814.109300683736,0.512,0.4
11814.109567155043,0.536,0.40800000000000003
11814.10983362635,0.512,0.392
11814.110100097656,0.528,0.4
11814.110366568962,0.512,0.384
11814.110633040269,0.52,0.392
11814.110899511576,0.504,0.41600000000000004
11814.111165982882,0.512,0.41600000000000004
11814.111432454189,0.528,0.384
11814.111698925495,0.52,0.392
11814.111965396802,0.528,0.376
11814.112231868108,0.528,0.384
11814.112498339415,0.504,0.376
11814.112764810721,0.512,0.384
11814.113031282028,0.528,0.41600000000000004
11814.113297753334,0.528,0.424
11814.11356422464,0.512,0.384
11814.113830695947,0.512,0.392
11814.114097167254,0.536,0.376
11814.11436363856,0.536,0.384
11814.114630109867,0.512,0.376
11814.114896581174,0.512,0.384
11814.11516305248,0.528,0.376
11814.115429523787,0.52,0.384
11814.115695995093,0.536,0.392
11814.1159624664,0.528,0.384
11814.116228937706,0.512,0.392
11814.116495409013,0.528,0.392
11814.116761880317,0.52,0.40800000000000003
11814.117028351624,0.52,0.384
11814.11729482293,0.536,0.4
11814.117561294237,0.536,0.384
11814.117827765544,0.52,0.376
11814.11809423685,0.52,0.376
11814.118360708157,0.528,0.392
11814.118627179463,0.52,0.384
11814.11889365077,0.536,0.41600000000000004
11814.119160122076,0.52,0.384
11814.119426593383,0.528,0.4
11814.11969306469,0.52,0.376
11814.119959535996,0.528,0.40800000000000003
11814.120226007302,0.52,0.41600000000000004
11814.120492478609,0.536,0.392
11814.120758949915,0.52,0.392
11814.121025421222,0.536,0.384
11814.121291892528,0.52,0.384
11814.121558363835,0.536,0.392
11814.121824835142,0.52,0.392
11814.122091306448,0.536,0.384
11814.122357777755,0.52,0.384
11814.122624249061,0.536,0.392
11814.122890720368,0.512,0.384
11814.123157191674,0.528,0.392
11814.12342366298,0.528,0.384
11814.123690134287,0.504,0.392
11814.123956605594,0.504,0.384
11814.1242230769,0.528,0.376
11814.124489548207,0.512,0.376
11814.124756019513,0.52,0.392
11814.12502249082,0.512,0.384
11814.125288962126,0.528,0.40800000000000003
11814.125555433433,0.528,0.40800000000000003
11814.12582190474,0.504,0.384
11814.126088376046,0.512,0.384
11814.126354847353,0.528,0.40800000000000003
11814.126621318659,0.528,0.4
11814.126887789964,0.512,0.41600000000000004
11814.12715426127,0.512,0.41600000000000004
11814.127420732577,0.528,0.384
11814.127687203883,0.512,0.384
11814.12795367519,0.536,0.376
11814.128220146496,0.512,0.376
11814.128486617803,0.528,0.392
11814.12875308911,0.512,0.376
11814.129019560416,0.536,0.392
11814.129286031723,0.528,0.392
11814.12955250303,0.512,0.40800000000000003
11814.129818974336,0.504,0.4
11814.130085445642,0.52,0.376
11814.130351916949,0.512,0.392
11814.130618388255,0.52,0.376
11814.130884859562,0.512,0.376
11814.131151330868,0.528,0.384
11814.131417802175,0.512,0.376
11814.131684273481,0.528,0.384
11814.131950744788,0.504,0.384
11814.132217216094,0.536,0.376
11814.132483687401,0.512,0.384
11814.132750158707,0.528,0.41600000000000004
11814.133016630014,0.512,0.41600000000000004
11814.13328310132,0.52,0.392
11814.133549572627,0.512,0.4
11814.133816043934,0.536,0.41600000000000004
11814.13408251524,0.512,0.40800000000000003
11814.134348986547,0.528,0.424
11814.134615457853,0.52,0.424
11814.13488192916,0.528,0.41600000000000004
11814.135148400466,0.528,0.424
11814.135414871773,0.512,0.4
11814.13568134308,0.52,0.4
11814.135947814386,0.504,0.384
11814.136214285692,0.512,0.392
11814.136480756999,0.528,0.376
11814.136747228304,0.536,0.384
11814.13701369961,0.512,0.40800000000000003
11814.137280170917,0.528,0.40800000000000003
11814.137546642223,0.504,0.424
11814.13781311353,0.512,0.424
11814.138079584836,0.528,0.4
11814.138346056143,0.512,0.40800000000000003
11814.13861252745,0.528,0.424
11814.138878998756,0.512,0.424
11814.139145470062,0.528,0.4
11814.139411941369,0.536,0.392
11814.139678412675,0.512,0.384
11814.139944883982,0.512,0.384
11814.140211355289,0.52,0.41600000000000004
11814.140477826595,0.512,0.41600000000000004
11814.140744297902,0.52,0.4
11814.141010769208,0.512,0.41600000000000004
11814.141277240515,0.52,0.384
11814.141543711821,0.512,0.392
11814.141810183128,0.528,0.376
11814.142076654434,0.512,0.384
11814.14234312574,0.528,0.376
11814.142609597047,0.512,0.384
11814.142876068354,0.528,0.4
11814.14314253966,0.512,0.376
11814.143409010967,0.528,0.392
11814.143675482273,0.528,0.384
11814.14394195358,0.504,0.28800000000000003
11814.144208424887,0.504,0.28800000000000003
11814.144474896193,0.52,0.14400000000000002
11814.1447413675,0.512,0.136
11814.145007838806,0.528,0.048
11814.145274310113,0.512,0.048
11814.14554078142,0.52,0.008
11814.145807252726,0.512,0.008
11814.146073724032,0.528,-0.008
11814.146340195339,0.512,0.0
11814.146606666645,0.528,-0.008
11814.14687313795,0.528,0.0
11814.147139609257,0.512,-0.008
11814.147406080563,0.512,0.0
11814.14767255187,0.528,-0.008
11814.147939023176,0.512,-0.008
11814.148205494483,0.528,0.0
11814.14847196579,0.512,0.0
11814.148738437096,0.52,-0.008
11814.149004908402,0.512,0.0
11814.149271379709,0.52,-0.008
11814.149537851015,0.512,0.0
11814.149804322322,0.528,-0.008
11814.150070793628,0.512,-0.008
11814.150337264935,0.528,0.0
11814.150603736241,0.528,0.0
11814.150870207548,0.512,-0.008
11814.151136678855,0.504,0.0
11814.151403150161,0.528,-0.008
11814.151669621468,0.52,0.0
11814.151936092774,0.536,-0.008
11814.15220256408,0.52,0.0
11814.152469035387,0.536,-0.008
11814.152735506694,0.52,-0.008
11814.153001978,0.536,0.0
11814.153268449307,0.536,0.0
11814.153534920613,0.512,-0.008
11814.15380139192,0.512,-0.008
11814.154067863226,0.528,0.0
11814.154334334533,0.52,0.0
11814.15460080584,0.536,-0.008
11814.154867277146,0.52,0.0
11814.155133748452,0.528,-0.008
11814.155400219759,0.52,0.0
11814.155666691066,0.536,-0.008
11814.155933162372,0.52,-0.008
11814.156199633679,0.536,0.0
11814.156466104985,0.52,0.0
11814.15673257629,0.528,-0.008
11814.156999047596,0.52,0.0
11814.157265518903,0.528,-0.008
11814.15753199021,0.52,0.0
11814.157798461516,0.528,-0.008
11814.158064932823,0.52,0.0
11814.158331404129,0.536,-0.008
11814.158597875436,0.536,-0.008
11814.158864346742,0.52,0.0
11814.159130818049,0.52,0.0
11814.159397289355,0.536,-0.008
11814.159663760662,0.52,-0.008
11814.159930231968,0.536,0.0
11814.160196703275,0.52,0.0
11814.160463174581,0.528,-0.008
11814.160729645888,0.52,0.0
11814.160996117194,0.536,-0.016
11814.1612625885,0.52,0.0
11814.161529059807,0.528,-0.016
11814.161795531114,0.52,0.0
11814.16206200242,0.536,-0.008
11814.162328473727,0.528,0.0
11814.162594945034,0.52,-0.008
11814.16286141634,0.52,0.0
11814.163127887647,0.528,-0.008
11814.163394358953,0.52,0.0
11814.16366083026,0.536,-0.008
11814.163927301566,0.52,-0.008
11814.164193772873,0.536,0.0
11814.16446024418,0.52,0.0
11814.164726715486,0.536,-0.008
11814.164993186792,0.52,-0.008
11814.165259658099,0.536,0.0
11814.165526129405,0.536,0.0
11814.165792600712,0.52,-0.008
11814.166059072018,0.536,-0.008
11814.166325543325,0.512,0.0
11814.166592014632,0.52,0.0
11814.166858485936,0.552,-0.016
11814.167124957243,0.504,0.0
11814.16739142855,0.528,-0.016
11814.167657899856,0.52,-0.008
11814.167924371162,0.528,0.0
11814.168190842469,0.52,0.0
11814.168457313775,0.528,-0.016
11814.168723785082,0.52,0.0
11814.168990256388,0.536,-0.016
11814.169256727695,0.52,0.0
11814.169523199002,0.528,-0.016
11814.169789670308,0.52,0.0
11814.170056141615,0.528,-0.008
11814.170322612921,0.52,0.0
11814.170589084228,0.536,-0.008
11814.170855555534,0.52,-0.008
11814.17112202684,0.536,0.0
11814.171388498147,0.52,0.0
11814.171654969454,0.528,-0.008
11814.17192144076,0.512,0.0
11814.172187912067,0.528,-0.008
11814.172454383373,0.512,-0.008
11814.17272085468,0.528,0.0
11814.172987325986,0.512,0.0
11814.173253797293,0.528,-0.008
11814.1735202686,0.52,0.0
11814.173786739906,0.544,-0.016
11814.174053211213,0.536,0.0
11814.17431968252,0.512,-0.016
11814.174586153826,0.52,0.0
11814.174852625132,0.528,-0.008
11814.175119096439,0.512,0.0
11814.175385567745,0.528,-0.016
11814.175652039052,0.512,-0.008
11814.175918510358,0.528,0.0
11814.176184981665,0.528,0.0
11814.176451452971,0.512,-0.008
11814.176717924276,0.512,0.0
11814.176984395583,0.528,-0.016
11814.17725086689,0.512,0.0
11814.177517338196,0.528,-0.008
11814.177783809502,0.528,0.0
11814.178050280809,0.512,-0.016
11814.178316752115,0.512,0.0
11814.178583223422,0.528,-0.008
11814.178849694728,0.512,0.0
11814.179116166035,0.528,-0.008
11814.179382637341,0.512,0.0
11814.179649108648,0.536,-0.008
11814.179915579954,0.528,0.0
11814.180182051261,0.512,-0.008
11814.180448522568,0.512,0.0
11814.180714993874,0.528,-0.016
11814.18098146518,0.512,0.0
11814.181247936487,0.528,-0.016
11814.181514407794,0.512,0.0
11814.1817808791,0.536,-0.016
11814.182047350407,0.512,0.0
11814.182313821713,0.528,-0.008
11814.18258029302,0.512,0.0
11814.182846764326,0.528,-0.016
11814.183113235633,0.512,0.0
11814.18337970694,0.528,-0.016
11814.183646178246,0.52,0.0
11814.183912649552,0.512,-0.008
11814.184179120859,0.512,0.0
11814.184445592166,0.528,-0.008
11814.184712063472,0.52,0.0
11814.184978534779,0.528,-0.016
11814.185245006085,0.528,0.0
11814.185511477392,0.512,-0.016
11814.185777948698,0.512,0.0
11814.186044420005,0.528,-0.008
11814.186310891311,0.528,0.0
11814.186577362618,0.504,-0.016
11814.186843833922,0.52,0.0
11814.187110305229,0.536,-0.016
11814.187376776536,0.536,0.0
11814.187643247842,0.512,-0.008
11814.187909719149,0.512,-0.016
11814.188176190455,0.528,0.0
11814.188442661762,0.512,0.0
11814.188709133068,0.528,-0.016
11814.188975604375,0.512,0.0
11814.189242075681,0.528,-0.016
11814.189508546988,0.528,0.0
11814.189775018294,0.504,-0.008
11814.1900414896,0.512,0.0
11814.190307960907,0.528,-0.016
11814.190574432214,0.512,-0.008
11814.19084090352,0.536,0.0
11814.191107374827,0.512,0.0
11814.191373846134,0.528,-0.016
11814.19164031744,0.512,0.0
11814.191906788747,0.528,-0.016
11814.192173260053,0.512,-0.008
11814.19243973136,0.528,0.0
11814.192706202666,0.536,0.0
11814.192972673973,0.512,-0.016
11814.19323914528,0.504,0.0
11814.193505616586,0.528,-0.016
11814.193772087892,0.528,0.0
11814.194038559199,0.512,-0.016
11814.194305030505,0.512,0.0
11814.194571501812,0.52,-0.008
11814.194837973118,0.512,-0.008
11814.195104444425,0.528,0.0
11814.195370915731,0.528,0.0
11814.195637387038,0.512,-0.016
11814.195903858345,0.512,0.0
11814.196170329651,0.528,-0.016
11814.196436800958,0.512,0.0
11814.196703272262,0.52,-0.016
11814.196969743569,0.512,0.0
11814.197236214875,0.528,-0.016
11814.197502686182,0.52,0.0
11814.197769157488,0.536,-0.016
11814.198035628795,0.536,0.0
11814.198302100102,0.512,-0.016
11814.198568571408,0.512,0.0
11814.198835042715,0.528,-0.016
11814.199101514021,0.52,0.0
11814.199367985328,0.528,-0.016
11814.199634456634,0.512,0.0
11814.19990092794,0.528,-0.008
11814.200167399247,0.512,0.0
11814.200433870554,0.52,-0.016
11814.20070034186,0.512,0.0
11814.200966813167,0.536,-0.016
11814.201233284473,0.536,0.0
11814.20149975578,0.512,-0.016
11814.201766227086,0.512,0.0
11814.202032698393,0.528,-0.016
11814.2022991697,0.52,0.0
11814.202565641006,0.536,-0.016
11814.202832112313,0.52,0.0
11814.203098583619,0.528,-0.016
11814.203365054926,0.52,0.0
11814.203631526232,0.528,-0.016
11814.203897997539,0.536,0.0
11814.204164468845,0.52,-0.016
11814.204430940152,0.52,0.0
11814.204697411458,0.536,-0.016
11814.204963882765,0.512,0.0
11814.205230354071,0.528,-0.016
11814.205496825378,0.52,0.0
11814.205763296684,0.536,-0.016
11814.206029767991,0.52,0.0
11814.206296239297,0.536,-0.016
11814.206562710604,0.52,0.0
11814.206829181909,0.536,-0.016
11814.207095653215,0.52,0.0
11814.207362124522,0.536,-0.008
11814.207628595828,0.52,0.0
11814.207895067135,0.536,-0.016
11814.208161538441,0.52,0.0
11814.208428009748,0.528,-0.016
11814.208694481054,0.52,0.0
11814.208960952361,0.536,-0.016
11814.209227423667,0.52,0.0
11814.209493894974,0.536,-0.016
11814.20976036628,0.52,-0.008
11814.210026837587,0.536,0.0
11814.210293308894,0.52,-0.008
11814.2105597802,0.536,0.024
11814.210826251507,0.528,0.032
11814.211092722813,0.52,0.152
11814.21135919412,0.52,0.16
11814.211625665426,0.528,0.28800000000000003
11814.211892136733,0.52,0.296
11814.21215860804,0.536,0.352
11814.212425079346,0.52,0.36
11814.212691550652,0.536,0.376
11814.212958021959,0.52,0.376
11814.213224493265,0.536,0.392
11814.213490964572,0.52,0.384
11814.213757435879,0.536,0.392
11814.214023907185,0.528,0.384
11814.214290378492,0.52,0.392
11814.214556849798,0.536,0.384
11814.214823321105,0.52,0.384
11814.215089792411,0.52,0.384
11814.215356263718,0.536,0.392
11814.215622735024,0.528,0.384
11814.21588920633,0.52,0.384
11814.216155677637,0.52,0.384
11814.216422148944,0.536,0.392
11814.216688620249,0.52,0.384
11814.216955091555,0.536,0.392
11814.217221562862,0.52,0.384
11814.217488034168,0.528,0.392
11814.217754505475,0.52,0.384
11814.218020976781,0.536,0.392
11814.218287448088,0.52,0.384
11814.218553919394,0.536,0.392
11814.2188203907,0.52,0.384
11814.219086862007,0.536,0.392
11814.219353333314,0.52,0.384
11814.21961980462,0.536,0.384
11814.219886275927,0.52,0.384
11814.220152747233,0.536,0.392
11814.22041921854,0.52,0.384
11814.220685689847,0.536,0.392
11814.220952161153,0.52,0.384
11814.22121863246,0.536,0.392
11814.221485103766,0.52,0.384
11814.221751575073,0.528,0.392
11814.22201804638,0.52,0.376
11814.222284517686,0.528,0.392
11814.222550988992,0.528,0.384
11814.222817460299,0.512,0.41600000000000004
11814.223083931605,0.52,0.41600000000000004
11814.223350402912,0.528,0.40800000000000003
11814.223616874218,0.52,0.40800000000000003
11814.223883345525,0.528,0.424
11814.224149816831,0.528,0.40800000000000003
11814.224416288138,0.52,0.424
11814.224682759444,0.52,0.424
11814.224949230751,0.528,0.40800000000000003
11814.225215702058,0.52,0.40800000000000003
11814.225482173364,0.536,0.384
11814.22574864467,0.536,0.384
11814.226015115977,0.52,0.40800000000000003
11814.226281587284,0.52,0.4
11814.22654805859,0.536,0.424
11814.226814529895,0.536,0.41600000000000004
11814.227081001201,0.52,0.424
11814.227347472508,0.52,0.41600000000000004
11814.227613943815,0.528,0.4
11814.227880415121,0.528,0.4
11814.228146886428,0.512,0.41600000000000004
11814.228413357734,0.52,0.424
11814.22867982904,0.536,0.40800000000000003
11814.228946300347,0.52,0.424
11814.229212771654,0.536,0.40800000000000003
11814.22947924296,0.52,0.41600000000000004
11814.229745714267,0.536,0.392
11814.230012185573,0.52,0.392
11814.23027865688,0.528,0.424
11814.230545128186,0.52,0.41600000000000004
11814.230811599493,0.528,0.384
11814.2310780708,0.52,0.384
11814.231344542106,0.536,0.4
11814.231611013412,0.52,0.384
11814.231877484719,0.536,0.392
11814.232143956026,0.52,0.384
11814.232410427332,0.528,0.376
11814.232676898639,0.52,0.384
11814.232943369945,0.536,0.376
11814.233209841252,0.536,0.384
11814.233476312558,0.512,0.40800000000000003
11814.233742783865,0.52,0.41600000000000004
11814.234009255171,0.536,0.384
11814.234275726478,0.52,0.392
11814.234542197784,0.528,0.376
11814.23480866909,0.52,0.376
11814.235075140397,0.536,0.4
11814.235341611704,0.52,0.40800000000000003
11814.23560808301,0.536,0.384
11814.235874554317,0.52,0.392
11814.236141025624,0.536,0.384
11814.23640749693,0.52,0.384
11814.236673968235,0.536,0.4
11814.236940439541,0.52,0.384
11814.237206910848,0.536,0.392
11814.237473382154,0.528,0.384
11814.23773985346,0.512,0.392
11814.238006324767,0.512,0.384
11814.238272796074,0.536,0.392
11814.23853926738,0.536,0.392
11814.238805738687,0.512,0.384
11814.239072209994,0.512,0.384
11814.2393386813,0.528,0.392
11814.239605152607,0.536,0.392
11814.239871623913,0.512,0.384
11814.24013809522,0.512,0.384
11814.240404566526,0.52,0.392
11814.240671037833,0.52,0.384
11814.24093750914,0.504,0.392
11814.241203980446,0.512,0.384
11814.241470451752,0.52,0.392
11814.241736923059,0.512,0.392
11814.242003394365,0.528,0.384
11814.242269865672,0.512,0.384
11814.242536336978,0.528,0.384
11814.242802808285,0.512,0.384
11814.243069279592,0.528,0.384
11814.243335750898,0.512,0.384
11814.243602222205,0.528,0.392
11814.243868693511,0.52,0.384
11814.244135164818,0.512,0.392
11814.244401636124,0.512,0.384
11814.24466810743,0.528,0.384
11814.244934578737,0.512,0.384
11814.245201050044,0.528,0.392
11814.24546752135,0.512,0.384
11814.245733992657,0.536,0.392
11814.246000463963,0.528,0.384
11814.24626693527,0.512,0.392
11814.246533406576,0.528,0.384
11814.246799877881,0.512,0.384
11814.247066349188,0.512,0.384
11814.247332820494,0.528,0.4
11814.2475992918,0.512,0.384
11814.247865763107,0.52,0.392
11814.248132234414,0.512,0.384
11814.24839870572,0.528,0.392
11814.248665177027,0.512,0.384
11814.248931648333,0.528,0.392
11814.24919811964,0.512,0.384
11814.249464590946,0.528,0.392
11814.249731062253,0.512,0.392
11814.24999753356,0.528,0.384
11814.250264004866,0.512,0.384
11814.250530476173,0.536,0.384
11814.25079694748,0.504,0.384
11814.251063418786,0.52,0.384
11814.251329890092,0.512,0.384
11814.251596361399,0.52,0.384
11814.251862832705,0.512,0.384
11814.252129304012,0.52,0.392
11814.252395775318,0.512,0.384
11814.252662246625,0.52,0.392
11814.252928717931,0.512,0.384
11814.253195189238,0.528,0.392
11814.253461660544,0.512,0.384
11814.253728131851,0.52,0.384
11814.253994603157,0.512,0.384
11814.254261074464,0.528,0.392
11814.25452754577,0.528,0.392
11814.254794017077,0.512,0.376
11814.255060488384,0.52,0.392
11814.25532695969,0.512,0.376
11814.255593430997,0.504,0.376
11814.255859902303,0.52,0.392
11814.25612637361,0.52,0.384
11814.256392844916,0.512,0.384
11814.256659316221,0.512,0.392
11814.256925787528,0.52,0.376
11814.257192258834,0.512,0.376
11814.25745873014,0.528,0.392
11814.257725201447,0.512,0.392
11814.257991672754,0.536,0.424
11814.25825814406,0.528,0.41600000000000004
11814.258524615367,0.512,0.384
11814.258791086673,0.504,0.384
11814.25905755798,0.528,0.40800000000000003
11814.259324029286,0.528,0.40800000000000003
11814.259590500593,0.512,0.424
11814.2598569719,0.52,0.424
11814.260123443206,0.504,0.40800000000000003
11814.260389914512,0.512,0.40800000000000003
11814.260656385819,0.536,0.384
11814.260922857125,0.52,0.384
11814.261189328432,0.536,0.392
11814.261455799739,0.52,0.384
11814.261722271045,0.512,0.41600000000000004
11814.261988742352,0.512,0.424
11814.262255213658,0.52,0.4
11814.262521684965,0.512,0.4
11814.262788156271,0.528,0.384
11814.263054627578,0.512,0.384
11814.263321098884,0.528,0.392
11814.26358757019,0.512,0.384
11814.263854041497,0.528,0.40800000000000003
11814.264120512804,0.512,0.4
11814.26438698411,0.528,0.41600000000000004
11814.264653455417,0.512,0.40800000000000003
11814.264919926723,0.52,0.424
11814.26518639803,0.512,0.424
11814.265452869337,0.528,0.392
11814.265719340643,0.528,0.384
11814.26598581195,0.512,0.4
11814.266252283256,0.512,0.41600000000000004
11814.266518754563,0.528,0.392
11814.266785225867,0.512,0.4
11814.267051697174,0.528,0.376
11814.26731816848,0.528,0.376
11814.267584639787,0.512,0.392
11814.267851111093,0.512,0.376
11814.2681175824,0.52,0.392
11814.268384053707,0.512,0.392
11814.268650525013,0.52,0.41600000000000004
11814.26891699632,0.512,0.4
11814.269183467626,0.52,0.384
11814.269449938933,0.512,0.384
11814.26971641024,0.528,0.376
11814.269982881546,0.504,0.384
11814.270249352852,0.528,0.40800000000000003
11814.270515824159,0.512,0.40800000000000003
11814.270782295465,0.528,0.384
11814.271048766772,0.512,0.392
11814.271315238078,0.528,0.376
11814.271581709385,0.52,0.376
11814.271848180691,0.536,0.384
11814.272114651998,0.512,0.384
11814.272381123305,0.528,0.392
11814.272647594611,0.512,0.40800000000000003
11814.272914065918,0.528,0.384
11814.273180537224,0.512,0.392
11814.27344700853,0.528,0.376
11814.273713479837,0.504,0.384
11814.273979951144,0.512,0.376
11814.27424642245,0.504,0.376
11814.274512893757,0.52,0.392
11814.274779365063,0.512,0.392
11814.27504583637,0.52,0.41600000000000004
11814.275312307676,0.512,0.4
11814.275578778983,0.528,0.384
11814.27584525029,0.52,0.384
11814.276111721596,0.504,0.392
11814.276378192902,0.504,0.4
11814.276644664207,0.528,0.368
11814.276911135514,0.512,0.36
11814.27717760682,0.544,0.296
11814.277444078127,0.512,0.28800000000000003
11814.277710549433,0.496,0.14400000000000002
11814.27797702074,0.504,0.136
11814.278243492046,0.52,0.048
11814.278509963353,0.512,0.048
11814.27877643466,0.528,0.008
11814.279042905966,0.52,0.008
11814.279309377273,0.504,-0.008
11814.279575848579,0.52,0.0
11814.279842319886,0.504,-0.008
11814.280108791192,0.52,-0.008
11814.280375262499,0.504,0.0
11814.280641733805,0.512,0.0
11814.280908205112,0.52,-0.008
11814.281174676418,0.528,0.0
11814.281441147725,0.504,-0.008
11814.281707619031,0.512,-0.008
11814.281974090338,0.528,0.0
11814.282240561644,0.528,0.0
11814.28250703295,0.512,-0.008
11814.282773504257,0.512,0.0
11814.283039975564,0.528,-0.008
11814.28330644687,0.512,-0.008
11814.283572918177,0.528,0.0
11814.283839389484,0.512,-0.008
11814.28410586079,0.52,0.0
11814.284372332097,0.512,0.0
11814.284638803403,0.528,-0.008
11814.28490527471,0.536,0.0
11814.285171746016,0.504,-0.008
11814.285438217323,0.504,-0.008
11814.28570468863,0.512,0.0
11814.285971159936,0.512,0.0
11814.286237631242,0.528,-0.008
11814.286504102549,0.52,0.0
11814.286770573854,0.504,-0.008
11814.28703704516,0.504,-0.016
11814.287303516467,0.52,0.0
11814.287569987773,0.512,0.0
11814.28783645908,0.528,-0.016
11814.288102930386,0.512,-0.016
11814.288369401693,0.536,0.0
11814.288635873,0.528,0.0
11814.288902344306,0.512,-0.016
11814.289168815612,0.52,0.0
11814.289435286919,0.536,-0.008
11814.289701758225,0.512,0.0
11814.289968229532,0.528,-0.008
11814.290234700838,0.512,-0.008
11814.290501172145,0.536,0.0
11814.290767643452,0.528,0.0
11814.291034114758,0.504,-0.008
11814.291300586065,0.504,0.0
11814.291567057371,0.528,-0.008
11814.291833528678,0.536,-0.008
11814.292099999984,0.512,0.0
11814.29236647129,0.52,0.0
11814.292632942597,0.528,-0.008
11814.292899413904,0.52,0.0
11814.29316588521,0.536,-0.008
11814.293432356517,0.52,-0.008
11814.293698827823,0.536,0.0
11814.29396529913,0.52,0.0
11814.294231770436,0.536,-0.008
11814.294498241743,0.52,0.0
11814.29476471305,0.536,-0.008
11814.295031184356,0.52,0.0
11814.295297655663,0.536,-0.016
11814.29556412697,0.52,-0.008
11814.295830598276,0.528,0.0
11814.296097069582,0.52,0.0
11814.296363540889,0.528,-0.016
11814.296630012193,0.52,-0.008
11814.2968964835,0.536,0.0
11814.297162954806,0.512,-0.008
11814.297429426113,0.536,0.0
11814.29769589742,0.52,0.0
11814.297962368726,0.536,-0.016
11814.298228840033,0.52,0.0
11814.29849531134,0.536,-0.008
11814.298761782646,0.52,0.0
11814.299028253952,0.528,-0.008
11814.299294725259,0.52,0.0
11814.299561196565,0.536,-0.008
11814.299827667872,0.52,0.0
11814.300094139178,0.536,-0.008
11814.300360610485,0.52,0.0
11814.300627081791,0.536,-0.016
11814.300893553098,0.52,0.0
11814.301160024404,0.536,-0.008
11814.301426495711,0.52,0.0
11814.301692967018,0.536,-0.008
11814.301959438324,0.536,0.0
11814.30222590963,0.52,-0.008
11814.302492380937,0.536,0.0
11814.302758852244,0.512,-0.016
11814.30302532355,0.52,-0.008
11814.303291794857,0.528,0.0
11814.303558266163,0.52,-0.008
11814.30382473747,0.536,0.0
11814.304091208776,0.52,0.0
11814.304357680083,0.536,-0.016
11814.30462415139,0.52,0.0
11814.304890622696,0.536,-0.008
11814.305157094002,0.528,-0.016
11814.305423565309,0.52,0.0
11814.305690036615,0.52,-0.008
11814.305956507922,0.528,0.0
11814.306222979229,0.52,0.0
11814.306489450535,0.528,-0.016
11814.30675592184,0.52,0.0
11814.307022393146,0.536,-0.016
11814.307288864453,0.528,0.0
11814.30755533576,0.52,-0.016
11814.307821807066,0.52,0.0
11814.308088278372,0.528,-0.016
11814.308354749679,0.52,-0.008
11814.308621220986,0.536,0.0
11814.308887692292,0.52,0.0
11814.309154163599,0.536,-0.008
11814.309420634905,0.52,0.0
11814.309687106212,0.536,-0.016
11814.309953577518,0.52,0.0
11814.310220048825,0.528,-0.008
11814.310486520131,0.52,0.0
11814.310752991438,0.536,-0.008
11814.311019462744,0.52,0.0
11814.31128593405,0.528,-0.016
11814.311552405357,0.52,0.0
11814.311818876664,0.536,-0.016
11814.31208534797,0.512,0.0
11814.312351819277,0.528,-0.008
11814.312618290583,0.512,-0.008
11814.31288476189,0.528,0.0
11814.313151233197,0.512,0.0
11814.313417704503,0.528,-0.016
11814.31368417581,0.512,-0.008
11814.313950647116,0.52,0.0
11814.314217118423,0.512,0.0
11814.31448358973,0.52,-0.016
11814.314750061036,0.512,-0.008
11814.315016532342,0.52,0.0
11814.315283003649,0.512,0.0
11814.315549474955,0.528,-0.016
11814.315815946262,0.512,-0.016
11814.316082417568,0.528,0.0
11814.316348888875,0.512,0.0
11814.31661536018,0.528,-0.016
11814.316881831486,0.512,0.0
11814.317148302793,0.52,-0.016
11814.3174147741,0.512,0.0
11814.317681245406,0.536,-0.016
11814.317947716712,0.528,0.0
11814.318214188019,0.52,-0.008
11814.318480659325,0.504,0.0
11814.318747130632,0.536,-0.008
11814.319013601938,0.536,0.0
11814.319280073245,0.52,-0.016
11814.319546544551,0.52,0.0
11814.319813015858,0.536,-0.008
11814.320079487165,0.52,0.0
11814.320345958471,0.536,-0.016
11814.320612429778,0.52,0.0
11814.320878901084,0.536,-0.008
11814.32114537239,0.536,0.0
11814.321411843697,0.512,-0.016
11814.321678315004,0.512,0.0
11814.32194478631,0.528,-0.016
11814.322211257617,0.528,-0.008
11814.322477728923,0.512,0.0
11814.32274420023,0.512,0.0
11814.323010671536,0.52,-0.008
11814.323277142843,0.512,-0.008
11814.32354361415,0.528,0.0
11814.323810085456,0.528,0.0
11814.324076556763,0.504,-0.008
11814.324343028069,0.512,0.0
11814.324609499376,0.528,-0.008
11814.324875970682,0.512,0.0
11814.325142441989,0.528,-0.008
11814.325408913295,0.512,0.0
11814.325675384602,0.528,-0.016
11814.325941855908,0.512,0.0
11814.326208327215,0.52,-0.016
11814.326474798521,0.512,-0.008
11814.326741269826,0.528,0.0
11814.327007741133,0.512,0.0
11814.327274212439,0.528,-0.016
11814.327540683746,0.512,0.0
11814.327807155052,0.528,-0.016
11814.328073626359,0.528,0.0
11814.328340097665,0.512,-0.016
11814.328606568972,0.52,0.0
11814.328873040278,0.504,-0.008
11814.329139511585,0.528,-0.008
11814.329405982891,0.504,0.0
11814.329672454198,0.504,-0.008
11814.329938925504,0.528,0.0
11814.330205396811,0.512,0.0
11814.330471868117,0.52,-0.016
11814.330738339424,0.512,0.0
11814.33100481073,0.528,-0.008
11814.331271282037,0.512,0.0
11814.331537753344,0.528,-0.016
11814.33180422465,0.528,0.0
11814.332070695957,0.512,-0.016
11814.332337167263,0.512,0.0
11814.33260363857,0.528,-0.016
11814.332870109876,0.528,0.0
11814.333136581183,0.512,-0.016
11814.33340305249,0.52,0.0
11814.333669523796,0.512,-0.016
11814.333935995102,0.512,0.0
11814.334202466409,0.52,-0.016
11814.334468937715,0.512,0.0
11814.334735409022,0.528,-0.016
11814.335001880328,0.512,0.0
11814.335268351635,0.528,-0.016
11814.335534822942,0.504,0.0
11814.335801294248,0.52,-0.008
11814.336067765555,0.512,0.0
11814.336334236861,0.528,-0.016
11814.336600708166,0.512,0.0
11814.336867179472,0.528,-0.016
11814.337133650779,0.512,-0.008
11814.337400122085,0.528,0.0
11814.337666593392,0.512,0.0
11814.337933064699,0.528,-0.016
11814.338199536005,0.52,0.0
11814.338466007312,0.528,-0.016
11814.338732478618,0.528,-0.008
11814.338998949925,0.512,0.0
11814.339265421231,0.512,0.0
11814.339531892538,0.52,-0.016
11814.339798363844,0.512,-0.008
11814.34006483515,0.528,0.0
11814.340331306457,0.512,-0.008
11814.340597777764,0.528,0.0
11814.34086424907,0.512,0.0
11814.341130720377,0.528,-0.016
11814.341397191683,0.528,0.0
11814.34166366299,0.512,-0.016
11814.341930134296,0.512,0.0
11814.342196605603,0.528,-0.016
11814.34246307691,0.528,0.0
11814.342729548216,0.512,-0.016
11814.342996019523,0.52,-0.008
11814.34326249083,0.504,0.0
11814.343528962136,0.504,-0.008
11814.343795433442,0.512,0.032
11814.344061904749,0.504,0.024
11814.344328376055,0.528,0.16
11814.344594847362,0.512,0.168
11814.344861318668,0.536,0.28800000000000003
11814.345127789975,0.528,0.28800000000000003
11814.345394261281,0.512,0.352
11814.345660732588,0.512,0.352
11814.345927203894,0.528,0.376
11814.346193675201,0.528,0.376
11814.346460146508,0.512,0.376
11814.346726617812,0.536,0.384
11814.346993089119,0.512,0.40800000000000003
11814.347259560425,0.504,0.4
11814.347526031732,0.52,0.40800000000000003
11814.347792503038,0.504,0.41600000000000004
11814.348058974345,0.52,0.392
11814.348325445651,0.512,0.4
11814.348591916958,0.536,0.376
11814.348858388264,0.512,0.384
11814.349124859571,0.528,0.41600000000000004
11814.349391330878,0.512,0.40800000000000003
11814.349657802184,0.528,0.424
11814.34992427349,0.512,0.4
11814.350190744797,0.528,0.41600000000000004
11814.350457216104,0.504,0.41600000000000004
11814.35072368741,0.528,0.4
11814.350990158717,0.512,0.40800000000000003
11814.351256630023,0.536,0.384
11814.35152310133,0.504,0.392
11814.351789572636,0.536,0.376
11814.352056043943,0.528,0.376
11814.35232251525,0.512,0.4
11814.352588986556,0.512,0.392
11814.352855457862,0.52,0.376
11814.353121929169,0.512,0.384
11814.353388400476,0.536,0.376
11814.353654871782,0.512,0.384
11814.353921343089,0.536,0.40800000000000003
11814.354187814395,0.536,0.384
11814.354454285702,0.512,0.40800000000000003
11814.354720757008,0.512,0.41600000000000004
11814.354987228315,0.528,0.4
11814.355253699621,0.504,0.41600000000000004
11814.355520170928,0.52,0.40800000000000003
11814.355786642234,0.528,0.424
11814.35605311354,0.504,0.392
11814.356319584847,0.512,0.392
11814.356586056152,0.528,0.4
11814.356852527459,0.512,0.384
11814.357118998765,0.528,0.4
11814.357385470072,0.512,0.384
11814.357651941378,0.528,0.40800000000000003
11814.357918412685,0.512,0.384
11814.358184883991,0.528,0.4
11814.358451355298,0.528,0.4
11814.358717826604,0.512,0.41600000000000004
11814.35898429791,0.512,0.40800000000000003
11814.359250769217,0.536,0.424
11814.359517240524,0.544,0.40800000000000003
11814.35978371183,0.512,0.424
11814.360050183137,0.504,0.41600000000000004
11814.360316654444,0.528,0.384
11814.36058312575,0.512,0.4
11814.360849597057,0.52,0.41600000000000004
11814.361116068363,0.512,0.424
11814.36138253967,0.528,0.392
11814.361649010976,0.512,0.392
11814.361915482283,0.528,0.384
11814.36218195359,0.512,0.384
11814.362448424896,0.528,0.4
11814.362714896202,0.504,0.384
11814.362981367509,0.52,0.40800000000000003
11814.363247838815,0.528,0.40800000000000003
11814.363514310122,0.512,0.424
11814.363780781428,0.536,0.40800000000000003
11814.364047252735,0.512,0.424
11814.364313724041,0.52,0.41600000000000004
11814.364580195348,0.504,0.392
11814.364846666655,0.504,0.392
11814.365113137961,0.52,0.376
11814.365379609268,0.512,0.376
11814.365646080574,0.528,0.40800000000000003
11814.36591255188,0.52,0.41600000000000004
11814.366179023187,0.504,0.384
11814.366445494494,0.512,0.384
11814.366711965798,0.528,0.392
11814.366978437105,0.512,0.384
11814.367244908412,0.528,0.392
11814.367511379718,0.512,0.384
11814.367777851025,0.52,0.4
11814.368044322331,0.512,0.384
11814.368310793638,0.528,0.384
11814.368577264944,0.528,0.384
11814.36884373625,0.512,0.392
11814.369110207557,0.512,0.384
11814.369376678864,0.528,0.392
11814.36964315017,0.512,0.392
11814.369909621477,0.536,0.384
11814.370176092783,0.52,0.384
11814.37044256409,0.504,0.392
11814.370709035396,0.512,0.384
11814.370975506703,0.52,0.392
11814.37124197801,0.512,0.384
11814.371508449316,0.52,0.384
11814.371774920623,0.512,0.384
11814.372041391929,0.536,0.392
11814.372307863236,0.512,0.384
11814.372574334542,0.528,0.4
11814.372840805849,0.512,0.384
11814.373107277155,0.536,0.392
11814.373373748462,0.528,0.384
11814.373640219768,0.512,0.392
11814.373906691075,0.512,0.384
11814.374173162381,0.536,0.392
11814.374439633688,0.536,0.392
11814.374706104994,0.512,0.384
11814.374972576301,0.52,0.384
11814.375239047607,0.536,0.4
11814.375505518914,0.512,0.384
11814.37577199022,0.528,0.392
11814.376038461527,0.52,0.384
11814.376304932834,0.528,0.4
11814.376571404138,0.52,0.384
11814.376837875445,0.536,0.4
11814.377104346751,0.512,0.384
11814.377370818058,0.536,0.392
11814.377637289364,0.52,0.384
11814.377903760671,0.536,0.392
11814.378170231977,0.52,0.384
11814.378436703284,0.536,0.392
11814.37870317459,0.52,0.4
11814.378969645897,0.528,0.384
11814.379236117204,0.52,0.384
11814.37950258851,0.528,0.392
11814.379769059817,0.52,0.392
11814.380035531123,0.528,0.384
11814.38030200243,0.52,0.384
11814.380568473736,0.536,0.384
11814.380834945043,0.52,0.384
11814.38110141635,0.536,0.384
11814.381367887656,0.52,0.384
11814.381634358962,0.536,0.384
11814.381900830269,0.52,0.384
11814.382167301575,0.536,0.4
11814.382433772882,0.528,0.384
11814.382700244189,0.512,0.384
11814.382966715495,0.512,0.384
11814.383233186802,0.536,0.392
11814.383499658108,0.512,0.384
11814.383766129415,0.528,0.392
11814.384032600721,0.528,0.392
11814.384299072028,0.512,0.384
11814.384565543334,0.512,0.384
11814.38483201464,0.528,0.392
11814.385098485947,0.52,0.384
11814.385364957254,0.536,0.4
11814.38563142856,0.512,0.384
11814.385897899867,0.528,0.392
11814.386164371173,0.504,0.384
11814.38643084248,0.52,0.392
11814.386697313785,0.512,0.384
11814.386963785091,0.52,0.392
11814.387230256398,0.512,0.384
11814.387496727704,0.528,0.4
11814.38776319901,0.512,0.384
11814.388029670317,0.536,0.392
11814.388296141624,0.512,0.384
11814.38856261293,0.536,0.392
11814.388829084237,0.528,0.384
11814.389095555543,0.512,0.384
11814.38936202685,0.512,0.384
11814.389628498157,0.528,0.384
11814.389894969463,0.528,0.384
11814.39016144077,0.512,0.392
11814.390427912076,0.52,0.376
11814.390694383383,0.536,0.392
11814.39096085469,0.512,0.376
11814.391227325996,0.528,0.384
11814.39548277855,0.512,-0.016
11814.395729180176,0.52,0.0
11814.395975581805,0.512,-0.016
11814.396221983432,0.528,0.0
11814.39646838506,0.512,0.0
11814.396714786688,0.528,-0.016
11814.396961188317,0.512,-0.016
11814.397207589944,0.528,0.0
11814.397453991573,0.52,-0.016
11814.3977003932,0.512,0.0
11814.397946794828,0.528,-0.016
11814.398193196455,0.512,0.0
11814.398439598084,0.512,-0.016
11814.398685999711,0.52,0.0
11814.39893240134,0.512,-0.016
11814.399178802967,0.52,-0.008
11814.399425204594,0.512,0.0
11814.399671606223,0.528,-0.016
11814.39991800785,0.52,-0.016
11814.400164409479,0.504,0.0
11814.400410811106,0.512,-0.008
11814.400657212735,0.52,0.024
11814.400903614362,0.528,0.016
11814.40115001599,0.512,0.12
11814.401396417617,0.512,0.136
11814.401642819246,0.528,0.28800000000000003
11814.401889220873,0.528,0.296
11814.402135622502,0.512,0.384
11814.40238202413,0.52,0.384
11814.402628425758,0.512,0.40800000000000003
11814.402874827385,0.52,0.4
11814.403121229012,0.504,0.384
11814.40336763064,0.52,0.384
11814.403614032268,0.512,0.4
11814.403860433897,0.512,0.40800000000000003
11814.404106835524,0.528,0.424
11814.404353237152,0.512,0.424
11814.40459963878,0.528,0.40800000000000003
11814.404846040408,0.528,0.40800000000000003
11814.405092442035,0.512,0.392
11814.405338843664,0.528,0.392
11814.405585245291,0.504,0.384
11814.40583164692,0.512,0.384
11814.406078048547,0.528,0.40800000000000003
11814.406324450176,0.528,0.40800000000000003
11814.406570851803,0.512,0.424
11814.40681725343,0.528,0.41600000000000004
11814.407063655059,0.512,0.4
11814.407310056686,0.512,0.4
11814.407556458315,0.528,0.424
11814.407802859942,0.512,0.424
11814.40804926157,0.528,0.392
11814.408295663197,0.512,0.384
11814.408542064826,0.528,0.4
11814.408788466453,0.512,0.392
11814.409034868082,0.52,0.4
11814.409281269709,0.512,0.392
11814.409527671338,0.528,0.424
11814.409774072965,0.512,0.424
11814.410020474594,0.528,0.40800000000000003
11814.41026687622,0.512,0.40800000000000003
11814.410513277848,0.52,0.392
11814.410759679477,0.52,0.41600000000000004
11814.411006081104,0.504,0.392
11814.411252482732,0.504,0.4
11814.41149888436,0.52,0.384
11814.411745285988,0.512,0.392
11814.411991687615,0.528,0.41600000000000004
11814.412238089244,0.512,0.41600000000000004
11814.412484490871,0.536,0.432
11814.4127308925,0.512,0.432
11814.412977294127,0.536,0.424
11814.413223695756,0.528,0.432
11814.413470097383,0.512,0.41600000000000004
11814.413716499012,0.512,0.424
11814.413962900639,0.52,0.392
11814.414209302266,0.512,0.392
11814.414455703894,0.52,0.41600000000000004
11814.414702105521,0.512,0.432
11814.41494850715,0.52,0.392
11814.415194908777,0.512,0.392
11814.415441310406,0.528,0.40800000000000003
11814.415687712033,0.528,0.40800000000000003
11814.415934113662,0.512,0.392
11814.416180515289,0.512,0.4
11814.416426916918,0.536,0.392
11814.416673318545,0.528,0.392
11814.416919720174,0.504,0.4
11814.4171661218,0.496,0.40800000000000003
11814.41741252343,0.528,0.392
11814.417658925056,0.512,0.392
11814.417905326683,0.536,0.4
11814.418151728312,0.52,0.392
11814.41839812994,0.536,0.4
11814.418644531568,0.528,0.4
11814.418890933195,0.52,0.392
11814.419137334824,0.52,0.4
11814.419383736451,0.536,0.392
11814.41963013808,0.536,0.392
11814.419876539707,0.52,0.4
11814.420122941336,0.52,0.392
11814.420369342963,0.528,0.40800000000000003
11814.420615744591,0.52,0.4
11814.420862146218,0.528,0.392
11814.421108547847,0.52,0.392
11814.421354949474,0.528,0.40800000000000003
11814.421601351101,0.52,0.40800000000000003
11814.42184775273,0.536,0.392
11814.422094154357,0.528,0.4
11814.422340555986,0.512,0.392
11814.422586957613,0.52,0.392
11814.422833359242,0.512,0.392
11814.423079760869,0.512,0.392
11814.423326162498,0.536,0.4
11814.423572564125,0.528,0.392
11814.423818965754,0.512,0.40800000000000003
11814.42406536738,0.512,0.40800000000000003
11814.42431176901,0.528,0.392
11814.424558170636,0.512,0.392
11814.424804572265,0.528,0.4
11814.425050973892,0.528,0.392
11814.42529737552,0.512,0.4
11814.425543777148,0.52,0.392
11814.425790178775,0.512,0.40800000000000003
11814.426036580404,0.512,0.4
11814.42628298203,0.52,0.392
11814.42652938366,0.512,0.392
11814.426775785287,0.528,0.40800000000000003
11814.427022186916,0.512,0.4
11814.427268588543,0.528,0.392
11814.427514990171,0.512,0.4
11814.427761391798,0.528,0.392
11814.428007793427,0.528,0.392
11814.428254195054,0.504,0.40800000000000003
11814.428500596683,0.512,0.392
11814.42874699831,0.528,0.40800000000000003
11814.428993399937,0.528,0.4
11814.429239801566,0.512,0.392
11814.429486203193,0.52,0.4
11814.429732604822,0.504,0.392
11814.429979006449,0.504,0.40800000000000003
11814.430225408078,0.52,0.392
11814.430471809705,0.528,0.4
11814.430718211333,0.504,0.392
11814.43096461296,0.512,0.392
11814.43121101459,0.528,0.4
11814.431457416216,0.512,0.392
11814.431703817845,0.528,0.40800000000000003
11814.431950219472,0.512,0.4
11814.432196621101,0.52,0.392
11814.432443022728,0.504,0.392
11814.432689424355,0.528,0.40800000000000003
11814.432935825984,0.512,0.392
11814.43318222761,0.52,0.40800000000000003
11814.43342862924,0.512,0.392
11814.433675030867,0.528,0.40800000000000003
11814.433921432495,0.536,0.40800000000000003
11814.434167834122,0.504,0.392
11814.434414235751,0.504,0.4
11814.434660637378,0.52,0.392
11814.434907039007,0.536,0.4
11814.435153440634,0.512,0.392
11814.435399842263,0.528,0.392
11814.43564624389,0.512,0.4
11814.435892645519,0.512,0.4
11814.436139047146,0.528,0.392
11814.436385448773,0.528,0.392
11814.436631850402,0.512,0.4
11814.436878252029,0.52,0.392
11814.437124653658,0.512,0.4
11814.437371055285,0.536,0.392
11814.437617456913,0.512,0.40800000000000003
11814.43786385854,0.536,0.392
11814.43811026017,0.512,0.40800000000000003
11814.438356661796,0.52,0.392
11814.438603063425,0.512,0.40800000000000003
11814.438849465052,0.512,0.392
11814.43909586668,0.528,0.4
11814.439342268308,0.512,0.392
11814.439588669937,0.528,0.40800000000000003
11814.439835071564,0.528,0.392
11814.44008147319,0.512,0.4
11814.44032787482,0.512,0.392
11814.440574276447,0.528,0.4
11814.440820678075,0.512,0.392
11814.441067079702,0.528,0.40800000000000003
11814.441313481331,0.512,0.40800000000000003
11814.441559882958,0.52,0.392
11814.441806284587,0.512,0.4
11814.442052686214,0.528,0.392
11814.442299087843,0.528,0.392
11814.44254548947,0.504,0.4
11814.442791891099,0.528,0.392
11814.443038292726,0.512,0.4
11814.443284694355,0.512,0.392
11814.443531095982,0.536,0.4
11814.443777497609,0.528,0.4
11814.444023899237,0.504,0.392
11814.444270300864,0.512,0.392
11814.444516702493,0.528,0.4
11814.44476310412,0.512,0.392
11814.44500950575,0.536,0.40800000000000003
11814.445255907376,0.512,0.392
11814.445502309005,0.528,0.4
11814.445748710632,0.528,0.392
11814.44599511226,0.512,0.40800000000000003
11814.446241513888,0.528,0.392
11814.446487915517,0.504,0.40800000000000003
11814.446734317144,0.512,0.392
11814.446980718772,0.528,0.40800000000000003
11814.4472271204,0.512,0.392
11814.447473522026,0.528,0.40800000000000003
11814.447719923655,0.512,0.392
11814.447966325282,0.52,0.4
11814.448212726911,0.512,0.392
11814.448459128538,0.536,0.40800000000000003
11814.448705530167,0.544,0.4
11814.448951931794,0.512,0.392
11814.449198333423,0.512,0.392
11814.44944473505,0.52,0.40800000000000003
11814.449691136679,0.512,0.392
11814.449937538306,0.528,0.40800000000000003
11814.450183939935,0.512,0.392
11814.450430341562,0.528,0.4
11814.45067674319,0.512,0.392
11814.450923144817,0.536,0.4
11814.451169546444,0.536,0.4
11814.451415948073,0.512,0.392
11814.4516623497,0.512,0.392
11814.451908751329,0.528,0.40800000000000003
11814.452155152956,0.512,0.40800000000000003
11814.452401554585,0.528,0.392
11814.452647956212,0.528,0.392
11814.45289435784,0.512,0.40800000000000003
11814.453140759468,0.512,0.392
11814.453387161097,0.528,0.40800000000000003
11814.453633562724,0.512,0.4
11814.453879964352,0.528,0.392
11814.45412636598,0.512,0.392
11814.454372767608,0.528,0.40800000000000003
11814.454619169235,0.512,0.392
11814.454865570862,0.528,0.4
11814.455111972491,0.512,0.392
11814.455358374118,0.528,0.40800000000000003
11814.455604775747,0.52,0.40800000000000003
11814.455851177374,0.504,0.392
11814.456097579003,0.512,0.392
11814.45634398063,0.528,0.40800000000000003
11814.456590382259,0.512,0.392
11814.456836783886,0.528,0.40800000000000003
11814.457083185514,0.528,0.392
11814.457329587141,0.512,0.40800000000000003
11814.45757598877,0.512,0.392
11814.457822390397,0.52,0.40800000000000003
11814.458068792026,0.512,0.392
11814.458315193653,0.52,0.40800000000000003
11814.45856159528,0.512,0.40800000000000003
11814.458807996909,0.528,0.392
11814.459054398536,0.512,0.4
11814.459300800165,0.528,0.392
11814.459547201792,0.512,0.392
11814.45979360342,0.528,0.40800000000000003
11814.460040005048,0.52,0.4
11814.460286406676,0.504,0.392
11814.460532808303,0.512,0.4
11814.460779209932,0.528,0.392
11814.46102561156,0.52,0.392
11814.461272013188,0.512,0.392
11814.461518414815,0.512,0.4
11814.461764816444,0.528,0.376
11814.462011218071,0.528,0.376
11814.462257619698,0.512,0.32
11814.462504021327,0.528,0.304
11814.462750422954,0.512,0.168
11814.462996824583,0.512,0.16
11814.46324322621,0.528,0.056
11814.463489627838,0.512,0.056
11814.463736029466,0.528,0.016
11814.463982431094,0.512,0.008
11814.464228832721,0.52,-0.008
11814.46447523435,0.512,-0.008
11814.464721635977,0.528,0.0
11814.464968037606,0.512,0.0
11814.465214439233,0.536,-0.008
11814.465460840862,0.52,0.0
11814.465707242489,0.512,-0.008
11814.465953644116,0.528,0.0
11814.466200045745,0.512,-0.016
11814.466446447372,0.512,0.0
11814.466692849,0.528,-0.016
11814.466939250628,0.536,0.0
11814.467185652256,0.512,-0.016
11814.467432053883,0.536,0.0
11814.467678455512,0.512,-0.016
11814.46792485714,0.512,-0.016
11814.468171258768,0.528,0.0
11814.468417660395,0.512,0.0
11814.468664062024,0.528,-0.016
11814.46891046365,0.536,0.0
11814.46915686528,0.512,-0.016
11814.469403266907,0.512,-0.016
11814.469649668534,0.528,0.0
11814.469896070163,0.512,0.0
11814.47014247179,0.528,-0.016
11814.470388873418,0.504,0.0
11814.470635275045,0.52,-0.016
11814.470881676674,0.536,-0.016
11814.471128078301,0.512,0.0
11814.47137447993,0.52,0.0
11814.471620881557,0.504,-0.016
11814.471867283186,0.504,-0.008
11814.472113684813,0.536,0.0
11814.472360086442,0.512,0.0
11814.472606488069,0.52,-0.016
11814.472852889698,0.512,0.0
11814.473099291325,0.52,-0.016
11814.473345692952,0.52,0.0
11814.47359209458,0.512,-0.016
11814.473838496207,0.504,-0.016
11814.474084897836,0.528,0.0
11814.474331299463,0.512,-0.016
11814.474577701092,0.52,0.0
11814.47482410272,0.52,-0.016
11814.475070504348,0.512,0.0
11814.475316905975,0.504,-0.016
11814.475563307604,0.528,0.0
11814.47580970923,0.512,-0.016
11814.47605611086,0.536,0.0
11814.476302512487,0.528,0.0
11814.476548914115,0.512,-0.016
11814.476795315742,0.512,0.0
11814.47704171737,0.536,-0.016
11814.477288118998,0.52,0.0
11814.477534520625,0.536,-0.016
11814.477780922254,0.52,0.0
11814.478027323881,0.528,-0.016
11814.47827372551,0.52,0.0
11814.478520127137,0.536,-0.016
11814.478766528766,0.52,0.0
11814.479012930393,0.536,-0.016
11814.479259332022,0.52,-0.016
11814.479505733649,0.528,0.0
11814.479752135278,0.52,-0.016
11814.479998536905,0.536,0.0
11814.480244938533,0.52,-0.016
11814.48049134016,0.528,0.0
11814.480737741787,0.52,0.0
11814.480984143416,0.528,-0.016
11814.481230545043,0.52,-0.016
11814.481476946672,0.536,0.0
11814.481723348299,0.536,0.0
11814.481969749928,0.512,-0.016
11814.482216151555,0.52,-0.016
11814.482462553184,0.528,0.0
11814.48270895481,0.52,-0.016
11814.48295535644,0.536,0.0
11814.483201758067,0.52,0.0
11814.483448159695,0.536,-0.016
11814.483694561322,0.536,0.0
11814.483940962951,0.52,-0.016
11814.484187364578,0.52,-0.016
11814.484433766205,0.536,0.0
11814.484680167834,0.52,-0.016
11814.484926569461,0.536,0.0
11814.48517297109,0.528,-0.016
11814.485419372717,0.52,0.0
11814.485665774346,0.52,-0.016
11814.485912175973,0.536,0.0
11814.486158577602,0.536,-0.016
11814.486404979229,0.52,0.0
11814.486651380857,0.52,-0.016
11814.486897782484,0.536,0.0
11814.487144184113,0.52,-0.016
11814.48739058574,0.536,0.0
11814.48763698737,0.52,-0.016
11814.487883388996,0.536,0.0
11814.488129790623,0.52,-0.016
11814.488376192252,0.536,0.0
11814.488622593879,0.52,0.0
11814.488868995508,0.528,-0.016
11814.489115397135,0.528,0.0
11814.489361798764,0.52,-0.016
11814.48960820039,0.52,-0.016
11814.48985460202,0.536,0.0
11814.490101003646,0.52,0.0
11814.490347405275,0.536,-0.016
11814.490593806902,0.52,-0.016
11814.490840208531,0.536,0.0
11814.491086610158,0.52,-0.016
11814.491333011787,0.536,0.0
11814.491579413414,0.528,-0.016
11814.491825815041,0.512,0.0
11814.49207221667,0.52,-0.016
11814.492318618297,0.536,0.0
11814.492565019926,0.52,-0.016
11814.492811421553,0.536,0.0
11814.493057823182,0.52,-0.016
11814.493304224809,0.528,0.0
11814.493550626437,0.52,-0.016
11814.493797028064,0.536,0.0
11814.494043429693,0.52,-0.016
11814.49428983132,0.536,0.0
11814.494536232949,0.536,-0.016
11814.494782634576,0.52,0.0
11814.495029036205,0.52,-0.016
11814.495275437832,0.536,0.0
11814.495521839459,0.52,-0.016
11814.495768241088,0.528,0.0
11814.496014642715,0.52,-0.016
11814.496261044344,0.536,0.0
11814.49650744597,0.52,-0.016
11814.4967538476,0.536,0.0
11814.497000249226,0.52,-0.008
11814.497246650855,0.536,-0.016
11814.497493052482,0.52,-0.016
11814.497739454111,0.528,-0.008
11814.497985855738,0.52,-0.008
11814.498232257367,0.528,-0.016
11814.498478658994,0.52,-0.016
11814.498725060623,0.528,0.0
11814.49897146225,0.52,-0.016
11814.499217863877,0.536,0.0
11814.499464265506,0.52,-0.016
11814.499710667133,0.528,0.0
11814.499957068761,0.52,-0.016
11814.500203470388,0.528,0.0
11814.500449872017,0.52,-0.016
11814.500696273644,0.536,0.0
11814.500942675273,0.52,-0.008
11814.5011890769,0.536,-0.016
11814.501435478529,0.536,-0.008
11814.501681880156,0.512,-0.016
11814.501928281785,0.52,-0.016
11814.502174683412,0.528,0.0
11814.50242108504,0.52,-0.016
11814.502667486668,0.536,0.0
11814.502913888295,0.52,0.0
11814.503160289923,0.528,-0.016
11814.50340669155,0.52,-0.016
11814.50365309318,0.536,0.0
11814.503899494806,0.52,-0.016
11814.504145896435,0.536,0.0
11814.504392298062,0.52,-0.016
11814.504638699691,0.536,-0.008
11814.504885101318,0.52,-0.016
11814.505131502947,0.528,0.0
11814.505377904574,0.52,-0.008
11814.505624306203,0.528,-0.016
11814.50587070783,0.52,-0.008
11814.506117109459,0.528,-0.016
11814.506363511086,0.52,-0.016
11814.506609912713,0.536,0.0
11814.506856314341,0.536,-0.016
11814.507102715968,0.52,0.0
11814.507349117597,0.52,-0.016
11814.507595519224,0.528,0.0
11814.507841920853,0.52,-0.008
11814.50808832248,0.536,-0.016
11814.508334724109,0.528,-0.016
11814.508581125736,0.52,0.0
11814.508827527365,0.52,-0.016
11814.509073928992,0.536,0.0
11814.50932033062,0.52,-0.016
11814.509566732248,0.536,0.0
11814.509813133876,0.52,-0.008
11814.510059535503,0.536,-0.016
11814.51030593713,0.52,-0.016
11814.51055233876,0.536,0.0
11814.510798740386,0.52,-0.008
11814.511045142015,0.536,-0.016
11814.511291543642,0.52,0.0
11814.51153794527,0.536,-0.016
11814.511784346898,0.52,0.0
11814.512030748527,0.536,-0.016
11814.512277150154,0.52,0.0
11814.512523551783,0.536,-0.016
11814.51276995341,0.52,-0.016
11814.513016355038,0.536,-0.008
11814.513262756665,0.52,-0.016
11814.513509158294,0.528,-0.008
11814.513755559921,0.52,-0.016
11814.514001961548,0.528,0.0
11814.514248363177,0.52,-0.016
11814.514494764804,0.528,0.0
11814.514741166433,0.52,-0.016
11814.51498756806,0.536,-0.008
11814.515233969689,0.52,-0.008
11814.515480371316,0.536,-0.016
11814.515726772945,0.52,0.0
11814.515973174572,0.536,-0.016
11814.5162195762,0.512,-0.008
11814.516465977827,0.536,-0.016
11814.516712379456,0.52,-0.016
11814.516958781083,0.536,-0.008
11814.517205182712,0.52,-0.008
11814.51745158434,0.536,-0.016
11814.517697985966,0.52,-0.016
11814.517944387595,0.536,-0.008
11814.518190789222,0.52,-0.016
11814.51843719085,0.536,0.0
11814.518683592478,0.528,-0.016
11814.518929994107,0.52,0.0
11814.519176395734,0.52,-0.008
11814.519422797362,0.536,-0.016
11814.51966919899,0.536,-0.016
11814.519915600618,0.52,0.0
11814.520162002245,0.52,-0.008
11814.520408403874,0.536,-0.016
11814.520654805501,0.536,-0.016
11814.52090120713,0.52,0.0
11814.521147608757,0.528,-0.016
11814.521394010384,0.512,0.0
11814.521640412013,0.512,-0.016
11814.52188681364,0.536,-0.008
11814.522133215269,0.528,-0.016
11814.522379616896,0.504,0.0
11814.522626018525,0.52,0.0
11814.522872420152,0.512,-0.016
11814.52311882178,0.512,-0.016
11814.523365223407,0.52,0.0
11814.523611625036,0.512,-0.008
11814.523858026663,0.52,0.016
11814.524104428292,0.52,0.016
11814.524350829919,0.512,0.12
11814.524597231548,0.528,0.128
11814.524843633175,0.512,0.296
11814.525090034802,0.512,0.304
11814.52533643643,0.528,0.36
11814.525582838058,0.536,0.368
11814.525829239687,0.504,0.392
11814.526075641314,0.504,0.392
11814.526322042942,0.52,0.384
11814.52656844457,0.528,0.392
11814.526814846198,0.512,0.424
11814.527061247825,0.512,0.424
11814.527307649454,0.528,0.4
11814.527554051081,0.512,0.40800000000000003
11814.52780045271,0.528,0.392
11814.528046854337,0.512,0.4
11814.528293255966,0.528,0.392
11814.528539657593,0.512,0.4
11814.52878605922,0.528,0.432
11814.529032460849,0.512,0.41600000000000004
11814.529278862476,0.528,0.432
11814.529525264104,0.512,0.424
11814.529771665731,0.52,0.432
11814.53001806736,0.512,0.424
11814.530264468987,0.528,0.432
11814.530510870616,0.52,0.424
11814.530757272243,0.512,0.392
11814.531003673872,0.52,0.4
11814.531250075499,0.512,0.384
11814.531496477128,0.512,0.392
11814.531742878755,0.528,0.432
11814.531989280384,0.512,0.432
11814.53223568201,0.528,0.4
11814.532482083638,0.512,0.4
11814.532728485266,0.52,0.392
11814.532974886893,0.512,0.4
11814.533221288522,0.536,0.432
11814.53346769015,0.512,0.432
11814.533714091778,0.536,0.392
11814.533960493405,0.512,0.392
11814.534206895034,0.528,0.41600000000000004
11814.534453296661,0.512,0.41600000000000004
11814.53469969829,0.528,0.432
11814.534946099917,0.52,0.432
11814.535192501546,0.512,0.424
11814.535438903173,0.512,0.432
11814.535685304802,0.52,0.4
11814.535931706429,0.528,0.40800000000000003
11814.536178108056,0.512,0.392
11814.536424509684,0.536,0.392
11814.536670911311,0.512,0.4
11814.53691731294,0.512,0.392
11814.537163714567,0.528,0.424
11814.537410116196,0.512,0.41600000000000004
11814.537656517823,0.52,0.432
11814.537902919452,0.512,0.424
11814.538149321079,0.528,0.41600000000000004
11814.538395722708,0.52,0.424
11814.538642124335,0.512,0.44
11814.538888525964,0.512,0.424
11814.53913492759,0.528,0.432
11814.53938132922,0.512,0.424
11814.539627730846,0.52,0.44
11814.539874132473,0.512,0.424
11814.540120534102,0.528,0.432
11814.54036693573,0.512,0.424
11814.540613337358,0.536,0.4
11814.540859738985,0.536,0.392
11814.541106140614,0.512,0.4
11814.541352542241,0.528,0.4
11814.54159894387,0.512,0.384
11814.541845345497,0.52,0.392
11814.542091747126,0.504,0.424
11814.542338148753,0.512,0.41600000000000004
11814.542584550381,0.528,0.432
11814.542830952008,0.512,0.41600000000000004
11814.543077353637,0.52,0.432
11814.543323755264,0.512,0.432
11814.543570156891,0.528,0.41600000000000004
11814.54381655852,0.512,0.432
11814.544062960147,0.52,0.4
11814.544309361776,0.528,0.40800000000000003
11814.544555763403,0.504,0.392
11814.544802165032,0.512,0.4
11814.545048566659,0.528,0.392
11814.545294968288,0.512,0.40800000000000003
11814.545541369915,0.528,0.392
11814.545787771543,0.52,0.4
11814.54603417317,0.504,0.392
11814.5462805748,0.512,0.392
11814.546526976426,0.528,0.4
11814.546773378055,0.512,0.392
11814.547019779682,0.528,0.40800000000000003
11814.54726618131,0.536,0.392
11814.547512582938,0.512,0.40800000000000003
11814.547758984565,0.512,0.392
11814.548005386194,0.528,0.40800000000000003
11814.54825178782,0.512,0.392
11814.54849818945,0.536,0.4
11814.548744591077,0.512,0.40800000000000003
11814.548990992706,0.528,0.392
11814.549237394333,0.512,0.392
11814.549483795961,0.528,0.4
11814.549730197588,0.536,0.392
11814.549976599217,0.512,0.40800000000000003
11814.550223000844,0.512,0.4
11814.550469402473,0.52,0.392
11814.5507158041,0.52,0.392
11814.550962205727,0.504,0.4
11814.551208607356,0.512,0.4
11814.551455008983,0.52,0.392
11814.551701410612,0.52,0.392
11814.551947812239,0.512,0.40800000000000003
11814.552194213868,0.512,0.392
11814.552440615495,0.528,0.40800000000000003
11814.552687017123,0.512,0.40800000000000003
11814.55293341875,0.536,0.392
11814.55317982038,0.528,0.392
11814.553426222006,0.504,0.40800000000000003
11814.553672623635,0.52,0.392
11814.553919025262,0.512,0.4
11814.55416542689,0.52,0.392
11814.554411828518,0.504,0.4
11814.554658230145,0.512,0.40800000000000003
11814.554904631774,0.52,0.392
11814.5551510334,0.52,0.40800000000000003
11814.55539743503,0.504,0.392
11814.555643836657,0.52,0.392
11814.555890238285,0.504,0.40800000000000003
11814.556136639912,0.512,0.40800000000000003
11814.556383041541,0.528,0.392
11814.556629443168,0.512,0.392
11814.556875844797,0.528,0.4
11814.557122246424,0.528,0.40800000000000003
11814.557368648053,0.504,0.392
11814.55761504968,0.504,0.392
11814.557861451309,0.52,0.40800000000000003
11814.558107852936,0.528,0.4
11814.558354254563,0.504,0.392
11814.558600656192,0.504,0.392
11814.558847057819,0.52,0.40800000000000003
11814.559093459447,0.512,0.4
11814.559339861074,0.536,0.392
11814.559586262703,0.52,0.4
11814.55983266433,0.512,0.392
11814.56007906596,0.512,0.40800000000000003
11814.560325467586,0.528,0.392
11814.560571869215,0.512,0.392
11814.560818270842,0.528,0.40800000000000003
11814.56106467247,0.512,0.392
11814.561311074098,0.536,0.40800000000000003
11814.561557475727,0.528,0.392
11814.561803877354,0.504,0.4
11814.56205027898,0.512,0.392
11814.56229668061,0.528,0.40800000000000003
11814.562543082237,0.512,0.392
11814.562789483865,0.528,0.4
11814.563035885492,0.512,0.4
11814.563282287121,0.528,0.392
11814.563528688748,0.512,0.392
11814.563775090377,0.528,0.4
11814.564021492004,0.512,0.392
11814.564267893633,0.528,0.4
11814.56451429526,0.512,0.392
11814.564760696889,0.528,0.40800000000000003
11814.565007098516,0.512,0.4
11814.565253500145,0.528,0.392
11814.565499901772,0.512,0.392
11814.565746303399,0.528,0.4
11814.565992705027,0.528,0.392
11814.566239106654,0.512,0.40800000000000003
11814.566485508283,0.512,0.392
11814.56673190991,0.52,0.40800000000000003
11814.566978311539,0.512,0.4
11814.567224713166,0.528,0.392
11814.567471114795,0.512,0.4
11814.567717516422,0.528,0.392
11814.56796391805,0.512,0.392
11814.568210319678,0.528,0.392
11814.568456721307,0.512,0.384
11814.568703122934,0.528,0.4
11814.568949524562,0.512,0.384
11814.56919592619,0.528,0.41600000000000004
11814.569442327816,0.512,0.41600000000000004
11814.569688729445,0.528,0.432
11814.569935131072,0.512,0.424
11814.570181532701,0.528,0.4
11814.570427934328,0.528,0.392
11814.570674335957,0.512,0.41600000000000004
11814.570920737584,0.528,0.41600000000000004
11814.571167139213,0.504,0.432
11814.57141354084,0.504,0.41600000000000004
11814.571659942469,0.528,0.432
11814.571906344096,0.528,0.432
11814.572152745724,0.512,0.392
11814.572399147351,0.512,0.4
11814.57264554898,0.536,0.392
11814.572891950607,0.52,0.384
11814.573138352234,0.512,0.41600000000000004
11814.573384753863,0.512,0.41600000000000004
11814.57363115549,0.536,0.424
11814.573877557119,0.52,0.424
11814.574123958746,0.536,0.432
11814.574370360375,0.536,0.41600000000000004
11814.574616762002,0.504,0.432
11814.57486316363,0.512,0.432
11814.575109565258,0.528,0.41600000000000004
11814.575355966886,0.528,0.44
11814.575602368514,0.512,0.41600000000000004
11814.575848770142,0.52,0.41600000000000004
11814.57609517177,0.528,0.392
11814.576341573398,0.52,0.392
11814.576587975025,0.528,0.40800000000000003
11814.576834376652,0.52,0.40800000000000003
11814.577080778281,0.536,0.432
11814.577327179908,0.52,0.432
11814.577573581537,0.528,0.4
11814.577819983164,0.52,0.40800000000000003
11814.578066384793,0.528,0.384
11814.57831278642,0.52,0.392
11814.578559188049,0.536,0.424
11814.578805589676,0.52,0.41600000000000004
11814.579051991304,0.536,0.432
11814.579298392931,0.52,0.424
11814.57954479456,0.528,0.432
11814.579791196187,0.52,0.424
11814.580037597816,0.536,0.432
11814.580283999443,0.528,0.432
11814.58053040107,0.512,0.392
11814.580776802699,0.52,0.40800000000000003
11814.581023204326,0.528,0.384
11814.581269605955,0.52,0.4
11814.581516007582,0.536,0.424
11814.58176240921,0.512,0.41600000000000004
11814.582008810838,0.528,0.432
11814.582255212466,0.528,0.432
11814.582501614093,0.512,0.392
11814.582748015722,0.512,0.392
11814.58299441735,0.528,0.40800000000000003
11814.583240818978,0.504,0.392
11814.583487220605,0.52,0.40800000000000003
11814.583733622234,0.512,0.40800000000000003
11814.583980023861,0.528,0.424
11814.584226425488,0.512,0.40800000000000003
11814.584472827117,0.528,0.392
11814.584719228744,0.512,0.4
11814.584965630373,0.52,0.376
11814.585212032,0.52,0.376
11814.585458433628,0.504,0.32
11814.585704835255,0.512,0.32
11814.585951236884,0.528,0.168
11814.586197638511,0.512,0.16
11814.58644404014,0.528,0.048
11814.586690441767,0.536,0.048
11814.586936843396,0.512,0.016
11814.587183245023,0.528,0.008
11814.587429646652,0.512,-0.008
11814.587676048279,0.512,0.0
11814.587922449906,0.528,-0.008
11814.588168851535,0.528,-0.008
11814.588415253162,0.512,0.0
11814.58866165479,0.52,-0.008
11814.588908056417,0.536,0.0
11814.589154458046,0.512,0.0
11814.589400859673,0.536,-0.016
11814.589647261302,0.528,0.0
11814.58989366293,0.504,-0.016
11814.590140064558,0.504,-0.016
11814.590386466185,0.528,0.0
11814.590632867814,0.512,0.0
11814.59087926944,0.528,-0.016
11814.59112567107,0.512,-0.016
11814.591372072697,0.528,0.0
11814.591618474324,0.528,0.0
11814.591864875953,0.512,-0.016
11814.59211127758,0.512,-0.016
11814.592357679208,0.536,0.0
11814.592604080835,0.528,-0.016
11814.592850482464,0.512,0.0
11814.593096884091,0.512,0.0
11814.59334328572,0.528,-0.008
11814.593589687347,0.512,0.0
11814.593836088976,0.528,-0.016
11814.594082490603,0.512,0.0
11814.594328892232,0.52,-0.016
11814.594575293859,0.504,0.0
11814.594821695488,0.528,-0.016
11814.595068097115,0.512,0.0
11814.595314498742,0.528,-0.016
11814.59556090037,0.512,0.0
11814.595807301997,0.528,-0.016
11814.596053703626,0.512,0.0
11814.596300105253,0.528,-0.016
11814.596546506882,0.536,0.0
11814.596792908509,0.512,-0.016
11814.597039310138,0.512,0.0
11814.597285711765,0.528,-0.016
11814.597532113394,0.512,0.0
11814.59777851502,0.528,-0.016
11814.59802491665,0.528,0.0
11814.598271318277,0.512,-0.016
11814.598517719905,0.512,0.0
11814.598764121532,0.528,-0.016
11814.59901052316,0.512,0.0
11814.599256924788,0.528,-0.016
11814.599503326415,0.512,0.0
11814.599749728044,0.528,-0.016
11814.599996129671,0.504,-0.016
11814.6002425313,0.528,0.0
11814.600488932927,0.512,0.0
11814.600735334556,0.52,-0.016
11814.600981736183,0.52,0.0
11814.601228137812,0.512,-0.016
11814.601474539439,0.512,-0.016
11814.601720941067,0.528,0.0
11814.601967342694,0.512,-0.016
11814.602213744323,0.528,0.0
11814.60246014595,0.528,0.0
11814.602706547577,0.504,-0.016
11814.602952949206,0.52,-0.016
11814.603199350833,0.528,0.0
11814.603445752462,0.52,0.0
11814.603692154089,0.536,-0.016
11814.603938555718,0.52,0.0
11814.604184957345,0.536,-0.016
11814.604431358974,0.52,0.0
11814.6046777606,0.528,-0.016
11814.60492416223,0.512,0.0
11814.605170563857,0.536,-0.016
11814.605416965485,0.528,-0.016
11814.605663367112,0.52,0.0
11814.605909768741,0.52,-0.016
11814.606156170368,0.536,0.0
11814.606402571995,0.52,-0.016
11814.606648973624,0.536,0.0
11814.606895375251,0.528,0.0
11814.60714177688,0.52,-0.016
11814.607388178507,0.52,-0.016
11814.607634580136,0.536,0.0
11814.607880981763,0.528,0.0
11814.608127383392,0.512,-0.016
11814.608373785019,0.512,0.0
11814.608620186647,0.528,-0.016
11814.608866588274,0.52,-0.016
11814.609112989903,0.544,0.0
11814.60935939153,0.528,-0.016
11814.609605793159,0.512,0.0
11814.609852194786,0.512,-0.016
11814.610098596413,0.536,0.0
11814.610344998042,0.52,-0.016
11814.610591399669,0.512,0.0
11814.610837801298,0.52,-0.016
11814.611084202925,0.528,0.0
11814.611330604554,0.528,-0.016
11814.61157700618,0.504,0.0
11814.61182340781,0.512,-0.008
11814.612069809436,0.528,-0.016
11814.612316211065,0.512,-0.016
11814.612562612692,0.528,0.0
11814.612809014321,0.528,0.0
11814.613055415948,0.512,-0.016
11814.613301817577,0.512,0.0
11814.613548219204,0.528,-0.016
11814.613794620831,0.504,-0.016
11814.61404102246,0.536,-0.008
11814.614287424087,0.52,-0.016
11814.614533825716,0.528,0.0
11814.614780227343,0.536,-0.008
11814.615026628971,0.512,-0.016
11814.615273030598,0.52,-0.008
11814.615519432227,0.536,-0.016
11814.615765833854,0.528,-0.016
11814.616012235483,0.52,0.0
11814.61625863711,0.52,-0.016
11814.616505038739,0.528,0.0
11814.616751440366,0.52,0.0
11814.616997841995,0.528,-0.016
11814.617244243622,0.52,-0.016
11814.617490645249,0.536,0.0
11814.617737046878,0.536,-0.016
11814.617983448505,0.52,0.0
11814.618229850134,0.52,-0.016
11814.61847625176,0.536,0.0
11814.61872265339,0.52,-0.016
11814.618969055016,0.536,0.0
11814.619215456645,0.52,-0.016
11814.619461858272,0.528,-0.008
11814.619708259901,0.512,-0.016
11814.619954661528,0.536,-0.008
11814.620201063157,0.52,-0.016
11814.620447464784,0.528,0.0
11814.620693866413,0.52,-0.016
11814.62094026804,0.536,-0.008
11814.621186669667,0.528,-0.008
11814.621433071296,0.52,-0.016
11814.621679472923,0.52,-0.016
11814.621925874551,0.536,0.0
11814.622172276178,0.52,-0.016
11814.622418677807,0.536,0.0
11814.622665079434,0.52,-0.016
11814.622911481063,0.536,0.0
11814.62315788269,0.536,-0.016
11814.623404284319,0.52,0.0
11814.623650685946,0.52,-0.016
11814.623897087575,0.536,0.0
11814.624143489202,0.536,-0.008
11814.62438989083,0.52,-0.016
11814.624636292458,0.536,-0.016
11814.624882694085,0.52,0.0
11814.625129095713,0.52,-0.016
11814.62537549734,0.536,0.0
11814.62562189897,0.52,-0.016
11814.625868300596,0.528,0.0
11814.626114702225,0.52,-0.016
11814.626361103852,0.528,0.0
11814.626607505481,0.52,0.0
11814.626853907108,0.528,-0.016
11814.627100308737,0.52,0.0
11814.627346710364,0.536,-0.016
11814.627593111993,0.52,-0.016
11814.62783951362,0.528,0.0
11814.628085915248,0.52,-0.016
11814.628332316875,0.528,0.0
11814.628578718502,0.528,-0.016
11814.628825120131,0.512,-0.008
11814.629071521758,0.512,-0.016
11814.629317923387,0.536,0.0
11814.629564325014,0.528,-0.016
11814.629810726643,0.512,-0.008
11814.63005712827,0.512,-0.008
11814.630303529899,0.528,-0.016
11814.630549931526,0.52,-0.016
11814.630796333155,0.512,-0.008
11814.631042734782,0.512,-0.008
11814.63128913641,0.528,-0.016
11814.631535538037,0.528,-0.008
11814.631781939666,0.512,-0.016
11814.632028341293,0.528,-0.016
11814.63227474292,0.512,0.0
11814.63252114455,0.512,-0.016
11814.632767546176,0.528,0.0
11814.633013947805,0.528,-0.016
11814.633260349432,0.512,0.0
11814.63350675106,0.52,-0.008
11814.633753152688,0.512,-0.016
11814.633999554317,0.512,-0.016
11814.634245955944,0.536,-0.008
11814.634492357573,0.52,-0.016
11814.6347387592,0.544,0.0
11814.634985160828,0.552,-0.008
11814.635231562455,0.512,-0.016
11814.635477964084,0.52,-0.016
11814.635724365711,0.512,0.0
11814.635970767338,0.512,-0.008
11814.636217168967,0.528,-0.016
11814.636463570594,0.512,-0.016
11814.636709972223,0.528,0.0
11814.63695637385,0.528,0.0
11814.637202775479,0.512,-0.016
11814.637449177106,0.512,-0.016
11814.637695578735,0.528,-0.008
11814.637941980362,0.512,-0.008
11814.63818838199,0.528,-0.016
11814.638434783617,0.512,-0.016
11814.638681185246,0.52,-0.008
11814.638927586873,0.512,-0.016
11814.639173988502,0.528,0.0
11814.639420390129,0.504,-0.016
11814.639666791756,0.528,0.0
11814.639913193385,0.512,0.0
11814.640159595012,0.536,-0.016
11814.64040599664,0.512,-0.008
11814.640652398268,0.528,-0.016
11814.640898799897,0.52,-0.008
11814.641145201524,0.512,-0.016
11814.641391603152,0.512,-0.016
11814.64163800478,0.528,0.0
11814.641884406408,0.528,-0.016
11814.642130808035,0.512,0.0
11814.642377209664,0.512,-0.008
11814.642623611291,0.528,-0.016
11814.64287001292,0.528,-0.008
11814.643116414547,0.512,-0.016
11814.643362816174,0.512,-0.016
11814.643609217803,0.528,0.0
11814.64385561943,0.52,-0.016
11814.644102021059,0.512,0.0
11814.644348422686,0.512,-0.016
11814.644594824314,0.536,0.0
11814.644841225941,0.536,-0.016
11814.64508762757,0.512,0.0
11814.645334029197,0.512,-0.016
11814.645580430826,0.52,0.0
11814.645826832453,0.512,-0.016
11814.646073234082,0.528,0.0
11814.646319635709,0.512,-0.016
11814.646566037338,0.528,0.0
11814.646812438965,0.528,-0.008
11814.647058840592,0.512,0.024
11814.64730524222,0.512,0.024
11814.647551643848,0.52,0.128
11814.647798045477,0.512,0.128
11814.648044447104,0.528,0.272
11814.648290848732,0.512,0.28
11814.64853725036,0.52,0.36
11814.648783651988,0.512,0.368
11814.649030053615,0.528,0.384
11814.649276455244,0.52,0.384
11814.649522856871,0.504,0.4
11814.6497692585,0.504,0.4
11814.650015660127,0.52,0.392
11814.650262061756,0.512,0.392
11814.650508463383,0.528,0.4
11814.65075486501,0.512,0.4
11814.651001266639,0.528,0.392
11814.651247668266,0.512,0.392
11814.651494069894,0.528,0.4
11814.651740471521,0.528,0.392
11814.65198687315,0.512,0.41600000000000004
11814.652233274777,0.512,0.41600000000000004
11814.652479676406,0.528,0.432
11814.652726078033,0.52,0.432
11814.652972479662,0.512,0.424
11814.653218881289,0.512,0.424
11814.653465282918,0.52,0.432
11814.653711684545,0.52,0.424
11814.653958086174,0.512,0.432
11814.6542044878,0.528,0.41600000000000004
11814.654450889428,0.512,0.432
11814.654697291056,0.528,0.424
11814.654943692683,0.512,0.432
11814.655190094312,0.512,0.424
11814.65543649594,0.528,0.44
11814.655682897568,0.52,0.432
11814.655929299195,0.536,0.41600000000000004
11814.656175700824,0.512,0.41600000000000004
11814.656422102451,0.528,0.392
11814.65666850408,0.536,0.392
11814.656914905707,0.512,0.384
11814.657161307336,0.512,0.392
11814.657407708963,0.536,0.41600000000000004
11814.657654110591,0.52,0.40800000000000003
11814.657900512218,0.512,0.432
11814.658146913845,0.512,0.424
11814.658393315474,0.528,0.432
11814.658639717101,0.528,0.424
11814.65888611873,0.512,0.432
11814.659132520357,0.536,0.424
11814.659378921986,0.512,0.392
11814.659625323613,0.536,0.392
11814.659871725242,0.512,0.41600000000000004
11814.660118126869,0.512,0.424
11814.660364528498,0.528,0.4
11814.660610930125,0.52,0.392
11814.660857331754,0.504,0.41600000000000004
11814.66110373338,0.512,0.424
11814.66135013501,0.52,0.4
11814.661596536636,0.512,0.4
11814.661842938263,0.528,0.392
11814.662089339892,0.512,0.4
11814.66233574152,0.52,0.424
11814.662582143148,0.512,0.424
11814.662828544775,0.52,0.392
11814.663074946404,0.512,0.40800000000000003
11814.66332134803,0.528,0.392
11814.66356774966,0.528,0.392
11814.663814151287,0.512,0.4
11814.664060552916,0.528,0.384
11814.664306954543,0.512,0.4
11814.664553356171,0.512,0.384
11814.664799757798,0.536,0.40800000000000003
11814.665046159427,0.52,0.41600000000000004
11814.665292561054,0.504,0.432
11814.665538962681,0.512,0.424
11814.66578536431,0.52,0.41600000000000004
11814.666031765937,0.512,0.41600000000000004
11814.666278167566,0.528,0.392
11814.666524569193,0.528,0.392
11814.666770970822,0.496,0.384
11814.667017372449,0.496,0.392
11814.667263774078,0.528,0.40800000000000003
11814.667510175705,0.528,0.40800000000000003
11814.667756577333,0.512,0.384
11814.66800297896,0.512,0.392
11814.66824938059,0.52,0.384
11814.668495782216,0.512,0.392
11814.668742183845,0.52,0.424
11814.668988585472,0.512,0.432
11814.6692349871,0.528,0.40800000000000003
11814.669481388728,0.512,0.4
11814.669727790355,0.528,0.392
11814.669974191984,0.528,0.392
11814.67022059361,0.512,0.40800000000000003
11814.67046699524,0.52,0.41600000000000004
11814.670713396867,0.536,0.4
11814.670959798495,0.52,0.392
11814.671206200122,0.536,0.40800000000000003
11814.671452601751,0.52,0.392
11814.671699003378,0.528,0.40800000000000003
11814.671945405007,0.52,0.40800000000000003
11814.672191806634,0.536,0.392
11814.672438208263,0.52,0.40800000000000003
11814.67268460989,0.528,0.392
11814.672931011517,0.52,0.4
11814.673177413146,0.536,0.392
11814.673423814773,0.528,0.4
11814.673670216402,0.512,0.392
11814.673916618029,0.528,0.4
11814.674163019657,0.512,0.392
11814.674409421285,0.512,0.40800000000000003
11814.674655822913,0.536,0.392
11814.67490222454,0.52,0.4
11814.67514862617,0.536,0.392
11814.675395027796,0.52,0.4
11814.675641429425,0.536,0.392
11814.675887831052,0.52,0.392
11814.67613423268,0.536,0.40800000000000003
11814.676380634308,0.536,0.392
11814.676627035935,0.52,0.40800000000000003
11814.676873437564,0.52,0.392
11814.67711983919,0.536,0.40800000000000003
11814.67736624082,0.52,0.40800000000000003
11814.677612642447,0.536,0.392
11814.677859044075,0.52,0.392
11814.678105445702,0.528,0.40800000000000003
11814.678351847331,0.528,0.4
11814.678598248958,0.52,0.392
11814.678844650587,0.528,0.392
11814.679091052214,0.512,0.40800000000000003
11814.679337453843,0.528,0.392
11814.67958385547,0.512,0.4
11814.679830257099,0.512,0.392
11814.680076658726,0.528,0.40800000000000003
11814.680323060353,0.528,0.4
11814.680569461982,0.504,0.384
11814.680815863609,0.512,0.392
11814.681062265237,0.536,0.384
11814.681308666864,0.536,0.392
11814.681555068493,0.52,0.41600000000000004
11814.68180147012,0.528,0.424
11814.68204787175,0.512,0.4
11814.682294273376,0.512,0.4
11814.682540675005,0.528,0.392
11814.682787076632,0.528,0.392
11814.68303347826,0.512,0.41600000000000004
11814.683279879888,0.528,0.4
11814.683526281517,0.512,0.424
11814.683772683144,0.52,0.41600000000000004
11814.68401908477,0.512,0.432
11814.6842654864,0.512,0.41600000000000004
11814.684511888026,0.528,0.392
11814.684758289655,0.512,0.4
11814.685004691282,0.528,0.384
11814.685251092911,0.544,0.392
11814.685497494538,0.512,0.384
11814.685743896167,0.512,0.392
11814.685990297794,0.52,0.40800000000000003
11814.686236699423,0.512,0.4
11814.68648310105,0.528,0.424
11814.686729502679,0.512,0.432
11814.686975904306,0.528,0.4
11814.687222305934,0.512,0.4
11814.687468707561,0.528,0.392
11814.687715109189,0.512,0.4
11814.687961510817,0.528,0.424
11814.688207912444,0.536,0.41600000000000004
11814.688454314073,0.512,0.432
11814.6887007157,0.512,0.424
11814.688947117329,0.528,0.4
11814.689193518956,0.512,0.4
11814.689439920585,0.528,0.392
11814.689686322212,0.512,0.392
11814.68993272384,0.528,0.424
11814.690179125468,0.528,0.424
11814.690425527097,0.512,0.392
11814.690671928724,0.512,0.392
11814.690918330352,0.52,0.40800000000000003
11814.696164131165,0.52,0.0
11814.696432465713,0.528,-0.016
11814.69670080026,0.52,-0.008
11814.696969134808,0.536,0.0
11814.697237469356,0.52,0.0
11814.697505803902,0.536,-0.008
11814.69777413845,0.52,0.0
11814.698042472999,0.536,-0.016
11814.698310807546,0.52,-0.008
11814.698579142094,0.528,0.0
11814.698847476642,0.52,-0.016
11814.699115811189,0.536,0.0
11814.699384145737,0.52,0.0
11814.699652480283,0.536,-0.016
11814.699920814832,0.52,0.0
11814.70018914938,0.536,-0.016
11814.700457483927,0.52,0.0
11814.700725818475,0.536,-0.016
11814.700994153023,0.52,-0.008
11814.70126248757,0.536,0.0
11814.701530822118,0.52,-0.008
11814.701799156666,0.528,0.024
11814.702067491213,0.52,0.024
11814.702335825761,0.536,0.128
11814.70260416031,0.52,0.136
11814.702872494856,0.536,0.28800000000000003
11814.703140829404,0.52,0.28800000000000003
11814.703409163953,0.536,0.384
11814.703677498499,0.536,0.392
11814.703945833047,0.52,0.424
11814.704214167596,0.528,0.41600000000000004
11814.704482502142,0.52,0.424
11814.70475083669,0.52,0.432
11814.705019171239,0.536,0.41600000000000004
11814.705287505785,0.52,0.432
11814.705555840334,0.528,0.40800000000000003
11814.705824174882,0.528,0.40800000000000003
11814.706092509428,0.52,0.392
11814.706360843977,0.52,0.4
11814.706629178523,0.536,0.384
11814.706897513071,0.52,0.392
11814.70716584762,0.536,0.384
11814.707434182166,0.512,0.384
11814.707702516715,0.536,0.4
11814.707970851263,0.528,0.4
11814.70823918581,0.512,0.432
11814.708507520358,0.512,0.432
11814.708775854906,0.528,0.392
11814.709044189452,0.512,0.392
11814.709312524,0.528,0.392
11814.709580858549,0.544,0.392
11814.709849193096,0.512,0.4
11814.710117527644,0.512,0.392
11814.710385862192,0.528,0.41600000000000004
11814.710654196739,0.512,0.41600000000000004
11814.710922531287,0.528,0.432
11814.711190865835,0.536,0.41600000000000004
11814.711459200382,0.52,0.392
11814.71172753493,0.512,0.392
11814.711995869478,0.528,0.384
11814.712264204025,0.512,0.4
11814.712532538573,0.528,0.384
11814.712800873122,0.512,0.384
11814.713069207668,0.528,0.4
11814.713337542216,0.536,0.392
11814.713605876763,0.512,0.41600000000000004
11814.713874211311,0.512,0.41600000000000004
11814.71414254586,0.536,0.432
11814.714410880406,0.512,0.432
11814.714679214954,0.544,0.424
11814.714947549503,0.536,0.432
11814.715215884049,0.512,0.41600000000000004
11814.715484218597,0.512,0.432
11814.715752553146,0.52,0.40800000000000003
11814.716020887692,0.512,0.40800000000000003
11814.71628922224,0.52,0.424
11814.716557556789,0.512,0.424
11814.716825891335,0.52,0.432
11814.717094225884,0.52,0.424
11814.717362560432,0.512,0.432
11814.717630894978,0.512,0.432
11814.717899229527,0.528,0.40800000000000003
11814.718167564075,0.512,0.40800000000000003
11814.718435898621,0.528,0.392
11814.71870423317,0.528,0.4
11814.718972567718,0.512,0.384
11814.719240902265,0.52,0.384
11814.719509236813,0.512,0.4
11814.71977757136,0.512,0.392
11814.720045905908,0.536,0.4
11814.720314240456,0.528,0.392
11814.720582575002,0.512,0.4
11814.72085090955,0.512,0.392
11814.7211192441,0.528,0.4
11814.721387578646,0.512,0.392
11814.721655913194,0.528,0.4
11814.721924247742,0.512,0.392
11814.722192582289,0.528,0.384
11814.722460916837,0.528,0.4
11814.722729251385,0.512,0.384
11814.722997585932,0.512,0.4
11814.72326592048,0.528,0.424
11814.723534255028,0.528,0.392
11814.723802589575,0.504,0.40800000000000003
11814.724070924123,0.512,0.40800000000000003
11814.724339258672,0.52,0.432
11814.724607593218,0.512,0.424
11814.724875927766,0.528,0.432
11814.725144262315,0.512,0.424
11814.725412596861,0.528,0.432
11814.72568093141,0.52,0.432
11814.725949265958,0.528,0.424
11814.726217600504,0.52,0.432
11814.726485935053,0.512,0.424
11814.726754269599,0.512,0.424
11814.727022604147,0.528,0.432
11814.727290938696,0.528,0.424
11814.727559273242,0.512,0.392
11814.72782760779,0.512,0.4
11814.728095942339,0.544,0.384
11814.728364276885,0.536,0.384
11814.728632611434,0.504,0.40800000000000003
11814.728900945982,0.504,0.4
11814.729169280528,0.52,0.424
11814.729437615077,0.512,0.41600000000000004
11814.729705949625,0.528,0.392
11814.729974284171,0.528,0.4
11814.73024261872,0.512,0.384
11814.730510953268,0.512,0.384
11814.730779287815,0.528,0.40800000000000003
11814.731047622363,0.528,0.4
11814.731315956911,0.512,0.424
11814.731584291458,0.528,0.4
11814.731852626006,0.512,0.384
11814.732120960554,0.512,0.384
11814.7323892951,0.528,0.4
11814.73265762965,0.52,0.392
11814.732925964197,0.504,0.41600000000000004
11814.733194298744,0.512,0.41600000000000004
11814.733462633292,0.52,0.4
11814.733730967839,0.512,0.4
11814.733999302387,0.528,0.384
11814.734267636935,0.512,0.384
11814.734535971482,0.528,0.392
11814.73480430603,0.528,0.392
11814.735072640578,0.512,0.392
11814.735340975125,0.528,0.392
11814.735609309673,0.512,0.41600000000000004
11814.735877644222,0.52,0.432
11814.736145978768,0.504,0.392
11814.736414313316,0.528,0.4
11814.736682647865,0.512,0.384
11814.736950982411,0.512,0.384
11814.73721931696,0.528,0.4
11814.737487651508,0.512,0.392
11814.737755986054,0.52,0.424
11814.738024320603,0.52,0.41600000000000004
11814.73829265515,0.512,0.432
11814.738560989697,0.512,0.41600000000000004
11814.738829324246,0.528,0.392
11814.739097658794,0.528,0.384
11814.73936599334,0.512,0.424
11814.739634327889,0.504,0.41600000000000004
11814.739902662435,0.528,0.432
11814.740170996984,0.512,0.424
11814.740439331532,0.52,0.432
11814.740707666078,0.512,0.424
11814.740976000627,0.528,0.432
11814.741244335175,0.512,0.424
11814.741512669721,0.528,0.432
11814.74178100427,0.512,0.432
11814.742049338818,0.528,0.40800000000000003
11814.742317673365,0.512,0.41600000000000004
11814.742586007913,0.52,0.392
11814.742854342461,0.512,0.392
11814.743122677008,0.52,0.384
11814.743391011556,0.512,0.4
11814.743659346104,0.52,0.392
11814.74392768065,0.52,0.4
11814.7441960152,0.504,0.424
11814.744464349747,0.512,0.44
11814.744732684294,0.528,0.40800000000000003
11814.745001018842,0.512,0.41600000000000004
11814.74526935339,0.52,0.432
11814.745537687937,0.512,0.432
11814.745806022485,0.52,0.41600000000000004
11814.746074357034,0.512,0.432
11814.74634269158,0.528,0.40800000000000003
11814.746611026128,0.528,0.4
11814.746879360675,0.512,0.392
11814.747147695223,0.528,0.392
11814.747416029772,0.512,0.4
11814.747684364318,0.52,0.40800000000000003
11814.747952698866,0.504,0.424
11814.748221033415,0.52,0.40800000000000003
11814.748489367961,0.512,0.392
11814.74875770251,0.512,0.392
11814.749026037058,0.528,0.4
11814.749294371604,0.512,0.4
11814.749562706153,0.536,0.424
11814.7498310407,0.52,0.40800000000000003
11814.750099375247,0.528,0.392
11814.750367709796,0.52,0.41600000000000004
11814.750636044344,0.528,0.392
11814.75090437889,0.528,0.4
11814.751172713439,0.512,0.384
11814.751441047987,0.52,0.384
11814.751709382534,0.536,0.424
11814.751977717082,0.528,0.41600000000000004
11814.75224605163,0.512,0.384
11814.752514386177,0.528,0.4
11814.752782720725,0.52,0.384
11814.753051055273,0.52,0.4
11814.75331938982,0.528,0.384
11814.753587724368,0.52,0.392
11814.753856058915,0.536,0.384
11814.754124393463,0.52,0.384
11814.754392728011,0.536,0.40800000000000003
11814.754661062558,0.528,0.40800000000000003
11814.754929397106,0.512,0.424
11814.755197731654,0.52,0.424
11814.7554660662,0.528,0.384
11814.75573440075,0.52,0.392
11814.756002735297,0.536,0.384
11814.756271069844,0.52,0.392
11814.756539404392,0.536,0.384
11814.75680773894,0.52,0.384
11814.757076073487,0.536,0.4
11814.757344408035,0.536,0.384
11814.757612742584,0.512,0.4
11814.75788107713,0.52,0.392
11814.758149411678,0.536,0.392
11814.758417746227,0.52,0.384
11814.758686080773,0.536,0.4
11814.758954415322,0.528,0.392
11814.75922274987,0.512,0.4
11814.759491084416,0.528,0.40800000000000003
11814.759759418965,0.512,0.432
11814.760027753511,0.528,0.424
11814.76029608806,0.512,0.432
11814.760564422608,0.512,0.424
11814.760832757154,0.528,0.44
11814.761101091703,0.52,0.424
11814.76136942625,0.512,0.432
11814.761637760797,0.512,0.41600000000000004
11814.761906095346,0.528,0.432
11814.762174429894,0.512,0.424
11814.76244276444,0.52,0.4
11814.762711098989,0.512,0.4
11814.762979433537,0.528,0.384
11814.763247768084,0.512,0.384
11814.763516102632,0.528,0.4
11814.76378443718,0.512,0.392
11814.764052771727,0.528,0.424
11814.764321106275,0.512,0.424
11814.764589440823,0.536,0.4
11814.76485777537,0.512,0.40800000000000003
11814.765126109918,0.528,0.392
11814.765394444466,0.512,0.4
11814.765662779013,0.536,0.392
11814.765931113561,0.536,0.4
11814.76619944811,0.512,0.424
11814.766467782656,0.512,0.424
11814.766736117204,0.528,0.432
11814.76700445175,0.536,0.432
11814.7672727863,0.512,0.424
11814.767541120847,0.536,0.432
11814.767809455394,0.512,0.4
11814.768077789942,0.512,0.4
11814.76834612449,0.528,0.40800000000000003
11814.768614459037,0.512,0.4
11814.768882793585,0.528,0.336
11814.769151128134,0.528,0.328
11814.76941946268,0.512,0.168
11814.769687797228,0.512,0.16
11814.769956131777,0.528,0.048
11814.770224466323,0.512,0.056
11814.770492800872,0.528,0.008
11814.77076113542,0.512,0.016
11814.771029469966,0.528,-0.008
11814.771297804515,0.504,-0.008
11814.771566139063,0.52,0.0
11814.77183447361,0.512,-0.008
11814.772102808158,0.52,0.0
11814.772371142706,0.512,-0.008
11814.772639477253,0.52,0.0
11814.7729078118,0.512,0.0
11814.77317614635,0.52,-0.008
11814.773444480896,0.512,0.0
11814.773712815444,0.536,-0.008
11814.77398114999,0.52,0.0
11814.774249484539,0.544,-0.008
11814.774517819087,0.552,0.0
11814.774786153634,0.52,-0.008
11814.775054488182,0.512,0.0
11814.77532282273,0.52,-0.008
11814.775591157277,0.512,0.0
11814.775859491825,0.528,-0.008
11814.776127826373,0.512,0.0
11814.77639616092,0.528,-0.008
11814.776664495468,0.512,-0.008
11814.776932830016,0.52,0.0
11814.777201164563,0.528,-0.008
11814.777469499111,0.512,0.0
11814.77773783366,0.52,0.0
11814.778006168206,0.512,-0.008
11814.778274502754,0.512,0.0
11814.778542837303,0.536,-0.008
11814.77881117185,0.512,0.0
11814.779079506397,0.528,-0.008
11814.779347840946,0.512,0.0
11814.779616175492,0.528,-0.008
11814.77988451004,0.512,0.0
11814.780152844587,0.528,-0.008
11814.780421179135,0.512,-0.008
11814.780689513684,0.528,0.0
11814.78095784823,0.528,0.0
11814.781226182778,0.512,-0.008
11814.781494517327,0.512,-0.008
11814.781762851873,0.536,0.0
11814.782031186422,0.536,0.0
11814.78229952097,0.52,-0.008
11814.782567855516,0.528,-0.008
11814.782836190065,0.512,0.0
11814.783104524613,0.512,0.0
11814.78337285916,0.528,-0.008
11814.783641193708,0.512,0.0
11814.783909528256,0.528,-0.008
11814.784177862803,0.536,0.0
11814.784446197351,0.512,-0.016
11814.7847145319,0.512,0.0
11814.784982866446,0.536,-0.016
11814.785251200994,0.536,0.0
11814.785519535542,0.512,-0.016
11814.785787870089,0.528,0.0
11814.786056204637,0.512,-0.008
11814.786324539185,0.512,0.0
11814.786592873732,0.528,-0.016
11814.78686120828,0.512,0.0
11814.787129542827,0.528,-0.016
11814.787397877375,0.52,-0.016
11814.787666211923,0.504,0.0
11814.78793454647,0.512,0.0
11814.788202881018,0.528,-0.016
11814.788471215566,0.528,0.0
11814.788739550113,0.512,-0.016
11814.789007884661,0.528,0.0
11814.78927621921,0.512,-0.008
11814.789544553756,0.512,0.0
11814.789812888304,0.52,-0.008
11814.790081222853,0.512,0.0
11814.7903495574,0.528,-0.016
11814.790617891947,0.528,0.0
11814.790886226496,0.512,-0.008
11814.791154561042,0.512,-0.008
11814.79142289559,0.536,0.0
11814.791691230139,0.512,0.0
11814.791959564685,0.528,-0.008
11814.792227899234,0.528,-0.008
11814.792496233782,0.512,0.0
11814.792764568328,0.528,0.0
11814.793032902877,0.512,-0.008
11814.793301237425,0.528,0.0
11814.793569571972,0.512,-0.008
11814.79383790652,0.512,-0.008
11814.794106241066,0.528,0.0
11814.794374575615,0.512,-0.008
11814.794642910163,0.52,0.0
11814.79491124471,0.512,-0.008
11814.795179579258,0.52,0.0
11814.795447913806,0.512,-0.008
11814.795716248353,0.528,0.0
11814.795984582901,0.528,-0.008
11814.79625291745,0.512,0.0
11814.796521251996,0.528,0.0
11814.796789586544,0.512,-0.016
11814.797057921092,0.512,0.0
11814.797326255639,0.528,-0.008
11814.797594590187,0.512,-0.008
11814.797862924735,0.528,0.0
11814.798131259282,0.512,0.0
11814.79839959383,0.528,-0.016
11814.798667928379,0.512,0.0
11814.798936262925,0.528,-0.016
11814.799204597473,0.52,0.0
11814.799472932022,0.528,-0.016
11814.799741266568,0.52,0.0
11814.800009601116,0.512,-0.008
11814.800277935663,0.512,0.0
11814.800546270211,0.52,-0.008
11814.80081460476,0.512,0.0
11814.801082939306,0.528,-0.008
11814.801351273854,0.512,-0.008
11814.801619608403,0.528,0.0
11814.80188794295,0.512,0.0
11814.802156277497,0.52,-0.016
11814.802424612046,0.528,-0.008
11814.802692946592,0.512,0.0
11814.80296128114,0.536,0.0
11814.803229615689,0.512,-0.016
11814.803497950235,0.528,0.0
11814.803766284784,0.512,-0.016
11814.804034619332,0.512,0.0
11814.804302953879,0.528,-0.008
11814.804571288427,0.528,0.0
11814.804839622975,0.512,-0.016
11814.805107957522,0.512,-0.008
11814.80537629207,0.528,0.0
11814.805644626618,0.512,0.0
11814.805912961165,0.52,-0.016
11814.806181295713,0.512,0.0
11814.806449630261,0.528,-0.008
11814.806717964808,0.512,0.0
11814.806986299356,0.528,-0.008
11814.807254633903,0.512,-0.008
11814.807522968451,0.528,0.0
11814.807791303,0.52,0.0
11814.808059637546,0.512,-0.008
11814.808327972094,0.528,-0.008
11814.808596306642,0.512,0.0
11814.808864641189,0.536,-0.016
11814.809132975737,0.512,0.0
11814.809401310285,0.512,0.0
11814.809669644832,0.536,-0.016
11814.80993797938,0.528,-0.008
11814.810206313929,0.512,0.0
11814.810474648475,0.512,0.0
11814.810742983023,0.536,-0.016
11814.811011317572,0.512,0.0
11814.811279652118,0.528,-0.016
11814.811547986666,0.52,-0.008
11814.811816321215,0.536,0.0
11814.812084655761,0.512,-0.008
11814.81235299031,0.528,0.0
11814.812621324858,0.512,0.0
11814.812889659404,0.528,-0.016
11814.813157993953,0.528,-0.008
11814.813426328501,0.512,0.0
11814.813694663047,0.52,0.0
11814.813962997596,0.528,-0.016
11814.814231332142,0.536,-0.008
11814.81449966669,0.512,0.0
11814.814768001239,0.512,-0.016
11814.815036335785,0.536,0.0
11814.815304670334,0.52,0.0
11814.815573004882,0.536,-0.016
11814.815841339429,0.536,0.0
11814.816109673977,0.512,-0.016
11814.816378008525,0.512,-0.008
11814.816646343072,0.536,0.0
11814.81691467762,0.52,-0.016
11814.817183012168,0.512,0.0
11814.817451346715,0.52,0.0
11814.817719681263,0.528,-0.016
11814.817988015811,0.52,0.0
11814.818256350358,0.536,-0.016
11814.818524684906,0.52,0.0
11814.818793019454,0.536,-0.016
11814.819061354001,0.536,-0.016
11814.81932968855,0.52,0.0
11814.819598023098,0.52,0.0
11814.819866357644,0.536,-0.016
11814.820134692192,0.52,0.0
11814.820403026739,0.528,-0.008
11814.820671361287,0.52,0.0
11814.820939695835,0.536,-0.016
11814.821208030382,0.52,0.0
11814.82147636493,0.536,-0.008
11814.821744699479,0.52,0.0
11814.822013034025,0.536,-0.008
11814.822281368573,0.52,0.0
11814.822549703122,0.536,-0.016
11814.822818037668,0.52,-0.008
11814.823086372216,0.536,0.0
11814.823354706765,0.536,0.0
11814.823623041311,0.512,-0.008
11814.82389137586,0.512,0.0
11814.824159710408,0.528,-0.016
11814.824428044954,0.528,-0.016
11814.824696379503,0.512,0.0
11814.824964714051,0.528,-0.008
11814.825233048598,0.512,0.0
11814.825501383146,0.512,0.0
11814.825769717694,0.536,-0.016
11814.82603805224,0.52,0.0
11814.826306386789,0.528,-0.016
11814.826574721337,0.536,0.0
11814.826843055884,0.52,-0.008
11814.827111390432,0.528,-0.008
11814.827379724979,0.504,0.0
11814.827648059527,0.512,0.0
11814.827916394075,0.52,-0.016
11814.828184728622,0.528,-0.016
11814.82845306317,0.512,0.0
11814.828721397718,0.512,0.0
11814.828989732265,0.536,-0.016
11814.829258066813,0.528,0.0
11814.829526401361,0.512,-0.016
11814.829794735908,0.512,0.0
11814.830063070456,0.536,-0.016
11814.830331405004,0.528,0.0
11814.830599739551,0.512,-0.008
11814.8308680741,0.512,0.0
11814.831136408648,0.528,-0.016
11814.831404743194,0.52,-0.008
11814.831673077742,0.512,0.0
11814.83194141229,0.512,0.0
11814.832209746837,0.536,-0.016
11814.832478081385,0.512,0.0
11814.832746415934,0.528,-0.016
11814.83301475048,0.512,0.0
11814.833283085029,0.528,-0.016
11814.833551419577,0.536,0.0
11814.833819754123,0.512,-0.016
11814.834088088672,0.512,0.0
11814.834356423218,0.528,-0.016
11814.834624757767,0.512,0.0
11814.834893092315,0.528,-0.008
11814.835161426861,0.512,0.0
11814.83542976141,0.528,-0.008
11814.835698095958,0.528,-0.008
11814.835966430504,0.512,0.024
11814.836234765053,0.512,0.024
11814.836503099601,0.528,0.136
11814.836771434148,0.528,0.14400000000000002
11814.837039768696,0.512,0.272
11814.837308103244,0.52,0.28800000000000003
11814.83757643779,0.528,0.36
11814.837844772339,0.536,0.36
11814.838113106887,0.512,0.384
11814.838381441434,0.504,0.384
11814.838649775982,0.528,0.392
11814.83891811053,0.536,0.392
11814.839186445077,0.512,0.4
11814.839454779625,0.536,0.392
11814.839723114173,0.512,0.4
11814.83999144872,0.528,0.392
11814.840259783268,0.512,0.392
11814.840528117815,0.512,0.392
11814.840796452363,0.528,0.4
11814.841064786911,0.512,0.392
11814.841333121458,0.52,0.40800000000000003
11814.841601456006,0.512,0.392
11814.841869790554,0.536,0.40800000000000003
11814.842138125101,0.528,0.40800000000000003
11814.84240645965,0.512,0.392
11814.842674794198,0.512,0.392
11814.842943128744,0.528,0.4
11814.843211463292,0.528,0.392
11814.84347979784,0.504,0.4
11814.843748132387,0.512,0.392
11814.844016466935,0.52,0.4
11814.844284801484,0.512,0.392
11814.84455313603,0.528,0.40800000000000003
11814.844821470579,0.512,0.4
11814.845089805127,0.528,0.392
11814.845358139673,0.536,0.4
11814.845626474222,0.512,0.392
11814.84589480877,0.512,0.392
11814.846163143317,0.52,0.40800000000000003
11814.846431477865,0.512,0.392
11814.846699812413,0.536,0.4
11814.84696814696,0.512,0.392
11814.847236481508,0.528,0.4
11814.847504816054,0.512,0.392
11814.847773150603,0.528,0.4
11814.848041485151,0.52,0.392
11814.848309819698,0.536,0.40800000000000003
11814.848578154246,0.512,0.392
11814.848846488794,0.536,0.4
11814.84911482334,0.528,0.392
11814.849383157889,0.512,0.4
11814.849651492437,0.52,0.392
11814.849919826984,0.512,0.40800000000000003
11814.850188161532,0.512,0.392
11814.85045649608,0.528,0.4
11814.850724830627,0.528,0.392
11814.850993165175,0.512,0.4
11814.851261499723,0.512,0.392
11814.85152983427,0.528,0.424
11814.851798168818,0.528,0.424
11814.852066503367,0.52,0.40800000000000003
11814.852334837913,0.512,0.432
11814.852603172461,0.536,0.4
11814.85287150701,0.528,0.392
11814.853139841556,0.512,0.40800000000000003
11814.853408176104,0.512,0.40800000000000003
11814.853676510653,0.536,0.432
11814.8539448452,0.52,0.424
11814.854213179748,0.536,0.392
11814.854481514294,0.528,0.392
11814.854749848842,0.52,0.392
11814.85501818339,0.52,0.392
11814.855286517937,0.528,0.4
11814.855554852486,0.52,0.392
11814.855823187034,0.528,0.384
11814.85609152158,0.52,0.392
11814.856359856129,0.536,0.384
11814.856628190677,0.52,0.392
11814.856896525223,0.528,0.40800000000000003
11814.857164859772,0.52,0.392
11814.85743319432,0.528,0.4
11814.857701528867,0.52,0.392
11814.857969863415,0.528,0.424
11814.858238197963,0.52,0.432
11814.85850653251,0.536,0.41600000000000004
11814.858774867058,0.52,0.424
11814.859043201606,0.528,0.432
11814.859311536153,0.52,0.41600000000000004
11814.859579870701,0.528,0.432
11814.85984820525,0.52,0.40800000000000003
11814.860116539796,0.536,0.392
11814.860384874344,0.52,0.4
11814.86065320889,0.536,0.384
11814.860921543439,0.52,0.384
11814.861189877987,0.528,0.41600000000000004
11814.861458212534,0.52,0.41600000000000004
11814.861726547082,0.536,0.432
11814.86199488163,0.52,0.432
11814.862263216177,0.528,0.40800000000000003
11814.862531550725,0.52,0.40800000000000003
11814.862799885273,0.528,0.392
11814.86306821982,0.52,0.392
11814.863336554368,0.536,0.432
11814.863604888917,0.52,0.432
11814.863873223463,0.536,0.41600000000000004
11814.864141558011,0.52,0.432
11814.86440989256,0.536,0.424
11814.864678227106,0.52,0.424
11814.864946561655,0.536,0.44
11814.865214896203,0.528,0.424
11814.86548323075,0.52,0.44
11814.865751565298,0.52,0.424
11814.866019899846,0.536,0.432
11814.866288234392,0.52,0.44
11814.86655656894,0.536,0.424
11814.866824903489,0.52,0.424
11814.867093238036,0.536,0.432
11814.867361572584,0.52,0.424
11814.86762990713,0.536,0.392
11814.867898241679,0.52,0.392
11814.868166576227,0.536,0.424
11814.868434910773,0.52,0.424
11814.868703245322,0.536,0.432
11814.86897157987,0.536,0.432
11814.869239914417,0.52,0.424
11814.869508248965,0.528,0.432
11814.869776583513,0.52,0.4
11814.87004491806,0.52,0.392
11814.870313252608,0.536,0.40800000000000003
11814.870581587156,0.528,0.40800000000000003
11814.870849921703,0.52,0.424
11814.871118256251,0.52,0.424
11814.8713865908,0.536,0.432
11814.871654925346,0.52,0.424
11814.871923259894,0.536,0.432
11814.872191594442,0.512,0.432
11814.872459928989,0.536,0.4
11814.872728263537,0.52,0.4
11814.872996598086,0.536,0.384
11814.873264932632,0.528,0.392
11814.87353326718,0.512,0.384
11814.873801601729,0.512,0.392
11814.874069936275,0.528,0.4
11814.874338270824,0.528,0.4
11814.87460660537,0.512,0.424
11814.874874939918,0.512,0.432
11814.875143274467,0.528,0.4
11814.875411609013,0.528,0.392
11814.875679943561,0.504,0.40800000000000003
11814.87594827811,0.512,0.40800000000000003
11814.876216612656,0.528,0.424
11814.876484947205,0.512,0.432
11814.876753281753,0.536,0.40800000000000003
11814.8770216163,0.52,0.40800000000000003
11814.877289950848,0.512,0.392
11814.877558285396,0.512,0.392
11814.877826619942,0.528,0.4
11814.87809495449,0.512,0.4
11814.878363289039,0.528,0.432
11814.878631623586,0.512,0.424
11814.878899958134,0.528,0.44
11814.879168292682,0.52,0.424
11814.879436627229,0.512,0.41600000000000004
11814.879704961777,0.528,0.424
11814.879973296325,0.504,0.432
11814.880241630872,0.512,0.432
11814.88050996542,0.528,0.41600000000000004
11814.880778299967,0.512,0.424
11814.881046634515,0.528,0.432
11814.881314969063,0.512,0.424
11814.88158330361,0.528,0.432
11814.881851638158,0.536,0.424
11814.882119972706,0.512,0.432
11814.882388307253,0.512,0.424
11814.882656641801,0.536,0.432
11814.88292497635,0.52,0.424
11814.883193310896,0.536,0.392
11814.883461645444,0.52,0.384
11814.883729979992,0.536,0.4
11814.883998314539,0.52,0.392
11814.884266649087,0.528,0.41600000000000004
11814.884534983636,0.52,0.41600000000000004
11814.884803318182,0.528,0.432
11814.88507165273,0.52,0.424
11814.885339987279,0.528,0.432
11814.885608321825,0.52,0.424
11814.885876656374,0.536,0.44
11814.886144990922,0.52,0.41600000000000004
11814.886413325468,0.536,0.432
11814.886681660017,0.528,0.41600000000000004
11814.886949994565,0.52,0.392
11814.887218329111,0.52,0.392
11814.88748666366,0.536,0.4
11814.887754998206,0.52,0.392
11814.888023332755,0.536,0.384
11814.888291667303,0.52,0.392
11814.88856000185,0.528,0.424
11814.888828336398,0.52,0.424
11814.889096670946,0.536,0.392
11814.889365005492,0.528,0.392
11814.88963334004,0.52,0.4
11814.889901674589,0.52,0.392
11814.890170009136,0.536,0.40800000000000003
11814.890438343684,0.52,0.41600000000000004
11814.890706678232,0.536,0.432
11814.890975012779,0.52,0.44
11814.891243347327,0.536,0.424
11814.891511681875,0.52,0.424
11814.891780016422,0.536,0.392
11814.89204835097,0.528,0.4
11814.892316685518,0.52,0.392
11814.892585020065,0.52,0.4
11814.892853354613,0.528,0.424
11814.893121689161,0.52,0.424
11814.893390023708,0.536,0.424
11814.893658358256,0.52,0.424
11814.893926692805,0.536,0.392
11814.894195027351,0.52,0.384
11814.8944633619,0.536,0.4
11814.894731696446,0.52,0.392
11814.895000030994,0.528,0.424
11814.895268365543,0.52,0.432
11814.895536700089,0.536,0.41600000000000004
11814.895805034637,0.52,0.41600000000000004
11814.896073369186,0.536,0.432
11814.896341703732,0.52,0.432
11814.89661003828,0.536,0.424
11814.896878372829,0.52,0.432
11814.897146707375,0.536,0.424
11814.897415041924,0.52,0.424
11814.897683376472,0.536,0.40800000000000003
11814.897951711018,0.52,0.41600000000000004
11814.898220045567,0.528,0.392
11814.898488380115,0.52,0.392
11814.898756714661,0.536,0.384
11814.89902504921,0.52,0.392
11814.899293383758,0.528,0.40800000000000003
11814.899561718305,0.536,0.4
11814.899830052853,0.52,0.424
11814.900098387401,0.52,0.41600000000000004
11814.900366721948,0.536,0.44
11814.900635056496,0.52,0.432
11814.900903391042,0.528,0.41600000000000004
11814.90117172559,0.52,0.424
11814.901440060139,0.528,0.392
11814.901708394686,0.52,0.392
11814.901976729234,0.528,0.384
11814.902245063782,0.52,0.4
11814.902513398329,0.536,0.384
11814.902781732877,0.52,0.376
11814.903050067425,0.536,0.312
11814.903318401972,0.52,0.304
11814.90358673652,0.536,0.16
11814.903855071068,0.52,0.152
11814.904123405615,0.536,0.056
11814.904391740163,0.52,0.048
11814.904660074712,0.528,0.008
11814.904928409258,0.52,0.008
11814.905196743806,0.536,-0.016
11814.905465078355,0.52,0.008
11814.905733412901,0.536,-0.016
11814.90600174745,0.536,0.008
11814.906270081998,0.52,-0.016
11814.906538416544,0.52,0.0
11814.906806751093,0.528,-0.016
11814.90707508564,0.52,0.0
11814.907343420187,0.536,-0.016
11814.907611754736,0.536,0.0
11814.907880089282,0.512,-0.008
11814.90814842383,0.52,0.0
11814.908416758379,0.536,-0.008
11814.908685092925,0.52,0.0
11814.908953427474,0.536,-0.008
11814.909221762022,0.52,0.0
11814.909490096568,0.536,-0.008
11814.909758431117,0.536,0.0
11814.910026765665,0.52,-0.008
11814.910295100211,0.52,-0.008
11814.91056343476,0.536,0.0
11814.910831769308,0.52,-0.008
11814.911100103855,0.536,0.0
11814.911368438403,0.528,0.0
11814.911636772951,0.52,-0.008
11814.911905107498,0.52,-0.008
11814.912173442046,0.528,0.0
11814.912441776594,0.52,0.0
11814.91271011114,0.528,-0.008
11814.912978445689,0.536,0.0
11814.913246780237,0.512,-0.008
11814.913515114784,0.528,0.0
11814.913783449332,0.52,-0.008
11814.91405178388,0.52,0.0
11814.914320118427,0.528,-0.008
11814.914588452975,0.52,0.0
11814.914856787522,0.536,-0.008
11814.91512512207,0.52,0.0
11814.915393456618,0.536,-0.008
11814.915661791165,0.52,-0.008
11814.915930125713,0.528,0.0
11814.916198460262,0.52,0.0
11814.916466794808,0.536,-0.016
11814.916735129356,0.52,0.0
11814.917003463905,0.528,-0.008
11814.917271798451,0.52,-0.008
11814.917540133,0.528,0.0
11814.917808467548,0.52,-0.008
11814.918076802094,0.536,0.0
11814.918345136643,0.536,0.0
11814.91861347119,0.512,-0.008
11814.918881805737,0.528,-0.008
11814.919150140286,0.52,0.0
11814.919418474834,0.52,-0.008
11814.91968680938,0.536,0.0
11814.919955143929,0.52,0.0
11814.920223478477,0.528,-0.008
11814.920491813024,0.52,0.0
11814.920760147572,0.536,-0.008
11814.921028482118,0.52,-0.008
11814.921296816667,0.536,0.0
11814.921565151215,0.52,0.0
11814.921833485761,0.536,-0.008
11814.92210182031,0.52,-0.008
11814.922370154858,0.536,0.0
11814.922638489405,0.52,-0.008
11814.922906823953,0.536,0.0
11814.923175158501,0.52,-0.008
11814.923443493048,0.536,0.0
11814.923711827596,0.536,-0.008
11814.923980162144,0.512,0.0
11814.92424849669,0.528,0.0
11814.924516831239,0.512,-0.016
11814.924785165787,0.52,0.0
11814.925053500334,0.536,-0.016
11814.925321834882,0.512,0.0
11814.92559016943,0.528,-0.016
11814.925858503977,0.512,0.0
11814.926126838525,0.536,-0.008
11814.926395173074,0.528,0.0
11814.92666350762,0.512,-0.016
11814.926931842168,0.528,-0.008
11814.927200176717,0.512,0.0
11814.927468511263,0.512,0.0
11814.927736845812,0.528,-0.008
11814.928005180358,0.528,0.0
11814.928273514906,0.512,-0.016
11814.928541849455,0.512,0.0
11814.928810184001,0.528,-0.016
11814.92907851855,0.528,0.0
11814.929346853098,0.512,-0.016
11814.929615187644,0.512,-0.008
11814.929883522193,0.536,0.0
11814.93015185674,0.536,0.0
11814.930420191287,0.512,-0.008
11814.930688525836,0.528,0.0
11814.930956860384,0.512,-0.016
11814.93122519493,0.528,-0.008
11814.931493529479,0.504,0.0
11814.931761864027,0.512,0.0
11814.932030198574,0.52,-0.008
11814.932298533122,0.512,0.0
11814.93256686767,0.528,-0.008
11814.932835202217,0.512,0.0
11814.933103536765,0.52,-0.016
11814.933371871313,0.512,0.0
11814.93364020586,0.528,-0.016
11814.933908540408,0.528,0.0
11814.934176874956,0.512,-0.016
11814.934445209503,0.512,0.0
11814.934713544051,0.536,-0.008
11814.934981878598,0.536,0.0
11814.935250213146,0.512,-0.016
11814.935518547694,0.512,0.0
11814.93578688224,0.528,-0.008
11814.93605521679,0.512,0.0
11814.936323551337,0.536,-0.008
11814.936591885884,0.536,0.0
11814.936860220432,0.512,-0.016
11814.93712855498,0.528,0.0
11814.937396889527,0.512,-0.008
11814.937665224075,0.536,0.0
11814.937933558624,0.512,-0.016
11814.93820189317,0.512,0.0
11814.938470227718,0.528,-0.008
11814.938738562267,0.512,0.0
11814.939006896813,0.52,-0.008
11814.939275231362,0.512,0.0
11814.93954356591,0.52,-0.016
11814.939811900456,0.528,0.0
11814.940080235005,0.512,-0.016
11814.940348569553,0.512,0.0
11814.9406169041,0.528,-0.016
11814.940885238648,0.528,0.0
11814.941153573194,0.512,-0.016
11814.941421907743,0.512,0.0
11814.94169024229,0.52,-0.016
11814.941958576837,0.512,0.0
11814.942226911386,0.528,-0.016
11814.942495245934,0.512,0.0
11814.94276358048,0.536,-0.016
11814.943031915029,0.52,0.0
11814.943300249577,0.512,-0.016
11814.943568584124,0.528,0.0
11814.943836918672,0.512,-0.008
11814.94410525322,0.528,-0.008
11814.944373587767,0.512,0.0
11814.944641922315,0.52,0.0
11814.944910256863,0.512,-0.008
11814.94517859141,0.528,0.0
11814.945446925958,0.512,-0.016
11814.945715260506,0.528,0.0
11814.945983595053,0.512,-0.016
11814.946251929601,0.52,0.0
11814.94652026415,0.528,-0.008
11814.946788598696,0.528,0.0
11814.947056933244,0.512,-0.008
11814.947325267793,0.512,-0.008
11814.94759360234,0.52,0.0
11814.947861936887,0.512,0.0
11814.948130271434,0.52,-0.008
11814.948398605982,0.52,0.0
11814.94866694053,0.504,-0.016
11814.948935275077,0.512,0.0
11814.949203609625,0.528,-0.008
11814.949471944174,0.512,0.0
11814.94974027872,0.52,-0.008
11814.950008613268,0.512,0.0
11814.950276947817,0.52,-0.016
11814.950545282363,0.512,0.0
11814.950813616912,0.536,-0.016
11814.95108195146,0.512,0.0
11814.951350286006,0.528,-0.016
11814.951618620555,0.512,0.0
11814.951886955103,0.528,-0.016
11814.95215528965,0.512,0.0
11814.952423624198,0.528,-0.016
11814.952691958746,0.52,-0.008
11814.952960293293,0.512,0.0
11814.95322862784,0.512,0.0
11814.95349696239,0.528,-0.008
11814.953765296936,0.512,0.0
11814.954033631484,0.528,-0.008
11814.954301966032,0.528,0.0
11814.954570300579,0.512,-0.008
11814.954838635127,0.536,0.0
11814.955106969674,0.512,-0.008
11814.955375304222,0.52,-0.008
11814.95564363877,0.512,0.0
11814.955911973317,0.512,0.0
11814.956180307865,0.528,-0.008
11814.956448642413,0.512,0.0
11814.95671697696,0.528,-0.016
11814.956985311508,0.512,-0.008
11814.957253646056,0.52,0.0
11814.957521980603,0.512,0.0
11814.957790315151,0.528,-0.016
11814.9580586497,0.512,0.0
11814.958326984246,0.536,-0.016
11814.958595318794,0.52,0.0
11814.958863653343,0.504,-0.016
11814.95913198789,0.512,0.0
11814.959400322437,0.52,-0.008
11814.959668656986,0.512,0.0
11814.959936991532,0.528,-0.008
11814.96020532608,0.512,0.0
11814.960473660629,0.52,-0.008
11814.960741995175,0.528,-0.008
11814.961010329724,0.512,0.0
11814.96127866427,0.512,0.0
11814.961546998818,0.528,-0.016
11814.961815333367,0.52,0.0
11814.962083667913,0.536,-0.008
11814.962352002462,0.528,0.0
11814.96262033701,0.512,-0.016
11814.962888671556,0.512,0.0
11814.963157006105,0.528,-0.016
11814.963425340653,0.512,0.0
11814.9636936752,0.528,-0.016
11814.963962009748,0.512,0.0
11814.964230344296,0.528,-0.016
11814.964498678843,0.528,0.0
11814.96476701339,0.512,-0.008
11814.96503534794,0.536,0.0
11814.965303682486,0.512,-0.016
11814.965572017034,0.512,-0.008
11814.965840351582,0.528,0.0
11814.966108686129,0.512,0.0
11814.966377020677,0.536,-0.016
11814.966645355225,0.528,-0.016
11814.966913689772,0.512,0.0
11814.96718202432,0.528,-0.016
11814.967450358869,0.512,0.0
11814.967718693415,0.512,0.0
11814.967987027963,0.528,-0.016
11814.96825536251,0.512,0.0
11814.968523697058,0.528,-0.016
11814.968792031606,0.52,0.0
11814.969060366153,0.528,-0.016
11814.969328700701,0.512,0.0
11814.96959703525,0.528,-0.008
11814.969865369796,0.512,0.0
11814.970133704344,0.528,0.016
11814.970402038893,0.52,0.032
11814.97067037344,0.512,0.136
11814.970938707987,0.52,0.14400000000000002
11814.971207042536,0.512,0.296
11814.971475377082,0.512,0.304
11814.97174371163,0.536,0.384
11814.972012046179,0.512,0.392
11814.972280380725,0.536,0.424
11814.972548715274,0.52,0.41600000000000004
11814.972817049822,0.512,0.424
11814.973085384368,0.512,0.40800000000000003
11814.973353718917,0.528,0.432
11814.973622053465,0.528,0.432
11814.973890388012,0.512,0.41600000000000004
11814.97415872256,0.512,0.432
11814.974427057108,0.52,0.41600000000000004
11814.974695391655,0.52,0.41600000000000004
11814.974963726203,0.512,0.432
11814.97523206075,0.528,0.424
11814.975500395298,0.512,0.44
11814.975768729846,0.512,0.432
11814.976037064393,0.52,0.41600000000000004
11814.97630539894,0.512,0.432
11814.97657373349,0.528,0.41600000000000004
11814.976842068036,0.52,0.432
11814.977110402584,0.512,0.41600000000000004
11814.977378737132,0.528,0.424
11814.977647071679,0.504,0.424
11814.977915406227,0.504,0.424
11814.978183740775,0.528,0.432
11814.978452075322,0.512,0.424
11814.97872040987,0.52,0.432
11814.978988744419,0.512,0.424
11814.979257078965,0.52,0.432
11814.979525413513,0.512,0.424
11814.979793748062,0.528,0.432
11814.980062082608,0.512,0.432
11814.980330417156,0.528,0.41600000000000004
11814.980598751705,0.512,0.424
11814.980867086251,0.528,0.44
11814.9811354208,0.512,0.432
11814.981403755346,0.536,0.41600000000000004
11814.981672089894,0.512,0.424
11814.981940424443,0.536,0.4
11814.98220875899,0.52,0.4
11814.982477093537,0.512,0.392
11814.982745428086,0.512,0.384
11814.983013762632,0.528,0.424
11814.98328209718,0.512,0.432
11814.983550431729,0.528,0.40800000000000003
11814.983818766275,0.512,0.41600000000000004
11814.984087100824,0.528,0.392
11814.984355435372,0.504,0.384
11814.984623769918,0.528,0.4
11814.984892104467,0.512,0.392
11814.985160439015,0.52,0.41600000000000004
11814.985428773562,0.528,0.424
11814.98569710811,0.512,0.40800000000000003
11814.985965442658,0.512,0.40800000000000003
11814.986233777205,0.528,0.392
11814.986502111753,0.512,0.392
11814.986770446301,0.536,0.41600000000000004
11814.987038780848,0.512,0.41600000000000004
11814.987307115396,0.528,0.432
11814.987575449944,0.512,0.432
11814.98784378449,0.536,0.392
11814.98811211904,0.528,0.392
11814.988380453586,0.512,0.41600000000000004
11814.988648788134,0.512,0.40800000000000003
11814.988917122682,0.52,0.424
11814.989185457229,0.512,0.40800000000000003
11814.989453791777,0.528,0.392
11814.989722126325,0.512,0.384
11814.989990460872,0.528,0.4
11814.99025879542,0.512,0.392
11814.990527129969,0.536,0.40800000000000003
11814.990795464515,0.512,0.424
11814.991063799063,0.528,0.392
11814.991332133612,0.512,0.4
11814.991600468158,0.528,0.384
11814.991868802706,0.512,0.4
11814.992137137255,0.528,0.384
11814.992405471801,0.512,0.384
11814.99267380635,0.528,0.424
11814.992942140898,0.512,0.432
11814.993210475444,0.528,0.4
11814.993478809993,0.536,0.40800000000000003
11814.993747144541,0.496,0.392
11814.994015479087,0.504,0.392
11814.994283813636,0.528,0.4
11814.994552148184,0.528,0.392
11814.99482048273,0.512,0.392
11814.995088817279,0.512,0.392
11814.995357151825,0.528,0.41600000000000004
11814.995625486374,0.512,0.41600000000000004
11814.995893820922,0.52,0.4
11814.996162155468,0.528,0.40800000000000003
11814.996430490017,0.512,0.424
11814.996698824565,0.52,0.432
11814.996967159112,0.512,0.4
11814.99723549366,0.512,0.40800000000000003
11814.997503828208,0.52,0.392
11814.997772162755,0.512,0.392
11814.998040497303,0.528,0.4
11814.998308831851,0.512,0.4
11814.998577166398,0.52,0.384
11814.998845500946,0.512,0.392
11814.999113835494,0.536,0.424
11814.999382170041,0.528,0.40800000000000003
11814.99965050459,0.512,0.392
11814.999918839138,0.512,0.392
11815.000187173684,0.52,0.384
11815.000455508232,0.512,0.384
11815.00072384278,0.528,0.4
11815.000992177327,0.528,0.4
11815.001260511875,0.512,0.384
11815.001528846422,0.512,0.4
11815.00179718097,0.52,0.384
11815.002065515519,0.512,0.4
11815.002333850065,0.528,0.384
11815.002602184613,0.536,0.4
11815.002870519162,0.512,0.384
11815.003138853708,0.512,0.392
11815.003407188256,0.528,0.424
11815.003675522805,0.512,0.424
11815.003943857351,0.528,0.40800000000000003
11815.0042121919,0.512,0.41600000000000004
11815.004480526448,0.528,0.392
11815.004748860994,0.528,0.384
11815.005017195543,0.504,0.392
11815.005285530091,0.504,0.384
11815.005553864637,0.528,0.392
11815.005822199186,0.512,0.392
11815.006090533734,0.52,0.384
11815.00635886828,0.512,0.4
11815.006627202829,0.52,0.384
11815.006895537377,0.512,0.392
11815.007163871924,0.528,0.384
11815.007432206472,0.512,0.384
11815.00770054102,0.528,0.4
11815.007968875567,0.512,0.384
11815.008237210115,0.536,0.4
11815.008505544662,0.512,0.392
11815.00877387921,0.528,0.432
11815.009042213758,0.52,0.41600000000000004
11815.009310548305,0.536,0.432
11815.009578882853,0.536,0.41600000000000004
11815.009847217401,0.504,0.432
11815.010115551948,0.512,0.424
11815.010383886496,0.528,0.432
11815.010652221044,0.52,0.424
11815.010920555591,0.536,0.432
11815.01118889014,0.528,0.432
11815.011457224688,0.512,0.41600000000000004
11815.011725559234,0.504,0.424
11815.011993893782,0.536,0.4
11815.01226222833,0.528,0.4
11815.012530562877,0.512,0.392
11815.012798897425,0.512,0.384
11815.013067231974,0.528,0.4
11815.01333556652,0.512,0.4
11815.013603901069,0.52,0.424
11815.013872235617,0.512,0.432
11815.014140570163,0.52,0.4
11815.014408904712,0.512,0.4
11815.01467723926,0.528,0.392
11815.014945573806,0.512,0.392
11815.015213908355,0.536,0.424
11815.015482242901,0.512,0.41600000000000004
11815.01575057745,0.52,0.432
11815.016018911998,0.528,0.432
11815.016287246544,0.512,0.4
11815.016555581093,0.512,0.4
11815.016823915641,0.528,0.384
11815.017092250187,0.512,0.384
11815.017360584736,0.528,0.4
11815.017628919284,0.512,0.4
11815.01789725383,0.528,0.432
11815.022197723389,0.52,-0.016
11815.022443671623,0.536,0.0
11815.022689619858,0.536,-0.016
11815.022935568095,0.52,0.0
11815.02318151633,0.528,-0.008
11815.023427464565,0.512,-0.016
11815.0236734128,0.528,-0.016
11815.023919361034,0.512,0.0
11815.02416530927,0.512,-0.008
11815.024411257506,0.536,-0.016
11815.02465720574,0.536,-0.008
11815.024903153975,0.504,-0.016
11815.025149102212,0.512,-0.016
11815.025395050447,0.528,-0.008
11815.025640998681,0.512,-0.008
11815.025886946916,0.528,-0.016
11815.026132895151,0.528,-0.016
11815.026378843388,0.512,0.0
11815.026624791622,0.512,-0.016
11815.026870739857,0.52,0.0
11815.027116688092,0.512,-0.016
11815.027362636327,0.528,0.016
11815.027608584563,0.528,0.024
11815.027854532798,0.512,0.12
11815.028100481033,0.512,0.128
11815.028346429268,0.528,0.264
11815.028592377505,0.528,0.264
11815.02883832574,0.512,0.34400000000000003
11815.029084273974,0.512,0.34400000000000003
11815.029330222209,0.52,0.368
11815.029576170444,0.512,0.368
11815.02982211868,0.528,0.376
11815.030068066915,0.512,0.376
11815.03031401515,0.528,0.384
11815.030559963385,0.512,0.376
11815.03080591162,0.528,0.376
11815.031051859856,0.512,0.376
11815.031297808091,0.528,0.376
11815.031543756326,0.52,0.376
11815.03178970456,0.536,0.384
11815.032035652797,0.528,0.384
11815.032281601032,0.512,0.376
11815.032527549267,0.512,0.376
11815.032773497502,0.528,0.384
11815.033019445736,0.52,0.376
11815.033265393973,0.512,0.384
11815.033511342208,0.512,0.376
11815.033757290443,0.528,0.384
11815.034003238678,0.512,0.376
11815.034249186912,0.528,0.376
11815.034495135149,0.512,0.376
11815.034741083384,0.536,0.384
11815.034987031619,0.52,0.376
11815.035232979853,0.512,0.384
11815.03547892809,0.52,0.376
11815.035724876325,0.512,0.376
11815.03597082456,0.512,0.376
11815.036216772794,0.528,0.392
11815.03646272103,0.512,0.41600000000000004
11815.036708669266,0.528,0.392
11815.0369546175,0.536,0.392
11815.037200565735,0.512,0.376
11815.03744651397,0.512,0.368
11815.037692462205,0.528,0.384
11815.037938410442,0.52,0.376
11815.038184358677,0.544,0.392
11815.038430306911,0.528,0.392
11815.038676255146,0.512,0.376
11815.038922203383,0.512,0.368
11815.039168151618,0.528,0.384
11815.039414099852,0.512,0.376
11815.039660048087,0.528,0.368
11815.039905996322,0.512,0.368
11815.040151944559,0.528,0.376
11815.040397892793,0.512,0.368
11815.040643841028,0.528,0.392
11815.040889789263,0.52,0.4
11815.041135737498,0.536,0.384
11815.041381685734,0.536,0.384
11815.04162763397,0.512,0.376
11815.041873582204,0.512,0.376
11815.042119530439,0.52,0.376
11815.042365478674,0.512,0.376
11815.04261142691,0.528,0.40800000000000003
11815.042857375145,0.52,0.4
11815.04310332338,0.512,0.376
11815.043349271615,0.512,0.376
11815.043595219851,0.528,0.368
11815.043841168086,0.512,0.376
11815.044087116321,0.528,0.40800000000000003
11815.044333064556,0.52,0.4
11815.04457901279,0.552,0.41600000000000004
11815.044824961027,0.528,0.41600000000000004
11815.045070909262,0.512,0.4
11815.045316857497,0.512,0.40800000000000003
11815.045562805732,0.528,0.40800000000000003
11815.045808753966,0.512,0.41600000000000004
11815.046054702203,0.528,0.4
11815.046300650438,0.536,0.41600000000000004
11815.046546598673,0.512,0.392
11815.046792546907,0.528,0.392
11815.047038495144,0.512,0.41600000000000004
11815.047284443379,0.512,0.4
11815.047530391614,0.528,0.41600000000000004
11815.047776339848,0.512,0.4
11815.048022288083,0.536,0.392
11815.04826823632,0.528,0.392
11815.048514184555,0.52,0.41600000000000004
11815.04876013279,0.536,0.41600000000000004
11815.049006081024,0.512,0.40800000000000003
11815.04925202926,0.512,0.4
11815.049497977496,0.536,0.41600000000000004
11815.04974392573,0.528,0.41600000000000004
11815.049989873965,0.512,0.4
11815.0502358222,0.512,0.4
11815.050481770437,0.536,0.41600000000000004
11815.050727718672,0.512,0.40800000000000003
11815.050973666906,0.528,0.384
11815.051219615141,0.512,0.384
11815.051465563376,0.528,0.368
11815.051711511613,0.52,0.376
11815.051957459847,0.512,0.368
11815.052203408082,0.512,0.368
11815.052449356317,0.536,0.376
11815.052695304552,0.52,0.376
11815.052941252789,0.536,0.4
11815.053187201023,0.536,0.392
11815.053433149258,0.512,0.376
11815.053679097493,0.512,0.376
11815.05392504573,0.536,0.384
11815.054170993964,0.52,0.376
11815.0544169422,0.528,0.384
11815.054662890434,0.52,0.376
11815.054908838669,0.536,0.376
11815.055154786905,0.52,0.376
11815.05540073514,0.536,0.384
11815.055646683375,0.52,0.384
11815.05589263161,0.536,0.376
11815.056138579845,0.52,0.376
11815.056384528081,0.536,0.376
11815.056630476316,0.52,0.376
11815.05687642455,0.536,0.376
11815.057122372786,0.52,0.392
11815.057368321022,0.536,0.368
11815.057614269257,0.536,0.368
11815.057860217492,0.512,0.384
11815.058106165727,0.528,0.392
11815.058352113962,0.512,0.40800000000000003
11815.058598062198,0.52,0.4
11815.058844010433,0.528,0.376
11815.059089958668,0.52,0.392
11815.059335906903,0.544,0.41600000000000004
11815.059581855137,0.52,0.41600000000000004
11815.059827803374,0.536,0.392
11815.060073751609,0.528,0.392
11815.060319699844,0.504,0.40800000000000003
11815.060565648078,0.512,0.4
11815.060811596313,0.528,0.376
11815.06105754455,0.52,0.384
11815.061303492785,0.528,0.4
11815.06154944102,0.52,0.384
11815.061795389254,0.528,0.368
11815.06204133749,0.536,0.368
11815.062287285726,0.52,0.384
11815.06253323396,0.528,0.368
11815.062779182195,0.52,0.384
11815.06302513043,0.52,0.368
11815.063271078667,0.536,0.384
11815.063517026902,0.52,0.376
11815.063762975136,0.536,0.40800000000000003
11815.064008923371,0.52,0.40800000000000003
11815.064254871606,0.536,0.384
11815.064500819843,0.52,0.384
11815.064746768077,0.528,0.376
11815.064992716312,0.52,0.376
11815.065238664547,0.536,0.41600000000000004
11815.065484612784,0.52,0.4
11815.065730561018,0.528,0.41600000000000004
11815.065976509253,0.52,0.40800000000000003
11815.066222457488,0.536,0.376
11815.066468405723,0.52,0.376
11815.06671435396,0.536,0.368
11815.066960302194,0.52,0.368
11815.067206250429,0.536,0.376
11815.067452198664,0.52,0.376
11815.067698146899,0.536,0.368
11815.067944095135,0.528,0.376
11815.06819004337,0.52,0.368
11815.068435991605,0.52,0.376
11815.06868193984,0.536,0.40800000000000003
11815.068927888076,0.52,0.4
11815.069173836311,0.536,0.41600000000000004
11815.069419784546,0.52,0.41600000000000004
11815.06966573278,0.536,0.4
11815.069911681016,0.52,0.41600000000000004
11815.070157629252,0.536,0.4
11815.070403577487,0.52,0.40800000000000003
11815.070649525722,0.536,0.4
11815.070895473957,0.528,0.40800000000000003
11815.071141422191,0.52,0.376
11815.071387370428,0.52,0.392
11815.071633318663,0.536,0.40800000000000003
11815.071879266898,0.52,0.4
11815.072125215132,0.528,0.41600000000000004
11815.07237116337,0.52,0.4
11815.072617111604,0.536,0.41600000000000004
11815.072863059839,0.528,0.40800000000000003
11815.073109008074,0.52,0.376
11815.073354956308,0.52,0.384
11815.073600904545,0.536,0.368
11815.07384685278,0.52,0.368
11815.074092801015,0.544,0.4
11815.07433874925,0.52,0.4
11815.074584697484,0.536,0.40800000000000003
11815.07483064572,0.536,0.40800000000000003
11815.075076593956,0.52,0.384
11815.07532254219,0.52,0.376
11815.075568490425,0.536,0.40800000000000003
11815.075814438662,0.536,0.392
11815.076060386897,0.52,0.376
11815.076306335131,0.52,0.368
11815.076552283366,0.536,0.376
11815.076798231601,0.536,0.368
11815.077044179838,0.52,0.376
11815.077290128072,0.52,0.376
11815.077536076307,0.536,0.4
11815.077782024542,0.528,0.392
11815.078027972777,0.52,0.40800000000000003
11815.078273921014,0.528,0.4
11815.078519869248,0.52,0.376
11815.078765817483,0.52,0.376
11815.079011765718,0.528,0.4
11815.079257713953,0.52,0.392
11815.07950366219,0.536,0.376
11815.079749610424,0.536,0.368
11815.079995558659,0.52,0.4
11815.080241506894,0.536,0.4
11815.08048745513,0.52,0.41600000000000004
11815.080733403365,0.536,0.40800000000000003
11815.0809793516,0.52,0.376
11815.081225299835,0.52,0.376
11815.08147124807,0.536,0.368
11815.081717196306,0.52,0.368
11815.081963144541,0.536,0.376
11815.082209092776,0.52,0.376
11815.08245504101,0.536,0.4
11815.082700989245,0.52,0.4
11815.082946937482,0.536,0.41600000000000004
11815.083192885717,0.52,0.4
11815.083438833952,0.528,0.376
11815.083684782187,0.52,0.376
11815.083930730423,0.536,0.384
11815.084176678658,0.536,0.384
11815.084422626893,0.52,0.376
11815.084668575128,0.52,0.376
11815.084914523362,0.536,0.368
11815.085160471599,0.536,0.368
11815.085406419834,0.52,0.376
11815.085652368069,0.536,0.376
11815.085898316303,0.52,0.384
11815.086144264538,0.52,0.4
11815.086390212775,0.536,0.376
11815.08663616101,0.52,0.368
11815.086882109244,0.536,0.384
11815.08712805748,0.536,0.376
11815.087374005716,0.52,0.368
11815.08761995395,0.528,0.368
11815.087865902186,0.52,0.376
11815.08811185042,0.528,0.368
11815.088357798655,0.52,0.384
11815.088603746892,0.52,0.376
11815.088849695127,0.536,0.328
11815.089095643361,0.536,0.32
11815.089341591596,0.52,0.168
11815.089587539831,0.528,0.16
11815.089833488068,0.52,0.048
11815.090079436302,0.52,0.048
11815.090325384537,0.528,0.016
11815.090571332772,0.52,0.008
11815.090817281009,0.536,-0.008
11815.091063229243,0.52,0.0
11815.091309177478,0.536,-0.008
11815.091555125713,0.528,0.0
11815.091801073948,0.52,-0.016
11815.092047022184,0.536,0.0
11815.09229297042,0.52,-0.016
11815.092538918654,0.528,-0.016
11815.092784866889,0.52,0.0
11815.093030815124,0.52,-0.016
11815.09327676336,0.536,0.0
11815.093522711595,0.52,-0.016
11815.09376865983,0.544,0.0
11815.094014608065,0.528,0.0
11815.094260556301,0.52,-0.016
11815.094506504536,0.52,0.0
11815.094752452771,0.536,-0.016
11815.094998401006,0.52,-0.016
11815.09524434924,0.536,0.0
11815.095490297477,0.528,0.0
11815.095736245712,0.512,-0.016
11815.095982193947,0.512,-0.016
11815.096228142182,0.528,0.0
11815.096474090416,0.52,-0.016
11815.096720038653,0.536,0.0
11815.096965986888,0.528,0.0
11815.097211935123,0.512,-0.016
11815.097457883357,0.512,0.0
11815.097703831592,0.528,-0.016
11815.097949779829,0.528,0.0
11815.098195728064,0.512,-0.016
11815.098441676299,0.536,-0.008
11815.098687624533,0.512,0.0
11815.09893357277,0.52,-0.016
11815.099179521005,0.536,0.0
11815.09942546924,0.536,0.0
11815.099671417474,0.512,-0.016
11815.09991736571,0.512,-0.016
11815.100163313946,0.536,0.0
11815.10040926218,0.512,0.0
11815.100655210415,0.528,-0.016
11815.10090115865,0.52,0.0
11815.101147106885,0.536,-0.016
11815.101393055122,0.52,-0.016
11815.101639003356,0.536,0.0
11815.101884951591,0.528,-0.016
11815.102130899826,0.512,0.0
11815.102376848063,0.52,0.0
11815.102622796298,0.536,-0.016
11815.102868744532,0.52,0.0
11815.103114692767,0.528,-0.016
11815.103360641002,0.528,-0.016
11815.103606589239,0.512,0.0
11815.103852537473,0.512,-0.016
11815.104098485708,0.528,0.0
11815.104344433943,0.512,0.0
11815.104590382178,0.536,-0.016
11815.104836330414,0.52,0.0
11815.10508227865,0.528,-0.016
11815.105328226884,0.512,-0.016
11815.105574175119,0.536,0.0
11815.105820123355,0.528,0.0
11815.10606607159,0.512,-0.016
11815.106312019825,0.52,-0.016
11815.10655796806,0.512,0.0
11815.106803916295,0.512,-0.016
11815.107049864531,0.528,0.0
11815.107295812766,0.512,-0.016
11815.107541761,0.528,0.0
11815.107787709236,0.512,-0.016
11815.10803365747,0.528,-0.008
11815.108279605707,0.512,-0.016
11815.108525553942,0.528,0.0
11815.108771502177,0.512,-0.016
11815.109017450412,0.528,0.0
11815.109263398648,0.512,-0.008
11815.109509346883,0.528,-0.016
11815.109755295118,0.512,-0.016
11815.110001243353,0.528,0.0
11815.110247191587,0.512,0.0
11815.110493139824,0.528,-0.016
11815.110739088059,0.512,-0.016
11815.110985036294,0.528,0.0
11815.111230984528,0.512,-0.016
11815.111476932763,0.536,0.0
11815.111722881,0.536,-0.016
11815.111968829235,0.512,0.0
11815.11221477747,0.528,-0.016
11815.112460725704,0.512,0.0
11815.112706673941,0.512,-0.016
11815.112952622176,0.52,0.0
11815.11319857041,0.512,-0.016
11815.113444518645,0.528,0.0
11815.11369046688,0.52,0.0
11815.113936415117,0.512,-0.016
11815.114182363352,0.52,0.0
11815.114428311586,0.528,-0.016
11815.114674259821,0.52,0.0
11815.114920208056,0.528,-0.016
11815.115166156293,0.52,-0.016
11815.115412104527,0.512,0.0
11815.115658052762,0.512,-0.016
11815.115904000997,0.528,0.0
11815.116149949232,0.512,0.0
11815.116395897468,0.528,-0.016
11815.116641845703,0.536,-0.008
11815.116887793938,0.52,-0.016
11815.117133742173,0.52,-0.008
11815.11737969041,0.504,-0.016
11815.117625638644,0.528,-0.008
11815.11787158688,0.512,-0.016
11815.118117535114,0.52,-0.008
11815.118363483349,0.528,-0.016
11815.118609431585,0.52,-0.008
11815.11885537982,0.536,-0.016
11815.119101328055,0.52,-0.016
11815.11934727629,0.536,0.0
11815.119593224525,0.512,-0.008
11815.119839172761,0.536,-0.016
11815.120085120996,0.528,-0.016
11815.12033106923,0.512,0.0
11815.120577017466,0.512,-0.008
11815.120822965702,0.528,-0.016
11815.121068913937,0.512,-0.016
11815.121314862172,0.528,0.0
11815.121560810407,0.512,-0.008
11815.121806758641,0.536,-0.016
11815.122052706878,0.544,-0.016
11815.122298655113,0.512,0.0
11815.122544603348,0.52,-0.016
11815.122790551583,0.504,0.0
11815.123036499817,0.504,-0.016
11815.123282448054,0.536,-0.008
11815.123528396289,0.536,-0.008
11815.123774344524,0.52,-0.016
11815.124020292758,0.52,-0.008
11815.124266240995,0.536,-0.016
11815.12451218923,0.52,-0.008
11815.124758137465,0.536,-0.016
11815.1250040857,0.52,-0.008
11815.125250033934,0.536,-0.016
11815.12549598217,0.528,-0.016
11815.125741930406,0.512,-0.008
11815.12598787864,0.512,-0.016
11815.126233826875,0.536,0.0
11815.12647977511,0.512,-0.008
11815.126725723347,0.528,-0.016
11815.126971671581,0.528,-0.016
11815.127217619816,0.504,0.0
11815.127463568051,0.536,-0.016
11815.127709516288,0.512,0.0
11815.127955464523,0.512,-0.016
11815.128201412757,0.528,0.0
11815.128447360992,0.52,-0.016
11815.128693309227,0.528,-0.008
11815.128939257464,0.52,-0.016
11815.129185205698,0.528,-0.008
11815.129431153933,0.52,-0.016
11815.129677102168,0.536,-0.008
11815.129923050403,0.52,-0.008
11815.13016899864,0.536,-0.016
11815.130414946874,0.512,-0.008
11815.130660895109,0.528,-0.016
11815.130906843344,0.512,-0.016
11815.13115279158,0.528,0.0
11815.131398739815,0.512,-0.016
11815.13164468805,0.52,0.0
11815.131890636285,0.512,-0.008
11815.13213658452,0.528,-0.016
11815.132382532756,0.512,-0.016
11815.132628480991,0.528,-0.008
11815.132874429226,0.528,-0.008
11815.13312037746,0.512,-0.016
11815.133366325696,0.52,-0.008
11815.133612273932,0.512,-0.016
11815.133858222167,0.512,-0.008
11815.134104170402,0.528,-0.016
11815.134350118637,0.528,-0.008
11815.134596066871,0.512,-0.016
11815.134842015108,0.512,-0.016
11815.135087963343,0.536,-0.008
11815.135333911578,0.528,-0.016
11815.135579859812,0.512,-0.008
11815.135825808049,0.528,-0.016
11815.136071756284,0.512,-0.008
11815.136317704519,0.512,-0.016
11815.136563652753,0.528,-0.008
11815.136809600988,0.528,-0.008
11815.137055549225,0.512,-0.016
11815.13730149746,0.512,-0.008
11815.137547445695,0.528,-0.016
11815.13779339393,0.512,-0.016
11815.138039342164,0.528,-0.008
11815.1382852904,0.512,-0.016
11815.138531238636,0.536,0.0
11815.13877718687,0.52,-0.008
11815.139023135105,0.512,-0.016
11815.139269083342,0.512,-0.008
11815.139515031577,0.528,-0.016
11815.139760979811,0.52,-0.008
11815.140006928046,0.512,-0.016
11815.140252876281,0.52,-0.016
11815.140498824518,0.512,0.0
11815.140744772752,0.512,-0.008
11815.140990720987,0.528,-0.016
11815.141236669222,0.52,-0.016
11815.141482617457,0.536,-0.008
11815.141728565693,0.52,-0.008
11815.141974513928,0.512,-0.016
11815.142220462163,0.512,-0.016
11815.142466410398,0.528,0.0
11815.142712358635,0.512,0.0
11815.14295830687,0.528,-0.016
11815.143204255104,0.528,-0.008
11815.143450203339,0.512,-0.016
11815.143696151574,0.52,-0.008
11815.14394209981,0.544,-0.016
11815.144188048045,0.544,-0.016
11815.14443399628,0.512,-0.008
11815.144679944515,0.528,-0.016
11815.14492589275,0.512,-0.008
11815.145171840986,0.512,-0.008
11815.145417789221,0.528,-0.016
11815.145663737456,0.52,-0.016
11815.14590968569,0.528,0.0
11815.146155633927,0.536,-0.008
11815.146401582162,0.512,-0.016
11815.146647530397,0.528,-0.008
11815.146893478632,0.512,-0.016
11815.147139426866,0.536,-0.016
11815.147385375103,0.512,-0.008
11815.147631323338,0.512,-0.008
11815.147877271573,0.536,-0.016
11815.148123219808,0.52,-0.016
11815.148369168042,0.528,0.0
11815.148615116279,0.528,-0.016
11815.148861064514,0.544,0.0
11815.149107012749,0.512,-0.016
11815.149352960983,0.528,-0.008
11815.14959890922,0.52,-0.016
11815.149844857455,0.528,0.0
11815.15009080569,0.52,-0.008
11815.150336753924,0.536,0.016
11815.15058270216,0.52,0.024
11815.150828650396,0.536,0.12
11815.15107459863,0.512,0.128
11815.151320546865,0.528,0.272
11815.1515664951,0.52,0.272
11815.151812443335,0.536,0.34400000000000003
11815.152058391572,0.52,0.336
11815.152304339807,0.536,0.384
11815.152550288041,0.536,0.384
11815.152796236276,0.504,0.40800000000000003
11815.153042184511,0.52,0.392
11815.153288132748,0.512,0.40800000000000003
11815.153534080982,0.512,0.4
11815.153780029217,0.528,0.376
11815.154025977452,0.512,0.376
11815.154271925689,0.528,0.368
11815.154517873923,0.52,0.376
11815.154763822158,0.528,0.368
11815.155009770393,0.52,0.376
11815.155255718628,0.536,0.4
11815.155501666864,0.544,0.392
11815.1557476151,0.52,0.40800000000000003
11815.155993563334,0.528,0.392
11815.156239511569,0.512,0.376
11815.156485459804,0.528,0.392
11815.15673140804,0.512,0.40800000000000003
11815.156977356275,0.512,0.4
11815.15722330451,0.536,0.41600000000000004
11815.157469252745,0.528,0.40800000000000003
11815.157715200981,0.512,0.41600000000000004
11815.157961149216,0.528,0.40800000000000003
11815.158207097451,0.512,0.376
11815.158453045686,0.528,0.376
11815.15869899392,0.512,0.368
11815.158944942157,0.512,0.376
11815.159190890392,0.536,0.368
11815.159436838627,0.512,0.368
11815.159682786862,0.536,0.384
11815.159928735096,0.512,0.376
11815.160174683333,0.528,0.40800000000000003
11815.160420631568,0.528,0.4
11815.160666579803,0.512,0.41600000000000004
11815.160912528037,0.512,0.40800000000000003
11815.161158476274,0.536,0.376
11815.161404424509,0.536,0.376
11815.161650372744,0.512,0.392
11815.161896320978,0.528,0.392
11815.162142269213,0.512,0.41600000000000004
11815.16238821745,0.512,0.41600000000000004
11815.162634165685,0.528,0.40800000000000003
11815.16288011392,0.52,0.41600000000000004
11815.163126062154,0.512,0.392
11815.16337201039,0.52,0.392
11815.163617958626,0.512,0.376
11815.16386390686,0.512,0.376
11815.164109855095,0.528,0.376
11815.16435580333,0.528,0.368
11815.164601751567,0.512,0.384
11815.164847699802,0.512,0.376
11815.165093648036,0.52,0.41600000000000004
11815.165339596271,0.512,0.4
11815.165585544506,0.52,0.376
11815.165831492743,0.512,0.392
11815.166077440977,0.528,0.4
11815.166323389212,0.528,0.392
11815.166569337447,0.512,0.376
11815.166815285682,0.52,0.368
11815.167061233919,0.504,0.392
11815.167307182153,0.512,0.392
11815.167553130388,0.536,0.40800000000000003
11815.167799078623,0.536,0.41600000000000004
11815.16804502686,0.512,0.384
11815.168290975094,0.52,0.384
11815.16853692333,0.528,0.392
11815.168782871564,0.536,0.376
11815.169028819799,0.52,0.376
11815.169274768035,0.536,0.376
11815.16952071627,0.512,0.4
11815.169766664505,0.512,0.40800000000000003
11815.17001261274,0.528,0.376
11815.170258560975,0.512,0.376
11815.170504509211,0.528,0.384
11815.170750457446,0.512,0.376
11815.17099640568,0.536,0.4
11815.171242353916,0.528,0.40800000000000003
11815.17148830215,0.512,0.376
11815.171734250387,0.52,0.384
11815.171980198622,0.528,0.40800000000000003
11815.172226146857,0.536,0.4
11815.172472095092,0.52,0.41600000000000004
11815.172718043328,0.512,0.4
11815.172963991563,0.528,0.41600000000000004
11815.173209939798,0.52,0.4
11815.173455888033,0.512,0.41600000000000004
11815.173701836267,0.512,0.40800000000000003
11815.173947784504,0.528,0.384
11815.174193732739,0.528,0.384
11815.174439680974,0.512,0.4
11815.174685629208,0.512,0.4
11815.174931577443,0.528,0.41600000000000004
11815.17517752568,0.512,0.41600000000000004
11815.175423473915,0.528,0.4
11815.17566942215,0.512,0.41600000000000004
11815.175915370384,0.528,0.392
11815.17616131862,0.512,0.376
11815.176407266856,0.536,0.4
11815.17665321509,0.528,0.368
11815.176899163325,0.512,0.4
11815.17714511156,0.512,0.392
11815.177391059797,0.528,0.376
11815.177637008032,0.52,0.376
11815.177882956266,0.512,0.4
11815.178128904501,0.512,0.4
11815.178374852736,0.528,0.384
11815.178620800973,0.512,0.384
11815.178866749207,0.528,0.376
11815.179112697442,0.512,0.376
11815.179358645677,0.528,0.384
11815.179604593914,0.52,0.376
11815.179850542148,0.536,0.384
11815.180096490383,0.52,0.376
11815.180342438618,0.512,0.384
11815.180588386853,0.512,0.376
11815.18083433509,0.528,0.384
11815.181080283324,0.52,0.376
11815.181326231559,0.528,0.384
11815.181572179794,0.52,0.376
11815.181818128029,0.536,0.384
11815.182064076265,0.536,0.384
11815.1823100245,0.512,0.376
11815.182555972735,0.528,0.376
11815.18280192097,0.512,0.384
11815.183047869206,0.528,0.376
11815.183293817441,0.512,0.392
11815.183539765676,0.512,0.376
11815.18378571391,0.528,0.384
11815.184031662146,0.536,0.376
11815.184277610382,0.512,0.392
11815.184523558617,0.512,0.376
11815.184769506852,0.528,0.384
11815.185015455087,0.52,0.376
11815.185261403321,0.544,0.384
11815.185507351558,0.544,0.376
11815.185753299793,0.512,0.384
11815.185999248028,0.528,0.376
11815.186245196262,0.512,0.384
11815.186491144499,0.544,0.376
11815.186737092734,0.512,0.384
11815.186983040969,0.512,0.376
11815.187228989204,0.528,0.384
11815.187474937438,0.512,0.376
11815.187720885675,0.528,0.392
11815.18796683391,0.536,0.376
11815.188212782145,0.512,0.384
11815.18845873038,0.512,0.384
11815.188704678614,0.536,0.376
11815.18895062685,0.536,0.376
11815.189196575086,0.52,0.384
11815.18944252332,0.512,0.376
11815.189688471555,0.528,0.392
11815.18993441979,0.52,0.384
11815.190180368027,0.528,0.376
11815.190426316261,0.528,0.376
11815.190672264496,0.512,0.384
11815.190918212731,0.52,0.376
11815.191164160968,0.512,0.384
11815.191410109202,0.512,0.376
11815.191656057437,0.528,0.376
11815.191902005672,0.528,0.376
11815.192147953907,0.512,0.384
11815.192393902144,0.52,0.376
11815.192639850378,0.512,0.384
11815.192885798613,0.512,0.376
11815.193131746848,0.536,0.384
11815.193377695083,0.528,0.376
11815.19362364332,0.512,0.384
11815.193869591554,0.528,0.376
11815.194115539789,0.512,0.376
11815.194361488024,0.52,0.376
11815.19460743626,0.536,0.384
11815.194853384495,0.528,0.376
11815.19509933273,0.512,0.384
11815.195345280965,0.528,0.376
11815.1955912292,0.512,0.384
11815.195837177436,0.528,0.376
11815.196083125671,0.512,0.392
11815.196329073906,0.528,0.376
11815.19657502214,0.52,0.376
11815.196820970375,0.512,0.376
11815.197066918612,0.528,0.384
11815.197312866847,0.528,0.376
11815.197558815082,0.512,0.384
11815.197804763317,0.512,0.376
11815.198050711553,0.528,0.384
11815.198296659788,0.52,0.376
11815.198542608023,0.536,0.384
11815.198788556258,0.52,0.376
11815.199034504492,0.536,0.384
11815.199280452729,0.52,0.376
11815.199526400964,0.536,0.384
11815.199772349199,0.52,0.376
11815.200018297433,0.536,0.384
11815.200264245668,0.52,0.376
11815.200510193905,0.536,0.384
11815.20075614214,0.52,0.376
11815.201002090374,0.536,0.384
11815.20124803861,0.52,0.376
11815.201493986846,0.544,0.376
11815.20173993508,0.52,0.376
11815.201985883316,0.536,0.384
11815.20223183155,0.52,0.376
11815.202477779785,0.536,0.384
11815.202723728022,0.528,0.376
11815.202969676257,0.52,0.384
11815.203215624491,0.52,0.376
11815.203461572726,0.536,0.384
11815.203707520961,0.52,0.376
11815.203953469198,0.536,0.384
11815.204199417432,0.52,0.376
11815.204445365667,0.536,0.384
11815.204691313902,0.52,0.376
11815.204937262139,0.536,0.384
11815.205183210373,0.52,0.376
11815.205429158608,0.528,0.384
11815.205675106843,0.536,0.384
11815.205921055078,0.52,0.368
11815.206167003314,0.528,0.376
11815.20641295155,0.52,0.392
11815.206658899784,0.52,0.40800000000000003
11815.206904848019,0.536,0.384
11815.207150796254,0.52,0.392
11815.20739674449,0.536,0.376
11815.207642692725,0.536,0.376
11815.20788864096,0.52,0.4
11815.208134589195,0.52,0.4
11815.20838053743,0.536,0.40800000000000003
11815.208626485666,0.536,0.41600000000000004
11815.208872433901,0.52,0.392
11815.209118382136,0.52,0.392
11815.20936433037,0.536,0.376
11815.209610278607,0.528,0.368
11815.209856226842,0.52,0.384
11815.210102175077,0.52,0.376
11815.210348123312,0.536,0.368
11815.210594071546,0.536,0.368
11815.210840019783,0.52,0.384
11815.211085968018,0.52,0.376
11815.211331916253,0.536,0.368
11815.211577864487,0.52,0.368
11815.211823812722,0.544,0.32
11815.212069760959,0.52,0.312
11815.212315709194,0.536,0.176
11815.212561657429,0.52,0.168
11815.212807605663,0.536,0.056
11815.2130535539,0.52,0.056
11815.213299502135,0.536,0.008
11815.21354545037,0.536,0.008
11815.213791398604,0.52,-0.008
11815.21403734684,0.52,0.0
11815.214283295076,0.536,-0.008
11815.21452924331,0.52,0.0
11815.214775191545,0.544,-0.016
11815.21502113978,0.528,0.0
11815.215267088015,0.52,-0.016
11815.215513036252,0.52,0.0
11815.215758984486,0.528,-0.016
11815.216004932721,0.528,-0.016
11815.216250880956,0.52,0.0
11815.216496829193,0.52,-0.016
11815.216742777427,0.536,0.0
11815.216988725662,0.528,0.0
11815.217234673897,0.52,-0.016
11815.217480622132,0.528,-0.016
11815.217726570369,0.52,0.0
11815.217972518603,0.52,0.0
11815.218218466838,0.536,-0.016
11815.218464415073,0.536,-0.016
11815.218710363308,0.52,0.0
11815.218956311544,0.536,0.0
11815.21920225978,0.52,-0.016
11815.219448208014,0.52,-0.016
11815.219694156249,0.536,0.0
11815.219940104485,0.52,0.0
11815.22018605272,0.536,-0.016
11815.220432000955,0.52,0.0
11815.22067794919,0.536,-0.016
11815.220923897425,0.52,-0.016
11815.221169845661,0.536,0.0
11815.221415793896,0.52,0.0
11815.22166174213,0.536,-0.016
11815.221907690366,0.52,0.0
11815.2221536386,0.536,-0.016
11815.222399586837,0.528,-0.016
11815.222645535072,0.52,0.0
11815.222891483307,0.52,-0.016
11815.223137431542,0.528,0.0
11815.223383379778,0.528,0.0
11815.223629328013,0.512,-0.016
11815.223875276248,0.528,-0.016
11815.224121224483,0.512,0.0
11815.224367172717,0.52,-0.016
11815.224613120954,0.536,0.0
11815.224859069189,0.528,-0.016
11815.225105017424,0.512,0.0
11815.225350965658,0.512,0.0
11815.225596913893,0.528,-0.016
11815.22584286213,0.52,-0.016
11815.226088810365,0.536,0.0
11815.2263347586,0.512,-0.016
11815.226580706834,0.536,0.0
11815.226826655069,0.512,-0.016
11815.227072603306,0.528,0.0
11815.22731855154,0.512,0.0
11815.227564499775,0.536,-0.016
11815.22781044801,0.52,-0.016
11815.228056396247,0.528,0.0
11815.228302344482,0.512,-0.016
11815.228548292716,0.528,0.0
11815.228794240951,0.528,0.0
11815.229040189186,0.512,-0.016
11815.229286137423,0.528,-0.016
11815.229532085657,0.512,0.0
11815.229778033892,0.512,-0.008
11815.230023982127,0.536,-0.016
11815.230269930362,0.52,-0.008
11815.230515878598,0.536,-0.016
11815.230761826833,0.528,-0.016
11815.231007775068,0.512,-0.008
11815.231253723303,0.52,-0.016
11815.23149967154,0.528,-0.008
11815.231745619774,0.528,-0.008
11815.23199156801,0.512,-0.016
11815.232237516244,0.52,-0.016
11815.232483464479,0.536,0.0
11815.232729412715,0.52,-0.016
11815.23297536095,0.536,-0.008
11815.233221309185,0.52,-0.016
11815.23346725742,0.536,0.0
11815.233713205655,0.536,-0.016
11815.233959153891,0.52,0.0
11815.234205102126,0.52,0.0
11815.23445105036,0.536,-0.016
11815.234696998596,0.528,-0.016
11815.234942946832,0.52,-0.008
11815.235188895067,0.52,-0.008
11815.235434843302,0.536,-0.016
11815.235680791537,0.52,-0.016
11815.235926739771,0.536,-0.008
11815.236172688008,0.52,-0.016
11815.236418636243,0.536,-0.008
11815.236664584478,0.536,-0.016
11815.236910532712,0.52,0.0
11815.237156480947,0.52,-0.008
11815.237402429184,0.536,-0.016
11815.237648377419,0.52,-0.016
11815.237894325654,0.536,0.0
11815.238140273888,0.52,-0.016
11815.238386222125,0.536,-0.008
11815.23863217036,0.52,-0.016
11815.238878118595,0.536,0.0
11815.23912406683,0.52,-0.016
11815.239370015064,0.536,0.0
11815.2396159633,0.536,-0.016
11815.239861911536,0.52,0.0
11815.24010785977,0.528,-0.016
11815.240353808005,0.52,0.0
11815.24059975624,0.52,-0.008
11815.240845704477,0.528,-0.016
11815.241091652711,0.528,-0.008
11815.241337600946,0.52,-0.016
11815.241583549181,0.52,-0.016
11815.241829497418,0.536,0.0
11815.242075445653,0.52,-0.016
11815.242321393887,0.528,0.0
11815.242567342122,0.528,-0.008
11815.242813290357,0.512,-0.016
11815.243059238594,0.512,-0.016
11815.243305186828,0.528,-0.008
11815.243551135063,0.536,-0.016
11815.243797083298,0.512,0.0
11815.244043031533,0.512,-0.016
11815.24428897977,0.528,0.0
11815.244534928004,0.512,-0.016
11815.244780876239,0.536,0.0
11815.245026824474,0.528,-0.016
11815.245272772709,0.52,0.0
11815.245518720945,0.52,-0.016
11815.24576466918,0.504,-0.008
11815.246010617415,0.536,-0.008
11815.24625656565,0.512,-0.016
11815.246502513886,0.52,-0.008
11815.246748462121,0.536,-0.016
11815.246994410356,0.528,-0.008
11815.24724035859,0.512,-0.016
11815.247486306826,0.512,-0.016
11815.247732255062,0.528,0.0
11815.247978203297,0.512,-0.016
11815.248224151532,0.528,-0.008
11815.248470099767,0.52,-0.016
11815.248716048001,0.536,0.0
11815.248961996238,0.536,-0.016
11815.249207944473,0.512,0.0
11815.249453892708,0.52,-0.016
11815.249699840942,0.536,-0.008
11815.249945789179,0.528,0.0
11815.250191737414,0.52,-0.016
11815.250437685649,0.52,-0.016
11815.250683633883,0.536,-0.008
11815.250929582118,0.52,-0.008
11815.251175530355,0.536,-0.016
11815.25142147859,0.536,-0.008
11815.251667426824,0.52,-0.016
11815.25191337506,0.512,-0.008
11815.252159323294,0.528,-0.016
11815.25240527153,0.528,-0.008
11815.252651219766,0.512,-0.016
11815.252897168,0.52,-0.016
11815.253143116235,0.512,0.0
11815.253389064472,0.512,-0.008
11815.253635012707,0.528,-0.016
11815.253880960941,0.528,-0.016
11815.254126909176,0.512,0.0
11815.254372857411,0.512,-0.016
11815.254618805648,0.528,-0.008
11815.254864753882,0.512,-0.008
11815.255110702117,0.528,-0.016
11815.255356650352,0.528,-0.016
11815.255602598587,0.512,-0.008
11815.255848546823,0.512,-0.016
11815.256094495058,0.536,0.0
11815.256340443293,0.512,-0.016
11815.256586391528,0.528,-0.008
11815.256832339765,0.52,-0.016
11815.257078288,0.528,-0.008
11815.257324236234,0.52,-0.016
11815.257570184469,0.536,0.0
11815.257816132704,0.528,-0.016
11815.25806208094,0.512,-0.008
11815.258308029175,0.512,-0.016
11815.25855397741,0.536,-0.008
11815.258799925645,0.52,-0.008
11815.25904587388,0.536,-0.016
11815.259291822116,0.528,-0.016
11815.259537770351,0.52,-0.008
11815.259783718586,0.536,-0.016
11815.26002966682,0.52,-0.008
11815.260275615057,0.52,-0.016
11815.260521563292,0.536,-0.008
11815.260767511527,0.52,-0.016
11815.261013459762,0.536,0.0
11815.261259407996,0.52,-0.016
11815.261505356233,0.536,-0.008
11815.261751304468,0.52,-0.016
11815.261997252703,0.536,-0.008
11815.262243200938,0.536,-0.008
11815.262489149172,0.52,-0.016
11815.262735097409,0.52,0.0
11815.262981045644,0.536,-0.016
11815.263226993879,0.52,-0.016
11815.263472942113,0.536,0.0
11815.263718890348,0.52,-0.016
11815.263964838585,0.536,0.0
11815.26421078682,0.536,-0.008
11815.264456735054,0.52,-0.016
11815.26470268329,0.52,-0.016
11815.264948631526,0.536,-0.008
11815.26519457976,0.52,-0.008
11815.265440527995,0.528,-0.016
11815.26568647623,0.52,-0.016
11815.265932424465,0.536,0.0
11815.266178372702,0.52,-0.016
11815.266424320936,0.528,0.0
11815.266670269171,0.52,-0.008
11815.266916217406,0.536,-0.016
11815.267162165641,0.52,-0.008
11815.267408113878,0.536,-0.016
11815.267654062112,0.52,-0.008
11815.267900010347,0.528,-0.016
11815.268145958582,0.52,-0.016
11815.268391906819,0.536,0.0
11815.268637855053,0.52,-0.016
11815.268883803288,0.536,-0.008
11815.269129751523,0.536,-0.016
11815.269375699758,0.52,0.0
11815.269621647994,0.52,-0.016
11815.26986759623,0.536,-0.008
11815.270113544464,0.52,-0.008
11815.270359492699,0.536,-0.016
11815.270605440934,0.536,-0.008
11815.27085138917,0.52,-0.016
11815.271097337405,0.536,-0.016
11815.27134328564,0.52,-0.008
11815.271589233875,0.52,-0.016
11815.271835182111,0.536,-0.008
11815.272081130346,0.536,-0.016
11815.272327078581,0.52,0.0
11815.272573026816,0.528,-0.016
11815.27281897505,0.52,0.0
11815.273064923287,0.52,-0.008
11815.273310871522,0.536,0.024
11815.273556819757,0.52,0.016
11815.273802767992,0.536,0.128
11815.274048716226,0.536,0.136
11815.274294664463,0.52,0.272
11815.274540612698,0.52,0.272
11815.274786560933,0.536,0.34400000000000003
11815.275032509167,0.52,0.336
11815.275278457404,0.528,0.36
11815.275524405639,0.52,0.36
11815.275770353874,0.536,0.4
11815.276016302108,0.52,0.40800000000000003
11815.276262250343,0.536,0.376
11815.27650819858,0.52,0.376
11815.276754146815,0.536,0.368
11815.27700009505,0.52,0.368
11815.277246043284,0.512,0.384
11815.27749199152,0.512,0.376
11815.277737939756,0.528,0.40800000000000003
11815.27798388799,0.512,0.4
11815.278229836225,0.528,0.41600000000000004
11815.27847578446,0.528,0.41600000000000004
11815.278721732697,0.512,0.392
11815.278967680932,0.512,0.384
11815.279213629166,0.528,0.376
11815.279459577401,0.512,0.376
11815.279705525636,0.528,0.4
11815.279951473873,0.512,0.392
11815.280197422107,0.528,0.41600000000000004
11815.280443370342,0.504,0.4
11815.280689318577,0.528,0.41600000000000004
11815.280935266812,0.528,0.40800000000000003
11815.281181215048,0.512,0.392
11815.281427163283,0.512,0.392
11815.281673111518,0.528,0.376
11815.281919059753,0.512,0.376
11815.282165007988,0.528,0.368
11815.282410956224,0.528,0.376
11815.28265690446,0.512,0.368
11815.282902852694,0.512,0.376
11815.283148800929,0.528,0.368
11815.283394749165,0.512,0.368
11815.2836406974,0.52,0.376
11815.283886645635,0.512,0.368
11815.28413259387,0.52,0.384
11815.284378542105,0.512,0.368
11815.284624490341,0.528,0.4
11815.284870438576,0.512,0.40800000000000003
11815.28511638681,0.528,0.4
11815.285362335046,0.512,0.41600000000000004
11815.28560828328,0.528,0.4
11815.285854231517,0.512,0.40800000000000003
11815.286100179752,0.528,0.392
11815.286346127987,0.512,0.392
11815.286592076221,0.52,0.376
11815.286838024458,0.512,0.376
11815.287083972693,0.52,0.384
11815.287329920928,0.512,0.384
11815.287575869163,0.528,0.368
11815.287821817397,0.512,0.368
11815.288067765634,0.528,0.376
11815.288313713869,0.512,0.368
11815.288559662104,0.528,0.384
11815.288805610338,0.528,0.384
11815.289051558573,0.512,0.40800000000000003
11815.28929750681,0.528,0.41600000000000004
11815.289543455045,0.512,0.4
11815.28978940328,0.512,0.4
11815.290035351514,0.536,0.41600000000000004
11815.29028129975,0.528,0.40800000000000003
11815.290527247986,0.512,0.41600000000000004
11815.29077319622,0.512,0.40800000000000003
11815.291019144455,0.536,0.41600000000000004
11815.29126509269,0.512,0.40800000000000003
11815.291511040927,0.528,0.41600000000000004
11815.291756989162,0.528,0.41600000000000004
11815.292002937396,0.512,0.392
11815.292248885631,0.52,0.384
11815.292494833866,0.512,0.4
11815.292740782103,0.52,0.4
11815.292986730337,0.536,0.41600000000000004
11815.293232678572,0.52,0.40800000000000003
11815.293478626807,0.512,0.4
11815.293724575044,0.52,0.4
11815.293970523278,0.536,0.40800000000000003
11815.294216471513,0.528,0.40800000000000003
11815.294462419748,0.512,0.41600000000000004
11815.294708367983,0.52,0.40800000000000003
11815.29495431622,0.536,0.41600000000000004
11815.295200264454,0.528,0.41600000000000004
11815.295446212689,0.512,0.4
11815.295692160924,0.528,0.41600000000000004
11815.295938109159,0.512,0.392
11815.296184057395,0.528,0.384
11815.29643000563,0.512,0.376
11815.296675953865,0.528,0.376
11815.2969219021,0.512,0.368
11815.297167850336,0.52,0.368
11815.297413798571,0.528,0.376
11815.297659746806,0.528,0.368
11815.29790569504,0.512,0.376
11815.298151643276,0.512,0.368
11815.298397591512,0.528,0.384
11815.298643539747,0.536,0.376
11815.298889487982,0.512,0.376
11815.299135436217,0.528,0.376
11815.299381384451,0.512,0.40800000000000003
11815.299627332688,0.52,0.40800000000000003
11815.299873280923,0.528,0.384
11815.300119229158,0.52,0.384
11815.300365177392,0.544,0.376
11815.300611125627,0.528,0.368
11815.300857073864,0.512,0.392
11815.301103022099,0.52,0.40800000000000003
11815.301348970333,0.536,0.376
11815.301594918568,0.528,0.376
11815.301840866805,0.52,0.392
11815.30208681504,0.52,0.392
11815.302332763275,0.528,0.40800000000000003
11815.30257871151,0.52,0.40800000000000003
11815.302824659744,0.536,0.384
11815.30307060798,0.528,0.384
11815.303316556216,0.512,0.368
11815.30356250445,0.512,0.368
11815.303808452685,0.536,0.384
11815.30405440092,0.52,0.368
11815.304300349157,0.536,0.384
11815.304546297391,0.528,0.384
11815.304792245626,0.512,0.376
11815.305038193861,0.528,0.384
11815.305284142098,0.512,0.41600000000000004
11815.305530090332,0.512,0.4
11815.305776038567,0.528,0.41600000000000004
11815.306021986802,0.52,0.40800000000000003
11815.306267935037,0.536,0.41600000000000004
11815.306513883274,0.536,0.40800000000000003
11815.306759831508,0.512,0.40800000000000003
11815.307005779743,0.528,0.40800000000000003
11815.307251727978,0.512,0.4
11815.307497676213,0.512,0.4
11815.30774362445,0.528,0.41600000000000004
11815.307989572684,0.528,0.41600000000000004
11815.308235520919,0.52,0.392
11815.308481469154,0.52,0.392
11815.30872741739,0.512,0.376
11815.308973365625,0.512,0.368
11815.30921931386,0.52,0.384
11815.309465262095,0.512,0.368
11815.30971121033,0.528,0.392
11815.309957158566,0.512,0.384
11815.310203106801,0.528,0.40800000000000003
11815.310449055036,0.528,0.40800000000000003
11815.31069500327,0.512,0.41600000000000004
11815.310940951505,0.544,0.41600000000000004
11815.311186899742,0.52,0.40800000000000003
11815.311432847977,0.52,0.40800000000000003
11815.311678796212,0.528,0.4
11815.311924744447,0.536,0.4
11815.312170692683,0.512,0.376
11815.312416640918,0.536,0.368
11815.312662589153,0.512,0.392
11815.312908537388,0.512,0.392
11815.313154485622,0.536,0.40800000000000003
11815.313400433859,0.52,0.384
11815.313646382094,0.536,0.368
11815.313892330329,0.512,0.376
11815.314138278563,0.536,0.376
11815.314384226798,0.528,0.376
11815.314630175035,0.52,0.40800000000000003
11815.31487612327,0.536,0.40800000000000003
11815.315122071504,0.512,0.376
11815.31536801974,0.52,0.376
11815.315613967976,0.536,0.368
11815.31585991621,0.536,0.368
11815.316105864445,0.52,0.376
11815.31635181268,0.512,0.368
11815.316597760915,0.536,0.384
11815.316843709152,0.52,0.368
11815.317089657387,0.536,0.376
11815.322370290756,0.52,0.0
11815.32263650457,0.536,-0.016
11815.322902718384,0.52,0.0
11815.3231689322,0.536,-0.016
11815.323435146014,0.52,-0.016
11815.323701359828,0.536,0.0
11815.323967573642,0.52,-0.016
11815.324233787456,0.536,0.0
11815.324500001272,0.52,0.0
11815.324766215086,0.528,-0.016
11815.3250324289,0.536,-0.016
11815.325298642714,0.512,0.0
11815.32556485653,0.52,-0.016
11815.325831070344,0.536,0.0
11815.326097284158,0.52,0.0
11815.326363497972,0.536,-0.016
11815.326629711786,0.52,0.0
11815.326895925602,0.536,-0.016
11815.327162139416,0.52,0.0
11815.32742835323,0.536,-0.016
11815.327694567044,0.536,-0.008
11815.327960780858,0.52,0.024
11815.328226994674,0.52,0.024
11815.328493208488,0.536,0.128
11815.328759422302,0.52,0.128
11815.329025636116,0.536,0.264
11815.329291849932,0.52,0.272
11815.329558063746,0.536,0.352
11815.32982427756,0.52,0.352
11815.330090491374,0.536,0.392
11815.330356705188,0.52,0.4
11815.330622919004,0.544,0.384
11815.330889132818,0.528,0.384
11815.331155346632,0.52,0.392
11815.331421560446,0.52,0.384
11815.33168777426,0.528,0.40800000000000003
11815.331953988076,0.52,0.4
11815.33222020189,0.528,0.41600000000000004
11815.332486415704,0.52,0.392
11815.332752629518,0.536,0.4
11815.333018843334,0.528,0.392
11815.333285057148,0.52,0.384
11815.333551270962,0.52,0.384
11815.333817484776,0.528,0.392
11815.33408369859,0.52,0.392
11815.334349912406,0.536,0.4
11815.33461612622,0.52,0.392
11815.334882340034,0.536,0.4
11815.335148553848,0.52,0.4
11815.335414767662,0.536,0.392
11815.335680981478,0.528,0.392
11815.335947195292,0.512,0.4
11815.336213409106,0.52,0.4
11815.33647962292,0.536,0.392
11815.336745836736,0.52,0.392
11815.33701205055,0.528,0.4
11815.337278264364,0.52,0.392
11815.337544478178,0.536,0.4
11815.337810691992,0.52,0.4
11815.338076905808,0.536,0.392
11815.338343119622,0.52,0.4
11815.338609333436,0.536,0.384
11815.33887554725,0.52,0.392
11815.339141761064,0.536,0.392
11815.33940797488,0.52,0.392
11815.339674188694,0.528,0.4
11815.339940402508,0.52,0.392
11815.340206616322,0.528,0.4
11815.340472830138,0.52,0.4
11815.340739043952,0.536,0.384
11815.341005257766,0.536,0.384
11815.34127147158,0.512,0.392
11815.341537685394,0.52,0.384
11815.34180389921,0.528,0.41600000000000004
11815.342070113024,0.52,0.424
11815.342336326838,0.536,0.392
11815.342602540652,0.52,0.392
11815.342868754466,0.528,0.41600000000000004
11815.343134968281,0.52,0.424
11815.343401182095,0.536,0.40800000000000003
11815.34366739591,0.52,0.4
11815.343933609724,0.536,0.392
11815.344199823538,0.52,0.392
11815.344466037353,0.536,0.424
11815.344732251167,0.52,0.40800000000000003
11815.344998464981,0.536,0.424
11815.345264678796,0.52,0.41600000000000004
11815.345530892611,0.536,0.432
11815.345797106425,0.52,0.424
11815.34606332024,0.536,0.392
11815.346329534053,0.52,0.384
11815.346595747867,0.536,0.4
11815.346861961683,0.52,0.392
11815.347128175497,0.536,0.40800000000000003
11815.347394389311,0.52,0.40800000000000003
11815.347660603125,0.536,0.424
11815.34792681694,0.52,0.432
11815.348193030755,0.528,0.392
11815.34845924457,0.528,0.4
11815.348725458383,0.52,0.384
11815.348991672197,0.52,0.392
11815.349257886013,0.528,0.384
11815.349524099827,0.52,0.384
11815.349790313641,0.536,0.41600000000000004
11815.350056527455,0.52,0.40800000000000003
11815.35032274127,0.536,0.432
11815.350588955085,0.52,0.41600000000000004
11815.3508551689,0.536,0.424
11815.351121382713,0.52,0.424
11815.351387596527,0.536,0.392
11815.351653810341,0.52,0.392
11815.351920024157,0.536,0.4
11815.352186237971,0.52,0.392
11815.352452451785,0.536,0.392
11815.3527186656,0.52,0.392
11815.352984879415,0.536,0.384
11815.35325109323,0.52,0.392
11815.353517307043,0.536,0.392
11815.353783520857,0.52,0.392
11815.354049734671,0.528,0.4
11815.354315948487,0.52,0.392
11815.354582162301,0.536,0.384
11815.354848376115,0.52,0.384
11815.35511458993,0.536,0.392
11815.355380803743,0.52,0.392
11815.355647017559,0.536,0.4
11815.355913231373,0.52,0.392
11815.356179445187,0.536,0.4
11815.356445659001,0.52,0.392
11815.356711872817,0.536,0.392
11815.356978086631,0.52,0.384
11815.357244300445,0.536,0.4
11815.357510514259,0.52,0.392
11815.357776728073,0.536,0.392
11815.358042941889,0.52,0.384
11815.358309155703,0.536,0.4
11815.358575369517,0.52,0.392
11815.358841583331,0.528,0.4
11815.359107797145,0.52,0.4
11815.35937401096,0.528,0.384
11815.359640224775,0.52,0.392
11815.359906438589,0.528,0.4
11815.360172652403,0.52,0.392
11815.360438866219,0.536,0.4
11815.360705080033,0.52,0.392
11815.360971293847,0.528,0.392
11815.361237507661,0.52,0.392
11815.361503721475,0.528,0.4
11815.36176993529,0.52,0.4
11815.362036149105,0.536,0.392
11815.362302362919,0.536,0.392
11815.362568576733,0.512,0.4
11815.362834790547,0.52,0.392
11815.363101004363,0.528,0.4
11815.363367218177,0.52,0.392
11815.36363343199,0.536,0.4
11815.363899645805,0.52,0.392
11815.364165859619,0.528,0.4
11815.364432073435,0.52,0.392
11815.364698287249,0.528,0.4
11815.364964501063,0.52,0.392
11815.365230714877,0.536,0.4
11815.365496928693,0.528,0.392
11815.365763142507,0.512,0.4
11815.36602935632,0.512,0.392
11815.366295570135,0.528,0.392
11815.366561783949,0.528,0.392
11815.366827997765,0.512,0.4
11815.367094211579,0.52,0.392
11815.367360425393,0.512,0.4
11815.367626639207,0.512,0.392
11815.36789285302,0.536,0.4
11815.368159066837,0.528,0.4
11815.36842528065,0.512,0.384
11815.368691494465,0.512,0.384
11815.368957708279,0.528,0.384
11815.369223922095,0.52,0.384
11815.369490135909,0.504,0.392
11815.369756349723,0.512,0.384
11815.370022563537,0.528,0.41600000000000004
11815.37028877735,0.528,0.392
11815.370554991167,0.512,0.41600000000000004
11815.37082120498,0.528,0.40800000000000003
11815.371087418795,0.512,0.424
11815.371353632609,0.528,0.41600000000000004
11815.371619846423,0.512,0.432
11815.371886060238,0.512,0.432
11815.372152274052,0.536,0.41600000000000004
11815.372418487867,0.512,0.424
11815.37268470168,0.52,0.40800000000000003
11815.372950915496,0.512,0.40800000000000003
11815.37321712931,0.528,0.384
11815.373483343124,0.512,0.384
11815.373749556938,0.528,0.384
11815.374015770753,0.52,0.384
11815.374281984568,0.512,0.424
11815.374548198382,0.512,0.424
11815.374814412196,0.528,0.4
11815.37508062601,0.512,0.4
11815.375346839824,0.52,0.384
11815.37561305364,0.512,0.392
11815.375879267454,0.528,0.424
11815.376145481268,0.52,0.4
11815.376411695082,0.536,0.392
11815.376677908898,0.528,0.384
11815.376944122712,0.512,0.392
11815.377210336526,0.512,0.384
11815.37747655034,0.528,0.424
11815.377742764154,0.512,0.424
11815.37800897797,0.536,0.392
11815.378275191784,0.528,0.4
11815.378541405598,0.512,0.392
11815.378807619412,0.512,0.392
11815.379073833226,0.52,0.4
11815.379340047042,0.512,0.392
11815.379606260856,0.528,0.392
11815.37987247467,0.512,0.392
11815.380138688484,0.528,0.384
11815.3804049023,0.512,0.392
11815.380671116114,0.528,0.392
11815.380937329928,0.512,0.4
11815.381203543742,0.52,0.384
11815.381469757556,0.512,0.384
11815.381735971372,0.528,0.392
11815.382002185186,0.528,0.392
11815.382268399,0.512,0.392
11815.382534612814,0.52,0.392
11815.382800826628,0.528,0.4
11815.383067040444,0.52,0.4
11815.383333254258,0.536,0.384
11815.383599468072,0.504,0.392
11815.383865681886,0.528,0.392
11815.3841318957,0.512,0.392
11815.384398109516,0.528,0.4
11815.38466432333,0.512,0.4
11815.384930537144,0.528,0.392
11815.385196750958,0.528,0.392
11815.385462964774,0.512,0.392
11815.385729178588,0.512,0.4
11815.385995392402,0.536,0.392
11815.386261606216,0.512,0.4
11815.38652782003,0.528,0.384
11815.386794033846,0.512,0.384
11815.38706024766,0.528,0.4
11815.387326461474,0.528,0.392
11815.387592675288,0.512,0.4
11815.387858889102,0.512,0.392
11815.388125102918,0.52,0.384
11815.388391316732,0.512,0.392
11815.388657530546,0.52,0.4
11815.38892374436,0.52,0.392
11815.389189958176,0.504,0.4
11815.38945617199,0.512,0.392
11815.389722385804,0.528,0.4
11815.389988599618,0.512,0.392
11815.390254813432,0.528,0.4
11815.390521027248,0.528,0.392
11815.390787241062,0.512,0.4
11815.391053454876,0.512,0.4
11815.39131966869,0.528,0.384
11815.391585882504,0.512,0.4
11815.39185209632,0.528,0.384
11815.392118310134,0.528,0.384
11815.392384523948,0.512,0.4
11815.392650737762,0.512,0.392
11815.392916951578,0.536,0.4
11815.393183165392,0.52,0.384
11815.393449379206,0.528,0.384
11815.39371559302,0.512,0.384
11815.393981806834,0.528,0.376
11815.39424802065,0.536,0.376
11815.394514234464,0.512,0.336
11815.394780448278,0.528,0.328
11815.395046662092,0.512,0.168
11815.395312875906,0.512,0.16
11815.395579089722,0.528,0.056
11815.395845303536,0.512,0.048
11815.39611151735,0.52,0.008
11815.396377731164,0.512,0.008
11815.39664394498,0.52,-0.008
11815.396910158794,0.512,-0.008
11815.397176372608,0.52,0.0
11815.397442586422,0.528,-0.008
11815.397708800236,0.512,0.0
11815.397975014052,0.512,0.0
11815.398241227866,0.536,-0.008
11815.39850744168,0.528,-0.008
11815.398773655494,0.504,0.0
11815.399039869308,0.52,0.0
11815.399306083124,0.512,-0.008
11815.399572296938,0.512,0.0
11815.399838510752,0.536,-0.008
11815.400104724566,0.512,-0.016
11815.400370938381,0.536,0.0
11815.400637152195,0.536,0.0
11815.40090336601,0.512,-0.016
11815.401169579824,0.536,-0.016
11815.401435793638,0.512,0.0
11815.401702007453,0.512,0.0
11815.401968221267,0.536,-0.008
11815.402234435081,0.544,-0.008
11815.402500648896,0.512,0.0
11815.40276686271,0.512,0.0
11815.403033076525,0.528,-0.008
11815.40329929034,0.512,-0.008
11815.403565504153,0.528,0.0
11815.403831717967,0.512,0.0
11815.404097931782,0.528,-0.008
11815.404364145597,0.512,-0.008
11815.404630359411,0.528,0.0
11815.404896573225,0.528,0.0
11815.40516278704,0.504,-0.008
11815.405429000855,0.512,0.0
11815.40569521467,0.528,-0.008
11815.405961428483,0.512,0.0
11815.406227642297,0.528,-0.008
11815.406493856111,0.512,0.0
11815.406760069927,0.528,-0.016
11815.407026283741,0.528,-0.008
11815.407292497555,0.512,0.0
11815.40755871137,0.512,0.0
11815.407824925183,0.528,-0.016
11815.408091139,0.512,0.0
11815.408357352813,0.528,-0.008
11815.408623566627,0.512,0.0
11815.408889780441,0.528,-0.008
11815.409155994257,0.52,-0.008
11815.409422208071,0.536,0.0
11815.409688421885,0.512,0.0
11815.4099546357,0.528,-0.008
11815.410220849513,0.512,0.0
11815.41048706333,0.528,-0.016
11815.410753277143,0.512,0.0
11815.411019490957,0.528,-0.016
11815.411285704771,0.512,-0.016
11815.411551918585,0.536,0.0
11815.411818132401,0.536,0.0
11815.412084346215,0.512,-0.016
11815.41235056003,0.52,0.0
11815.412616773843,0.504,-0.016
11815.412882987659,0.512,0.0
11815.413149201473,0.528,-0.016
11815.413415415287,0.512,0.0
11815.413681629101,0.528,-0.016
11815.413947842915,0.512,-0.016
11815.414214056731,0.52,0.0
11815.414480270545,0.512,0.0
11815.414746484359,0.528,-0.016
11815.415012698173,0.512,-0.016
11815.415278911987,0.52,0.0
11815.415545125803,0.52,-0.016
11815.415811339617,0.504,0.0
11815.416077553431,0.512,0.0
11815.416343767245,0.52,-0.016
11815.41660998106,0.512,-0.016
11815.416876194875,0.528,0.0
11815.417142408689,0.528,-0.016
11815.417408622503,0.512,0.0
11815.417674836317,0.528,0.0
11815.417941050133,0.512,-0.016
11815.418207263947,0.512,0.0
11815.418473477761,0.52,-0.016
11815.418739691575,0.512,0.0
11815.419005905389,0.528,-0.016
11815.419272119205,0.528,0.0
11815.419538333019,0.512,-0.016
11815.419804546833,0.512,0.0
11815.420070760647,0.528,-0.016
11815.420336974463,0.512,0.0
11815.420603188277,0.528,-0.016
11815.42086940209,0.512,0.0
11815.421135615905,0.528,-0.016
11815.421401829719,0.512,0.0
11815.421668043535,0.536,-0.016
11815.421934257349,0.528,0.0
11815.422200471163,0.504,-0.016
11815.422466684977,0.504,0.0
11815.42273289879,0.52,-0.016
11815.422999112607,0.512,-0.016
11815.42326532642,0.528,0.0
11815.423531540235,0.512,0.0
11815.423797754049,0.528,-0.016
11815.424063967863,0.52,0.0
11815.424330181679,0.536,-0.016
11815.424596395493,0.536,-0.016
11815.424862609307,0.512,0.0
11815.42512882312,0.512,-0.016
11815.425395036937,0.52,0.0
11815.42566125075,0.512,-0.016
11815.425927464565,0.52,0.0
11815.426193678379,0.512,0.0
11815.426459892193,0.528,-0.016
11815.426726106009,0.512,0.0
11815.426992319823,0.528,-0.016
11815.427258533637,0.512,-0.016
11815.42752474745,0.528,0.0
11815.427790961265,0.512,0.0
11815.42805717508,0.52,-0.016
11815.428323388895,0.512,0.0
11815.428589602709,0.528,-0.016
11815.428855816523,0.512,-0.016
11815.429122030338,0.52,0.0
11815.429388244153,0.512,0.0
11815.429654457967,0.528,-0.016
11815.42992067178,0.512,-0.016
11815.430186885595,0.52,0.0
11815.43045309941,0.528,-0.016
11815.430719313224,0.504,0.0
11815.430985527039,0.512,0.0
11815.431251740853,0.528,-0.016
11815.431517954667,0.512,-0.016
11815.431784168482,0.528,0.0
11815.432050382296,0.512,-0.016
11815.43231659611,0.528,0.0
11815.432582809924,0.512,-0.016
11815.43284902374,0.528,0.0
11815.433115237554,0.512,-0.016
11815.433381451368,0.528,0.0
11815.433647665182,0.512,0.0
11815.433913878996,0.528,-0.016
11815.434180092812,0.512,0.0
11815.434446306626,0.528,-0.016
11815.43471252044,0.528,0.0
11815.434978734254,0.504,-0.016
11815.435244948068,0.512,-0.016
11815.435511161884,0.528,0.0
11815.435777375698,0.512,-0.016
11815.436043589512,0.536,0.0
11815.436309803326,0.52,0.0
11815.436576017142,0.504,-0.016
11815.436842230956,0.512,-0.016
11815.43710844477,0.528,0.0
11815.437374658584,0.512,-0.016
11815.437640872398,0.528,0.0
11815.437907086214,0.512,-0.016
11815.438173300028,0.528,0.0
11815.438439513842,0.512,-0.016
11815.438705727656,0.528,0.0
11815.43897194147,0.512,-0.016
11815.439238155286,0.528,0.0
11815.4395043691,0.512,0.0
11815.439770582914,0.52,-0.016
11815.440036796728,0.512,0.0
11815.440303010544,0.528,-0.016
11815.440569224358,0.528,-0.016
11815.440835438172,0.512,0.0
11815.441101651986,0.528,0.0
11815.4413678658,0.512,-0.016
11815.441634079616,0.512,-0.008
11815.44190029343,0.528,-0.016
11815.442166507244,0.52,0.0
11815.442432721058,0.504,-0.016
11815.442698934872,0.52,0.0
11815.442965148688,0.512,-0.016
11815.443231362502,0.528,-0.016
11815.443497576316,0.512,0.0
11815.44376379013,0.512,0.0
11815.444030003944,0.528,-0.016
11815.44429621776,0.52,-0.016
11815.444562431574,0.512,0.0
11815.444828645388,0.512,-0.016
11815.445094859202,0.528,0.0
11815.445361073018,0.52,0.0
11815.445627286832,0.536,-0.016
11815.445893500646,0.512,-0.016
11815.44615971446,0.536,0.0
11815.446425928274,0.528,-0.016
11815.44669214209,0.512,0.0
11815.446958355904,0.512,0.0
11815.447224569718,0.528,-0.016
11815.447490783532,0.512,-0.016
11815.447756997346,0.528,0.0
11815.448023211162,0.528,0.0
11815.448289424976,0.504,-0.016
11815.44855563879,0.512,-0.016
11815.448821852604,0.536,0.0
11815.44908806642,0.536,-0.016
11815.449354280234,0.52,0.0
11815.449620494048,0.52,-0.016
11815.449886707862,0.528,0.0
11815.450152921676,0.52,-0.016
11815.450419135492,0.528,0.0
11815.450685349306,0.52,0.0
11815.45095156312,0.528,-0.016
11815.451217776934,0.52,-0.016
11815.451483990748,0.536,0.0
11815.451750204564,0.52,-0.016
11815.452016418378,0.536,0.0
11815.452282632192,0.52,0.0
11815.452548846006,0.536,-0.016
11815.452815059822,0.528,-0.016
11815.453081273636,0.512,0.0
11815.45334748745,0.52,-0.016
11815.453613701264,0.536,0.0
11815.453879915078,0.52,-0.016
11815.454146128894,0.536,0.0
11815.454412342708,0.52,0.0
11815.454678556522,0.536,-0.016
11815.454944770336,0.52,-0.016
11815.45521098415,0.536,0.0
11815.455477197966,0.52,-0.016
11815.45574341178,0.536,0.0
11815.456009625594,0.52,0.0
11815.456275839408,0.528,-0.016
11815.456542053224,0.52,-0.016
11815.456808267038,0.536,0.0
11815.457074480852,0.52,-0.016
11815.457340694666,0.528,0.0
11815.45760690848,0.52,-0.016
11815.457873122295,0.536,0.0
11815.45813933611,0.512,0.0
11815.458405549924,0.536,-0.016
11815.458671763738,0.52,-0.016
11815.458937977552,0.528,0.0
11815.459204191367,0.52,0.0
11815.459470405181,0.528,-0.016
11815.459736618996,0.52,-0.016
11815.46000283281,0.528,0.0
11815.460269046625,0.52,-0.016
11815.46053526044,0.536,0.0
11815.460801474253,0.52,-0.008
11815.461067688067,0.536,0.024
11815.461333901882,0.52,0.024
11815.461600115697,0.536,0.128
11815.461866329511,0.52,0.136
11815.462132543325,0.536,0.28
11815.46239875714,0.52,0.28800000000000003
11815.462664970953,0.528,0.36
11815.46293118477,0.52,0.36
11815.463197398583,0.536,0.384
11815.463463612397,0.52,0.384
11815.463729826211,0.528,0.384
11815.463996040025,0.52,0.384
11815.464262253841,0.536,0.392
11815.464528467655,0.536,0.392
11815.46479468147,0.52,0.4
11815.465060895283,0.52,0.4
11815.4653271091,0.536,0.384
11815.465593322913,0.52,0.392
11815.465859536727,0.536,0.392
11815.466125750541,0.52,0.4
11815.466391964355,0.536,0.384
11815.466658178171,0.52,0.4
11815.466924391985,0.536,0.392
11815.4671906058,0.52,0.4
11815.467456819613,0.536,0.392
11815.467723033427,0.536,0.392
11815.467989247243,0.52,0.4
11815.468255461057,0.52,0.4
11815.468521674871,0.536,0.392
11815.468787888685,0.528,0.392
11815.469054102501,0.512,0.392
11815.469320316315,0.512,0.4
11815.46958653013,0.528,0.384
11815.469852743943,0.52,0.392
11815.470118957757,0.528,0.4
11815.470385171573,0.52,0.392
11815.470651385387,0.528,0.4
11815.470917599201,0.52,0.392
11815.471183813015,0.536,0.4
11815.47145002683,0.52,0.392
11815.471716240645,0.528,0.384
11815.471982454459,0.52,0.392
11815.472248668273,0.528,0.384
11815.472514882087,0.52,0.4
11815.472781095903,0.536,0.392
11815.473047309717,0.52,0.392
11815.473313523531,0.536,0.4
11815.473579737345,0.52,0.392
11815.47384595116,0.528,0.392
11815.474112164975,0.52,0.4
11815.474378378789,0.528,0.384
11815.474644592603,0.528,0.392
11815.474910806417,0.512,0.4
11815.475177020231,0.52,0.4
11815.475443234047,0.528,0.392
11815.475709447861,0.512,0.392
11815.475975661675,0.536,0.4
11815.476241875489,0.536,0.392
11815.476508089305,0.512,0.4
11815.476774303119,0.528,0.392
11815.477040516933,0.512,0.384
11815.477306730747,0.528,0.384
11815.477572944561,0.504,0.4
11815.477839158377,0.512,0.4
11815.47810537219,0.52,0.392
11815.478371586005,0.512,0.4
11815.478637799819,0.528,0.384
11815.478904013633,0.512,0.392
11815.479170227449,0.528,0.4
11815.479436441263,0.512,0.4
11815.479702655077,0.528,0.392
11815.47996886889,0.528,0.392
11815.480235082707,0.512,0.4
11815.48050129652,0.512,0.392
11815.480767510335,0.528,0.392
11815.481033724149,0.512,0.392
11815.481299937963,0.528,0.392
11815.481566151779,0.512,0.4
11815.481832365593,0.528,0.384
11815.482098579407,0.512,0.4
11815.48236479322,0.536,0.384
11815.482631007035,0.528,0.4
11815.48289722085,0.512,0.384
11815.483163434665,0.512,0.384
11815.483429648479,0.528,0.4
11815.483695862293,0.536,0.392
11815.483962076107,0.512,0.41600000000000004
11815.484228289923,0.512,0.40800000000000003
11815.484494503737,0.528,0.424
11815.48476071755,0.512,0.41600000000000004
11815.485026931365,0.528,0.432
11815.48529314518,0.512,0.41600000000000004
11815.485559358995,0.528,0.432
11815.485825572809,0.512,0.40800000000000003
11815.486091786623,0.528,0.384
11815.486358000437,0.512,0.384
11815.486624214253,0.528,0.4
11815.486890428067,0.536,0.384
11815.48715664188,0.512,0.41600000000000004
11815.487422855695,0.512,0.424
11815.487689069509,0.528,0.392
11815.487955283324,0.512,0.384
11815.488221497139,0.528,0.4
11815.488487710953,0.512,0.384
11815.488753924767,0.528,0.392
11815.489020138582,0.528,0.384
11815.489286352396,0.512,0.4
11815.48955256621,0.512,0.392
11815.489818780025,0.536,0.384
11815.490084993839,0.512,0.384
11815.490351207654,0.536,0.4
11815.490617421468,0.544,0.4
11815.490883635282,0.512,0.41600000000000004
11815.491149849096,0.512,0.41600000000000004
11815.49141606291,0.536,0.432
11815.491682276726,0.52,0.41600000000000004
11815.49194849054,0.512,0.424
11815.492214704354,0.512,0.432
11815.492480918168,0.536,0.40800000000000003
11815.492747131984,0.528,0.40800000000000003
11815.493013345798,0.512,0.424
11815.493279559612,0.512,0.41600000000000004
11815.493545773426,0.528,0.392
11815.49381198724,0.528,0.384
11815.494078201056,0.512,0.41600000000000004
11815.49434441487,0.512,0.424
11815.494610628684,0.536,0.392
11815.494876842498,0.536,0.392
11815.495143056312,0.512,0.384
11815.495409270128,0.512,0.384
11815.495675483942,0.528,0.4
11815.495941697756,0.52,0.392
11815.49620791157,0.536,0.40800000000000003
11815.496474125386,0.52,0.4
11815.4967403392,0.536,0.384
11815.497006553014,0.536,0.384
11815.497272766828,0.52,0.40800000000000003
11815.497538980642,0.52,0.40800000000000003
11815.497805194458,0.536,0.424
11815.498071408272,0.52,0.41600000000000004
11815.498337622086,0.536,0.432
11815.4986038359,0.52,0.432
11815.498870049714,0.528,0.41600000000000004
11815.49913626353,0.52,0.424
11815.499402477344,0.528,0.41600000000000004
11815.499668691158,0.52,0.432
11815.499934904972,0.528,0.4
11815.500201118788,0.52,0.4
11815.500467332602,0.536,0.384
11815.500733546416,0.52,0.384
11815.50099976023,0.544,0.392
11815.501265974044,0.52,0.384
11815.50153218786,0.528,0.40800000000000003
11815.501798401674,0.52,0.40800000000000003
11815.502064615488,0.536,0.424
11815.502330829302,0.52,0.432
11815.502597043116,0.536,0.392
11815.502863256932,0.52,0.392
11815.503129470746,0.528,0.384
11815.50339568456,0.52,0.384
11815.503661898374,0.536,0.392
11815.503928112188,0.536,0.392
11815.504194326004,0.52,0.40800000000000003
11815.504460539818,0.52,0.41600000000000004
11815.504726753632,0.528,0.432
11815.504992967446,0.52,0.432
11815.505259181262,0.536,0.41600000000000004
11815.505525395076,0.52,0.41600000000000004
11815.50579160889,0.536,0.424
11815.506057822704,0.52,0.432
11815.506324036518,0.536,0.41600000000000004
11815.506590250334,0.52,0.424
11815.506856464148,0.536,0.40800000000000003
11815.507122677962,0.52,0.40800000000000003
11815.507388891776,0.528,0.424
11815.50765510559,0.52,0.41600000000000004
11815.507921319406,0.536,0.432
11815.50818753322,0.52,0.41600000000000004
11815.508453747034,0.536,0.432
11815.508719960848,0.512,0.432
11815.508986174664,0.528,0.41600000000000004
11815.509252388478,0.52,0.41600000000000004
11815.509518602292,0.528,0.432
11815.509784816106,0.512,0.424
11815.51005102992,0.528,0.41600000000000004
11815.510317243736,0.512,0.424
11815.51058345755,0.528,0.40800000000000003
11815.510849671364,0.504,0.41600000000000004
11815.511115885178,0.528,0.424
11815.511382098992,0.512,0.41600000000000004
11815.511648312808,0.536,0.432
11815.511914526622,0.528,0.41600000000000004
11815.512180740436,0.512,0.432
11815.51244695425,0.52,0.4
11815.512713168066,0.528,0.424
11815.51297938188,0.512,0.41600000000000004
11815.513245595694,0.536,0.432
11815.513511809508,0.512,0.40800000000000003
11815.513778023322,0.528,0.384
11815.514044237138,0.512,0.392
11815.514310450952,0.528,0.41600000000000004
11815.514576664766,0.52,0.424
11815.51484287858,0.528,0.40800000000000003
11815.515109092394,0.512,0.40800000000000003
11815.51537530621,0.536,0.424
11815.515641520024,0.528,0.41600000000000004
11815.515907733838,0.512,0.432
11815.516173947652,0.512,0.41600000000000004
11815.516440161467,0.52,0.432
11815.516706375282,0.528,0.41600000000000004
11815.516972589096,0.512,0.432
11815.51723880291,0.512,0.41600000000000004
11815.517505016724,0.528,0.432
11815.51777123054,0.512,0.41600000000000004
11815.518037444353,0.528,0.392
11815.518303658167,0.512,0.392
11815.518569871982,0.536,0.384
11815.518836085796,0.52,0.376
11815.519102299611,0.528,0.384
11815.519368513425,0.504,0.392
11815.51963472724,0.528,0.384
11815.519900941053,0.512,0.384
11815.52016715487,0.528,0.4
11815.520433368683,0.52,0.4
11815.520699582497,0.536,0.424
11815.520965796311,0.52,0.40800000000000003
11815.521232010125,0.528,0.424
11815.521498223941,0.52,0.424
11815.521764437755,0.536,0.41600000000000004
11815.52203065157,0.52,0.424
11815.522296865383,0.536,0.4
11815.522563079197,0.52,0.392
11815.522829293013,0.536,0.41600000000000004
11815.523095506827,0.52,0.424
11815.523361720641,0.536,0.40800000000000003
11815.523627934455,0.512,0.41600000000000004
11815.52389414827,0.536,0.392
11815.524160362085,0.528,0.4
11815.5244265759,0.512,0.384
11815.524692789713,0.512,0.384
11815.524959003527,0.528,0.392
11815.525225217343,0.528,0.384
11815.525491431157,0.512,0.392
11815.525757644971,0.512,0.384
11815.526023858785,0.528,0.41600000000000004
11815.5262900726,0.528,0.392
11815.526556286415,0.512,0.40800000000000003
11815.52682250023,0.512,0.41600000000000004
11815.527088714043,0.52,0.384
11815.527354927857,0.512,0.384
11815.527621141671,0.528,0.312
11815.527887355487,0.528,0.304
11815.528153569301,0.512,0.16
11815.528419783115,0.528,0.152
11815.52868599693,0.504,0.056
11815.528952210745,0.504,0.048
11815.529218424559,0.52,0.008
11815.529484638373,0.528,0.008
11815.529750852187,0.512,-0.008
11815.530017066001,0.528,0.0
11815.530283279817,0.512,-0.008
11815.530549493631,0.52,0.0
11815.530815707445,0.512,-0.008
11815.53108192126,0.512,-0.008
11815.531348135073,0.528,0.0
11815.531614348889,0.528,-0.008
11815.531880562703,0.512,0.0
11815.532146776517,0.512,0.0
11815.532412990331,0.528,-0.008
11815.532679204147,0.536,0.0
11815.532945417961,0.512,-0.008
11815.533211631775,0.512,-0.008
11815.533477845589,0.52,0.0
11815.533744059403,0.512,-0.008
11815.534010273219,0.528,0.0
11815.534276487033,0.512,-0.008
11815.534542700847,0.528,0.0
11815.534808914661,0.512,0.0
11815.535075128475,0.536,-0.016
11815.53534134229,0.528,0.0
11815.535607556105,0.512,-0.016
11815.535873769919,0.536,0.0
11815.536139983733,0.512,-0.016
11815.536406197549,0.496,-0.016
11815.536672411363,0.528,0.0
11815.536938625177,0.512,-0.016
11815.53720483899,0.536,0.0
11815.537471052805,0.528,-0.016
11815.53773726662,0.512,0.0
11815.538003480435,0.512,-0.016
11815.538269694249,0.528,0.0
11815.538535908063,0.512,0.0
11815.538802121877,0.528,-0.008
11815.539068335693,0.528,0.0
11815.539334549507,0.512,-0.008
11815.53960076332,0.512,0.0
11815.539866977135,0.528,-0.008
11815.54013319095,0.52,0.0
11815.540399404765,0.536,-0.008
11815.540665618579,0.536,0.0
11815.540931832393,0.512,-0.016
11815.541198046207,0.512,0.0
11815.541464260023,0.536,-0.016
11815.541730473837,0.512,-0.016
11815.54199668765,0.528,0.0
11815.542262901465,0.528,0.0
11815.542529115279,0.496,-0.016
11815.542795329095,0.512,-0.008
11815.543061542909,0.536,0.0
11815.543327756723,0.52,0.0
11815.543593970537,0.528,-0.016
11815.54386018435,0.528,0.0
11815.544126398167,0.512,-0.016
11815.54439261198,0.52,0.0
11815.544658825795,0.536,-0.016
11815.544925039609,0.52,-0.016
11815.545191253424,0.536,0.0
11815.545457467239,0.52,0.0
11815.545723681053,0.536,-0.016
11815.545989894867,0.52,-0.008
11815.54625610868,0.536,0.0
11815.546522322496,0.528,0.0
11815.54678853631,0.512,-0.016
11815.547054750125,0.528,-0.016
11815.547320963939,0.512,0.0
11815.547587177753,0.512,-0.016
11815.547853391568,0.528,0.0
11815.548119605382,0.512,0.0
11815.548385819196,0.528,-0.016
11815.54865203301,0.512,0.0
11815.548918246826,0.528,-0.016
11815.54918446064,0.536,-0.016
11815.549450674454,0.52,0.0
11815.549716888268,0.528,0.0
11815.549983102082,0.504,-0.016
11815.550249315898,0.512,0.0
11815.550515529712,0.536,-0.016
11815.550781743526,0.52,0.0
11815.55104795734,0.536,-0.016
11815.551314171154,0.512,-0.016
11815.55158038497,0.528,0.0
11815.551846598784,0.512,0.0
11815.552112812598,0.528,-0.016
11815.552379026412,0.512,-0.016
11815.552645240228,0.528,0.0
11815.552911454042,0.512,-0.016
11815.553177667856,0.52,0.0
11815.55344388167,0.512,-0.016
11815.553710095484,0.52,0.0
11815.5539763093,0.528,-0.016
11815.554242523114,0.504,0.0
11815.554508736928,0.512,-0.016
11815.554774950742,0.528,0.0
11815.555041164556,0.536,0.0
11815.555307378372,0.512,-0.016
11815.555573592186,0.512,-0.016
11815.555839806,0.528,0.0
11815.556106019814,0.512,0.0
11815.55637223363,0.528,-0.016
11815.556638447444,0.512,0.0
11815.556904661258,0.52,-0.016
11815.557170875072,0.512,0.0
11815.557437088886,0.536,-0.016
11815.557703302702,0.504,-0.016
11815.557969516516,0.52,0.0
11815.55823573033,0.536,-0.016
11815.558501944144,0.512,0.0
11815.558768157958,0.52,-0.016
11815.559034371774,0.504,0.0
11815.559300585588,0.512,0.0
11815.559566799402,0.536,-0.016
11815.559833013216,0.528,-0.016
11815.560099227032,0.512,0.0
11815.560365440846,0.504,0.0
11815.56063165466,0.52,-0.016
11815.560897868474,0.512,-0.016
11815.561164082288,0.528,0.0
11815.561430296104,0.512,-0.016
11815.561696509918,0.52,0.0
11815.561962723732,0.504,0.0
11815.562228937546,0.528,-0.016
11815.56249515136,0.536,0.0
11815.562761365176,0.512,-0.016
11815.56302757899,0.512,0.0
11815.563293792804,0.528,-0.016
11815.563560006618,0.512,-0.016
11815.563826220432,0.52,0.0
11815.564092434248,0.52,-0.016
11815.564358648062,0.496,0.0
11815.564624861876,0.512,0.0
11815.56489107569,0.528,-0.016
11815.565157289506,0.52,-0.016
11815.56542350332,0.536,0.0
11815.565689717134,0.52,-0.016
11815.565955930948,0.536,0.0
11815.566222144762,0.52,0.0
11815.566488358578,0.536,-0.016
11815.566754572392,0.536,0.0
11815.567020786206,0.52,-0.016
11815.56728700002,0.52,0.0
11815.567553213834,0.536,-0.016
11815.56781942765,0.536,0.0
11815.568085641464,0.52,-0.016
11815.568351855278,0.52,-0.016
11815.568618069092,0.536,0.0
11815.568884282908,0.52,-0.016
11815.569150496722,0.536,0.0
11815.569416710536,0.52,-0.016
11815.56968292435,0.536,0.0
11815.569949138164,0.52,-0.016
11815.57021535198,0.528,0.0
11815.570481565794,0.52,0.0
11815.570747779608,0.528,-0.016
11815.571013993422,0.52,-0.016
11815.571280207236,0.528,0.0
11815.571546421052,0.52,0.0
11815.571812634866,0.536,-0.016
11815.57207884868,0.52,0.0
11815.572345062494,0.536,-0.016
11815.57261127631,0.52,-0.016
11815.572877490124,0.536,0.0
11815.573143703938,0.52,0.0
11815.573409917752,0.536,-0.016
11815.573676131566,0.52,0.0
11815.573942345382,0.536,-0.016
11815.574208559196,0.52,-0.016
11815.57447477301,0.536,0.0
11815.574740986824,0.52,0.0
11815.575007200638,0.536,-0.016
11815.575273414453,0.52,0.0
11815.575539628268,0.536,-0.016
11815.575805842082,0.52,0.0
11815.576072055896,0.528,-0.016
11815.576338269711,0.52,-0.016
11815.576604483525,0.536,0.0
11815.57687069734,0.536,-0.016
11815.577136911154,0.52,0.0
11815.577403124968,0.52,-0.016
11815.577669338783,0.536,0.0
11815.577935552597,0.52,0.0
11815.578201766411,0.536,-0.016
11815.578467980225,0.52,-0.016
11815.57873419404,0.536,0.0
11815.579000407855,0.52,0.0
11815.57926662167,0.536,-0.016
11815.579532835483,0.52,-0.016
11815.579799049297,0.536,0.0
11815.580065263113,0.52,-0.016
11815.580331476927,0.528,0.0
11815.580597690741,0.52,0.0
11815.580863904555,0.528,-0.016
11815.58113011837,0.52,-0.016
11815.581396332185,0.528,0.0
11815.581662546,0.52,0.0
11815.581928759813,0.536,-0.016
11815.582194973627,0.52,-0.016
11815.582461187441,0.536,0.0
11815.582727401257,0.52,0.0
11815.582993615071,0.528,-0.016
11815.583259828885,0.52,-0.016
11815.5835260427,0.528,0.0
11815.583792256513,0.52,0.0
11815.58405847033,0.536,-0.016
11815.584324684143,0.52,-0.016
11815.584590897957,0.536,0.0
11815.584857111771,0.52,-0.016
11815.585123325587,0.528,0.0
11815.585389539401,0.52,0.0
11815.585655753215,0.536,-0.016
11815.58592196703,0.52,-0.016
11815.586188180843,0.528,0.0
11815.586454394659,0.52,0.0
11815.586720608473,0.536,-0.016
11815.586986822287,0.52,0.0
11815.587253036101,0.536,-0.016
11815.587519249915,0.52,0.0
11815.587785463731,0.528,-0.016
11815.588051677545,0.52,-0.016
11815.58831789136,0.536,0.0
11815.588584105173,0.52,0.0
11815.588850318989,0.528,-0.016
11815.589116532803,0.52,-0.016
11815.589382746617,0.528,0.0
11815.589648960431,0.52,0.0
11815.589915174245,0.528,-0.016
11815.590181388061,0.52,-0.016
11815.590447601875,0.528,0.0
11815.590713815689,0.52,-0.016
11815.590980029503,0.528,0.0
11815.591246243317,0.528,0.0
11815.591512457133,0.512,-0.016
11815.591778670947,0.512,0.0
11815.592044884761,0.536,-0.016
11815.592311098575,0.52,-0.016
11815.59257731239,0.536,0.0
11815.592843526205,0.512,-0.016
11815.593109740019,0.528,0.0
11815.593375953833,0.512,-0.008
11815.593642167647,0.536,0.0
11815.593908381463,0.528,-0.008
11815.594174595277,0.512,0.024
11815.59444080909,0.536,0.024
11815.594707022905,0.512,0.128
11815.594973236719,0.512,0.14400000000000002
11815.595239450535,0.528,0.296
11815.595505664349,0.512,0.304
11815.595771878163,0.536,0.376
11815.596038091977,0.528,0.368
11815.596304305793,0.512,0.384
11815.596570519607,0.504,0.384
11815.59683673342,0.528,0.40800000000000003
11815.597102947235,0.528,0.40800000000000003
11815.597369161049,0.512,0.424
11815.597635374865,0.512,0.424
11815.597901588679,0.528,0.392
11815.598167802493,0.512,0.4
11815.598434016307,0.528,0.384
11815.59870023012,0.512,0.392
11815.598966443937,0.528,0.384
11815.59923265775,0.512,0.384
11815.599498871565,0.536,0.392
11815.599765085379,0.528,0.384
11815.600031299195,0.512,0.41600000000000004
11815.600297513009,0.512,0.41600000000000004
11815.600563726823,0.52,0.424
11815.600829940637,0.528,0.41600000000000004
11815.60109615445,0.504,0.432
11815.601362368267,0.504,0.41600000000000004
11815.60162858208,0.528,0.424
11815.601894795895,0.512,0.41600000000000004
11815.602161009709,0.528,0.384
11815.602427223523,0.536,0.384
11815.602693437339,0.512,0.392
11815.602959651153,0.52,0.384
11815.603225864967,0.504,0.392
11815.60349207878,0.504,0.384
11815.603758292595,0.52,0.384
11815.60402450641,0.512,0.384
11815.604290720225,0.528,0.384
11815.604556934039,0.512,0.384
11815.604823147853,0.536,0.392
11815.605089361668,0.528,0.384
11815.605355575482,0.512,0.41600000000000004
11815.605621789296,0.512,0.41600000000000004
11815.60588800311,0.536,0.384
11815.606154216925,0.528,0.392
11815.60642043074,0.512,0.384
11815.606686644554,0.536,0.384
11815.606952858368,0.512,0.392
11815.607219072182,0.504,0.392
11815.607485285997,0.52,0.424
11815.607751499812,0.512,0.41600000000000004
11815.608017713626,0.528,0.432
11815.60828392744,0.512,0.41600000000000004
11815.608550141254,0.528,0.432
11815.60881635507,0.512,0.41600000000000004
11815.609082568884,0.528,0.432
11815.609348782698,0.528,0.41600000000000004
11815.609614996512,0.512,0.432
11815.609881210326,0.512,0.41600000000000004
11815.610147424142,0.528,0.432
11815.610413637956,0.528,0.424
11815.61067985177,0.512,0.41600000000000004
11815.610946065584,0.52,0.41600000000000004
11815.611212279398,0.512,0.392
11815.611478493214,0.512,0.4
11815.611744707028,0.528,0.384
11815.612010920842,0.528,0.392
11815.612277134656,0.512,0.41600000000000004
11815.612543348472,0.504,0.424
11815.612809562286,0.528,0.40800000000000003
11815.6130757761,0.512,0.41600000000000004
11815.613341989914,0.528,0.392
11815.613608203728,0.512,0.384
11815.613874417544,0.528,0.4
11815.614140631358,0.512,0.40800000000000003
11815.614406845172,0.528,0.392
11815.614673058986,0.536,0.384
11815.6149392728,0.504,0.4
11815.615205486616,0.504,0.384
11815.61547170043,0.52,0.384
11815.615737914244,0.512,0.384
11815.616004128058,0.528,0.392
11815.616270341874,0.528,0.384
11815.616536555688,0.512,0.41600000000000004
11815.616802769502,0.512,0.424
11815.617068983316,0.528,0.392
11815.61733519713,0.512,0.392
11815.617601410946,0.52,0.40800000000000003
11815.61786762476,0.52,0.40800000000000003
11815.618133838574,0.504,0.41600000000000004
11815.618400052388,0.512,0.424
11815.618666266202,0.528,0.40800000000000003
11815.618932480018,0.528,0.41600000000000004
11815.619198693832,0.504,0.424
11815.619464907646,0.504,0.41600000000000004
11815.61973112146,0.52,0.4
11815.619997335276,0.512,0.4
11815.62026354909,0.52,0.384
11815.620529762904,0.512,0.384
11815.620795976718,0.528,0.392
11815.621062190532,0.52,0.384
11815.621328404348,0.512,0.41600000000000004
11815.621594618162,0.512,0.41600000000000004
11815.621860831976,0.536,0.424
11815.62212704579,0.528,0.432
11815.622393259604,0.512,0.4
11815.62265947342,0.512,0.4
11815.622925687234,0.528,0.384
11815.623191901048,0.512,0.384
11815.623458114862,0.536,0.4
11815.623724328676,0.528,0.392
11815.623990542492,0.512,0.41600000000000004
11815.624256756306,0.512,0.424
11815.62452297012,0.528,0.4
11815.624789183934,0.512,0.4
11815.62505539775,0.528,0.384
11815.625321611564,0.512,0.384
11815.625587825378,0.528,0.392
11815.625854039192,0.52,0.392
11815.626120253006,0.528,0.41600000000000004
11815.626386466822,0.52,0.4
11815.626652680636,0.504,0.392
11815.62691889445,0.512,0.392
11815.627185108264,0.52,0.41600000000000004
11815.627451322078,0.528,0.40800000000000003
11815.627717535894,0.512,0.424
11815.627983749708,0.512,0.41600000000000004
11815.628249963522,0.528,0.432
11815.628516177336,0.512,0.41600000000000004
11815.628782391152,0.528,0.424
11815.629048604966,0.512,0.41600000000000004
11815.62931481878,0.528,0.424
11815.629581032594,0.52,0.41600000000000004
11815.629847246408,0.536,0.432
11815.630113460224,0.536,0.41600000000000004
11815.630379674038,0.512,0.424
11815.630645887852,0.512,0.40800000000000003
11815.630912101666,0.528,0.384
11815.63117831548,0.512,0.384
11815.631444529296,0.528,0.384
11815.63171074311,0.536,0.376
11815.631976956924,0.504,0.40800000000000003
11815.632243170738,0.504,0.40800000000000003
11815.632509384553,0.52,0.424
11815.632775598368,0.512,0.41600000000000004
11815.633041812182,0.528,0.392
11815.633308025996,0.504,0.384
11815.63357423981,0.528,0.41600000000000004
11815.633840453625,0.512,0.40800000000000003
11815.63410666744,0.536,0.432
11815.634372881254,0.512,0.424
11815.634639095068,0.536,0.40800000000000003
11815.634905308882,0.56,0.41600000000000004
11815.635171522697,0.52,0.432
11815.635437736511,0.512,0.424
11815.635703950325,0.536,0.4
11815.63597016414,0.512,0.4
11815.636236377955,0.528,0.384
11815.63650259177,0.536,0.384
11815.636768805583,0.504,0.4
11815.637035019397,0.512,0.4
11815.637301233211,0.528,0.41600000000000004
11815.637567447027,0.528,0.384
11815.637833660841,0.512,0.4
11815.638099874655,0.512,0.384
11815.63836608847,0.528,0.40800000000000003
11815.638632302283,0.512,0.4
11815.6388985161,0.528,0.384
11815.639164729913,0.528,0.384
11815.639430943727,0.504,0.4
11815.639697157541,0.512,0.392
11815.639963371357,0.52,0.424
11815.640229585171,0.512,0.4
11815.640495798985,0.528,0.424
11815.6407620128,0.512,0.41600000000000004
11815.641028226613,0.528,0.384
11815.64129444043,0.512,0.384
11815.641560654243,0.528,0.392
11815.645827770233,0.528,-0.016
11815.646073603828,0.52,0.0
11815.646319437425,0.536,-0.016
11815.64656527102,0.52,0.0
11815.646811104616,0.52,0.0
11815.64705693821,0.536,-0.016
11815.647302771808,0.52,0.0
11815.647548605402,0.536,-0.016
11815.647794438997,0.52,-0.016
11815.648040272594,0.536,0.0
11815.648286106189,0.536,-0.016
11815.648531939785,0.52,0.0
11815.64877777338,0.536,-0.016
11815.649023606977,0.52,0.0
11815.649269440572,0.536,0.0
11815.649515274166,0.52,-0.016
11815.649761107763,0.52,-0.016
11815.650006941358,0.536,0.0
11815.650252774954,0.528,0.0
11815.65049860855,0.52,-0.016
11815.650744442146,0.528,-0.008
11815.65099027574,0.52,0.024
11815.651236109336,0.528,0.024
11815.651481942932,0.52,0.128
11815.651727776527,0.52,0.136
11815.651973610124,0.536,0.28
11815.652219443718,0.528,0.28800000000000003
11815.652465277315,0.52,0.368
11815.65271111091,0.528,0.368
11815.652956944505,0.52,0.384
11815.653202778101,0.52,0.392
11815.653448611696,0.536,0.40800000000000003
11815.653694445293,0.52,0.4
11815.653940278888,0.536,0.40800000000000003
11815.654186112484,0.52,0.40800000000000003
11815.654431946079,0.528,0.392
11815.654677779674,0.52,0.4
11815.65492361327,0.536,0.40800000000000003
11815.655169446865,0.536,0.4
11815.655415280462,0.52,0.392
11815.655661114057,0.52,0.40800000000000003
11815.655906947652,0.528,0.392
11815.656152781248,0.536,0.4
11815.656398614843,0.52,0.392
11815.65664444844,0.536,0.4
11815.656890282035,0.52,0.40800000000000003
11815.657136115631,0.528,0.4
11815.657381949226,0.52,0.40800000000000003
11815.65762778282,0.52,0.4
11815.657873616417,0.536,0.40800000000000003
11815.658119450012,0.528,0.40800000000000003
11815.658365283609,0.52,0.4
11815.658611117204,0.52,0.392
11815.6588569508,0.536,0.40800000000000003
11815.659102784395,0.52,0.4
11815.65934861799,0.536,0.40800000000000003
11815.659594451587,0.52,0.4
11815.659840285181,0.536,0.40800000000000003
11815.660086118778,0.52,0.40800000000000003
11815.660331952373,0.536,0.4
11815.66057778597,0.52,0.4
11815.660823619564,0.536,0.4
11815.66106945316,0.52,0.40800000000000003
11815.661315286756,0.536,0.392
11815.66156112035,0.536,0.392
11815.661806953947,0.52,0.40800000000000003
11815.662052787542,0.52,0.392
11815.662298621139,0.536,0.40800000000000003
11815.662544454734,0.52,0.4
11815.662790288328,0.536,0.40800000000000003
11815.663036121925,0.528,0.4
11815.66328195552,0.52,0.40800000000000003
11815.663527789116,0.52,0.40800000000000003
11815.663773622711,0.536,0.392
11815.664019456308,0.52,0.4
11815.664265289903,0.536,0.392
11815.664511123498,0.52,0.392
11815.664756957094,0.536,0.4
11815.665002790689,0.52,0.392
11815.665248624286,0.536,0.41600000000000004
11815.66549445788,0.528,0.41600000000000004
11815.665740291477,0.52,0.44
11815.665986125072,0.52,0.44
11815.666231958667,0.536,0.424
11815.666477792263,0.528,0.44
11815.666723625858,0.52,0.41600000000000004
11815.666969459455,0.52,0.424
11815.66721529305,0.536,0.392
11815.667461126646,0.52,0.392
11815.667706960241,0.536,0.392
11815.667952793836,0.536,0.392
11815.668198627433,0.512,0.41600000000000004
11815.668444461027,0.536,0.41600000000000004
11815.668690294624,0.512,0.432
11815.668936128219,0.52,0.432
11815.669181961815,0.536,0.424
11815.66942779541,0.528,0.41600000000000004
11815.669673629005,0.512,0.432
11815.669919462602,0.52,0.424
11815.670165296197,0.528,0.4
11815.670411129793,0.52,0.4
11815.670656963388,0.536,0.392
11815.670902796985,0.52,0.392
11815.67114863058,0.536,0.40800000000000003
11815.671394464174,0.52,0.41600000000000004
11815.67164029777,0.536,0.4
11815.671886131366,0.528,0.40800000000000003
11815.672131964962,0.512,0.392
11815.672377798557,0.52,0.392
11815.672623632154,0.536,0.4
11815.672869465749,0.536,0.4
11815.673115299343,0.512,0.424
11815.67336113294,0.512,0.432
11815.673606966535,0.528,0.40800000000000003
11815.673852800131,0.536,0.41600000000000004
11815.674098633726,0.512,0.392
11815.674344467321,0.512,0.392
11815.674590300918,0.536,0.4
11815.674836134513,0.52,0.392
11815.67508196811,0.536,0.4
11815.675327801704,0.512,0.392
11815.6755736353,0.52,0.40800000000000003
11815.675819468895,0.512,0.41600000000000004
11815.67606530249,0.528,0.44
11815.676311136087,0.528,0.44
11815.676556969682,0.512,0.424
11815.676802803278,0.52,0.44
11815.677048636873,0.536,0.40800000000000003
11815.67729447047,0.528,0.40800000000000003
11815.677540304065,0.512,0.392
11815.67778613766,0.512,0.40800000000000003
11815.678031971256,0.528,0.41600000000000004
11815.678277804851,0.528,0.41600000000000004
11815.678523638448,0.512,0.392
11815.678769472042,0.528,0.392
11815.679015305639,0.512,0.4
11815.679261139234,0.512,0.392
11815.679506972829,0.52,0.432
11815.679752806425,0.512,0.432
11815.67999864002,0.536,0.4
11815.680244473617,0.536,0.4
11815.680490307212,0.512,0.392
11815.680736140808,0.512,0.4
11815.680981974403,0.528,0.384
11815.681227807998,0.528,0.392
11815.681473641594,0.512,0.424
11815.68171947519,0.512,0.424
11815.681965308786,0.528,0.44
11815.68221114238,0.512,0.44
11815.682456975977,0.528,0.41600000000000004
11815.682702809572,0.512,0.424
11815.682948643167,0.528,0.392
11815.683194476764,0.512,0.392
11815.683440310358,0.528,0.4
11815.683686143955,0.52,0.392
11815.68393197755,0.528,0.40800000000000003
11815.684177811147,0.512,0.40800000000000003
11815.684423644741,0.536,0.432
11815.684669478336,0.52,0.40800000000000003
11815.684915311933,0.536,0.424
11815.685161145528,0.52,0.424
11815.685406979124,0.528,0.44
11815.68565281272,0.512,0.424
11815.685898646316,0.528,0.4
11815.68614447991,0.52,0.432
11815.686390313505,0.536,0.4
11815.686636147102,0.536,0.392
11815.686881980697,0.512,0.40800000000000003
11815.687127814293,0.512,0.392
11815.687373647888,0.528,0.432
11815.687619481485,0.528,0.424
11815.68786531508,0.512,0.44
11815.688111148675,0.512,0.424
11815.688356982271,0.528,0.44
11815.688602815866,0.528,0.44
11815.688848649463,0.512,0.424
11815.689094483057,0.528,0.424
11815.689340316654,0.512,0.44
11815.689586150249,0.52,0.432
11815.689831983844,0.536,0.424
11815.69007781744,0.512,0.44
11815.690323651035,0.528,0.41600000000000004
11815.690569484632,0.528,0.424
11815.690815318227,0.512,0.41600000000000004
11815.691061151823,0.512,0.432
11815.691306985418,0.52,0.41600000000000004
11815.691552819013,0.512,0.424
11815.69179865261,0.528,0.44
11815.692044486204,0.512,0.424
11815.692290319801,0.528,0.432
11815.692536153396,0.528,0.424
11815.69278198699,0.512,0.392
11815.693027820587,0.512,0.4
11815.693273654182,0.528,0.432
11815.693519487779,0.512,0.424
11815.693765321374,0.52,0.44
11815.69401115497,0.528,0.44
11815.694256988565,0.512,0.40800000000000003
11815.69450282216,0.536,0.40800000000000003
11815.694748655756,0.512,0.392
11815.694994489351,0.528,0.40800000000000003
11815.695240322948,0.512,0.432
11815.695486156543,0.512,0.44
11815.69573199014,0.536,0.424
11815.695977823734,0.512,0.44
11815.696223657329,0.528,0.424
11815.696469490926,0.512,0.432
11815.69671532452,0.528,0.424
11815.696961158117,0.528,0.424
11815.697206991712,0.512,0.44
11815.697452825309,0.512,0.432
11815.697698658903,0.528,0.4
11815.697944492498,0.528,0.40800000000000003
11815.698190326095,0.512,0.392
11815.69843615969,0.528,0.392
11815.698681993286,0.512,0.4
11815.698927826881,0.512,0.392
11815.699173660478,0.536,0.40800000000000003
11815.699419494073,0.528,0.392
11815.699665327667,0.512,0.41600000000000004
11815.699911161264,0.512,0.40800000000000003
11815.700156994859,0.528,0.432
11815.700402828455,0.512,0.41600000000000004
11815.70064866205,0.536,0.392
11815.700894495647,0.536,0.392
11815.701140329242,0.52,0.41600000000000004
11815.701386162837,0.536,0.432
11815.701631996433,0.512,0.4
11815.701877830028,0.52,0.41600000000000004
11815.702123663625,0.528,0.392
11815.70236949722,0.528,0.40800000000000003
11815.702615330816,0.512,0.392
11815.702861164411,0.528,0.4
11815.703106998006,0.512,0.392
11815.703352831602,0.52,0.392
11815.703598665197,0.528,0.40800000000000003
11815.703844498794,0.528,0.392
11815.704090332389,0.512,0.40800000000000003
11815.704336165985,0.512,0.4
11815.70458199958,0.52,0.40800000000000003
11815.704827833175,0.512,0.40800000000000003
11815.705073666772,0.52,0.392
11815.705319500366,0.512,0.4
11815.705565333963,0.536,0.392
11815.705811167558,0.528,0.392
11815.706057001154,0.512,0.40800000000000003
11815.70630283475,0.52,0.4
11815.706548668344,0.528,0.4
11815.70679450194,0.52,0.4
11815.707040335536,0.528,0.392
11815.707286169132,0.52,0.392
11815.707532002727,0.528,0.4
11815.707777836324,0.528,0.392
11815.708023669918,0.512,0.40800000000000003
11815.708269503513,0.52,0.392
11815.70851533711,0.528,0.41600000000000004
11815.708761170705,0.52,0.40800000000000003
11815.709007004301,0.528,0.392
11815.709252837896,0.52,0.424
11815.709498671493,0.528,0.392
11815.709744505088,0.52,0.4
11815.709990338682,0.528,0.392
11815.71023617228,0.528,0.392
11815.710482005874,0.512,0.40800000000000003
11815.71072783947,0.512,0.392
11815.710973673065,0.528,0.432
11815.71121950666,0.512,0.432
11815.711465340257,0.528,0.4
11815.711711173852,0.512,0.40800000000000003
11815.711957007448,0.52,0.376
11815.712202841043,0.512,0.376
11815.71244867464,0.52,0.32
11815.712694508235,0.528,0.304
11815.71294034183,0.504,0.16
11815.713186175426,0.512,0.168
11815.71343200902,0.528,0.056
11815.713677842617,0.528,0.056
11815.713923676212,0.512,0.008
11815.714169509809,0.512,0.016
11815.714415343404,0.528,-0.008
11815.714661176999,0.528,0.0
11815.714907010595,0.512,-0.008
11815.71515284419,0.512,0.0
11815.715398677787,0.528,-0.016
11815.715644511381,0.52,0.0
11815.715890344978,0.536,-0.016
11815.716136178573,0.512,0.0
11815.716382012168,0.536,-0.016
11815.716627845764,0.52,0.0
11815.71687367936,0.536,-0.016
11815.717119512956,0.536,0.0
11815.71736534655,0.512,-0.016
11815.717611180147,0.52,0.0
11815.717857013742,0.544,-0.016
11815.718102847337,0.512,0.0
11815.718348680934,0.528,-0.016
11815.718594514528,0.52,0.0
11815.718840348125,0.528,-0.016
11815.71908618172,0.528,0.0
11815.719332015316,0.512,-0.016
11815.719577848911,0.528,-0.008
11815.719823682506,0.512,0.0
11815.720069516103,0.512,0.0
11815.720315349698,0.528,-0.016
11815.720561183294,0.52,-0.008
11815.720807016889,0.536,0.0
11815.721052850486,0.52,0.0
11815.72129868408,0.536,-0.016
11815.721544517675,0.536,0.0
11815.721790351272,0.512,-0.008
11815.722036184867,0.512,-0.008
11815.722282018463,0.52,0.0
11815.722527852058,0.536,0.0
11815.722773685655,0.512,-0.008
11815.72301951925,0.528,0.0
11815.723265352844,0.512,-0.016
11815.723511186441,0.536,0.0
11815.723757020036,0.512,-0.016
11815.724002853633,0.528,0.0
11815.724248687227,0.512,-0.008
11815.724494520824,0.512,0.0
11815.724740354419,0.528,-0.016
11815.724986188014,0.528,-0.016
11815.72523202161,0.512,0.0
11815.725477855205,0.52,0.0
11815.725723688802,0.536,-0.016
11815.725969522397,0.536,-0.016
11815.726215355993,0.52,0.0
11815.726461189588,0.512,0.0
11815.726707023183,0.536,-0.008
11815.72695285678,0.528,0.0
11815.727198690374,0.512,-0.016
11815.727444523971,0.512,0.0
11815.727690357566,0.528,-0.016
11815.727936191162,0.52,0.0
11815.728182024757,0.512,-0.016
11815.728427858352,0.52,0.0
11815.728673691949,0.512,-0.016
11815.728919525543,0.512,0.0
11815.72916535914,0.528,-0.016
11815.729411192735,0.528,0.0
11815.72965702633,0.52,-0.016
11815.729902859926,0.52,0.0
11815.730148693521,0.544,-0.016
11815.730394527118,0.536,0.0
11815.730640360713,0.512,-0.016
11815.73088619431,0.528,-0.016
11815.731132027904,0.512,0.0
11815.731377861499,0.536,0.0
11815.731623695096,0.512,-0.016
11815.73186952869,0.52,0.0
11815.732115362287,0.528,-0.016
11815.732361195882,0.536,0.0
11815.732607029478,0.512,-0.016
11815.732852863073,0.528,-0.008
11815.733098696668,0.512,0.0
11815.733344530265,0.52,0.0
11815.73359036386,0.536,-0.016
11815.733836197456,0.52,0.0
11815.734082031051,0.536,-0.016
11815.734327864648,0.512,-0.016
11815.734573698242,0.528,0.0
11815.734819531837,0.512,0.0
11815.735065365434,0.528,-0.016
11815.735311199029,0.52,-0.016
11815.735557032625,0.528,0.0
11815.73580286622,0.52,-0.008
11815.736048699817,0.528,0.0
11815.736294533412,0.528,0.0
11815.736540367006,0.512,-0.016
11815.736786200603,0.512,0.0
11815.737032034198,0.528,-0.016
11815.737277867795,0.512,0.0
11815.73752370139,0.528,-0.016
11815.737769534986,0.52,0.0
11815.73801536858,0.536,-0.016
11815.738261202176,0.536,0.0
11815.738507035772,0.512,-0.016
11815.738752869367,0.528,0.0
11815.738998702964,0.512,-0.016
11815.739244536559,0.512,0.0
11815.739490370155,0.528,-0.016
11815.73973620375,0.52,0.0
11815.739982037345,0.536,-0.016
11815.740227870941,0.52,-0.016
11815.740473704536,0.528,0.0
11815.740719538133,0.528,-0.016
11815.740965371728,0.512,0.0
11815.741211205324,0.528,-0.016
11815.74145703892,0.52,0.0
11815.741702872514,0.528,0.0
11815.74194870611,0.512,-0.016
11815.742194539705,0.528,0.0
11815.742440373302,0.512,-0.016
11815.742686206897,0.528,0.0
11815.742932040494,0.512,-0.016
11815.743177874088,0.512,0.0
11815.743423707683,0.52,-0.016
11815.74366954128,0.512,0.0
11815.743915374875,0.52,-0.016
11815.744161208471,0.512,0.0
11815.744407042066,0.528,-0.016
11815.744652875663,0.52,-0.016
11815.744898709258,0.536,0.0
11815.745144542852,0.52,-0.016
11815.745390376449,0.544,0.0
11815.745636210044,0.52,0.0
11815.74588204364,0.496,-0.016
11815.746127877235,0.52,0.0
11815.746373710832,0.536,-0.016
11815.746619544427,0.528,-0.016
11815.746865378022,0.512,0.0
11815.747111211618,0.528,0.0
11815.747357045213,0.512,-0.016
11815.74760287881,0.512,-0.016
11815.747848712404,0.528,0.0
11815.748094546,0.536,0.0
11815.748340379596,0.512,-0.016
11815.74858621319,0.52,-0.016
11815.748832046787,0.528,0.0
11815.749077880382,0.528,-0.016
11815.749323713979,0.512,0.0
11815.749569547574,0.528,-0.016
11815.749815381168,0.512,0.0
11815.750061214765,0.536,-0.016
11815.75030704836,0.512,0.0
11815.750552881957,0.512,-0.016
11815.750798715551,0.528,0.0
11815.751044549148,0.512,0.0
11815.751290382743,0.528,-0.016
11815.751536216338,0.512,-0.016
11815.751782049934,0.528,0.0
11815.752027883529,0.512,-0.016
11815.752273717126,0.536,0.0
11815.75251955072,0.52,0.0
11815.752765384317,0.536,-0.016
11815.753011217912,0.512,-0.016
11815.753257051507,0.528,0.0
11815.753502885103,0.528,0.0
11815.753748718698,0.512,-0.016
11815.753994552295,0.512,0.0
11815.75424038589,0.528,-0.016
11815.754486219486,0.512,-0.016
11815.754732053081,0.528,0.0
11815.754977886676,0.512,-0.016
11815.755223720273,0.528,0.0
11815.755469553867,0.528,-0.016
11815.755715387464,0.512,0.0
11815.755961221059,0.512,0.0
11815.756207054656,0.536,-0.016
11815.75645288825,0.512,0.0
11815.756698721845,0.536,-0.016
11815.756944555442,0.512,0.0
11815.757190389037,0.528,-0.016
11815.757436222633,0.52,0.0
11815.757682056228,0.536,-0.016
11815.757927889825,0.52,-0.016
11815.75817372342,0.512,0.0
11815.758419557014,0.512,0.0
11815.758665390611,0.528,-0.016
11815.758911224206,0.512,-0.016
11815.759157057802,0.528,0.0
11815.759402891397,0.52,-0.016
11815.759648724994,0.512,0.0
11815.759894558589,0.512,-0.016
11815.760140392184,0.528,0.0
11815.76038622578,0.528,-0.016
11815.760632059375,0.512,0.0
11815.760877892972,0.52,0.0
11815.761123726566,0.504,-0.016
11815.761369560163,0.512,0.0
11815.761615393758,0.528,-0.016
11815.761861227353,0.528,-0.016
11815.76210706095,0.512,0.0
11815.762352894544,0.528,0.0
11815.76259872814,0.512,-0.016
11815.762844561736,0.512,0.0
11815.763090395332,0.536,-0.016
11815.763336228927,0.52,-0.016
11815.763582062522,0.528,0.0
11815.763827896119,0.512,0.0
11815.764073729713,0.528,-0.016
11815.76431956331,0.512,0.0
11815.764565396905,0.528,-0.016
11815.764811230501,0.512,0.0
11815.765057064096,0.528,-0.016
11815.765302897691,0.528,-0.016
11815.765548731288,0.512,0.0
11815.765794564883,0.528,0.0
11815.76604039848,0.512,-0.016
11815.766286232074,0.528,-0.016
11815.766532065669,0.512,0.0
11815.766777899265,0.528,0.0
11815.76702373286,0.504,-0.016
11815.767269566457,0.512,-0.016
11815.767515400052,0.528,0.0
11815.767761233648,0.52,-0.016
11815.768007067243,0.536,0.0
11815.768252900838,0.52,-0.016
11815.768498734435,0.536,0.0
11815.76874456803,0.52,-0.016
11815.768990401626,0.528,0.0
11815.76923623522,0.52,0.0
11815.769482068818,0.528,-0.016
11815.769727902412,0.512,-0.016
11815.769973736007,0.528,0.0
11815.770219569604,0.512,-0.016
11815.770465403199,0.528,0.0
11815.770711236795,0.528,0.0
11815.77095707039,0.512,-0.016
11815.771202903987,0.528,0.0
11815.771448737582,0.512,-0.016
11815.771694571176,0.512,-0.016
11815.771940404773,0.528,0.0
11815.772186238368,0.528,0.0
11815.772432071964,0.512,-0.016
11815.77267790556,0.512,-0.016
11815.772923739156,0.528,0.0
11815.77316957275,0.544,-0.016
11815.773415406346,0.512,0.0
11815.773661239942,0.512,0.0
11815.773907073537,0.528,0.024
11815.774152907134,0.512,0.024
11815.774398740728,0.536,0.128
11815.774644574325,0.512,0.136
11815.77489040792,0.528,0.28
11815.775136241515,0.52,0.28800000000000003
11815.775382075111,0.536,0.36
11815.775627908706,0.52,0.368
11815.775873742303,0.536,0.392
11815.776119575898,0.536,0.392
11815.776365409494,0.52,0.4
11815.776611243089,0.52,0.392
11815.776857076684,0.544,0.40800000000000003
11815.77710291028,0.52,0.392
11815.777348743875,0.536,0.40800000000000003
11815.777594577472,0.528,0.4
11815.777840411067,0.52,0.40800000000000003
11815.778086244663,0.52,0.40800000000000003
11815.778332078258,0.528,0.392
11815.778577911853,0.528,0.40800000000000003
11815.77882374545,0.52,0.392
11815.779069579045,0.528,0.40800000000000003
11815.779315412641,0.52,0.392
11815.779561246236,0.528,0.392
11815.779807079833,0.512,0.40800000000000003
11815.780052913427,0.528,0.40800000000000003
11815.780298747022,0.512,0.4
11815.780544580619,0.512,0.4
11815.780790414214,0.528,0.40800000000000003
11815.78103624781,0.512,0.40800000000000003
11815.781282081405,0.528,0.4
11815.781527915002,0.528,0.40800000000000003
11815.781773748597,0.504,0.392
11815.782019582191,0.52,0.4
11815.782265415788,0.528,0.40800000000000003
11815.782511249383,0.52,0.40800000000000003
11815.78275708298,0.536,0.4
11815.783002916574,0.528,0.392
11815.783248750171,0.52,0.40800000000000003
11815.783494583766,0.52,0.392
11815.78374041736,0.536,0.4
11815.783986250957,0.536,0.392
11815.784232084552,0.52,0.392
11815.784477918149,0.52,0.384
11815.784723751744,0.536,0.4
11815.784969585338,0.52,0.4
11815.785215418935,0.536,0.392
11815.78546125253,0.528,0.392
11815.785707086126,0.52,0.4
11815.785952919721,0.52,0.392
11815.786198753318,0.528,0.4
11815.786444586913,0.52,0.392
11815.786690420508,0.536,0.41600000000000004
11815.786936254104,0.536,0.432
11815.787182087699,0.512,0.41600000000000004
11815.787427921296,0.528,0.40800000000000003
11815.78767375489,0.512,0.432
11815.787919588487,0.536,0.432
11815.788165422082,0.512,0.392
11815.788411255677,0.512,0.392
11815.788657089273,0.528,0.4
11815.788902922868,0.52,0.392
11815.789148756465,0.536,0.40800000000000003
11815.78939459006,0.536,0.41600000000000004
11815.789640423656,0.52,0.40800000000000003
11815.789886257251,0.52,0.424
11815.790132090846,0.536,0.392
11815.790377924443,0.52,0.392
11815.790623758037,0.536,0.40800000000000003
11815.790869591634,0.52,0.40800000000000003
11815.791115425229,0.536,0.432
11815.791361258825,0.544,0.424
11815.79160709242,0.52,0.392
11815.791852926015,0.52,0.392
11815.792098759612,0.536,0.4
11815.792344593207,0.528,0.392
11815.792590426803,0.52,0.4
11815.792836260398,0.536,0.392
11815.793082093995,0.52,0.40800000000000003
11815.79332792759,0.528,0.41600000000000004
11815.793573761184,0.52,0.4
11815.79381959478,0.536,0.4
11815.794065428376,0.52,0.392
11815.794311261972,0.52,0.392
11815.794557095567,0.536,0.40800000000000003
11815.794802929164,0.52,0.432
11815.795048762759,0.536,0.4
11815.795294596353,0.528,0.4
11815.79554042995,0.52,0.392
11815.795786263545,0.528,0.392
11815.796032097142,0.52,0.432
11815.796277930736,0.52,0.424
11815.796523764333,0.536,0.432
11815.796769597928,0.52,0.424
11815.797015431523,0.536,0.432
11815.79726126512,0.536,0.424
11815.797507098714,0.52,0.44
11815.79775293231,0.52,0.424
11815.797998765906,0.536,0.432
11815.798244599502,0.536,0.424
11815.798490433097,0.52,0.432
11815.798736266692,0.52,0.424
11815.798982100288,0.536,0.432
11815.799227933883,0.536,0.432
11815.79947376748,0.52,0.4
11815.799719601075,0.52,0.4
11815.799965434671,0.536,0.392
11815.800211268266,0.52,0.4
11815.800457101861,0.536,0.424
11815.800702935458,0.52,0.41600000000000004
11815.800948769052,0.536,0.44
11815.801194602649,0.52,0.424
11815.801440436244,0.536,0.44
11815.80168626984,0.536,0.44
11815.801932103435,0.52,0.424
11815.80217793703,0.536,0.424
11815.802423770627,0.52,0.44
11815.802669604222,0.52,0.432
11815.802915437818,0.536,0.40800000000000003
11815.803161271413,0.52,0.40800000000000003
11815.803407105008,0.536,0.392
11815.803652938605,0.536,0.4
11815.8038987722,0.52,0.432
11815.804144605796,0.52,0.424
11815.80439043939,0.536,0.392
11815.804636272987,0.528,0.392
11815.804882106582,0.52,0.40800000000000003
11815.805127940177,0.528,0.4
11815.805373773774,0.52,0.424
11815.805619607368,0.528,0.424
11815.805865440965,0.52,0.432
11815.80611127456,0.52,0.424
11815.806357108157,0.536,0.44
11815.806602941751,0.52,0.424
11815.806848775346,0.536,0.432
11815.807094608943,0.52,0.432
11815.807340442538,0.528,0.41600000000000004
11815.807586276134,0.52,0.41600000000000004
11815.80783210973,0.536,0.392
11815.808077943326,0.52,0.392
11815.80832377692,0.536,0.424
11815.808569610515,0.52,0.424
11815.808815444112,0.536,0.432
11815.809061277707,0.528,0.424
11815.809307111303,0.52,0.44
11815.809552944898,0.52,0.44
11815.809798778495,0.536,0.40800000000000003
11815.81004461209,0.528,0.40800000000000003
11815.810290445685,0.52,0.392
11815.810536279281,0.52,0.392
11815.810782112876,0.536,0.40800000000000003
11815.811027946473,0.536,0.392
11815.811273780067,0.52,0.424
11815.811519613664,0.528,0.432
11815.811765447259,0.52,0.41600000000000004
11815.812011280854,0.52,0.424
11815.81225711445,0.536,0.44
11815.812502948045,0.528,0.432
11815.812748781642,0.52,0.4
11815.812994615237,0.52,0.4
11815.813240448833,0.528,0.392
11815.813486282428,0.536,0.392
11815.813732116023,0.52,0.4
11815.81397794962,0.536,0.392
11815.814223783214,0.52,0.4
11815.814469616811,0.528,0.4
11815.814715450406,0.52,0.384
11815.814961284002,0.52,0.392
11815.815207117597,0.536,0.4
11815.815452951192,0.52,0.4
11815.815698784789,0.536,0.392
11815.815944618384,0.536,0.4
11815.81619045198,0.52,0.424
11815.816436285575,0.52,0.432
11815.816682119172,0.536,0.424
11815.816927952766,0.52,0.424
11815.817173786361,0.536,0.44
11815.817419619958,0.536,0.44
11815.817665453553,0.52,0.424
11815.81791128715,0.52,0.424
11815.818157120744,0.536,0.41600000000000004
11815.81840295434,0.536,0.424
11815.818648787936,0.52,0.44
11815.81889462153,0.52,0.424
11815.819140455127,0.536,0.41600000000000004
11815.819386288722,0.52,0.432
11815.819632122319,0.536,0.392
11815.819877955913,0.536,0.4
11815.82012378951,0.52,0.384
11815.820369623105,0.52,0.392
11815.8206154567,0.536,0.4
11815.820861290296,0.52,0.392
11815.821107123891,0.528,0.4
11815.821352957488,0.528,0.4
11815.821598791083,0.52,0.392
11815.821844624677,0.52,0.392
11815.822090458274,0.536,0.392
11815.822336291869,0.52,0.392
11815.822582125465,0.528,0.4
11815.82282795906,0.52,0.392
11815.823073792657,0.536,0.424
11815.823319626252,0.528,0.424
11815.823565459847,0.512,0.392
11815.823811293443,0.52,0.40800000000000003
11815.824057127038,0.528,0.392
11815.824302960635,0.536,0.392
11815.82454879423,0.512,0.4
11815.824794627826,0.504,0.392
11815.825040461421,0.536,0.4
11815.825286295016,0.52,0.392
11815.825532128612,0.536,0.384
11815.825777962207,0.536,0.392
11815.826023795804,0.52,0.392
11815.826269629399,0.52,0.392
11815.826515462995,0.536,0.40800000000000003
11815.82676129659,0.536,0.40800000000000003
11815.827007130185,0.52,0.384
11815.827252963782,0.52,0.4
11815.827498797376,0.536,0.40800000000000003
11815.827744630973,0.528,0.4
11815.827990464568,0.512,0.392
11815.828236298164,0.512,0.4
11815.82848213176,0.528,0.432
11815.828727965354,0.512,0.432
11815.82897379895,0.528,0.392
11815.829219632546,0.512,0.40800000000000003
11815.829465466142,0.528,0.392
11815.829711299737,0.536,0.4
11815.829957133334,0.512,0.384
11815.830202966928,0.528,0.392
11815.830448800523,0.512,0.40800000000000003
11815.83069463412,0.528,0.392
11815.830940467715,0.512,0.392
11815.831186301311,0.512,0.4
11815.831432134906,0.52,0.392
11815.831677968503,0.512,0.4
11815.831923802098,0.528,0.432
11815.832169635692,0.528,0.41600000000000004
11815.83241546929,0.512,0.432
11815.832661302884,0.528,0.424
11815.83290713648,0.512,0.432
11815.833152970075,0.512,0.432
11815.833398803672,0.528,0.41600000000000004
11815.833644637267,0.52,0.432
11815.833890470862,0.536,0.40800000000000003
11815.834136304458,0.52,0.40800000000000003
11815.834382138053,0.528,0.392
11815.83462797165,0.536,0.4
11815.834873805245,0.512,0.376
11815.835119638841,0.52,0.376
11815.835365472436,0.512,0.312
11815.83561130603,0.512,0.312
11815.835857139627,0.536,0.168
11815.836102973222,0.536,0.16
11815.836348806819,0.512,0.056
11815.836594640414,0.512,0.048
11815.83684047401,0.528,0.008
11815.837086307605,0.512,0.008
11815.8373321412,0.528,-0.008
11815.837577974797,0.512,-0.008
11815.837823808391,0.52,0.0
11815.838069641988,0.512,0.0
11815.838315475583,0.52,-0.008
11815.83856130918,0.512,-0.008
11815.838807142774,0.52,0.0
11815.83905297637,0.512,0.0
11815.839298809966,0.528,-0.008
11815.83954464356,0.512,-0.008
11815.839790477157,0.52,0.0
11815.840036310752,0.512,0.0
11815.840282144347,0.52,-0.008
11815.840527977944,0.528,0.0
11815.840773811538,0.512,-0.008
11815.841019645135,0.512,-0.008
11815.84126547873,0.528,0.0
11815.841511312326,0.512,-0.008
11815.841757145921,0.528,0.0
11815.842002979516,0.528,0.0
11815.842248813113,0.512,-0.008
11815.842494646708,0.512,0.0
11815.842740480304,0.528,-0.008
11815.842986313899,0.512,0.0
11815.843232147496,0.528,-0.016
11815.84347798109,0.536,-0.008
11815.843723814685,0.512,0.0
11815.843969648282,0.512,-0.008
11815.844215481877,0.528,0.0
11815.844461315473,0.512,0.0
11815.844707149068,0.528,-0.008
11815.844952982665,0.52,0.0
11815.84519881626,0.536,-0.016
11815.845444649854,0.528,0.0
11815.845690483451,0.512,-0.016
11815.845936317046,0.528,0.0
11815.846182150643,0.512,-0.016
11815.846427984237,0.528,0.0
11815.846673817834,0.512,-0.008
11815.846919651429,0.52,0.0
11815.847165485024,0.528,-0.016
11815.84741131862,0.512,0.0
11815.847657152215,0.536,-0.008
11815.847902985812,0.528,-0.008
11815.848148819407,0.512,0.0
11815.848394653003,0.52,0.0
11815.848640486598,0.536,-0.016
11815.848886320193,0.528,-0.008
11815.84913215379,0.512,0.0
11815.849377987384,0.52,-0.008
11815.849623820981,0.536,0.0
11815.849869654576,0.528,0.0
11815.850115488172,0.512,-0.008
11815.850361321767,0.52,-0.008
11815.850607155362,0.536,0.0
11815.850852988959,0.52,0.0
11815.851098822553,0.512,-0.008
11815.85134465615,0.512,-0.016
11815.851590489745,0.528,0.0
11815.851836323342,0.52,0.0
11815.852082156936,0.536,-0.016
11815.852327990531,0.536,-0.016
11815.852573824128,0.512,0.0
11815.852819657723,0.52,-0.016
11815.85306549132,0.504,0.0
11815.853311324914,0.52,-0.016
11815.85355715851,0.536,0.0
11815.853802992106,0.512,0.0
11815.8540488257,0.536,-0.016
11815.854294659297,0.52,0.0
11815.854540492892,0.536,-0.016
11815.854786326488,0.528,0.0
11815.855032160083,0.512,-0.016
11815.85527799368,0.52,-0.016
11815.855523827275,0.528,0.0
11815.85576966087,0.536,-0.016
11815.856015494466,0.512,0.0
11815.856261328061,0.512,0.0
11815.856507161658,0.528,-0.016
11815.856752995252,0.536,0.0
11815.85699882885,0.512,-0.016
11815.857244662444,0.504,0.0
11815.857490496039,0.52,-0.016
11815.857736329635,0.52,-0.016
11815.85798216323,0.512,0.0
11815.858227996827,0.528,-0.016
11815.858473830422,0.512,0.0
11815.858719664016,0.512,0.0
11815.858965497613,0.528,-0.016
11815.859211331208,0.512,-0.016
11815.859457164805,0.528,0.0
11815.8597029984,0.512,0.0
11815.859948831996,0.536,-0.016
11815.86019466559,0.528,0.0
11815.860440499186,0.512,-0.016
11815.860686332782,0.52,0.0
11815.860932166377,0.528,-0.016
11815.861177999974,0.52,0.0
11815.861423833569,0.536,-0.016
11815.861669667165,0.528,0.0
11815.86191550076,0.512,-0.016
11815.862161334355,0.528,-0.016
11815.862407167951,0.512,0.0
11815.862653001546,0.528,-0.016
11815.862898835143,0.512,0.0
11815.863144668738,0.512,-0.016
11815.863390502334,0.528,0.0
11815.86363633593,0.512,0.0
11815.863882169524,0.536,-0.016
11815.86412800312,0.52,0.0
11815.864373836715,0.536,-0.016
11815.864619670312,0.52,0.0
11815.864865503907,0.536,-0.016
11815.865111337504,0.544,0.0
11815.865357171098,0.52,-0.016
11815.865603004693,0.512,-0.016
11815.86584883829,0.528,0.0
11815.866094671885,0.512,0.0
11815.866340505481,0.528,-0.016
11815.866586339076,0.512,0.0
11815.866832172673,0.528,-0.016
11815.867078006268,0.536,-0.016
11815.867323839862,0.512,0.0
11815.867569673459,0.512,0.0
11815.867815507054,0.528,-0.016
11815.86806134065,0.52,-0.016
11815.868307174245,0.512,0.0
11815.868553007842,0.52,-0.016
11815.868798841437,0.536,0.0
11815.869044675032,0.52,0.0
11815.869290508628,0.536,-0.016
11815.869536342223,0.536,0.0
11815.86978217582,0.512,-0.016
11815.870028009414,0.512,-0.016
11815.870273843011,0.528,0.0
11815.870519676606,0.52,-0.016
11815.8707655102,0.512,0.0
11815.871011343797,0.512,-0.016
11815.871257177392,0.528,0.0
11815.871503010989,0.512,0.0
11815.871748844584,0.52,-0.016
11815.87199467818,0.512,-0.016
11815.872240511775,0.536,0.0
11815.87248634537,0.528,-0.016
11815.872732178967,0.512,0.0
11815.872978012561,0.52,-0.016
11815.873223846158,0.536,0.0
11815.873469679753,0.52,0.0
11815.87371551335,0.536,-0.016
11815.873961346944,0.512,0.0
11815.874207180539,0.528,-0.016
11815.874453014136,0.52,-0.016
11815.87469884773,0.544,0.0
11815.874944681327,0.512,0.0
11815.875190514922,0.528,-0.016
11815.875436348519,0.528,0.0
11815.875682182113,0.512,-0.016
11815.875928015708,0.512,-0.016
11815.876173849305,0.52,0.0
11815.8764196829,0.512,-0.016
11815.876665516496,0.528,0.0
11815.876911350091,0.512,-0.016
11815.877157183686,0.528,0.0
11815.877403017283,0.52,-0.016
11815.877648850877,0.536,0.0
11815.877894684474,0.528,-0.016
11815.878140518069,0.504,0.0
11815.878386351666,0.512,-0.016
11815.87863218526,0.528,0.0
11815.878878018855,0.512,0.0
11815.879123852452,0.536,-0.016
11815.879369686047,0.536,0.0
11815.879615519643,0.512,-0.016
11815.879861353238,0.528,-0.016
11815.880107186835,0.512,0.0
11815.88035302043,0.512,-0.016
11815.880598854024,0.528,0.0
11815.880844687621,0.512,0.0
11815.881090521216,0.528,-0.016
11815.881336354812,0.528,0.0
11815.881582188407,0.512,-0.016
11815.881828022004,0.512,-0.016
11815.882073855599,0.528,0.0
11815.882319689194,0.52,-0.016
11815.88256552279,0.528,0.0
11815.882811356385,0.512,-0.016
11815.883057189982,0.528,0.0
11815.883303023576,0.52,0.0
11815.883548857173,0.536,-0.016
11815.883794690768,0.52,-0.016
11815.884040524363,0.504,0.0
11815.88428635796,0.512,0.0
11815.884532191554,0.528,-0.016
11815.88477802515,0.52,-0.016
11815.885023858746,0.536,0.0
11815.885269692342,0.528,-0.016
11815.885515525937,0.512,0.0
11815.885761359532,0.512,-0.016
11815.886007193129,0.528,0.0
11815.886253026723,0.528,-0.016
11815.88649886032,0.512,0.0
11815.886744693915,0.528,-0.016
11815.886990527511,0.512,0.0
11815.887236361106,0.528,-0.016
11815.887482194701,0.512,0.0
11815.887728028298,0.528,0.0
11815.887973861893,0.512,-0.016
11815.88821969549,0.512,0.0
11815.888465529084,0.528,-0.016
11815.88871136268,0.528,-0.016
11815.888957196275,0.512,0.0
11815.88920302987,0.512,-0.016
11815.889448863467,0.528,0.0
11815.889694697062,0.528,-0.016
11815.889940530658,0.504,0.0
11815.890186364253,0.512,0.0
11815.89043219785,0.528,-0.016
11815.890678031445,0.512,-0.016
11815.89092386504,0.528,0.0
11815.891169698636,0.536,-0.016
11815.89141553223,0.512,0.0
11815.891661365828,0.512,-0.016
11815.891907199422,0.528,0.0
11815.892153033019,0.512,-0.016
11815.892398866614,0.536,0.0
11815.892644700209,0.528,0.0
11815.892890533805,0.512,-0.016
11815.8931363674,0.52,-0.016
11815.893382200997,0.536,0.0
11815.893628034592,0.52,-0.016
11815.893873868188,0.536,0.0
11815.894119701783,0.536,0.0
11815.894365535378,0.512,-0.016
11815.894611368974,0.512,-0.016
11815.89485720257,0.536,0.0
11815.895103036166,0.528,-0.016
11815.89534886976,0.512,0.0
11815.895594703356,0.512,-0.016
11815.895840536952,0.528,0.0
11815.896086370547,0.52,-0.016
11815.896332204144,0.528,0.0
11815.896578037738,0.52,-0.008
11815.896823871335,0.536,0.024
11815.89706970493,0.528,0.024
11815.897315538525,0.512,0.128
11815.897561372121,0.52,0.136
11815.897807205716,0.528,0.28
11815.898053039313,0.536,0.28800000000000003
11815.898298872908,0.512,0.36
11815.898544706504,0.52,0.368
11815.898790540099,0.512,0.384
11815.899036373694,0.512,0.384
11815.89928220729,0.528,0.4
11815.899528040885,0.512,0.41600000000000004
11815.899773874482,0.528,0.392
11815.900019708077,0.52,0.392
11815.900265541673,0.536,0.4
11815.900511375268,0.528,0.4
11815.900757208863,0.512,0.424
11815.90100304246,0.52,0.41600000000000004
11815.901248876055,0.512,0.4
11815.901494709651,0.512,0.40800000000000003
11815.901740543246,0.528,0.392
11815.901986376843,0.52,0.40800000000000003
11815.902232210437,0.528,0.392
11815.902478044032,0.528,0.40800000000000003
11815.902723877629,0.512,0.392
11815.902969711224,0.528,0.4
11815.90321554482,0.512,0.392
11815.903461378415,0.512,0.4
11815.903707212012,0.528,0.40800000000000003
11815.903953045607,0.52,0.40800000000000003
11815.904198879201,0.536,0.392
11815.904444712798,0.528,0.40800000000000003
11815.904690546393,0.504,0.392
11815.90493637999,0.512,0.392
11815.905182213584,0.528,0.40800000000000003
11815.905428047181,0.52,0.40800000000000003
11815.905673880776,0.536,0.392
11815.90591971437,0.528,0.392
11815.906165547967,0.512,0.40800000000000003
11815.906411381562,0.512,0.40800000000000003
11815.906657215159,0.536,0.392
11815.906903048754,0.52,0.392
11815.90714888235,0.536,0.40800000000000003
11815.907394715945,0.52,0.40800000000000003
11815.90764054954,0.512,0.392
11815.907886383136,0.512,0.4
11815.908132216731,0.528,0.392
11815.908378050328,0.52,0.40800000000000003
11815.908623883923,0.528,0.392
11815.90886971752,0.536,0.4
11815.909115551114,0.512,0.392
11815.909361384709,0.528,0.40800000000000003
11815.909607218306,0.512,0.392
11815.9098530519,0.52,0.4
11815.910098885497,0.528,0.40800000000000003
11815.910344719092,0.52,0.4
11815.910590552689,0.536,0.392
11815.910836386283,0.52,0.4
11815.911082219878,0.544,0.392
11815.911328053475,0.536,0.4
11815.91157388707,0.52,0.392
11815.911819720666,0.528,0.392
11815.912065554261,0.512,0.41600000000000004
11815.912311387858,0.512,0.424
11815.912557221453,0.528,0.40800000000000003
11815.912803055047,0.536,0.432
11815.913048888644,0.512,0.4
11815.913294722239,0.512,0.4
11815.913540555835,0.536,0.40800000000000003
11815.91378638943,0.536,0.4
11815.914032223025,0.52,0.392
11815.914278056622,0.528,0.392
11815.914523890217,0.512,0.40800000000000003
11815.914769723813,0.528,0.392
11815.915015557408,0.512,0.4
11815.915261391005,0.52,0.40800000000000003
11815.9155072246,0.528,0.432
11815.915753058194,0.52,0.432
11815.91599889179,0.536,0.41600000000000004
11815.916244725386,0.536,0.40800000000000003
11815.916490558982,0.512,0.392
11815.916736392577,0.536,0.392
11815.916982226174,0.512,0.4
11815.917228059769,0.52,0.384
11815.917473893363,0.536,0.40800000000000003
11815.91771972696,0.536,0.4
11815.917965560555,0.512,0.424
11815.918211394152,0.536,0.41600000000000004
11815.918457227746,0.512,0.4
11815.918703061343,0.512,0.4
11815.918948894938,0.528,0.384
11815.919194728533,0.512,0.4
11815.91944056213,0.536,0.392
11815.919686395724,0.52,0.392
11815.91993222932,0.536,0.4
11815.920178062916,0.52,0.392
11815.920423896512,0.528,0.41600000000000004
11815.920669730107,0.536,0.424
11815.920915563702,0.52,0.41600000000000004
11815.921161397298,0.52,0.432
11815.921407230893,0.536,0.424
11815.92165306449,0.52,0.424
11815.921898898085,0.536,0.392
11815.922144731681,0.52,0.392
11815.922390565276,0.536,0.40800000000000003
11815.922636398871,0.528,0.392
11815.922882232468,0.52,0.392
11815.923128066062,0.52,0.392
11815.923373899659,0.536,0.424
11815.923619733254,0.528,0.41600000000000004
11815.92386556685,0.52,0.432
11815.924111400445,0.52,0.424
11815.92435723404,0.536,0.392
11815.924603067637,0.536,0.392
11815.924848901232,0.52,0.4
11815.925094734828,0.536,0.4
11815.925340568423,0.52,0.432
11815.92558640202,0.52,0.41600000000000004
11815.925832235615,0.536,0.392
11815.92607806921,0.528,0.392
11815.926323902806,0.52,0.432
11815.9265697364,0.52,0.432
11815.926815569997,0.536,0.4
11815.927061403592,0.52,0.40800000000000003
11815.927307237189,0.528,0.392
11815.927553070784,0.52,0.392
11815.927798904379,0.536,0.4
11815.928044737975,0.536,0.392
11815.92829057157,0.52,0.392
11815.928536405167,0.52,0.392
11815.928782238761,0.536,0.4
11815.929028072358,0.52,0.4
11815.929273905953,0.544,0.424
11815.929519739548,0.52,0.424
11815.929765573144,0.536,0.432
11815.93001140674,0.52,0.432
11815.930257240336,0.536,0.392
11815.93050307393,0.536,0.4
11815.930748907527,0.52,0.384
11815.930994741122,0.536,0.392
11815.931240574717,0.52,0.40800000000000003
11815.931486408314,0.52,0.40800000000000003
11815.931732241908,0.544,0.424
11815.931978075505,0.52,0.424
11815.9322239091,0.536,0.392
11815.932469742695,0.528,0.4
11815.932715576291,0.52,0.392
11815.932961409886,0.528,0.392
11815.933207243483,0.52,0.392
11815.933453077078,0.528,0.392
11815.933698910674,0.52,0.424
11815.933944744269,0.52,0.424
11815.934190577864,0.536,0.392
11815.93443641146,0.52,0.392
11815.934682245055,0.528,0.4
11815.934928078652,0.528,0.392
11815.935173912247,0.52,0.4
11815.935419745843,0.52,0.392
11815.935665579438,0.536,0.40800000000000003
11815.935911413033,0.52,0.41600000000000004
11815.93615724663,0.536,0.392
11815.936403080224,0.528,0.392
11815.936648913821,0.52,0.4
11815.936894747416,0.52,0.392
11815.937140581012,0.536,0.424
11815.937386414607,0.536,0.432
11815.937632248202,0.52,0.4
11815.937878081799,0.528,0.40800000000000003
11815.938123915394,0.52,0.384
11815.93836974899,0.536,0.384
11815.938615582585,0.52,0.40800000000000003
11815.938861416182,0.536,0.4
11815.939107249776,0.52,0.40800000000000003
11815.939353083371,0.52,0.392
11815.939598916968,0.536,0.40800000000000003
11815.939844750563,0.52,0.4
11815.94009058416,0.544,0.424
11815.940336417754,0.528,0.424
11815.94058225135,0.52,0.432
